0 0.4817708333333333 0.12129629629629629 0.026041666666666668 0.046296296296296294
0 0.4703125 0.1287037037037037 0.026041666666666668 0.046296296296296294
0 0.4942708333333333 0.13055555555555556 0.026041666666666668 0.046296296296296294
0 0.4546875 0.13240740740740742 0.026041666666666668 0.046296296296296294
0 0.46145833333333336 0.13703703703703704 0.026041666666666668 0.046296296296296294
0 0.4869791666666667 0.13796296296296295 0.026041666666666668 0.046296296296296294
0 0.4744791666666667 0.14444444444444443 0.026041666666666668 0.046296296296296294
0 0.4630208333333333 0.15462962962962962 0.026041666666666668 0.046296296296296294
0 0.4895833333333333 0.16018518518518518 0.026041666666666668 0.046296296296296294
0 0.4630208333333333 0.1675925925925926 0.026041666666666668 0.046296296296296294
0 0.48333333333333334 0.1675925925925926 0.026041666666666668 0.046296296296296294
0 0.49895833333333334 0.1685185185185185 0.026041666666666668 0.046296296296296294
0 0.4322916666666667 0.175 0.026041666666666668 0.046296296296296294
0 0.43333333333333335 0.1814814814814815 0.026041666666666668 0.046296296296296294
0 0.45729166666666665 0.1824074074074074 0.026041666666666668 0.046296296296296294
0 0.4744791666666667 0.18611111111111112 0.026041666666666668 0.046296296296296294
0 0.4822916666666667 0.18518518518518517 0.026041666666666668 0.046296296296296294
0 0.5005208333333333 0.1814814814814815 0.026041666666666668 0.046296296296296294
0 0.503125 0.19074074074074074 0.026041666666666668 0.046296296296296294
0 0.4635416666666667 0.2 0.026041666666666668 0.046296296296296294
0 0.5166666666666667 0.19907407407407407 0.026041666666666668 0.046296296296296294
0 0.5130208333333334 0.2324074074074074 0.026041666666666668 0.046296296296296294
0 0.42916666666666664 0.24537037037037038 0.026041666666666668 0.046296296296296294
0 0.4588541666666667 0.2537037037037037 0.026041666666666668 0.046296296296296294
0 0.4828125 0.25462962962962965 0.026041666666666668 0.046296296296296294
0 0.5041666666666667 0.2537037037037037 0.026041666666666668 0.046296296296296294
0 0.5135416666666667 0.25555555555555554 0.026041666666666668 0.046296296296296294
0 0.5072916666666667 0.27314814814814814 0.026041666666666668 0.046296296296296294
0 0.49375 0.2759259259259259 0.026041666666666668 0.046296296296296294
0 0.515625 0.2796296296296296 0.026041666666666668 0.046296296296296294
0 0.5395833333333333 0.27685185185185185 0.026041666666666668 0.046296296296296294
0 0.4203125 0.2824074074074074 0.026041666666666668 0.046296296296296294
0 0.440625 0.28055555555555556 0.026041666666666668 0.046296296296296294
0 0.46041666666666664 0.2851851851851852 0.026041666666666668 0.046296296296296294
0 0.47291666666666665 0.2861111111111111 0.026041666666666668 0.046296296296296294
0 0.4947916666666667 0.29074074074074074 0.026041666666666668 0.046296296296296294
0 0.5078125 0.29259259259259257 0.026041666666666668 0.046296296296296294
0 0.5145833333333333 0.2916666666666667 0.026041666666666668 0.046296296296296294
0 0.6869791666666667 0.2916666666666667 0.026041666666666668 0.046296296296296294
0 0.43645833333333334 0.30092592592592593 0.026041666666666668 0.046296296296296294
0 0.4484375 0.30925925925925923 0.026041666666666668 0.046296296296296294
0 0.5166666666666667 0.3074074074074074 0.026041666666666668 0.046296296296296294
0 0.5208333333333334 0.3101851851851852 0.026041666666666668 0.046296296296296294
0 0.4786458333333333 0.31574074074074077 0.026041666666666668 0.046296296296296294
0 0.503125 0.31574074074074077 0.026041666666666668 0.046296296296296294
0 0.7067708333333333 0.3138888888888889 0.026041666666666668 0.046296296296296294
0 0.49114583333333334 0.325 0.026041666666666668 0.046296296296296294
0 0.4359375 0.3296296296296296 0.026041666666666668 0.046296296296296294
0 0.4479166666666667 0.33055555555555555 0.026041666666666668 0.046296296296296294
0 0.4578125 0.33240740740740743 0.026041666666666668 0.046296296296296294
0 0.5109375 0.33055555555555555 0.026041666666666668 0.046296296296296294
4 0.4796875 0.3398148148148148 0.026041666666666668 0.046296296296296294
4 0.44947916666666665 0.3472222222222222 0.026041666666666668 0.046296296296296294
4 0.37395833333333334 0.35462962962962963 0.026041666666666668 0.046296296296296294
4 0.39166666666666666 0.3574074074074074 0.026041666666666668 0.046296296296296294
4 0.49895833333333334 0.3537037037037037 0.026041666666666668 0.046296296296296294
4 0.5119791666666667 0.3527777777777778 0.026041666666666668 0.046296296296296294
4 0.38385416666666666 0.362962962962963 0.026041666666666668 0.046296296296296294
4 0.4088541666666667 0.37037037037037035 0.026041666666666668 0.046296296296296294
4 0.4484375 0.3675925925925926 0.026041666666666668 0.046296296296296294
4 0.5072916666666667 0.3685185185185185 0.026041666666666668 0.046296296296296294
4 0.5182291666666666 0.37037037037037035 0.026041666666666668 0.046296296296296294
4 0.4739583333333333 0.3861111111111111 0.026041666666666668 0.046296296296296294
4 0.4953125 0.3851851851851852 0.026041666666666668 0.046296296296296294
4 0.5328125 0.38796296296296295 0.026041666666666668 0.046296296296296294
4 0.4859375 0.4 0.026041666666666668 0.046296296296296294
4 0.5213541666666667 0.4027777777777778 0.026041666666666668 0.046296296296296294
4 0.5270833333333333 0.40370370370370373 0.026041666666666668 0.046296296296296294
2 0.20572916666666666 0.4101851851851852 0.026041666666666668 0.046296296296296294
2 0.21145833333333333 0.4074074074074074 0.026041666666666668 0.046296296296296294
4 0.6536458333333334 0.40555555555555556 0.026041666666666668 0.046296296296296294
3 0.68125 0.40925925925925927 0.026041666666666668 0.046296296296296294
2 0.1796875 0.4166666666666667 0.026041666666666668 0.046296296296296294
4 0.6609375 0.43148148148148147 0.026041666666666668 0.046296296296296294
3 0.6723958333333333 0.4351851851851852 0.026041666666666668 0.046296296296296294
4 0.5166666666666667 0.44814814814814813 0.026041666666666668 0.046296296296296294
3 0.6828125 0.45185185185185184 0.026041666666666668 0.046296296296296294
3 0.7072916666666667 0.44907407407407407 0.026041666666666668 0.046296296296296294
4 0.3828125 0.4564814814814815 0.026041666666666668 0.046296296296296294
4 0.4046875 0.45925925925925926 0.026041666666666668 0.046296296296296294
4 0.49895833333333334 0.45555555555555555 0.026041666666666668 0.046296296296296294
4 0.6578125 0.45740740740740743 0.026041666666666668 0.046296296296296294
4 0.5192708333333333 0.4648148148148148 0.026041666666666668 0.046296296296296294
3 0.6703125 0.4666666666666667 0.026041666666666668 0.046296296296296294
4 0.3958333333333333 0.475 0.026041666666666668 0.046296296296296294
4 0.6052083333333333 0.4888888888888889 0.026041666666666668 0.046296296296296294
4 0.4 0.4935185185185185 0.026041666666666668 0.046296296296296294
4 0.5135416666666667 0.4981481481481482 0.026041666666666668 0.046296296296296294
4 0.6484375 0.4925925925925926 0.026041666666666668 0.046296296296296294
4 0.6609375 0.49444444444444446 0.026041666666666668 0.046296296296296294
4 0.625 0.5 0.026041666666666668 0.046296296296296294
4 0.503125 0.5194444444444445 0.026041666666666668 0.046296296296296294
3 0.7067708333333333 0.5185185185185185 0.026041666666666668 0.046296296296296294
4 0.6328125 0.525 0.026041666666666668 0.046296296296296294
4 0.6666666666666666 0.5277777777777778 0.026041666666666668 0.046296296296296294
3 0.6791666666666667 0.5287037037037037 0.026041666666666668 0.046296296296296294
4 0.5177083333333333 0.5333333333333333 0.026041666666666668 0.046296296296296294
3 0.7234375 0.5268518518518519 0.026041666666666668 0.046296296296296294
4 0.38333333333333336 0.5462962962962963 0.026041666666666668 0.046296296296296294
4 0.42916666666666664 0.5388888888888889 0.026041666666666668 0.046296296296296294
4 0.6114583333333333 0.5398148148148149 0.026041666666666668 0.046296296296296294
4 0.6286458333333333 0.5518518518518518 0.026041666666666668 0.046296296296296294
4 0.525 0.5564814814814815 0.026041666666666668 0.046296296296296294
4 0.5682291666666667 0.5518518518518518 0.026041666666666668 0.046296296296296294
3 0.7354166666666667 0.5555555555555556 0.026041666666666668 0.046296296296296294
4 0.46041666666666664 0.5611111111111111 0.026041666666666668 0.046296296296296294
4 0.5510416666666667 0.5611111111111111 0.026041666666666668 0.046296296296296294
4 0.6 0.5638888888888889 0.026041666666666668 0.046296296296296294
3 0.7671875 0.5666666666666667 0.026041666666666668 0.046296296296296294
4 0.3807291666666667 0.5675925925925925 0.026041666666666668 0.046296296296296294
4 0.41875 0.5740740740740741 0.026041666666666668 0.046296296296296294
4 0.5078125 0.5731481481481482 0.026041666666666668 0.046296296296296294
4 0.6489583333333333 0.5703703703703704 0.026041666666666668 0.046296296296296294
3 0.7604166666666666 0.5731481481481482 0.026041666666666668 0.046296296296296294
4 0.4036458333333333 0.5787037037037037 0.026041666666666668 0.046296296296296294
4 0.6302083333333334 0.5777777777777777 0.026041666666666668 0.046296296296296294
4 0.5432291666666667 0.5916666666666667 0.026041666666666668 0.046296296296296294
3 0.7447916666666666 0.587037037037037 0.026041666666666668 0.046296296296296294
4 0.4244791666666667 0.5972222222222222 0.026041666666666668 0.046296296296296294
4 0.6572916666666667 0.6018518518518519 0.026041666666666668 0.046296296296296294
4 0.4166666666666667 0.6185185185185185 0.026041666666666668 0.046296296296296294
3 0.7458333333333333 0.6268518518518519 0.026041666666666668 0.046296296296296294
4 0.4984375 0.6472222222222223 0.026041666666666668 0.046296296296296294
1 0.42552083333333335 0.6722222222222223 0.026041666666666668 0.046296296296296294
1 0.5833333333333334 0.6712962962962963 0.026041666666666668 0.046296296296296294
3 0.7020833333333333 0.6666666666666666 0.026041666666666668 0.046296296296296294
1 0.6354166666666666 0.6814814814814815 0.026041666666666668 0.046296296296296294
1 0.7578125 0.6805555555555556 0.026041666666666668 0.046296296296296294
1 0.7875 0.6824074074074075 0.026041666666666668 0.046296296296296294
1 0.4822916666666667 0.7064814814814815 0.026041666666666668 0.046296296296296294
1 0.49947916666666664 0.7351851851851852 0.026041666666666668 0.046296296296296294
1 0.5223958333333333 0.7277777777777777 0.026041666666666668 0.046296296296296294
1 0.44895833333333335 0.7361111111111112 0.026041666666666668 0.046296296296296294
1 0.17864583333333334 0.7583333333333333 0.026041666666666668 0.046296296296296294
1 0.8838541666666667 0.7490740740740741 0.026041666666666668 0.046296296296296294
1 0.49947916666666664 0.7777777777777778 0.026041666666666668 0.046296296296296294
1 0.9463541666666667 0.7898148148148149 0.026041666666666668 0.046296296296296294
1 0.140625 0.8018518518518518 0.026041666666666668 0.046296296296296294
1 0.59375 0.8046296296296296 0.026041666666666668 0.046296296296296294
1 0.7604166666666666 0.812962962962963 0.026041666666666668 0.046296296296296294
1 0.31197916666666664 0.8231481481481482 0.026041666666666668 0.046296296296296294
1 0.5609375 0.8324074074074074 0.026041666666666668 0.046296296296296294
1 0.7182291666666667 0.8472222222222222 0.026041666666666668 0.046296296296296294
1 0.8140625 0.8638888888888889 0.026041666666666668 0.046296296296296294
1 0.1484375 0.8787037037037037 0.026041666666666668 0.046296296296296294
1 0.2911458333333333 0.9 0.026041666666666668 0.046296296296296294
1 0.9416666666666667 0.9203703703703704 0.026041666666666668 0.046296296296296294
1 0.9651041666666667 0.9425925925925925 0.026041666666666668 0.046296296296296294
1 0.44479166666666664 0.9564814814814815 0.026041666666666668 0.046296296296296294
1 0.05625 0.9731481481481481 0.026041666666666668 0.046296296296296294
1 0.7 0.9731481481481481 0.026041666666666668 0.046296296296296294
1 0.12708333333333333 0.987037037037037 0.026041666666666668 0.046296296296296294
3 0.68125 0.6574074074074074 0.026041666666666668 0.046296296296296294
1 0.6760416666666667 0.6925925925925925 0.026041666666666668 0.046296296296296294
1 0.3260416666666667 0.924074074074074 0.026041666666666668 0.046296296296296294
1 0.4875 0.9481481481481482 0.026041666666666668 0.046296296296296294
4 0.3958333333333333 0.6666666666666666 0.026041666666666668 0.046296296296296294
2 0.221875 0.45740740740740743 0.026041666666666668 0.046296296296296294
1 0.8239583333333333 0.9333333333333333 0.026041666666666668 0.046296296296296294
1 0.875 0.8277777777777777 0.026041666666666668 0.046296296296296294
3 0.7677083333333333 0.6222222222222222 0.026041666666666668 0.046296296296296294
2 0.22395833333333334 0.5907407407407408 0.026041666666666668 0.046296296296296294
1 0.203125 0.7185185185185186 0.026041666666666668 0.046296296296296294
1 0.234375 0.7037037037037037 0.026041666666666668 0.046296296296296294
