0 0.4739583333333333 0.08888888888888889 0.026041666666666668 0.046296296296296294
0 0.4791666666666667 0.1 0.026041666666666668 0.046296296296296294
0 0.48333333333333334 0.09907407407407408 0.026041666666666668 0.046296296296296294
0 0.4671875 0.11944444444444445 0.026041666666666668 0.046296296296296294
0 0.49114583333333334 0.12314814814814815 0.026041666666666668 0.046296296296296294
0 0.4791666666666667 0.12962962962962962 0.026041666666666668 0.046296296296296294
0 0.44947916666666665 0.13333333333333333 0.026041666666666668 0.046296296296296294
0 0.48385416666666664 0.14074074074074075 0.026041666666666668 0.046296296296296294
0 0.440625 0.14351851851851852 0.026041666666666668 0.046296296296296294
0 0.4713541666666667 0.14722222222222223 0.026041666666666668 0.046296296296296294
0 0.4375 0.15555555555555556 0.026041666666666668 0.046296296296296294
0 0.4635416666666667 0.1537037037037037 0.026041666666666668 0.046296296296296294
0 0.44479166666666664 0.16944444444444445 0.026041666666666668 0.046296296296296294
0 0.4322916666666667 0.17407407407407408 0.026041666666666668 0.046296296296296294
0 0.49947916666666664 0.17222222222222222 0.026041666666666668 0.046296296296296294
0 0.4671875 0.1824074074074074 0.026041666666666668 0.046296296296296294
0 0.46197916666666666 0.19166666666666668 0.026041666666666668 0.046296296296296294
0 0.47604166666666664 0.19074074074074074 0.026041666666666668 0.046296296296296294
0 0.428125 0.20462962962962963 0.026041666666666668 0.046296296296296294
0 0.4239583333333333 0.21388888888888888 0.026041666666666668 0.046296296296296294
0 0.46041666666666664 0.23148148148148148 0.026041666666666668 0.046296296296296294
0 0.5109375 0.2324074074074074 0.026041666666666668 0.046296296296296294
0 0.43333333333333335 0.2388888888888889 0.026041666666666668 0.046296296296296294
0 0.4359375 0.2462962962962963 0.026041666666666668 0.046296296296296294
0 0.45625 0.25833333333333336 0.026041666666666668 0.046296296296296294
0 0.46979166666666666 0.2601851851851852 0.026041666666666668 0.046296296296296294
0 0.47708333333333336 0.2611111111111111 0.026041666666666668 0.046296296296296294
0 0.5020833333333333 0.2657407407407407 0.026041666666666668 0.046296296296296294
0 0.41770833333333335 0.26851851851851855 0.026041666666666668 0.046296296296296294
0 0.44583333333333336 0.26944444444444443 0.026041666666666668 0.046296296296296294
0 0.490625 0.26851851851851855 0.026041666666666668 0.046296296296296294
0 0.42864583333333334 0.27685185185185185 0.026041666666666668 0.046296296296296294
0 0.4328125 0.27685185185185185 0.026041666666666668 0.046296296296296294
0 0.49895833333333334 0.2814814814814815 0.026041666666666668 0.046296296296296294
0 0.5458333333333333 0.27870370370370373 0.026041666666666668 0.046296296296296294
0 0.49947916666666664 0.2861111111111111 0.026041666666666668 0.046296296296296294
0 0.4161458333333333 0.29074074074074074 0.026041666666666668 0.046296296296296294
0 0.43697916666666664 0.30092592592592593 0.026041666666666668 0.046296296296296294
0 0.46197916666666666 0.3 0.026041666666666668 0.046296296296296294
0 0.4791666666666667 0.30185185185185187 0.026041666666666668 0.046296296296296294
0 0.503125 0.30092592592592593 0.026041666666666668 0.046296296296296294
0 0.42135416666666664 0.3101851851851852 0.026041666666666668 0.046296296296296294
0 0.7083333333333334 0.31296296296296294 0.026041666666666668 0.046296296296296294
0 0.4203125 0.32592592592592595 0.026041666666666668 0.046296296296296294
0 0.5125 0.3212962962962963 0.026041666666666668 0.046296296296296294
0 0.5192708333333333 0.325 0.026041666666666668 0.046296296296296294
4 0.4453125 0.3333333333333333 0.026041666666666668 0.046296296296296294
0 0.49947916666666664 0.33055555555555555 0.026041666666666668 0.046296296296296294
4 0.43385416666666665 0.3398148148148148 0.026041666666666668 0.046296296296296294
4 0.45416666666666666 0.33796296296296297 0.026041666666666668 0.046296296296296294
4 0.5203125 0.3398148148148148 0.026041666666666668 0.046296296296296294
4 0.4744791666666667 0.34629629629629627 0.026041666666666668 0.046296296296296294
4 0.375 0.35462962962962963 0.026041666666666668 0.046296296296296294
4 0.37864583333333335 0.35648148148148145 0.026041666666666668 0.046296296296296294
4 0.4869791666666667 0.35555555555555557 0.026041666666666668 0.046296296296296294
4 0.5119791666666667 0.36574074074074076 0.026041666666666668 0.046296296296296294
2 0.21666666666666667 0.37777777777777777 0.026041666666666668 0.046296296296296294
4 0.39114583333333336 0.38055555555555554 0.026041666666666668 0.046296296296296294
4 0.4583333333333333 0.37962962962962965 0.026041666666666668 0.046296296296296294
2 0.19375 0.3851851851851852 0.026041666666666668 0.046296296296296294
4 0.43697916666666664 0.39351851851851855 0.026041666666666668 0.046296296296296294
4 0.45677083333333335 0.39537037037037037 0.026041666666666668 0.046296296296296294
4 0.5208333333333334 0.4111111111111111 0.026041666666666668 0.046296296296296294
4 0.6494791666666667 0.4083333333333333 0.026041666666666668 0.046296296296296294
3 0.7036458333333333 0.4074074074074074 0.026041666666666668 0.046296296296296294
4 0.41302083333333334 0.41759259259259257 0.026041666666666668 0.046296296296296294
4 0.6661458333333333 0.42407407407407405 0.026041666666666668 0.046296296296296294
3 0.6828125 0.42314814814814816 0.026041666666666668 0.046296296296296294
4 0.46197916666666666 0.43333333333333335 0.026041666666666668 0.046296296296296294
4 0.515625 0.43333333333333335 0.026041666666666668 0.046296296296296294
4 0.4317708333333333 0.4388888888888889 0.026041666666666668 0.046296296296296294
3 0.675 0.44166666666666665 0.026041666666666668 0.046296296296296294
3 0.6864583333333333 0.45092592592592595 0.026041666666666668 0.046296296296296294
4 0.6619791666666667 0.4564814814814815 0.026041666666666668 0.046296296296296294
4 0.5036458333333333 0.4648148148148148 0.026041666666666668 0.046296296296296294
3 0.6703125 0.46574074074074073 0.026041666666666668 0.046296296296296294
4 0.49947916666666664 0.4787037037037037 0.026041666666666668 0.046296296296296294
4 0.653125 0.4824074074074074 0.026041666666666668 0.046296296296296294
3 0.7119791666666667 0.48055555555555557 0.026041666666666668 0.046296296296296294
4 0.5078125 0.49074074074074076 0.026041666666666668 0.046296296296296294
4 0.415625 0.4962962962962963 0.026041666666666668 0.046296296296296294
3 0.6744791666666666 0.49537037037037035 0.026041666666666668 0.046296296296296294
4 0.6088541666666667 0.5018518518518519 0.026041666666666668 0.046296296296296294
3 0.6921875 0.5055555555555555 0.026041666666666668 0.046296296296296294
4 0.4953125 0.5120370370370371 0.026041666666666668 0.046296296296296294
4 0.6328125 0.5083333333333333 0.026041666666666668 0.046296296296296294
4 0.3927083333333333 0.512962962962963 0.026041666666666668 0.046296296296296294
4 0.503125 0.5212962962962963 0.026041666666666668 0.046296296296296294
4 0.6151041666666667 0.5212962962962963 0.026041666666666668 0.046296296296296294
4 0.6380208333333334 0.5194444444444445 0.026041666666666668 0.046296296296296294
3 0.6786458333333333 0.5194444444444445 0.026041666666666668 0.046296296296296294
3 0.6958333333333333 0.5175925925925926 0.026041666666666668 0.046296296296296294
3 0.7114583333333333 0.5185185185185185 0.026041666666666668 0.046296296296296294
4 0.49635416666666665 0.5277777777777778 0.026041666666666668 0.046296296296296294
4 0.5364583333333334 0.525 0.026041666666666668 0.046296296296296294
4 0.5901041666666667 0.5361111111111111 0.026041666666666668 0.046296296296296294
4 0.6083333333333333 0.5324074074074074 0.026041666666666668 0.046296296296296294
4 0.615625 0.5324074074074074 0.026041666666666668 0.046296296296296294
3 0.7177083333333333 0.5342592592592592 0.026041666666666668 0.046296296296296294
4 0.5088541666666667 0.5425925925925926 0.026041666666666668 0.046296296296296294
4 0.38177083333333334 0.5527777777777778 0.026041666666666668 0.046296296296296294
4 0.44583333333333336 0.5518518518518518 0.026041666666666668 0.046296296296296294
4 0.5333333333333333 0.5537037037037037 0.026041666666666668 0.046296296296296294
4 0.6286458333333333 0.5537037037037037 0.026041666666666668 0.046296296296296294
4 0.4083333333333333 0.5546296296296296 0.026041666666666668 0.046296296296296294
4 0.42083333333333334 0.5564814814814815 0.026041666666666668 0.046296296296296294
4 0.49114583333333334 0.5574074074074075 0.026041666666666668 0.046296296296296294
4 0.5609375 0.5564814814814815 0.026041666666666668 0.046296296296296294
4 0.37916666666666665 0.5740740740740741 0.026041666666666668 0.046296296296296294
4 0.5161458333333333 0.5731481481481482 0.026041666666666668 0.046296296296296294
4 0.6208333333333333 0.575 0.026041666666666668 0.046296296296296294
3 0.6911458333333333 0.5731481481481482 0.026041666666666668 0.046296296296296294
3 0.7333333333333333 0.5722222222222222 0.026041666666666668 0.046296296296296294
3 0.7661458333333333 0.5694444444444444 0.026041666666666668 0.046296296296296294
4 0.45625 0.5796296296296296 0.026041666666666668 0.046296296296296294
3 0.7078125 0.5879629629629629 0.026041666666666668 0.046296296296296294
3 0.7703125 0.5879629629629629 0.026041666666666668 0.046296296296296294
4 0.446875 0.5962962962962963 0.026041666666666668 0.046296296296296294
4 0.5776041666666667 0.5972222222222222 0.026041666666666668 0.046296296296296294
4 0.4166666666666667 0.6037037037037037 0.026041666666666668 0.046296296296296294
4 0.47708333333333336 0.5953703703703703 0.026041666666666668 0.046296296296296294
4 0.5578125 0.6027777777777777 0.026041666666666668 0.046296296296296294
4 0.6619791666666667 0.600925925925926 0.026041666666666668 0.046296296296296294
4 0.6213541666666667 0.6111111111111112 0.026041666666666668 0.046296296296296294
4 0.5223958333333333 0.6527777777777778 0.026041666666666668 0.046296296296296294
4 0.46770833333333334 0.6620370370370371 0.026041666666666668 0.046296296296296294
3 0.7755208333333333 0.6583333333333333 0.026041666666666668 0.046296296296296294
1 0.4671875 0.6731481481481482 0.026041666666666668 0.046296296296296294
1 0.5229166666666667 0.6722222222222223 0.026041666666666668 0.046296296296296294
1 0.4166666666666667 0.7148148148148148 0.026041666666666668 0.046296296296296294
1 0.7739583333333333 0.7222222222222222 0.026041666666666668 0.046296296296296294
1 0.8859375 0.7481481481481481 0.026041666666666668 0.046296296296296294
1 0.3171875 0.7666666666666667 0.026041666666666668 0.046296296296296294
1 0.8302083333333333 0.7527777777777778 0.026041666666666668 0.046296296296296294
1 0.20833333333333334 0.7768518518518519 0.026041666666666668 0.046296296296296294
1 0.5125 0.7759259259259259 0.026041666666666668 0.046296296296296294
1 0.9703125 0.7712962962962963 0.026041666666666668 0.046296296296296294
1 0.15833333333333333 0.787962962962963 0.026041666666666668 0.046296296296296294
1 0.7536458333333333 0.8092592592592592 0.026041666666666668 0.046296296296296294
1 0.796875 0.8472222222222222 0.026041666666666668 0.046296296296296294
1 0.46458333333333335 0.8768518518518519 0.026041666666666668 0.046296296296296294
1 0.3802083333333333 0.887962962962963 0.026041666666666668 0.046296296296296294
1 0.4244791666666667 0.887962962962963 0.026041666666666668 0.046296296296296294
1 0.9020833333333333 0.9083333333333333 0.026041666666666668 0.046296296296296294
1 0.9697916666666667 0.9481481481481482 0.026041666666666668 0.046296296296296294
1 0.7395833333333334 0.9537037037037037 0.026041666666666668 0.046296296296296294
1 0.9604166666666667 0.987037037037037 0.026041666666666668 0.046296296296296294
1 0.13645833333333332 0.7537037037037037 0.026041666666666668 0.046296296296296294
1 0.2125 0.7851851851851852 0.026041666666666668 0.046296296296296294
1 0.203125 0.8574074074074074 0.026041666666666668 0.046296296296296294
2 0.22083333333333333 0.6314814814814815 0.026041666666666668 0.046296296296296294
1 0.22916666666666666 0.7185185185185186 0.026041666666666668 0.046296296296296294
1 0.3541666666666667 0.7518518518518519 0.026041666666666668 0.046296296296296294
1 0.44166666666666665 0.6981481481481482 0.026041666666666668 0.046296296296296294
1 0.8552083333333333 0.8277777777777777 0.026041666666666668 0.046296296296296294
1 0.8239583333333333 0.8666666666666667 0.026041666666666668 0.046296296296296294
1 0.83125 0.8351851851851851 0.026041666666666668 0.046296296296296294
1 0.8520833333333333 0.8018518518518518 0.026041666666666668 0.046296296296296294
1 0.946875 0.9685185185185186 0.026041666666666668 0.046296296296296294
1 0.7260416666666667 0.6925925925925925 0.026041666666666668 0.046296296296296294
3 0.7333333333333333 0.5962962962962963 0.026041666666666668 0.046296296296296294
0 0.6895833333333333 0.28888888888888886 0.026041666666666668 0.046296296296296294
1 0.5447916666666667 0.6777777777777778 0.026041666666666668 0.046296296296296294
4 0.51875 0.5962962962962963 0.026041666666666668 0.046296296296296294
4 0.5375 0.6222222222222222 0.026041666666666668 0.046296296296296294
4 0.40520833333333334 0.6333333333333333 0.026041666666666668 0.046296296296296294
