0 0.4822916666666667 0.0962962962962963 0.026041666666666668 0.046296296296296294
0 0.48802083333333335 0.10648148148148148 0.026041666666666668 0.046296296296296294
0 0.4583333333333333 0.11944444444444445 0.026041666666666668 0.046296296296296294
0 0.4822916666666667 0.12129629629629629 0.026041666666666668 0.046296296296296294
0 0.490625 0.12962962962962962 0.026041666666666668 0.046296296296296294
0 0.4427083333333333 0.13425925925925927 0.026041666666666668 0.046296296296296294
0 0.44895833333333335 0.13796296296296295 0.026041666666666668 0.046296296296296294
0 0.4703125 0.13703703703703704 0.026041666666666668 0.046296296296296294
0 0.4708333333333333 0.14629629629629629 0.026041666666666668 0.046296296296296294
0 0.478125 0.14537037037037037 0.026041666666666668 0.046296296296296294
0 0.4375 0.15462962962962962 0.026041666666666668 0.046296296296296294
0 0.44895833333333335 0.15925925925925927 0.026041666666666668 0.046296296296296294
0 0.46197916666666666 0.15925925925925927 0.026041666666666668 0.046296296296296294
0 0.46927083333333336 0.16018518518518518 0.026041666666666668 0.046296296296296294
0 0.4822916666666667 0.1675925925925926 0.026041666666666668 0.046296296296296294
0 0.4328125 0.175 0.026041666666666668 0.046296296296296294
0 0.47552083333333334 0.17314814814814813 0.026041666666666668 0.046296296296296294
0 0.4864583333333333 0.175 0.026041666666666668 0.046296296296296294
0 0.4984375 0.17592592592592593 0.026041666666666668 0.046296296296296294
0 0.4270833333333333 0.18611111111111112 0.026041666666666668 0.046296296296296294
0 0.5041666666666667 0.18518518518518517 0.026041666666666668 0.046296296296296294
0 0.4869791666666667 0.21388888888888888 0.026041666666666668 0.046296296296296294
0 0.5036458333333333 0.21203703703703702 0.026041666666666668 0.046296296296296294
0 0.5067708333333333 0.23055555555555557 0.026041666666666668 0.046296296296296294
0 0.4859375 0.24259259259259258 0.026041666666666668 0.046296296296296294
0 0.47291666666666665 0.25092592592592594 0.026041666666666668 0.046296296296296294
0 0.446875 0.25925925925925924 0.026041666666666668 0.046296296296296294
0 0.45989583333333334 0.2574074074074074 0.026041666666666668 0.046296296296296294
0 0.4869791666666667 0.2574074074074074 0.026041666666666668 0.046296296296296294
0 0.4947916666666667 0.25925925925925924 0.026041666666666668 0.046296296296296294
0 0.5151041666666667 0.262037037037037 0.026041666666666668 0.046296296296296294
0 0.4322916666666667 0.26944444444444443 0.026041666666666668 0.046296296296296294
0 0.4875 0.2861111111111111 0.026041666666666668 0.046296296296296294
0 0.5078125 0.2935185185185185 0.026041666666666668 0.046296296296296294
0 0.5026041666666666 0.30092592592592593 0.026041666666666668 0.046296296296296294
0 0.5145833333333333 0.3 0.026041666666666668 0.046296296296296294
0 0.41510416666666666 0.3055555555555556 0.026041666666666668 0.046296296296296294
0 0.4359375 0.30925925925925923 0.026041666666666668 0.046296296296296294
0 0.45260416666666664 0.30925925925925923 0.026041666666666668 0.046296296296296294
0 0.4630208333333333 0.31851851851851853 0.026041666666666668 0.046296296296296294
0 0.4744791666666667 0.3175925925925926 0.026041666666666668 0.046296296296296294
0 0.5203125 0.31666666666666665 0.026041666666666668 0.046296296296296294
0 0.415625 0.32037037037037036 0.026041666666666668 0.046296296296296294
0 0.49114583333333334 0.32407407407407407 0.026041666666666668 0.046296296296296294
0 0.5078125 0.32592592592592595 0.026041666666666668 0.046296296296296294
0 0.43645833333333334 0.3296296296296296 0.026041666666666668 0.046296296296296294
0 0.44479166666666664 0.33055555555555555 0.026041666666666668 0.046296296296296294
0 0.45729166666666665 0.3314814814814815 0.026041666666666668 0.046296296296296294
4 0.515625 0.34444444444444444 0.026041666666666668 0.046296296296296294
4 0.38697916666666665 0.3537037037037037 0.026041666666666668 0.046296296296296294
4 0.3984375 0.35462962962962963 0.026041666666666668 0.046296296296296294
4 0.3796875 0.36574074074074076 0.026041666666666668 0.046296296296296294
4 0.41770833333333335 0.362962962962963 0.026041666666666668 0.046296296296296294
4 0.49583333333333335 0.362962962962963 0.026041666666666668 0.046296296296296294
4 0.5255208333333333 0.3638888888888889 0.026041666666666668 0.046296296296296294
4 0.4901041666666667 0.37222222222222223 0.026041666666666668 0.046296296296296294
3 0.678125 0.36666666666666664 0.026041666666666668 0.046296296296296294
4 0.39895833333333336 0.3768518518518518 0.026041666666666668 0.046296296296296294
4 0.5067708333333333 0.37962962962962965 0.026041666666666668 0.046296296296296294
4 0.6541666666666667 0.37777777777777777 0.026041666666666668 0.046296296296296294
4 0.3927083333333333 0.3861111111111111 0.026041666666666668 0.046296296296296294
4 0.6546875 0.39537037037037037 0.026041666666666668 0.046296296296296294
2 0.17916666666666667 0.4027777777777778 0.026041666666666668 0.046296296296296294
4 0.49895833333333334 0.4009259259259259 0.026041666666666668 0.046296296296296294
4 0.5078125 0.4083333333333333 0.026041666666666668 0.046296296296296294
4 0.3828125 0.41944444444444445 0.026041666666666668 0.046296296296296294
4 0.5041666666666667 0.4166666666666667 0.026041666666666668 0.046296296296296294
4 0.5114583333333333 0.4185185185185185 0.026041666666666668 0.046296296296296294
2 0.184375 0.42592592592592593 0.026041666666666668 0.046296296296296294
4 0.6489583333333333 0.42407407407407405 0.026041666666666668 0.046296296296296294
3 0.7072916666666667 0.43703703703703706 0.026041666666666668 0.046296296296296294
4 0.525 0.44814814814814813 0.026041666666666668 0.046296296296296294
3 0.675 0.45555555555555555 0.026041666666666668 0.046296296296296294
4 0.4276041666666667 0.462037037037037 0.026041666666666668 0.046296296296296294
3 0.6697916666666667 0.4722222222222222 0.026041666666666668 0.046296296296296294
4 0.39947916666666666 0.4777777777777778 0.026041666666666668 0.046296296296296294
4 0.44114583333333335 0.48703703703703705 0.026041666666666668 0.046296296296296294
4 0.5161458333333333 0.48703703703703705 0.026041666666666668 0.046296296296296294
4 0.3953125 0.49444444444444446 0.026041666666666668 0.046296296296296294
3 0.6911458333333333 0.49722222222222223 0.026041666666666668 0.046296296296296294
3 0.7125 0.49444444444444446 0.026041666666666668 0.046296296296296294
4 0.4432291666666667 0.5 0.026041666666666668 0.046296296296296294
4 0.6098958333333333 0.5 0.026041666666666668 0.046296296296296294
2 0.14322916666666666 0.5009259259259259 0.026041666666666668 0.046296296296296294
4 0.471875 0.5083333333333333 0.026041666666666668 0.046296296296296294
4 0.4739583333333333 0.5175925925925926 0.026041666666666668 0.046296296296296294
4 0.490625 0.5185185185185185 0.026041666666666668 0.046296296296296294
4 0.6364583333333333 0.5203703703703704 0.026041666666666668 0.046296296296296294
3 0.6994791666666667 0.5185185185185185 0.026041666666666668 0.046296296296296294
4 0.5322916666666667 0.5333333333333333 0.026041666666666668 0.046296296296296294
4 0.6666666666666666 0.5351851851851852 0.026041666666666668 0.046296296296296294
3 0.7244791666666667 0.5351851851851852 0.026041666666666668 0.046296296296296294
4 0.4239583333333333 0.5388888888888889 0.026041666666666668 0.046296296296296294
4 0.4734375 0.5351851851851852 0.026041666666666668 0.046296296296296294
4 0.6322916666666667 0.5425925925925926 0.026041666666666668 0.046296296296296294
3 0.7197916666666667 0.5435185185185185 0.026041666666666668 0.046296296296296294
4 0.6208333333333333 0.5509259259259259 0.026041666666666668 0.046296296296296294
3 0.678125 0.5555555555555556 0.026041666666666668 0.046296296296296294
4 0.596875 0.5527777777777778 0.026041666666666668 0.046296296296296294
4 0.4088541666666667 0.5657407407407408 0.026041666666666668 0.046296296296296294
3 0.7322916666666667 0.5648148148148148 0.026041666666666668 0.046296296296296294
3 0.7588541666666667 0.5648148148148148 0.026041666666666668 0.046296296296296294
2 0.19947916666666668 0.5712962962962963 0.026041666666666668 0.046296296296296294
4 0.6552083333333333 0.575 0.026041666666666668 0.046296296296296294
4 0.5395833333333333 0.575925925925926 0.026041666666666668 0.046296296296296294
4 0.5802083333333333 0.575925925925926 0.026041666666666668 0.046296296296296294
2 0.19479166666666667 0.612037037037037 0.026041666666666668 0.046296296296296294
3 0.6864583333333333 0.6212962962962963 0.026041666666666668 0.046296296296296294
4 0.6427083333333333 0.6314814814814815 0.026041666666666668 0.046296296296296294
2 0.18697916666666667 0.6453703703703704 0.026041666666666668 0.046296296296296294
2 0.21927083333333333 0.6453703703703704 0.026041666666666668 0.046296296296296294
2 0.18697916666666667 0.6601851851851852 0.026041666666666668 0.046296296296296294
4 0.5510416666666667 0.6601851851851852 0.026041666666666668 0.046296296296296294
1 0.21614583333333334 0.6675925925925926 0.026041666666666668 0.046296296296296294
3 0.740625 0.6620370370370371 0.026041666666666668 0.046296296296296294
1 0.6661458333333333 0.6805555555555556 0.026041666666666668 0.046296296296296294
1 0.7026041666666667 0.6824074074074075 0.026041666666666668 0.046296296296296294
1 0.63125 0.6990740740740741 0.026041666666666668 0.046296296296296294
1 0.128125 0.7138888888888889 0.026041666666666668 0.046296296296296294
1 0.20729166666666668 0.7138888888888889 0.026041666666666668 0.046296296296296294
1 0.40520833333333334 0.7027777777777777 0.026041666666666668 0.046296296296296294
1 0.4510416666666667 0.7166666666666667 0.026041666666666668 0.046296296296296294
1 0.225 0.7296296296296296 0.026041666666666668 0.046296296296296294
1 0.12864583333333332 0.7342592592592593 0.026041666666666668 0.046296296296296294
1 0.1671875 0.7361111111111112 0.026041666666666668 0.046296296296296294
1 0.884375 0.7472222222222222 0.026041666666666668 0.046296296296296294
1 0.5828125 0.7925925925925926 0.026041666666666668 0.046296296296296294
1 0.5213541666666667 0.812037037037037 0.026041666666666668 0.046296296296296294
1 0.825 0.8435185185185186 0.026041666666666668 0.046296296296296294
1 0.628125 0.85 0.026041666666666668 0.046296296296296294
1 0.7723958333333333 0.8444444444444444 0.026041666666666668 0.046296296296296294
1 0.978125 0.8527777777777777 0.026041666666666668 0.046296296296296294
1 0.6927083333333334 0.8555555555555555 0.026041666666666668 0.046296296296296294
1 0.4744791666666667 0.8851851851851852 0.026041666666666668 0.046296296296296294
1 0.7859375 0.8787037037037037 0.026041666666666668 0.046296296296296294
1 0.9708333333333333 0.9462962962962963 0.026041666666666668 0.046296296296296294
2 0.15520833333333334 0.5833333333333334 0.026041666666666668 0.046296296296296294
1 0.19166666666666668 0.7314814814814815 0.026041666666666668 0.046296296296296294
1 0.8291666666666667 0.8722222222222222 0.026041666666666668 0.046296296296296294
1 0.8708333333333333 0.8222222222222222 0.026041666666666668 0.046296296296296294
1 0.9947916666666666 0.8648148148148148 0.026041666666666668 0.046296296296296294
1 0.7739583333333333 0.6962962962962963 0.026041666666666668 0.046296296296296294
3 0.76875 0.6314814814814815 0.026041666666666668 0.046296296296296294
0 0.69375 0.2851851851851852 0.026041666666666668 0.046296296296296294
3 0.76875 0.5518518518518518 0.026041666666666668 0.046296296296296294
0 0.41458333333333336 0.21481481481481482 0.026041666666666668 0.046296296296296294
4 0.4510416666666667 0.43148148148148147 0.026041666666666668 0.046296296296296294
4 0.49895833333333334 0.6574074074074074 0.026041666666666668 0.046296296296296294
3 0.71875 0.6166666666666667 0.026041666666666668 0.046296296296296294
