0 0.4713541666666667 0.0962962962962963 0.026041666666666668 0.046296296296296294
0 0.475 0.09814814814814815 0.026041666666666668 0.046296296296296294
0 0.4875 0.09814814814814815 0.026041666666666668 0.046296296296296294
0 0.4828125 0.10555555555555556 0.026041666666666668 0.046296296296296294
0 0.4552083333333333 0.1175925925925926 0.026041666666666668 0.046296296296296294
0 0.48385416666666664 0.12222222222222222 0.026041666666666668 0.046296296296296294
0 0.49114583333333334 0.12037037037037036 0.026041666666666668 0.046296296296296294
0 0.4708333333333333 0.1287037037037037 0.026041666666666668 0.046296296296296294
0 0.4744791666666667 0.12962962962962962 0.026041666666666668 0.046296296296296294
0 0.478125 0.12777777777777777 0.026041666666666668 0.046296296296296294
0 0.43854166666666666 0.13703703703703704 0.026041666666666668 0.046296296296296294
0 0.4432291666666667 0.13518518518518519 0.026041666666666668 0.046296296296296294
0 0.4546875 0.13518518518518519 0.026041666666666668 0.046296296296296294
0 0.4630208333333333 0.13796296296296295 0.026041666666666668 0.046296296296296294
0 0.49166666666666664 0.13703703703703704 0.026041666666666668 0.046296296296296294
0 0.4828125 0.14537037037037037 0.026041666666666668 0.046296296296296294
0 0.4953125 0.14537037037037037 0.026041666666666668 0.046296296296296294
0 0.4552083333333333 0.15185185185185185 0.026041666666666668 0.046296296296296294
0 0.4666666666666667 0.15925925925925927 0.026041666666666668 0.046296296296296294
0 0.4317708333333333 0.17407407407407408 0.026041666666666668 0.046296296296296294
0 0.46145833333333336 0.175 0.026041666666666668 0.046296296296296294
0 0.4739583333333333 0.1814814814814815 0.026041666666666668 0.046296296296296294
0 0.478125 0.1824074074074074 0.026041666666666668 0.046296296296296294
0 0.5072916666666667 0.1824074074074074 0.026041666666666668 0.046296296296296294
0 0.4635416666666667 0.19074074074074074 0.026041666666666668 0.046296296296296294
0 0.4578125 0.21388888888888888 0.026041666666666668 0.046296296296296294
0 0.49114583333333334 0.21296296296296297 0.026041666666666668 0.046296296296296294
0 0.4375 0.225 0.026041666666666668 0.046296296296296294
0 0.5145833333333333 0.23055555555555557 0.026041666666666668 0.046296296296296294
0 0.45677083333333335 0.24259259259259258 0.026041666666666668 0.046296296296296294
0 0.46875 0.24259259259259258 0.026041666666666668 0.046296296296296294
0 0.5114583333333333 0.25462962962962965 0.026041666666666668 0.046296296296296294
0 0.534375 0.27685185185185185 0.026041666666666668 0.046296296296296294
0 0.5411458333333333 0.27870370370370373 0.026041666666666668 0.046296296296296294
0 0.5114583333333333 0.2861111111111111 0.026041666666666668 0.046296296296296294
0 0.6916666666666667 0.29259259259259257 0.026041666666666668 0.046296296296296294
0 0.4427083333333333 0.29814814814814816 0.026041666666666668 0.046296296296296294
0 0.4484375 0.3037037037037037 0.026041666666666668 0.046296296296296294
0 0.4739583333333333 0.30092592592592593 0.026041666666666668 0.046296296296296294
0 0.48489583333333336 0.2962962962962963 0.026041666666666668 0.046296296296296294
0 0.5020833333333333 0.3 0.026041666666666668 0.046296296296296294
0 0.4192708333333333 0.3055555555555556 0.026041666666666668 0.046296296296296294
0 0.4375 0.3101851851851852 0.026041666666666668 0.046296296296296294
0 0.465625 0.30833333333333335 0.026041666666666668 0.046296296296296294
0 0.6994791666666667 0.3101851851851852 0.026041666666666668 0.046296296296296294
0 0.4979166666666667 0.31574074074074077 0.026041666666666668 0.046296296296296294
0 0.5114583333333333 0.3148148148148148 0.026041666666666668 0.046296296296296294
0 0.43125 0.32314814814814813 0.026041666666666668 0.046296296296296294
0 0.47760416666666666 0.32407407407407407 0.026041666666666668 0.046296296296296294
0 0.44375 0.33240740740740743 0.026041666666666668 0.046296296296296294
4 0.5 0.3333333333333333 0.026041666666666668 0.046296296296296294
4 0.5072916666666667 0.3351851851851852 0.026041666666666668 0.046296296296296294
0 0.5489583333333333 0.3296296296296296 0.026041666666666668 0.046296296296296294
4 0.4244791666666667 0.34074074074074073 0.026041666666666668 0.046296296296296294
4 0.45364583333333336 0.3398148148148148 0.026041666666666668 0.046296296296296294
4 0.44479166666666664 0.34629629629629627 0.026041666666666668 0.046296296296296294
4 0.46197916666666666 0.3472222222222222 0.026041666666666668 0.046296296296296294
4 0.5067708333333333 0.35462962962962963 0.026041666666666668 0.046296296296296294
4 0.415625 0.3638888888888889 0.026041666666666668 0.046296296296296294
4 0.48385416666666664 0.3611111111111111 0.026041666666666668 0.046296296296296294
4 0.5 0.3648148148148148 0.026041666666666668 0.046296296296296294
4 0.65 0.3712962962962963 0.026041666666666668 0.046296296296296294
2 0.2203125 0.3787037037037037 0.026041666666666668 0.046296296296296294
4 0.39166666666666666 0.3768518518518518 0.026041666666666668 0.046296296296296294
4 0.5145833333333333 0.38055555555555554 0.026041666666666668 0.046296296296296294
4 0.5072916666666667 0.38981481481481484 0.026041666666666668 0.046296296296296294
4 0.6489583333333333 0.38796296296296295 0.026041666666666668 0.046296296296296294
4 0.4953125 0.3907407407407407 0.026041666666666668 0.046296296296296294
2 0.2125 0.4 0.026041666666666668 0.046296296296296294
4 0.6494791666666667 0.40185185185185185 0.026041666666666668 0.046296296296296294
4 0.5083333333333333 0.4101851851851852 0.026041666666666668 0.046296296296296294
2 0.17447916666666666 0.4185185185185185 0.026041666666666668 0.046296296296296294
2 0.19895833333333332 0.4166666666666667 0.026041666666666668 0.046296296296296294
4 0.39479166666666665 0.4166666666666667 0.026041666666666668 0.046296296296296294
4 0.3875 0.42592592592592593 0.026041666666666668 0.046296296296296294
4 0.4828125 0.4351851851851852 0.026041666666666668 0.046296296296296294
4 0.5203125 0.43425925925925923 0.026041666666666668 0.046296296296296294
4 0.6541666666666667 0.43148148148148147 0.026041666666666668 0.046296296296296294
3 0.6947916666666667 0.4324074074074074 0.026041666666666668 0.046296296296296294
4 0.5119791666666667 0.44166666666666665 0.026041666666666668 0.046296296296296294
4 0.525 0.4398148148148148 0.026041666666666668 0.046296296296296294
4 0.6666666666666666 0.43703703703703706 0.026041666666666668 0.046296296296296294
3 0.6739583333333333 0.43796296296296294 0.026041666666666668 0.046296296296296294
4 0.37864583333333335 0.44814814814814813 0.026041666666666668 0.046296296296296294
4 0.44895833333333335 0.4462962962962963 0.026041666666666668 0.046296296296296294
4 0.4708333333333333 0.44814814814814813 0.026041666666666668 0.046296296296296294
3 0.7057291666666666 0.45 0.026041666666666668 0.046296296296296294
4 0.6614583333333334 0.45740740740740743 0.026041666666666668 0.046296296296296294
4 0.5166666666666667 0.4666666666666667 0.026041666666666668 0.046296296296296294
3 0.6776041666666667 0.46296296296296297 0.026041666666666668 0.046296296296296294
4 0.40625 0.47129629629629627 0.026041666666666668 0.046296296296296294
4 0.4739583333333333 0.47129629629629627 0.026041666666666668 0.046296296296296294
4 0.5130208333333334 0.48055555555555557 0.026041666666666668 0.046296296296296294
3 0.6880208333333333 0.48055555555555557 0.026041666666666668 0.046296296296296294
4 0.43072916666666666 0.48333333333333334 0.026041666666666668 0.046296296296296294
3 0.684375 0.48703703703703705 0.026041666666666668 0.046296296296296294
4 0.6135416666666667 0.5037037037037037 0.026041666666666668 0.046296296296296294
3 0.6958333333333333 0.5046296296296297 0.026041666666666668 0.046296296296296294
4 0.4265625 0.512962962962963 0.026041666666666668 0.046296296296296294
4 0.403125 0.5175925925925926 0.026041666666666668 0.046296296296296294
4 0.5197916666666667 0.5203703703703704 0.026041666666666668 0.046296296296296294
4 0.6046875 0.5212962962962963 0.026041666666666668 0.046296296296296294
4 0.6239583333333333 0.524074074074074 0.026041666666666668 0.046296296296296294
3 0.7197916666666667 0.525 0.026041666666666668 0.046296296296296294
3 0.8458333333333333 0.525 0.026041666666666668 0.046296296296296294
3 0.6989583333333333 0.5305555555555556 0.026041666666666668 0.046296296296296294
4 0.628125 0.549074074074074 0.026041666666666668 0.046296296296296294
4 0.5208333333333334 0.5648148148148148 0.026041666666666668 0.046296296296296294
3 0.7369791666666666 0.5648148148148148 0.026041666666666668 0.046296296296296294
4 0.6182291666666667 0.5731481481481482 0.026041666666666668 0.046296296296296294
3 0.7651041666666667 0.5703703703703704 0.026041666666666668 0.046296296296296294
4 0.6640625 0.575 0.026041666666666668 0.046296296296296294
4 0.6359375 0.5898148148148148 0.026041666666666668 0.046296296296296294
4 0.5041666666666667 0.5962962962962963 0.026041666666666668 0.046296296296296294
4 0.6130208333333333 0.6111111111111112 0.026041666666666668 0.046296296296296294
4 0.6442708333333333 0.6166666666666667 0.026041666666666668 0.046296296296296294
3 0.7630208333333334 0.6203703703703703 0.026041666666666668 0.046296296296296294
4 0.3796875 0.6287037037037037 0.026041666666666668 0.046296296296296294
3 0.7421875 0.6277777777777778 0.026041666666666668 0.046296296296296294
4 0.5791666666666667 0.6351851851851852 0.026041666666666668 0.046296296296296294
4 0.5520833333333334 0.6407407407407407 0.026041666666666668 0.046296296296296294
4 0.6630208333333333 0.6509259259259259 0.026041666666666668 0.046296296296296294
3 0.7666666666666667 0.649074074074074 0.026041666666666668 0.046296296296296294
3 0.775 0.6657407407407407 0.026041666666666668 0.046296296296296294
1 0.603125 0.6851851851851852 0.026041666666666668 0.046296296296296294
1 0.6776041666666667 0.7157407407407408 0.026041666666666668 0.046296296296296294
1 0.190625 0.7222222222222222 0.026041666666666668 0.046296296296296294
1 0.5166666666666667 0.7333333333333333 0.026041666666666668 0.046296296296296294
1 0.6411458333333333 0.75 0.026041666666666668 0.046296296296296294
1 0.8854166666666666 0.7509259259259259 0.026041666666666668 0.046296296296296294
1 0.8286458333333333 0.7601851851851852 0.026041666666666668 0.046296296296296294
1 0.15364583333333334 0.7962962962962963 0.026041666666666668 0.046296296296296294
1 0.7572916666666667 0.8222222222222222 0.026041666666666668 0.046296296296296294
1 0.825 0.8398148148148148 0.026041666666666668 0.046296296296296294
1 0.8744791666666667 0.8342592592592593 0.026041666666666668 0.046296296296296294
1 0.5625 0.8398148148148148 0.026041666666666668 0.046296296296296294
1 0.38697916666666665 0.8731481481481481 0.026041666666666668 0.046296296296296294
1 0.6151041666666667 0.8694444444444445 0.026041666666666668 0.046296296296296294
1 0.43854166666666666 0.8916666666666667 0.026041666666666668 0.046296296296296294
1 0.4666666666666667 0.8981481481481481 0.026041666666666668 0.046296296296296294
1 0.3932291666666667 0.9120370370370371 0.026041666666666668 0.046296296296296294
1 0.24270833333333333 0.9157407407407407 0.026041666666666668 0.046296296296296294
1 0.2682291666666667 0.9268518518518518 0.026041666666666668 0.046296296296296294
1 0.7015625 0.924074074074074 0.026041666666666668 0.046296296296296294
1 0.55 0.9435185185185185 0.026041666666666668 0.046296296296296294
1 0.8302083333333333 0.9546296296296296 0.026041666666666668 0.046296296296296294
1 0.9791666666666666 0.9712962962962963 0.026041666666666668 0.046296296296296294
1 0.134375 0.837037037037037 0.026041666666666668 0.046296296296296294
1 0.125 0.9 0.026041666666666668 0.046296296296296294
1 0.27291666666666664 0.9629629629629629 0.026041666666666668 0.046296296296296294
2 0.14791666666666667 0.5370370370370371 0.026041666666666668 0.046296296296296294
1 0.4041666666666667 0.7351851851851852 0.026041666666666668 0.046296296296296294
4 0.46875 0.6240740740740741 0.026041666666666668 0.046296296296296294
4 0.465625 0.562962962962963 0.026041666666666668 0.046296296296296294
4 0.43125 0.5925925925925926 0.026041666666666668 0.046296296296296294
1 0.715625 0.7185185185185186 0.026041666666666668 0.046296296296296294
1 0.859375 0.9092592592592592 0.026041666666666668 0.046296296296296294
1 0.834375 0.8629629629629629 0.026041666666666668 0.046296296296296294
1 0.9197916666666667 0.7648148148148148 0.026041666666666668 0.046296296296296294
3 0.7520833333333333 0.5518518518518518 0.026041666666666668 0.046296296296296294
0 0.7072916666666667 0.32407407407407407 0.026041666666666668 0.046296296296296294
3 0.68125 0.5314814814814814 0.026041666666666668 0.046296296296296294
3 0.6927083333333334 0.5185185185185185 0.026041666666666668 0.046296296296296294
4 0.5270833333333333 0.6148148148148148 0.026041666666666668 0.046296296296296294
4 0.5010416666666667 0.5111111111111111 0.026041666666666668 0.046296296296296294
4 0.5104166666666666 0.5444444444444444 0.026041666666666668 0.046296296296296294
