0 0.4713541666666667 0.09444444444444444 0.026041666666666668 0.046296296296296294
0 0.4786458333333333 0.09814814814814815 0.026041666666666668 0.046296296296296294
0 0.48333333333333334 0.11944444444444445 0.026041666666666668 0.046296296296296294
0 0.49114583333333334 0.12037037037037036 0.026041666666666668 0.046296296296296294
0 0.4546875 0.13425925925925927 0.026041666666666668 0.046296296296296294
0 0.4625 0.13703703703703704 0.026041666666666668 0.046296296296296294
0 0.48385416666666664 0.1361111111111111 0.026041666666666668 0.046296296296296294
0 0.49583333333333335 0.13796296296296295 0.026041666666666668 0.046296296296296294
0 0.475 0.14444444444444443 0.026041666666666668 0.046296296296296294
0 0.4484375 0.15925925925925927 0.026041666666666668 0.046296296296296294
0 0.4453125 0.16944444444444445 0.026041666666666668 0.046296296296296294
0 0.49895833333333334 0.17407407407407408 0.026041666666666668 0.046296296296296294
0 0.434375 0.18333333333333332 0.026041666666666668 0.046296296296296294
0 0.4953125 0.1824074074074074 0.026041666666666668 0.046296296296296294
0 0.5114583333333333 0.1824074074074074 0.026041666666666668 0.046296296296296294
0 0.4739583333333333 0.20833333333333334 0.026041666666666668 0.046296296296296294
0 0.4375 0.24444444444444444 0.026041666666666668 0.046296296296296294
0 0.4864583333333333 0.24444444444444444 0.026041666666666668 0.046296296296296294
0 0.4895833333333333 0.2675925925925926 0.026041666666666668 0.046296296296296294
0 0.5489583333333333 0.2675925925925926 0.026041666666666668 0.046296296296296294
0 0.44166666666666665 0.27870370370370373 0.026041666666666668 0.046296296296296294
0 0.49947916666666664 0.28425925925925927 0.026041666666666668 0.046296296296296294
0 0.5020833333333333 0.28703703703703703 0.026041666666666668 0.046296296296296294
0 0.6947916666666667 0.28703703703703703 0.026041666666666668 0.046296296296296294
0 0.4140625 0.2898148148148148 0.026041666666666668 0.046296296296296294
0 0.4390625 0.30833333333333335 0.026041666666666668 0.046296296296296294
0 0.49895833333333334 0.3101851851851852 0.026041666666666668 0.046296296296296294
0 0.425 0.3138888888888889 0.026041666666666668 0.046296296296296294
0 0.5072916666666667 0.3138888888888889 0.026041666666666668 0.046296296296296294
0 0.7057291666666666 0.31296296296296294 0.026041666666666668 0.046296296296296294
0 0.4375 0.3296296296296296 0.026041666666666668 0.046296296296296294
4 0.490625 0.33611111111111114 0.026041666666666668 0.046296296296296294
4 0.515625 0.33425925925925926 0.026041666666666668 0.046296296296296294
4 0.4484375 0.3388888888888889 0.026041666666666668 0.046296296296296294
4 0.534375 0.3388888888888889 0.026041666666666668 0.046296296296296294
4 0.5432291666666667 0.3416666666666667 0.026041666666666668 0.046296296296296294
4 0.4317708333333333 0.3472222222222222 0.026041666666666668 0.046296296296296294
4 0.46458333333333335 0.34444444444444444 0.026041666666666668 0.046296296296296294
4 0.375 0.35462962962962963 0.026041666666666668 0.046296296296296294
4 0.37864583333333335 0.35462962962962963 0.026041666666666668 0.046296296296296294
4 0.3885416666666667 0.3537037037037037 0.026041666666666668 0.046296296296296294
4 0.39427083333333335 0.3527777777777778 0.026041666666666668 0.046296296296296294
4 0.41302083333333334 0.35462962962962963 0.026041666666666668 0.046296296296296294
4 0.44166666666666665 0.35833333333333334 0.026041666666666668 0.046296296296296294
4 0.5036458333333333 0.35462962962962963 0.026041666666666668 0.046296296296296294
4 0.5197916666666667 0.35833333333333334 0.026041666666666668 0.046296296296296294
4 0.5375 0.35648148148148145 0.026041666666666668 0.046296296296296294
4 0.5125 0.36574074074074076 0.026041666666666668 0.046296296296296294
4 0.4875 0.37037037037037035 0.026041666666666668 0.046296296296296294
4 0.48125 0.37962962962962965 0.026041666666666668 0.046296296296296294
4 0.46458333333333335 0.3962962962962963 0.026041666666666668 0.046296296296296294
4 0.5114583333333333 0.39444444444444443 0.026041666666666668 0.046296296296296294
4 0.5203125 0.3962962962962963 0.026041666666666668 0.046296296296296294
3 0.6708333333333333 0.39351851851851855 0.026041666666666668 0.046296296296296294
4 0.4239583333333333 0.40185185185185185 0.026041666666666668 0.046296296296296294
4 0.45729166666666665 0.4027777777777778 0.026041666666666668 0.046296296296296294
4 0.4822916666666667 0.40185185185185185 0.026041666666666668 0.046296296296296294
4 0.5041666666666667 0.40370370370370373 0.026041666666666668 0.046296296296296294
4 0.5286458333333334 0.4046296296296296 0.026041666666666668 0.046296296296296294
4 0.39166666666666666 0.4101851851851852 0.026041666666666668 0.046296296296296294
4 0.42916666666666664 0.4111111111111111 0.026041666666666668 0.046296296296296294
4 0.5203125 0.4101851851851852 0.026041666666666668 0.046296296296296294
4 0.65 0.4064814814814815 0.026041666666666668 0.046296296296296294
3 0.7036458333333333 0.4064814814814815 0.026041666666666668 0.046296296296296294
2 0.17291666666666666 0.4166666666666667 0.026041666666666668 0.046296296296296294
2 0.1890625 0.41574074074074074 0.026041666666666668 0.046296296296296294
4 0.4578125 0.4203703703703704 0.026041666666666668 0.046296296296296294
4 0.4786458333333333 0.4185185185185185 0.026041666666666668 0.046296296296296294
4 0.5026041666666666 0.4166666666666667 0.026041666666666668 0.046296296296296294
4 0.6625 0.4166666666666667 0.026041666666666668 0.046296296296296294
3 0.6703125 0.4166666666666667 0.026041666666666668 0.046296296296296294
4 0.4869791666666667 0.425 0.026041666666666668 0.046296296296296294
4 0.5145833333333333 0.42685185185185187 0.026041666666666668 0.046296296296296294
3 0.678125 0.425 0.026041666666666668 0.046296296296296294
4 0.3921875 0.4324074074074074 0.026041666666666668 0.046296296296296294
4 0.44114583333333335 0.43425925925925923 0.026041666666666668 0.046296296296296294
4 0.41458333333333336 0.4425925925925926 0.026041666666666668 0.046296296296296294
4 0.4328125 0.4398148148148148 0.026041666666666668 0.046296296296296294
4 0.45260416666666664 0.45 0.026041666666666668 0.046296296296296294
4 0.6619791666666667 0.45740740740740743 0.026041666666666668 0.046296296296296294
4 0.3921875 0.4648148148148148 0.026041666666666668 0.046296296296296294
4 0.5046875 0.47129629629629627 0.026041666666666668 0.046296296296296294
4 0.5114583333333333 0.47314814814814815 0.026041666666666668 0.046296296296296294
3 0.6744791666666666 0.47314814814814815 0.026041666666666668 0.046296296296296294
4 0.4109375 0.48055555555555557 0.026041666666666668 0.046296296296296294
4 0.54375 0.4777777777777778 0.026041666666666668 0.046296296296296294
4 0.39479166666666665 0.48518518518518516 0.026041666666666668 0.046296296296296294
4 0.4453125 0.4888888888888889 0.026041666666666668 0.046296296296296294
4 0.4739583333333333 0.487962962962963 0.026041666666666668 0.046296296296296294
4 0.49114583333333334 0.487962962962963 0.026041666666666668 0.046296296296296294
4 0.49895833333333334 0.4888888888888889 0.026041666666666668 0.046296296296296294
3 0.715625 0.4888888888888889 0.026041666666666668 0.046296296296296294
4 0.5119791666666667 0.49537037037037035 0.026041666666666668 0.046296296296296294
4 0.5197916666666667 0.4962962962962963 0.026041666666666668 0.046296296296296294
4 0.628125 0.49722222222222223 0.026041666666666668 0.046296296296296294
3 0.6770833333333334 0.5046296296296297 0.026041666666666668 0.046296296296296294
4 0.6291666666666667 0.5111111111111111 0.026041666666666668 0.046296296296296294
3 0.6947916666666667 0.512962962962963 0.026041666666666668 0.046296296296296294
4 0.4197916666666667 0.5157407407407407 0.026041666666666668 0.046296296296296294
4 0.6119791666666666 0.5194444444444445 0.026041666666666668 0.046296296296296294
4 0.5036458333333333 0.5268518518518519 0.026041666666666668 0.046296296296296294
4 0.5203125 0.5259259259259259 0.026041666666666668 0.046296296296296294
4 0.5578125 0.5268518518518519 0.026041666666666668 0.046296296296296294
3 0.6697916666666667 0.5277777777777778 0.026041666666666668 0.046296296296296294
3 0.7203125 0.5296296296296297 0.026041666666666668 0.046296296296296294
4 0.4010416666666667 0.5314814814814814 0.026041666666666668 0.046296296296296294
4 0.59375 0.5305555555555556 0.026041666666666668 0.046296296296296294
4 0.6067708333333334 0.5453703703703704 0.026041666666666668 0.046296296296296294
4 0.5041666666666667 0.5509259259259259 0.026041666666666668 0.046296296296296294
4 0.5703125 0.5592592592592592 0.026041666666666668 0.046296296296296294
3 0.7359375 0.5657407407407408 0.026041666666666668 0.046296296296296294
4 0.5359375 0.5722222222222222 0.026041666666666668 0.046296296296296294
3 0.75625 0.5685185185185185 0.026041666666666668 0.046296296296296294
4 0.6375 0.5824074074074074 0.026041666666666668 0.046296296296296294
4 0.5755208333333334 0.6129629629629629 0.026041666666666668 0.046296296296296294
4 0.6447916666666667 0.612037037037037 0.026041666666666668 0.046296296296296294
4 0.44479166666666664 0.6138888888888889 0.026041666666666668 0.046296296296296294
4 0.5833333333333334 0.6212962962962963 0.026041666666666668 0.046296296296296294
3 0.6822916666666666 0.6175925925925926 0.026041666666666668 0.046296296296296294
4 0.484375 0.6333333333333333 0.026041666666666668 0.046296296296296294
3 0.703125 0.6342592592592593 0.026041666666666668 0.046296296296296294
3 0.7338541666666667 0.6351851851851852 0.026041666666666668 0.046296296296296294
4 0.4739583333333333 0.6472222222222223 0.026041666666666668 0.046296296296296294
4 0.6260416666666667 0.6546296296296297 0.026041666666666668 0.046296296296296294
4 0.5244791666666667 0.6666666666666666 0.026041666666666668 0.046296296296296294
1 0.7833333333333333 0.6722222222222223 0.026041666666666668 0.046296296296296294
1 0.7072916666666667 0.6814814814814815 0.026041666666666668 0.046296296296296294
1 0.4578125 0.7037037037037037 0.026041666666666668 0.046296296296296294
1 0.4192708333333333 0.7046296296296296 0.026041666666666668 0.046296296296296294
1 0.61875 0.737037037037037 0.026041666666666668 0.046296296296296294
1 0.88125 0.7407407407407407 0.026041666666666668 0.046296296296296294
1 0.8333333333333334 0.7555555555555555 0.026041666666666668 0.046296296296296294
1 0.878125 0.7703703703703704 0.026041666666666668 0.046296296296296294
1 0.9208333333333333 0.7666666666666667 0.026041666666666668 0.046296296296296294
1 0.7541666666666667 0.8018518518518518 0.026041666666666668 0.046296296296296294
1 0.5432291666666667 0.8185185185185185 0.026041666666666668 0.046296296296296294
1 0.8671875 0.8185185185185185 0.026041666666666668 0.046296296296296294
1 0.5307291666666667 0.8287037037037037 0.026041666666666668 0.046296296296296294
1 0.24166666666666667 0.8444444444444444 0.026041666666666668 0.046296296296296294
1 0.6197916666666666 0.8453703703703703 0.026041666666666668 0.046296296296296294
1 0.7984375 0.85 0.026041666666666668 0.046296296296296294
1 0.8286458333333333 0.8675925925925926 0.026041666666666668 0.046296296296296294
1 0.44947916666666665 0.9203703703703704 0.026041666666666668 0.046296296296296294
1 0.9145833333333333 0.9268518518518518 0.026041666666666668 0.046296296296296294
1 0.9635416666666666 0.9490740740740741 0.026041666666666668 0.046296296296296294
1 0.3807291666666667 0.9722222222222222 0.026041666666666668 0.046296296296296294
1 0.9453125 0.9768518518518519 0.026041666666666668 0.046296296296296294
2 0.22291666666666668 0.3962962962962963 0.026041666666666668 0.046296296296296294
1 0.41770833333333335 0.9777777777777777 0.026041666666666668 0.046296296296296294
1 0.715625 0.7537037037037037 0.026041666666666668 0.046296296296296294
1 0.671875 0.7870370370370371 0.026041666666666668 0.046296296296296294
1 0.6625 0.674074074074074 0.026041666666666668 0.046296296296296294
3 0.6770833333333334 0.6555555555555556 0.026041666666666668 0.046296296296296294
4 0.3958333333333333 0.6277777777777778 0.026041666666666668 0.046296296296296294
4 0.5729166666666666 0.6518518518518519 0.026041666666666668 0.046296296296296294
1 0.5645833333333333 0.6722222222222223 0.026041666666666668 0.046296296296296294
3 0.765625 0.5814814814814815 0.026041666666666668 0.046296296296296294
3 0.7572916666666667 0.6148148148148148 0.026041666666666668 0.046296296296296294
3 0.7114583333333333 0.5518518518518518 0.026041666666666668 0.046296296296296294
4 0.4197916666666667 0.5685185185185185 0.026041666666666668 0.046296296296296294
1 0.7760416666666666 0.7129629629629629 0.026041666666666668 0.046296296296296294
