0 0.4739583333333333 0.08611111111111111 0.026041666666666668 0.046296296296296294
0 0.48489583333333336 0.09722222222222222 0.026041666666666668 0.046296296296296294
0 0.48333333333333334 0.11481481481481481 0.026041666666666668 0.046296296296296294
0 0.4588541666666667 0.125 0.026041666666666668 0.046296296296296294
0 0.46979166666666666 0.12962962962962962 0.026041666666666668 0.046296296296296294
0 0.48385416666666664 0.12777777777777777 0.026041666666666668 0.046296296296296294
0 0.44114583333333335 0.13518518518518519 0.026041666666666668 0.046296296296296294
0 0.453125 0.1361111111111111 0.026041666666666668 0.046296296296296294
0 0.46145833333333336 0.13703703703703704 0.026041666666666668 0.046296296296296294
0 0.48802083333333335 0.13796296296296295 0.026041666666666668 0.046296296296296294
0 0.49270833333333336 0.13703703703703704 0.026041666666666668 0.046296296296296294
0 0.471875 0.14444444444444443 0.026041666666666668 0.046296296296296294
0 0.47760416666666666 0.14444444444444443 0.026041666666666668 0.046296296296296294
0 0.44427083333333334 0.16296296296296298 0.026041666666666668 0.046296296296296294
0 0.465625 0.16296296296296298 0.026041666666666668 0.046296296296296294
0 0.515625 0.1685185185185185 0.026041666666666668 0.046296296296296294
0 0.478125 0.17685185185185184 0.026041666666666668 0.046296296296296294
0 0.4375 0.18518518518518517 0.026041666666666668 0.046296296296296294
0 0.465625 0.1824074074074074 0.026041666666666668 0.046296296296296294
0 0.478125 0.19814814814814816 0.026041666666666668 0.046296296296296294
0 0.49635416666666665 0.1962962962962963 0.026041666666666668 0.046296296296296294
0 0.4296875 0.22962962962962963 0.026041666666666668 0.046296296296296294
0 0.5078125 0.22870370370370371 0.026041666666666668 0.046296296296296294
0 0.515625 0.2388888888888889 0.026041666666666668 0.046296296296296294
0 0.42916666666666664 0.2462962962962963 0.026041666666666668 0.046296296296296294
0 0.4734375 0.25462962962962965 0.026041666666666668 0.046296296296296294
0 0.4203125 0.2638888888888889 0.026041666666666668 0.046296296296296294
0 0.49947916666666664 0.2601851851851852 0.026041666666666668 0.046296296296296294
0 0.5119791666666667 0.2638888888888889 0.026041666666666668 0.046296296296296294
0 0.5036458333333333 0.27037037037037037 0.026041666666666668 0.046296296296296294
0 0.5416666666666666 0.2657407407407407 0.026041666666666668 0.046296296296296294
0 0.5072916666666667 0.2796296296296296 0.026041666666666668 0.046296296296296294
0 0.5296875 0.28703703703703703 0.026041666666666668 0.046296296296296294
0 0.6911458333333333 0.2851851851851852 0.026041666666666668 0.046296296296296294
0 0.5 0.29907407407407405 0.026041666666666668 0.046296296296296294
0 0.5192708333333333 0.30462962962962964 0.026041666666666668 0.046296296296296294
0 0.5145833333333333 0.31296296296296294 0.026041666666666668 0.046296296296296294
0 0.428125 0.31851851851851853 0.026041666666666668 0.046296296296296294
0 0.45208333333333334 0.3175925925925926 0.026041666666666668 0.046296296296296294
0 0.540625 0.31666666666666665 0.026041666666666668 0.046296296296296294
0 0.7078125 0.3138888888888889 0.026041666666666668 0.046296296296296294
0 0.5036458333333333 0.32407407407407407 0.026041666666666668 0.046296296296296294
0 0.5145833333333333 0.32592592592592595 0.026041666666666668 0.046296296296296294
0 0.4453125 0.33240740740740743 0.026041666666666668 0.046296296296296294
0 0.5286458333333334 0.33055555555555555 0.026041666666666668 0.046296296296296294
4 0.45260416666666664 0.3398148148148148 0.026041666666666668 0.046296296296296294
4 0.478125 0.3398148148148148 0.026041666666666668 0.046296296296296294
4 0.5078125 0.3416666666666667 0.026041666666666668 0.046296296296296294
4 0.42135416666666664 0.3472222222222222 0.026041666666666668 0.046296296296296294
4 0.4947916666666667 0.3435185185185185 0.026041666666666668 0.046296296296296294
4 0.4 0.35462962962962963 0.026041666666666668 0.046296296296296294
4 0.4046875 0.35462962962962963 0.026041666666666668 0.046296296296296294
4 0.46510416666666665 0.35648148148148145 0.026041666666666668 0.046296296296296294
4 0.4708333333333333 0.35648148148148145 0.026041666666666668 0.046296296296296294
4 0.37447916666666664 0.3648148148148148 0.026041666666666668 0.046296296296296294
4 0.3776041666666667 0.3638888888888889 0.026041666666666668 0.046296296296296294
4 0.4161458333333333 0.362962962962963 0.026041666666666668 0.046296296296296294
4 0.5036458333333333 0.362962962962963 0.026041666666666668 0.046296296296296294
4 0.5119791666666667 0.3638888888888889 0.026041666666666668 0.046296296296296294
4 0.4046875 0.3814814814814815 0.026041666666666668 0.046296296296296294
4 0.4317708333333333 0.3787037037037037 0.026041666666666668 0.046296296296296294
4 0.45260416666666664 0.37592592592592594 0.026041666666666668 0.046296296296296294
4 0.51875 0.38796296296296295 0.026041666666666668 0.046296296296296294
4 0.4875 0.39537037037037037 0.026041666666666668 0.046296296296296294
4 0.5119791666666667 0.40555555555555556 0.026041666666666668 0.046296296296296294
2 0.2125 0.4083333333333333 0.026041666666666668 0.046296296296296294
2 0.18645833333333334 0.41759259259259257 0.026041666666666668 0.046296296296296294
4 0.5166666666666667 0.42592592592592593 0.026041666666666668 0.046296296296296294
4 0.6541666666666667 0.425 0.026041666666666668 0.046296296296296294
2 0.171875 0.43333333333333335 0.026041666666666668 0.046296296296296294
4 0.4640625 0.43333333333333335 0.026041666666666668 0.046296296296296294
3 0.6953125 0.4305555555555556 0.026041666666666668 0.046296296296296294
3 0.7067708333333333 0.43148148148148147 0.026041666666666668 0.046296296296296294
4 0.6666666666666666 0.44074074074074077 0.026041666666666668 0.046296296296296294
4 0.478125 0.44907407407407407 0.026041666666666668 0.046296296296296294
4 0.6526041666666667 0.45092592592592595 0.026041666666666668 0.046296296296296294
3 0.7 0.44814814814814813 0.026041666666666668 0.046296296296296294
4 0.5088541666666667 0.4583333333333333 0.026041666666666668 0.046296296296296294
3 0.6864583333333333 0.4546296296296296 0.026041666666666668 0.046296296296296294
4 0.6536458333333334 0.4648148148148148 0.026041666666666668 0.046296296296296294
4 0.465625 0.4685185185185185 0.026041666666666668 0.046296296296296294
4 0.5088541666666667 0.4740740740740741 0.026041666666666668 0.046296296296296294
4 0.4015625 0.4703703703703704 0.026041666666666668 0.046296296296296294
4 0.428125 0.4787037037037037 0.026041666666666668 0.046296296296296294
3 0.6776041666666667 0.4842592592592593 0.026041666666666668 0.046296296296296294
4 0.6213541666666667 0.49722222222222223 0.026041666666666668 0.046296296296296294
3 0.6994791666666667 0.4962962962962963 0.026041666666666668 0.046296296296296294
4 0.4317708333333333 0.4981481481481482 0.026041666666666668 0.046296296296296294
4 0.5041666666666667 0.49907407407407406 0.026041666666666668 0.046296296296296294
4 0.6119791666666666 0.5018518518518519 0.026041666666666668 0.046296296296296294
4 0.6286458333333333 0.5046296296296297 0.026041666666666668 0.046296296296296294
3 0.6713541666666667 0.5037037037037037 0.026041666666666668 0.046296296296296294
3 0.6776041666666667 0.5018518518518519 0.026041666666666668 0.046296296296296294
4 0.3848958333333333 0.5111111111111111 0.026041666666666668 0.046296296296296294
4 0.4744791666666667 0.5092592592592593 0.026041666666666668 0.046296296296296294
4 0.5916666666666667 0.5092592592592593 0.026041666666666668 0.046296296296296294
3 0.6947916666666667 0.5111111111111111 0.026041666666666668 0.046296296296296294
4 0.5963541666666666 0.5268518518518519 0.026041666666666668 0.046296296296296294
4 0.6197916666666666 0.525 0.026041666666666668 0.046296296296296294
3 0.66875 0.5277777777777778 0.026041666666666668 0.046296296296296294
4 0.6630208333333333 0.5351851851851852 0.026041666666666668 0.046296296296296294
4 0.5119791666666667 0.5407407407407407 0.026041666666666668 0.046296296296296294
4 0.5244791666666667 0.5583333333333333 0.026041666666666668 0.046296296296296294
4 0.6317708333333333 0.5583333333333333 0.026041666666666668 0.046296296296296294
4 0.4635416666666667 0.5648148148148148 0.026041666666666668 0.046296296296296294
4 0.603125 0.5638888888888889 0.026041666666666668 0.046296296296296294
3 0.7572916666666667 0.562037037037037 0.026041666666666668 0.046296296296296294
4 0.43333333333333335 0.5787037037037037 0.026041666666666668 0.046296296296296294
4 0.4713541666666667 0.5879629629629629 0.026041666666666668 0.046296296296296294
4 0.5026041666666666 0.5851851851851851 0.026041666666666668 0.046296296296296294
4 0.640625 0.5898148148148148 0.026041666666666668 0.046296296296296294
4 0.5401041666666667 0.5981481481481481 0.026041666666666668 0.046296296296296294
4 0.6057291666666667 0.5935185185185186 0.026041666666666668 0.046296296296296294
4 0.6619791666666667 0.5925925925925926 0.026041666666666668 0.046296296296296294
4 0.5286458333333334 0.6046296296296296 0.026041666666666668 0.046296296296296294
4 0.6171875 0.6037037037037037 0.026041666666666668 0.046296296296296294
4 0.6463541666666667 0.612037037037037 0.026041666666666668 0.046296296296296294
4 0.4 0.6185185185185185 0.026041666666666668 0.046296296296296294
4 0.4515625 0.6268518518518519 0.026041666666666668 0.046296296296296294
3 0.7572916666666667 0.625 0.026041666666666668 0.046296296296296294
4 0.4859375 0.6324074074074074 0.026041666666666668 0.046296296296296294
4 0.5119791666666667 0.6425925925925926 0.026041666666666668 0.046296296296296294
4 0.5411458333333333 0.6416666666666667 0.026041666666666668 0.046296296296296294
4 0.5755208333333334 0.6453703703703704 0.026041666666666668 0.046296296296296294
1 0.39427083333333335 0.6861111111111111 0.026041666666666668 0.046296296296296294
1 0.6708333333333333 0.7046296296296296 0.026041666666666668 0.046296296296296294
1 0.4161458333333333 0.7222222222222222 0.026041666666666668 0.046296296296296294
1 0.709375 0.7333333333333333 0.026041666666666668 0.046296296296296294
1 0.8833333333333333 0.7518518518518519 0.026041666666666668 0.046296296296296294
1 0.9244791666666666 0.7537037037037037 0.026041666666666668 0.046296296296296294
1 0.41875 0.7592592592592593 0.026041666666666668 0.046296296296296294
1 0.35989583333333336 0.7685185185185185 0.026041666666666668 0.046296296296296294
1 0.8265625 0.7620370370370371 0.026041666666666668 0.046296296296296294
1 0.7609375 0.7824074074074074 0.026041666666666668 0.046296296296296294
1 0.7458333333333333 0.799074074074074 0.026041666666666668 0.046296296296296294
1 0.6 0.8148148148148148 0.026041666666666668 0.046296296296296294
1 0.3875 0.8287037037037037 0.026041666666666668 0.046296296296296294
1 0.8213541666666667 0.8287037037037037 0.026041666666666668 0.046296296296296294
1 0.7828125 0.8342592592592593 0.026041666666666668 0.046296296296296294
1 0.8734375 0.8333333333333334 0.026041666666666668 0.046296296296296294
1 0.3067708333333333 0.8805555555555555 0.026041666666666668 0.046296296296296294
1 0.48020833333333335 0.8944444444444445 0.026041666666666668 0.046296296296296294
1 0.6786458333333333 0.9296296296296296 0.026041666666666668 0.046296296296296294
1 0.7125 0.9324074074074075 0.026041666666666668 0.046296296296296294
1 0.5822916666666667 0.9416666666666667 0.026041666666666668 0.046296296296296294
1 0.5458333333333333 0.9574074074074074 0.026041666666666668 0.046296296296296294
1 0.2755208333333333 0.9703703703703703 0.026041666666666668 0.046296296296296294
1 0.32135416666666666 0.9722222222222222 0.026041666666666668 0.046296296296296294
1 0.4125 0.9703703703703703 0.026041666666666668 0.046296296296296294
1 0.4375 0.8851851851851852 0.026041666666666668 0.046296296296296294
1 0.5270833333333333 0.8166666666666667 0.026041666666666668 0.046296296296296294
3 0.728125 0.5611111111111111 0.026041666666666668 0.046296296296296294
3 0.7375 0.5425925925925926 0.026041666666666668 0.046296296296296294
3 0.7645833333333333 0.5722222222222222 0.026041666666666668 0.046296296296296294
1 0.8416666666666667 0.9462962962962963 0.026041666666666668 0.046296296296296294
1 0.8885416666666667 0.9388888888888889 0.026041666666666668 0.046296296296296294
1 0.8802083333333334 0.8888888888888888 0.026041666666666668 0.046296296296296294
1 0.7645833333333333 0.9314814814814815 0.026041666666666668 0.046296296296296294
1 0.9708333333333333 0.9425925925925925 0.026041666666666668 0.046296296296296294
1 0.5166666666666667 0.9296296296296296 0.026041666666666668 0.046296296296296294
4 0.5916666666666667 0.6333333333333333 0.026041666666666668 0.046296296296296294
1 0.5229166666666667 0.7037037037037037 0.026041666666666668 0.046296296296296294
