0 0.4708333333333333 0.09444444444444444 0.026041666666666668 0.046296296296296294
0 0.4828125 0.10462962962962963 0.026041666666666668 0.046296296296296294
0 0.478125 0.12314814814814815 0.026041666666666668 0.046296296296296294
0 0.49270833333333336 0.12129629629629629 0.026041666666666668 0.046296296296296294
0 0.490625 0.12962962962962962 0.026041666666666668 0.046296296296296294
0 0.4421875 0.13055555555555556 0.026041666666666668 0.046296296296296294
0 0.4546875 0.12962962962962962 0.026041666666666668 0.046296296296296294
0 0.46145833333333336 0.13518518518518519 0.026041666666666668 0.046296296296296294
0 0.46979166666666666 0.13796296296296295 0.026041666666666668 0.046296296296296294
0 0.4864583333333333 0.13703703703703704 0.026041666666666668 0.046296296296296294
0 0.4625 0.15092592592592594 0.026041666666666668 0.046296296296296294
0 0.4739583333333333 0.1537037037037037 0.026041666666666668 0.046296296296296294
0 0.4708333333333333 0.1712962962962963 0.026041666666666668 0.046296296296296294
0 0.4322916666666667 0.17962962962962964 0.026041666666666668 0.046296296296296294
0 0.4640625 0.2111111111111111 0.026041666666666668 0.046296296296296294
0 0.4703125 0.21481481481481482 0.026041666666666668 0.046296296296296294
0 0.4557291666666667 0.23333333333333334 0.026041666666666668 0.046296296296296294
0 0.4192708333333333 0.23703703703703705 0.026041666666666668 0.046296296296296294
0 0.46145833333333336 0.23703703703703705 0.026041666666666668 0.046296296296296294
0 0.4739583333333333 0.23703703703703705 0.026041666666666668 0.046296296296296294
0 0.5078125 0.2388888888888889 0.026041666666666668 0.046296296296296294
0 0.44895833333333335 0.24537037037037038 0.026041666666666668 0.046296296296296294
0 0.46927083333333336 0.24814814814814815 0.026041666666666668 0.046296296296296294
0 0.4859375 0.24351851851851852 0.026041666666666668 0.046296296296296294
0 0.5119791666666667 0.2518518518518518 0.026041666666666668 0.046296296296296294
0 0.4713541666666667 0.26296296296296295 0.026041666666666668 0.046296296296296294
0 0.49166666666666664 0.262037037037037 0.026041666666666668 0.046296296296296294
0 0.4984375 0.262037037037037 0.026041666666666668 0.046296296296296294
0 0.4244791666666667 0.26944444444444443 0.026041666666666668 0.046296296296296294
0 0.528125 0.27685185185185185 0.026041666666666668 0.046296296296296294
0 0.42083333333333334 0.2851851851851852 0.026041666666666668 0.046296296296296294
0 0.46979166666666666 0.2851851851851852 0.026041666666666668 0.046296296296296294
0 0.4859375 0.2851851851851852 0.026041666666666668 0.046296296296296294
0 0.5114583333333333 0.28425925925925927 0.026041666666666668 0.046296296296296294
0 0.5192708333333333 0.2833333333333333 0.026041666666666668 0.046296296296296294
0 0.6901041666666666 0.2851851851851852 0.026041666666666668 0.046296296296296294
0 0.4270833333333333 0.29259259259259257 0.026041666666666668 0.046296296296296294
0 0.45 0.2916666666666667 0.026041666666666668 0.046296296296296294
0 0.46145833333333336 0.29259259259259257 0.026041666666666668 0.046296296296296294
0 0.43645833333333334 0.3055555555555556 0.026041666666666668 0.046296296296296294
0 0.49166666666666664 0.3074074074074074 0.026041666666666668 0.046296296296296294
0 0.49895833333333334 0.30925925925925923 0.026041666666666668 0.046296296296296294
0 0.5286458333333334 0.30925925925925923 0.026041666666666668 0.046296296296296294
0 0.4197916666666667 0.3175925925925926 0.026041666666666668 0.046296296296296294
0 0.44114583333333335 0.31574074074074077 0.026041666666666668 0.046296296296296294
0 0.453125 0.31666666666666665 0.026041666666666668 0.046296296296296294
0 0.44583333333333336 0.3314814814814815 0.026041666666666668 0.046296296296296294
0 0.4588541666666667 0.33240740740740743 0.026041666666666668 0.046296296296296294
4 0.4661458333333333 0.3333333333333333 0.026041666666666668 0.046296296296296294
4 0.5166666666666667 0.33425925925925926 0.026041666666666668 0.046296296296296294
4 0.5072916666666667 0.33796296296296297 0.026041666666666668 0.046296296296296294
3 0.7114583333333333 0.33611111111111114 0.026041666666666668 0.046296296296296294
4 0.4046875 0.34814814814814815 0.026041666666666668 0.046296296296296294
4 0.4140625 0.34814814814814815 0.026041666666666668 0.046296296296296294
4 0.490625 0.3425925925925926 0.026041666666666668 0.046296296296296294
4 0.5322916666666667 0.34814814814814815 0.026041666666666668 0.046296296296296294
4 0.3953125 0.35462962962962963 0.026041666666666668 0.046296296296296294
4 0.503125 0.35555555555555557 0.026041666666666668 0.046296296296296294
3 0.6828125 0.35185185185185186 0.026041666666666668 0.046296296296296294
4 0.37604166666666666 0.3638888888888889 0.026041666666666668 0.046296296296296294
4 0.3854166666666667 0.362962962962963 0.026041666666666668 0.046296296296296294
4 0.428125 0.362962962962963 0.026041666666666668 0.046296296296296294
4 0.5421875 0.36203703703703705 0.026041666666666668 0.046296296296296294
4 0.4119791666666667 0.3712962962962963 0.026041666666666668 0.046296296296296294
4 0.515625 0.3712962962962963 0.026041666666666668 0.046296296296296294
4 0.646875 0.3675925925925926 0.026041666666666668 0.046296296296296294
4 0.6541666666666667 0.37037037037037035 0.026041666666666668 0.046296296296296294
4 0.4088541666666667 0.3851851851851852 0.026041666666666668 0.046296296296296294
4 0.4197916666666667 0.38796296296296295 0.026041666666666668 0.046296296296296294
4 0.515625 0.38796296296296295 0.026041666666666668 0.046296296296296294
4 0.659375 0.38796296296296295 0.026041666666666668 0.046296296296296294
4 0.5083333333333333 0.39444444444444443 0.026041666666666668 0.046296296296296294
2 0.21197916666666666 0.4027777777777778 0.026041666666666668 0.046296296296296294
4 0.45416666666666666 0.40185185185185185 0.026041666666666668 0.046296296296296294
4 0.6526041666666667 0.4 0.026041666666666668 0.046296296296296294
4 0.4114583333333333 0.4101851851851852 0.026041666666666668 0.046296296296296294
4 0.5119791666666667 0.4101851851851852 0.026041666666666668 0.046296296296296294
4 0.428125 0.41944444444444445 0.026041666666666668 0.046296296296296294
3 0.715625 0.41944444444444445 0.026041666666666668 0.046296296296296294
4 0.5130208333333334 0.42685185185185187 0.026041666666666668 0.046296296296296294
4 0.6541666666666667 0.4222222222222222 0.026041666666666668 0.046296296296296294
4 0.6614583333333334 0.42592592592592593 0.026041666666666668 0.046296296296296294
4 0.4203125 0.43148148148148147 0.026041666666666668 0.046296296296296294
4 0.48125 0.43148148148148147 0.026041666666666668 0.046296296296296294
4 0.4546875 0.44074074074074077 0.026041666666666668 0.046296296296296294
4 0.49947916666666664 0.44166666666666665 0.026041666666666668 0.046296296296296294
4 0.665625 0.4425925925925926 0.026041666666666668 0.046296296296296294
3 0.6875 0.4425925925925926 0.026041666666666668 0.046296296296296294
3 0.7119791666666667 0.4398148148148148 0.026041666666666668 0.046296296296296294
4 0.6614583333333334 0.45740740740740743 0.026041666666666668 0.046296296296296294
2 0.19479166666666667 0.462037037037037 0.026041666666666668 0.046296296296296294
4 0.45364583333333336 0.46574074074074073 0.026041666666666668 0.046296296296296294
3 0.7026041666666667 0.4675925925925926 0.026041666666666668 0.046296296296296294
3 0.7203125 0.4638888888888889 0.026041666666666668 0.046296296296296294
4 0.41458333333333336 0.47129629629629627 0.026041666666666668 0.046296296296296294
4 0.515625 0.4722222222222222 0.026041666666666668 0.046296296296296294
3 0.6791666666666667 0.47129629629629627 0.026041666666666668 0.046296296296296294
3 0.6869791666666667 0.4703703703703704 0.026041666666666668 0.046296296296296294
2 0.21875 0.4777777777777778 0.026041666666666668 0.046296296296296294
4 0.4328125 0.475 0.026041666666666668 0.046296296296296294
3 0.6958333333333333 0.4898148148148148 0.026041666666666668 0.046296296296296294
4 0.5286458333333334 0.4935185185185185 0.026041666666666668 0.046296296296296294
4 0.5239583333333333 0.5037037037037037 0.026041666666666668 0.046296296296296294
4 0.48020833333333335 0.5064814814814815 0.026041666666666668 0.046296296296296294
3 0.6984375 0.5120370370370371 0.026041666666666668 0.046296296296296294
4 0.6317708333333333 0.5175925925925926 0.026041666666666668 0.046296296296296294
3 0.6697916666666667 0.5259259259259259 0.026041666666666668 0.046296296296296294
4 0.5322916666666667 0.5296296296296297 0.026041666666666668 0.046296296296296294
3 0.7260416666666667 0.5342592592592592 0.026041666666666668 0.046296296296296294
3 0.7651041666666667 0.5351851851851852 0.026041666666666668 0.046296296296296294
4 0.5578125 0.5407407407407407 0.026041666666666668 0.046296296296296294
4 0.5796875 0.549074074074074 0.026041666666666668 0.046296296296296294
4 0.48333333333333334 0.5555555555555556 0.026041666666666668 0.046296296296296294
4 0.6182291666666667 0.5583333333333333 0.026041666666666668 0.046296296296296294
3 0.7515625 0.5574074074074075 0.026041666666666668 0.046296296296296294
4 0.59375 0.5648148148148148 0.026041666666666668 0.046296296296296294
3 0.7364583333333333 0.5657407407407408 0.026041666666666668 0.046296296296296294
4 0.6067708333333334 0.5796296296296296 0.026041666666666668 0.046296296296296294
4 0.6635416666666667 0.5796296296296296 0.026041666666666668 0.046296296296296294
2 0.20677083333333332 0.5907407407407408 0.026041666666666668 0.046296296296296294
4 0.6125 0.612037037037037 0.026041666666666668 0.046296296296296294
3 0.7572916666666667 0.6277777777777778 0.026041666666666668 0.046296296296296294
4 0.46041666666666664 0.6305555555555555 0.026041666666666668 0.046296296296296294
4 0.5114583333333333 0.6351851851851852 0.026041666666666668 0.046296296296296294
1 0.7208333333333333 0.6759259259259259 0.026041666666666668 0.046296296296296294
3 0.7723958333333333 0.6666666666666666 0.026041666666666668 0.046296296296296294
1 0.6765625 0.6824074074074075 0.026041666666666668 0.046296296296296294
1 0.7041666666666667 0.6851851851851852 0.026041666666666668 0.046296296296296294
1 0.7385416666666667 0.7055555555555556 0.026041666666666668 0.046296296296296294
1 0.8817708333333333 0.7453703703703703 0.026041666666666668 0.046296296296296294
1 0.47552083333333334 0.8009259259259259 0.026041666666666668 0.046296296296296294
1 0.7671875 0.8379629629629629 0.026041666666666668 0.046296296296296294
1 0.978125 0.8453703703703703 0.026041666666666668 0.046296296296296294
1 0.8161458333333333 0.9138888888888889 0.026041666666666668 0.046296296296296294
1 0.9583333333333334 0.9388888888888889 0.026041666666666668 0.046296296296296294
1 0.9416666666666667 0.9944444444444445 0.026041666666666668 0.046296296296296294
1 0.8708333333333333 0.8148148148148148 0.026041666666666668 0.046296296296296294
1 0.9958333333333333 0.8648148148148148 0.026041666666666668 0.046296296296296294
1 0.8270833333333333 0.8759259259259259 0.026041666666666668 0.046296296296296294
1 0.825 0.8388888888888889 0.026041666666666668 0.046296296296296294
3 0.765625 0.5925925925925926 0.026041666666666668 0.046296296296296294
2 0.178125 0.43333333333333335 0.026041666666666668 0.046296296296296294
4 0.45625 0.512962962962963 0.026041666666666668 0.046296296296296294
4 0.5458333333333333 0.6537037037037037 0.026041666666666668 0.046296296296296294
4 0.5708333333333333 0.6018518518518519 0.026041666666666668 0.046296296296296294
4 0.5322916666666667 0.5703703703703704 0.026041666666666668 0.046296296296296294
4 0.6229166666666667 0.6648148148148149 0.026041666666666668 0.046296296296296294
4 0.63125 0.5296296296296297 0.026041666666666668 0.046296296296296294
4 0.6270833333333333 0.49444444444444446 0.026041666666666668 0.046296296296296294
