0 0.4822916666666667 0.12129629629629629 0.026041666666666668 0.046296296296296294
0 0.49114583333333334 0.12037037037037036 0.026041666666666668 0.046296296296296294
0 0.4708333333333333 0.1287037037037037 0.026041666666666668 0.046296296296296294
0 0.4864583333333333 0.1398148148148148 0.026041666666666668 0.046296296296296294
0 0.4953125 0.13703703703703704 0.026041666666666668 0.046296296296296294
0 0.4635416666666667 0.14444444444444443 0.026041666666666668 0.046296296296296294
0 0.46979166666666666 0.14351851851851852 0.026041666666666668 0.046296296296296294
0 0.44947916666666665 0.16018518518518518 0.026041666666666668 0.046296296296296294
0 0.48333333333333334 0.16111111111111112 0.026041666666666668 0.046296296296296294
0 0.4869791666666667 0.1685185185185185 0.026041666666666668 0.046296296296296294
0 0.4317708333333333 0.17314814814814813 0.026041666666666668 0.046296296296296294
0 0.4432291666666667 0.17407407407407408 0.026041666666666668 0.046296296296296294
0 0.5005208333333333 0.1824074074074074 0.026041666666666668 0.046296296296296294
0 0.4432291666666667 0.18981481481481483 0.026041666666666668 0.046296296296296294
0 0.4578125 0.19814814814814816 0.026041666666666668 0.046296296296296294
0 0.45260416666666664 0.2111111111111111 0.026041666666666668 0.046296296296296294
0 0.434375 0.21481481481481482 0.026041666666666668 0.046296296296296294
0 0.46927083333333336 0.23055555555555557 0.026041666666666668 0.046296296296296294
0 0.4869791666666667 0.22685185185185186 0.026041666666666668 0.046296296296296294
0 0.4270833333333333 0.24444444444444444 0.026041666666666668 0.046296296296296294
0 0.49166666666666664 0.24722222222222223 0.026041666666666668 0.046296296296296294
0 0.515625 0.24444444444444444 0.026041666666666668 0.046296296296296294
0 0.45208333333333334 0.2518518518518518 0.026041666666666668 0.046296296296296294
0 0.4171875 0.262037037037037 0.026041666666666668 0.046296296296296294
0 0.4265625 0.25555555555555554 0.026041666666666668 0.046296296296296294
0 0.5098958333333333 0.2601851851851852 0.026041666666666668 0.046296296296296294
0 0.46510416666666665 0.27685185185185185 0.026041666666666668 0.046296296296296294
0 0.46875 0.27870370370370373 0.026041666666666668 0.046296296296296294
0 0.528125 0.27870370370370373 0.026041666666666668 0.046296296296296294
0 0.4421875 0.28703703703703703 0.026041666666666668 0.046296296296296294
0 0.46145833333333336 0.2851851851851852 0.026041666666666668 0.046296296296296294
0 0.6953125 0.2861111111111111 0.026041666666666668 0.046296296296296294
0 0.4192708333333333 0.29444444444444445 0.026041666666666668 0.046296296296296294
0 0.49114583333333334 0.29259259259259257 0.026041666666666668 0.046296296296296294
0 0.4947916666666667 0.29259259259259257 0.026041666666666668 0.046296296296296294
0 0.503125 0.2953703703703704 0.026041666666666668 0.046296296296296294
0 0.5197916666666667 0.2953703703703704 0.026041666666666668 0.046296296296296294
0 0.43645833333333334 0.30092592592592593 0.026041666666666668 0.046296296296296294
0 0.4791666666666667 0.30092592592592593 0.026041666666666668 0.046296296296296294
0 0.5135416666666667 0.30277777777777776 0.026041666666666668 0.046296296296296294
0 0.51875 0.30277777777777776 0.026041666666666668 0.046296296296296294
0 0.4947916666666667 0.30925925925925923 0.026041666666666668 0.046296296296296294
0 0.42083333333333334 0.3148148148148148 0.026041666666666668 0.046296296296296294
0 0.70625 0.3138888888888889 0.026041666666666668 0.046296296296296294
0 0.4953125 0.32407407407407407 0.026041666666666668 0.046296296296296294
0 0.44114583333333335 0.3314814814814815 0.026041666666666668 0.046296296296296294
0 0.4578125 0.3314814814814815 0.026041666666666668 0.046296296296296294
0 0.46927083333333336 0.33240740740740743 0.026041666666666668 0.046296296296296294
0 0.5005208333333333 0.3314814814814815 0.026041666666666668 0.046296296296296294
0 0.5078125 0.33240740740740743 0.026041666666666668 0.046296296296296294
4 0.5322916666666667 0.33425925925925926 0.026041666666666668 0.046296296296296294
4 0.5119791666666667 0.3416666666666667 0.026041666666666668 0.046296296296296294
4 0.44583333333333336 0.34814814814814815 0.026041666666666668 0.046296296296296294
4 0.4786458333333333 0.3472222222222222 0.026041666666666668 0.046296296296296294
4 0.49635416666666665 0.34814814814814815 0.026041666666666668 0.046296296296296294
4 0.5213541666666667 0.3509259259259259 0.026041666666666668 0.046296296296296294
4 0.37395833333333334 0.3638888888888889 0.026041666666666668 0.046296296296296294
4 0.37395833333333334 0.36944444444444446 0.026041666666666668 0.046296296296296294
4 0.5114583333333333 0.3787037037037037 0.026041666666666668 0.046296296296296294
4 0.38385416666666666 0.3861111111111111 0.026041666666666668 0.046296296296296294
4 0.490625 0.3925925925925926 0.026041666666666668 0.046296296296296294
4 0.6458333333333334 0.39166666666666666 0.026041666666666668 0.046296296296296294
4 0.6578125 0.3962962962962963 0.026041666666666668 0.046296296296296294
2 0.19479166666666667 0.4 0.026041666666666668 0.046296296296296294
4 0.43385416666666665 0.4 0.026041666666666668 0.046296296296296294
4 0.515625 0.40370370370370373 0.026041666666666668 0.046296296296296294
4 0.5359375 0.40185185185185185 0.026041666666666668 0.046296296296296294
2 0.20885416666666667 0.4111111111111111 0.026041666666666668 0.046296296296296294
4 0.4109375 0.4074074074074074 0.026041666666666668 0.046296296296296294
4 0.5239583333333333 0.4101851851851852 0.026041666666666668 0.046296296296296294
3 0.7041666666666667 0.4083333333333333 0.026041666666666668 0.046296296296296294
2 0.18229166666666666 0.41759259259259257 0.026041666666666668 0.046296296296296294
4 0.38385416666666666 0.41574074074074074 0.026041666666666668 0.046296296296296294
4 0.65 0.4166666666666667 0.026041666666666668 0.046296296296296294
4 0.6625 0.4185185185185185 0.026041666666666668 0.046296296296296294
2 0.16927083333333334 0.425 0.026041666666666668 0.046296296296296294
3 0.6703125 0.425 0.026041666666666668 0.046296296296296294
2 0.21197916666666666 0.43148148148148147 0.026041666666666668 0.046296296296296294
4 0.5078125 0.44074074074074077 0.026041666666666668 0.046296296296296294
4 0.6578125 0.44722222222222224 0.026041666666666668 0.046296296296296294
3 0.6697916666666667 0.44907407407407407 0.026041666666666668 0.046296296296296294
4 0.5 0.45740740740740743 0.026041666666666668 0.046296296296296294
4 0.5114583333333333 0.45740740740740743 0.026041666666666668 0.046296296296296294
4 0.51875 0.46574074074074073 0.026041666666666668 0.046296296296296294
3 0.6671875 0.4648148148148148 0.026041666666666668 0.046296296296296294
4 0.4322916666666667 0.47129629629629627 0.026041666666666668 0.046296296296296294
4 0.5083333333333333 0.48148148148148145 0.026041666666666668 0.046296296296296294
4 0.465625 0.4861111111111111 0.026041666666666668 0.046296296296296294
4 0.6286458333333333 0.4888888888888889 0.026041666666666668 0.046296296296296294
4 0.6520833333333333 0.48703703703703705 0.026041666666666668 0.046296296296296294
3 0.6755208333333333 0.487962962962963 0.026041666666666668 0.046296296296296294
4 0.4234375 0.4981481481481482 0.026041666666666668 0.046296296296296294
3 0.6958333333333333 0.4962962962962963 0.026041666666666668 0.046296296296296294
4 0.4166666666666667 0.5046296296296297 0.026041666666666668 0.046296296296296294
4 0.46927083333333336 0.5101851851851852 0.026041666666666668 0.046296296296296294
4 0.39739583333333334 0.5166666666666667 0.026041666666666668 0.046296296296296294
4 0.44114583333333335 0.5175925925925926 0.026041666666666668 0.046296296296296294
3 0.7067708333333333 0.5194444444444445 0.026041666666666668 0.046296296296296294
4 0.5036458333333333 0.5277777777777778 0.026041666666666668 0.046296296296296294
4 0.665625 0.5277777777777778 0.026041666666666668 0.046296296296296294
4 0.5182291666666666 0.5351851851851852 0.026041666666666668 0.046296296296296294
3 0.7197916666666667 0.5324074074074074 0.026041666666666668 0.046296296296296294
3 0.7328125 0.5314814814814814 0.026041666666666668 0.046296296296296294
4 0.3807291666666667 0.5425925925925926 0.026041666666666668 0.046296296296296294
4 0.6 0.55 0.026041666666666668 0.046296296296296294
4 0.6208333333333333 0.5472222222222223 0.026041666666666668 0.046296296296296294
4 0.44479166666666664 0.5574074074074075 0.026041666666666668 0.046296296296296294
4 0.5203125 0.5592592592592592 0.026041666666666668 0.046296296296296294
4 0.5369791666666667 0.5574074074074075 0.026041666666666668 0.046296296296296294
4 0.5864583333333333 0.5537037037037037 0.026041666666666668 0.046296296296296294
4 0.6614583333333334 0.5592592592592592 0.026041666666666668 0.046296296296296294
3 0.7364583333333333 0.5555555555555556 0.026041666666666668 0.046296296296296294
4 0.4786458333333333 0.5657407407407408 0.026041666666666668 0.046296296296296294
3 0.7489583333333333 0.562962962962963 0.026041666666666668 0.046296296296296294
4 0.5026041666666666 0.5703703703703704 0.026041666666666668 0.046296296296296294
3 0.6776041666666667 0.5740740740740741 0.026041666666666668 0.046296296296296294
3 0.7625 0.575 0.026041666666666668 0.046296296296296294
4 0.403125 0.5814814814814815 0.026041666666666668 0.046296296296296294
4 0.5192708333333333 0.575925925925926 0.026041666666666668 0.046296296296296294
4 0.4197916666666667 0.5888888888888889 0.026041666666666668 0.046296296296296294
4 0.5661458333333333 0.587037037037037 0.026041666666666668 0.046296296296296294
3 0.728125 0.5898148148148148 0.026041666666666668 0.046296296296296294
4 0.4708333333333333 0.6064814814814815 0.026041666666666668 0.046296296296296294
4 0.3953125 0.6166666666666667 0.026041666666666668 0.046296296296296294
4 0.5375 0.6175925925925926 0.026041666666666668 0.046296296296296294
4 0.5666666666666667 0.6231481481481481 0.026041666666666668 0.046296296296296294
3 0.7166666666666667 0.6222222222222222 0.026041666666666668 0.046296296296296294
2 0.221875 0.6268518518518519 0.026041666666666668 0.046296296296296294
4 0.5921875 0.6333333333333333 0.026041666666666668 0.046296296296296294
4 0.6427083333333333 0.6314814814814815 0.026041666666666668 0.046296296296296294
2 0.15052083333333333 0.6444444444444445 0.026041666666666668 0.046296296296296294
4 0.4666666666666667 0.6416666666666667 0.026041666666666668 0.046296296296296294
4 0.5119791666666667 0.6435185185185185 0.026041666666666668 0.046296296296296294
2 0.1828125 0.6509259259259259 0.026041666666666668 0.046296296296296294
4 0.49583333333333335 0.649074074074074 0.026041666666666668 0.046296296296296294
4 0.5578125 0.6472222222222223 0.026041666666666668 0.046296296296296294
4 0.6286458333333333 0.6564814814814814 0.026041666666666668 0.046296296296296294
4 0.5744791666666667 0.6648148148148149 0.026041666666666668 0.046296296296296294
1 0.6994791666666667 0.6722222222222223 0.026041666666666668 0.046296296296296294
1 0.19583333333333333 0.6916666666666667 0.026041666666666668 0.046296296296296294
1 0.49583333333333335 0.6990740740740741 0.026041666666666668 0.046296296296296294
1 0.6010416666666667 0.6962962962962963 0.026041666666666668 0.046296296296296294
1 0.6244791666666667 0.7138888888888889 0.026041666666666668 0.046296296296296294
1 0.7348958333333333 0.7157407407407408 0.026041666666666668 0.046296296296296294
1 0.2 0.7388888888888889 0.026041666666666668 0.046296296296296294
1 0.6958333333333333 0.7675925925925926 0.026041666666666668 0.046296296296296294
1 0.4244791666666667 0.7805555555555556 0.026041666666666668 0.046296296296296294
1 0.14322916666666666 0.7814814814814814 0.026041666666666668 0.046296296296296294
1 0.7666666666666667 0.8212962962962963 0.026041666666666668 0.046296296296296294
1 0.7989583333333333 0.8472222222222222 0.026041666666666668 0.046296296296296294
1 0.85625 0.8870370370370371 0.026041666666666668 0.046296296296296294
1 0.07916666666666666 0.9157407407407407 0.026041666666666668 0.046296296296296294
1 0.14114583333333333 0.9342592592592592 0.026041666666666668 0.046296296296296294
1 0.5255208333333333 0.924074074074074 0.026041666666666668 0.046296296296296294
1 0.9260416666666667 0.925 0.026041666666666668 0.046296296296296294
1 0.4765625 0.937037037037037 0.026041666666666668 0.046296296296296294
1 0.8296875 0.9472222222222222 0.026041666666666668 0.046296296296296294
1 0.9604166666666667 0.9388888888888889 0.026041666666666668 0.046296296296296294
1 0.5145833333333333 0.9685185185185186 0.026041666666666668 0.046296296296296294
1 0.5458333333333333 0.7870370370370371 0.026041666666666668 0.046296296296296294
1 0.5895833333333333 0.7759259259259259 0.026041666666666668 0.046296296296296294
1 0.4427083333333333 0.674074074074074 0.026041666666666668 0.046296296296296294
4 0.446875 0.6111111111111112 0.026041666666666668 0.046296296296296294
4 0.42291666666666666 0.6166666666666667 0.026041666666666668 0.046296296296296294
2 0.18333333333333332 0.4777777777777778 0.026041666666666668 0.046296296296296294
2 0.21979166666666666 0.4685185185185185 0.026041666666666668 0.046296296296296294
0 0.6645833333333333 0.26481481481481484 0.026041666666666668 0.046296296296296294
1 0.778125 0.6722222222222223 0.026041666666666668 0.046296296296296294
1 0.8895833333333333 0.8333333333333334 0.026041666666666668 0.046296296296296294
1 0.890625 0.7481481481481481 0.026041666666666668 0.046296296296296294
1 0.8052083333333333 0.8055555555555556 0.026041666666666668 0.046296296296296294
1 0.875 0.8092592592592592 0.026041666666666668 0.046296296296296294
1 0.8302083333333333 0.8722222222222222 0.026041666666666668 0.046296296296296294
1 0.978125 0.837037037037037 0.026041666666666668 0.046296296296296294
1 0.5958333333333333 0.9703703703703703 0.026041666666666668 0.046296296296296294
1 0.22708333333333333 0.687037037037037 0.026041666666666668 0.046296296296296294
1 0.484375 0.7129629629629629 0.026041666666666668 0.046296296296296294
