0 0.475 0.09722222222222222 0.026041666666666668 0.046296296296296294
0 0.4953125 0.09814814814814815 0.026041666666666668 0.046296296296296294
0 0.484375 0.10462962962962963 0.026041666666666668 0.046296296296296294
0 0.478125 0.12222222222222222 0.026041666666666668 0.046296296296296294
0 0.4708333333333333 0.12962962962962962 0.026041666666666668 0.046296296296296294
0 0.49114583333333334 0.13055555555555556 0.026041666666666668 0.046296296296296294
0 0.44114583333333335 0.13240740740740742 0.026041666666666668 0.046296296296296294
0 0.45364583333333336 0.13333333333333333 0.026041666666666668 0.046296296296296294
0 0.46197916666666666 0.1361111111111111 0.026041666666666668 0.046296296296296294
0 0.4395833333333333 0.14166666666666666 0.026041666666666668 0.046296296296296294
0 0.4953125 0.14629629629629629 0.026041666666666668 0.046296296296296294
0 0.45364583333333336 0.17592592592592593 0.026041666666666668 0.046296296296296294
0 0.46927083333333336 0.17592592592592593 0.026041666666666668 0.046296296296296294
0 0.44583333333333336 0.18425925925925926 0.026041666666666668 0.046296296296296294
0 0.4875 0.1814814814814815 0.026041666666666668 0.046296296296296294
0 0.49895833333333334 0.18333333333333332 0.026041666666666668 0.046296296296296294
0 0.5114583333333333 0.18611111111111112 0.026041666666666668 0.046296296296296294
0 0.4244791666666667 0.20277777777777778 0.026041666666666668 0.046296296296296294
0 0.4901041666666667 0.2101851851851852 0.026041666666666668 0.046296296296296294
0 0.4375 0.21574074074074073 0.026041666666666668 0.046296296296296294
0 0.4786458333333333 0.21574074074074073 0.026041666666666668 0.046296296296296294
0 0.4203125 0.22592592592592592 0.026041666666666668 0.046296296296296294
0 0.5151041666666667 0.22314814814814815 0.026041666666666668 0.046296296296296294
0 0.4578125 0.23703703703703705 0.026041666666666668 0.046296296296296294
0 0.490625 0.23703703703703705 0.026041666666666668 0.046296296296296294
0 0.4947916666666667 0.2388888888888889 0.026041666666666668 0.046296296296296294
0 0.4359375 0.24537037037037038 0.026041666666666668 0.046296296296296294
0 0.4864583333333333 0.2462962962962963 0.026041666666666668 0.046296296296296294
0 0.41302083333333334 0.2537037037037037 0.026041666666666668 0.046296296296296294
0 0.44947916666666665 0.25555555555555554 0.026041666666666668 0.046296296296296294
0 0.4375 0.2601851851851852 0.026041666666666668 0.046296296296296294
0 0.4947916666666667 0.2611111111111111 0.026041666666666668 0.046296296296296294
0 0.6947916666666667 0.2601851851851852 0.026041666666666668 0.046296296296296294
0 0.4859375 0.2675925925925926 0.026041666666666668 0.046296296296296294
0 0.4197916666666667 0.2777777777777778 0.026041666666666668 0.046296296296296294
0 0.5104166666666666 0.27685185185185185 0.026041666666666668 0.046296296296296294
0 0.5036458333333333 0.28703703703703703 0.026041666666666668 0.046296296296296294
0 0.5338541666666666 0.2824074074074074 0.026041666666666668 0.046296296296296294
0 0.5463541666666667 0.28425925925925927 0.026041666666666668 0.046296296296296294
0 0.44479166666666664 0.29259259259259257 0.026041666666666668 0.046296296296296294
0 0.4666666666666667 0.3 0.026041666666666668 0.046296296296296294
0 0.540625 0.30092592592592593 0.026041666666666668 0.046296296296296294
0 0.44479166666666664 0.30925925925925923 0.026041666666666668 0.046296296296296294
0 0.46197916666666666 0.30925925925925923 0.026041666666666668 0.046296296296296294
0 0.4734375 0.3055555555555556 0.026041666666666668 0.046296296296296294
0 0.49895833333333334 0.30833333333333335 0.026041666666666668 0.046296296296296294
0 0.4197916666666667 0.31574074074074077 0.026041666666666668 0.046296296296296294
0 0.6984375 0.31666666666666665 0.026041666666666668 0.046296296296296294
0 0.4166666666666667 0.32407407407407407 0.026041666666666668 0.046296296296296294
0 0.5026041666666666 0.3212962962962963 0.026041666666666668 0.046296296296296294
0 0.5151041666666667 0.325 0.026041666666666668 0.046296296296296294
0 0.4328125 0.33240740740740743 0.026041666666666668 0.046296296296296294
4 0.4484375 0.33425925925925926 0.026041666666666668 0.046296296296296294
0 0.46510416666666665 0.33240740740740743 0.026041666666666668 0.046296296296296294
0 0.4828125 0.3314814814814815 0.026041666666666668 0.046296296296296294
4 0.44114583333333335 0.3388888888888889 0.026041666666666668 0.046296296296296294
4 0.5333333333333333 0.3398148148148148 0.026041666666666668 0.046296296296296294
4 0.42083333333333334 0.3490740740740741 0.026041666666666668 0.046296296296296294
4 0.4505208333333333 0.3490740740740741 0.026041666666666668 0.046296296296296294
4 0.49947916666666664 0.3490740740740741 0.026041666666666668 0.046296296296296294
4 0.4083333333333333 0.35833333333333334 0.026041666666666668 0.046296296296296294
4 0.428125 0.3574074074074074 0.026041666666666668 0.046296296296296294
4 0.48125 0.35555555555555557 0.026041666666666668 0.046296296296296294
4 0.515625 0.3537037037037037 0.026041666666666668 0.046296296296296294
4 0.38333333333333336 0.362962962962963 0.026041666666666668 0.046296296296296294
4 0.403125 0.3638888888888889 0.026041666666666668 0.046296296296296294
4 0.41510416666666666 0.36203703703703705 0.026041666666666668 0.046296296296296294
4 0.4703125 0.362962962962963 0.026041666666666668 0.046296296296296294
4 0.3963541666666667 0.3814814814814815 0.026041666666666668 0.046296296296296294
4 0.403125 0.37962962962962965 0.026041666666666668 0.046296296296296294
4 0.4203125 0.37777777777777777 0.026041666666666668 0.046296296296296294
4 0.4270833333333333 0.3787037037037037 0.026041666666666668 0.046296296296296294
4 0.5109375 0.37777777777777777 0.026041666666666668 0.046296296296296294
4 0.38645833333333335 0.3861111111111111 0.026041666666666668 0.046296296296296294
4 0.4630208333333333 0.387037037037037 0.026041666666666668 0.046296296296296294
4 0.5203125 0.38796296296296295 0.026041666666666668 0.046296296296296294
4 0.4078125 0.3925925925925926 0.026041666666666668 0.046296296296296294
4 0.4197916666666667 0.39351851851851855 0.026041666666666668 0.046296296296296294
4 0.434375 0.39537037037037037 0.026041666666666668 0.046296296296296294
4 0.4546875 0.3925925925925926 0.026041666666666668 0.046296296296296294
2 0.20208333333333334 0.4 0.026041666666666668 0.046296296296296294
4 0.653125 0.4027777777777778 0.026041666666666668 0.046296296296296294
2 0.19166666666666668 0.4101851851851852 0.026041666666666668 0.046296296296296294
4 0.3854166666666667 0.4074074074074074 0.026041666666666668 0.046296296296296294
4 0.39947916666666666 0.4083333333333333 0.026041666666666668 0.046296296296296294
4 0.42916666666666664 0.4101851851851852 0.026041666666666668 0.046296296296296294
2 0.1703125 0.41759259259259257 0.026041666666666668 0.046296296296296294
4 0.37447916666666664 0.4166666666666667 0.026041666666666668 0.046296296296296294
4 0.43333333333333335 0.41759259259259257 0.026041666666666668 0.046296296296296294
4 0.5161458333333333 0.41574074074074074 0.026041666666666668 0.046296296296296294
3 0.6682291666666667 0.42407407407407405 0.026041666666666668 0.046296296296296294
4 0.40729166666666666 0.4324074074074074 0.026041666666666668 0.046296296296296294
4 0.525 0.43425925925925923 0.026041666666666668 0.046296296296296294
4 0.37395833333333334 0.4398148148148148 0.026041666666666668 0.046296296296296294
3 0.7052083333333333 0.4398148148148148 0.026041666666666668 0.046296296296296294
4 0.5119791666666667 0.44907407407407407 0.026041666666666668 0.046296296296296294
3 0.6703125 0.44907407407407407 0.026041666666666668 0.046296296296296294
4 0.39791666666666664 0.4583333333333333 0.026041666666666668 0.046296296296296294
4 0.38645833333333335 0.4666666666666667 0.026041666666666668 0.046296296296296294
4 0.415625 0.4638888888888889 0.026041666666666668 0.046296296296296294
3 0.6994791666666667 0.4666666666666667 0.026041666666666668 0.046296296296296294
4 0.4703125 0.4703703703703704 0.026041666666666668 0.046296296296296294
4 0.5119791666666667 0.47129629629629627 0.026041666666666668 0.046296296296296294
4 0.5994791666666667 0.47685185185185186 0.026041666666666668 0.046296296296296294
3 0.6703125 0.47962962962962963 0.026041666666666668 0.046296296296296294
4 0.3828125 0.487962962962963 0.026041666666666668 0.046296296296296294
4 0.5010416666666667 0.4861111111111111 0.026041666666666668 0.046296296296296294
4 0.5953125 0.4861111111111111 0.026041666666666668 0.046296296296296294
4 0.39427083333333335 0.4962962962962963 0.026041666666666668 0.046296296296296294
4 0.5416666666666666 0.4888888888888889 0.026041666666666668 0.046296296296296294
4 0.6083333333333333 0.49444444444444446 0.026041666666666668 0.046296296296296294
3 0.6822916666666666 0.49537037037037035 0.026041666666666668 0.046296296296296294
4 0.528125 0.5064814814814815 0.026041666666666668 0.046296296296296294
4 0.6078125 0.5037037037037037 0.026041666666666668 0.046296296296296294
4 0.6296875 0.5027777777777778 0.026041666666666668 0.046296296296296294
4 0.38229166666666664 0.512962962962963 0.026041666666666668 0.046296296296296294
4 0.40729166666666666 0.5111111111111111 0.026041666666666668 0.046296296296296294
4 0.4484375 0.5194444444444445 0.026041666666666668 0.046296296296296294
3 0.7520833333333333 0.5175925925925926 0.026041666666666668 0.046296296296296294
4 0.4203125 0.5277777777777778 0.026041666666666668 0.046296296296296294
4 0.6296875 0.525 0.026041666666666668 0.046296296296296294
4 0.6614583333333334 0.5268518518518519 0.026041666666666668 0.046296296296296294
4 0.3958333333333333 0.5333333333333333 0.026041666666666668 0.046296296296296294
4 0.5817708333333333 0.5333333333333333 0.026041666666666668 0.046296296296296294
3 0.7229166666666667 0.5351851851851852 0.026041666666666668 0.046296296296296294
4 0.478125 0.5407407407407407 0.026041666666666668 0.046296296296296294
4 0.5442708333333334 0.5407407407407407 0.026041666666666668 0.046296296296296294
4 0.5609375 0.5462962962962963 0.026041666666666668 0.046296296296296294
4 0.6119791666666666 0.549074074074074 0.026041666666666668 0.046296296296296294
4 0.4161458333333333 0.5592592592592592 0.026041666666666668 0.046296296296296294
3 0.7359375 0.5703703703703704 0.026041666666666668 0.046296296296296294
4 0.6244791666666667 0.5916666666666667 0.026041666666666668 0.046296296296296294
3 0.7208333333333333 0.6129629629629629 0.026041666666666668 0.046296296296296294
1 0.8859375 0.7435185185185185 0.026041666666666668 0.046296296296296294
1 0.65 0.8287037037037037 0.026041666666666668 0.046296296296296294
1 0.825 0.8453703703703703 0.026041666666666668 0.046296296296296294
1 0.946875 0.8296296296296296 0.026041666666666668 0.046296296296296294
1 0.9776041666666667 0.8462962962962963 0.026041666666666668 0.046296296296296294
1 0.7578125 0.8888888888888888 0.026041666666666668 0.046296296296296294
1 0.9 0.8953703703703704 0.026041666666666668 0.046296296296296294
1 0.8161458333333333 0.937962962962963 0.026041666666666668 0.046296296296296294
1 0.9661458333333334 0.9768518518518519 0.026041666666666668 0.046296296296296294
3 0.7666666666666667 0.5907407407407408 0.026041666666666668 0.046296296296296294
3 0.7427083333333333 0.6666666666666666 0.026041666666666668 0.046296296296296294
3 0.7447916666666666 0.6166666666666667 0.026041666666666668 0.046296296296296294
1 0.884375 0.7962962962962963 0.026041666666666668 0.046296296296296294
4 0.38958333333333334 0.5555555555555556 0.026041666666666668 0.046296296296296294
3 0.703125 0.5055555555555555 0.026041666666666668 0.046296296296296294
3 0.71875 0.46111111111111114 0.026041666666666668 0.046296296296296294
4 0.5239583333333333 0.5203703703703704 0.026041666666666668 0.046296296296296294
4 0.465625 0.5555555555555556 0.026041666666666668 0.046296296296296294
