0 0.4822916666666667 0.12129629629629629 0.026041666666666668 0.046296296296296294
0 0.4901041666666667 0.12037037037037036 0.026041666666666668 0.046296296296296294
0 0.4708333333333333 0.1287037037037037 0.026041666666666668 0.046296296296296294
0 0.4546875 0.13148148148148148 0.026041666666666668 0.046296296296296294
0 0.46145833333333336 0.13518518518518519 0.026041666666666668 0.046296296296296294
0 0.4869791666666667 0.1398148148148148 0.026041666666666668 0.046296296296296294
0 0.4947916666666667 0.13703703703703704 0.026041666666666668 0.046296296296296294
0 0.475 0.14351851851851852 0.026041666666666668 0.046296296296296294
0 0.4822916666666667 0.14537037037037037 0.026041666666666668 0.046296296296296294
0 0.4625 0.15555555555555556 0.026041666666666668 0.046296296296296294
0 0.44947916666666665 0.15925925925925927 0.026041666666666668 0.046296296296296294
0 0.48385416666666664 0.16111111111111112 0.026041666666666668 0.046296296296296294
0 0.4901041666666667 0.16666666666666666 0.026041666666666668 0.046296296296296294
0 0.43072916666666666 0.17407407407407408 0.026041666666666668 0.046296296296296294
0 0.4953125 0.17407407407407408 0.026041666666666668 0.046296296296296294
0 0.4578125 0.1824074074074074 0.026041666666666668 0.046296296296296294
0 0.5010416666666667 0.18333333333333332 0.026041666666666668 0.046296296296296294
0 0.4734375 0.19907407407407407 0.026041666666666668 0.046296296296296294
0 0.49114583333333334 0.2037037037037037 0.026041666666666668 0.046296296296296294
0 0.43385416666666665 0.2074074074074074 0.026041666666666668 0.046296296296296294
0 0.4744791666666667 0.21388888888888888 0.026041666666666668 0.046296296296296294
0 0.4901041666666667 0.21666666666666667 0.026041666666666668 0.046296296296296294
0 0.42864583333333334 0.2222222222222222 0.026041666666666668 0.046296296296296294
0 0.44427083333333334 0.23055555555555557 0.026041666666666668 0.046296296296296294
0 0.4984375 0.23425925925925925 0.026041666666666668 0.046296296296296294
0 0.5015625 0.23148148148148148 0.026041666666666668 0.046296296296296294
0 0.5192708333333333 0.23148148148148148 0.026041666666666668 0.046296296296296294
0 0.44479166666666664 0.2351851851851852 0.026041666666666668 0.046296296296296294
0 0.5140625 0.24074074074074073 0.026041666666666668 0.046296296296296294
0 0.43333333333333335 0.24444444444444444 0.026041666666666668 0.046296296296296294
0 0.46510416666666665 0.24814814814814815 0.026041666666666668 0.046296296296296294
0 0.4942708333333333 0.2564814814814815 0.026041666666666668 0.046296296296296294
0 0.4734375 0.2777777777777778 0.026041666666666668 0.046296296296296294
0 0.5458333333333333 0.27685185185185185 0.026041666666666668 0.046296296296296294
0 0.44114583333333335 0.2861111111111111 0.026041666666666668 0.046296296296296294
0 0.4161458333333333 0.28888888888888886 0.026041666666666668 0.046296296296296294
0 0.5166666666666667 0.2953703703703704 0.026041666666666668 0.046296296296296294
0 0.6911458333333333 0.2935185185185185 0.026041666666666668 0.046296296296296294
0 0.4609375 0.3 0.026041666666666668 0.046296296296296294
0 0.478125 0.30277777777777776 0.026041666666666668 0.046296296296296294
0 0.49635416666666665 0.30092592592592593 0.026041666666666668 0.046296296296296294
0 0.5067708333333333 0.3 0.026041666666666668 0.046296296296296294
0 0.5197916666666667 0.30277777777777776 0.026041666666666668 0.046296296296296294
0 0.44947916666666665 0.31203703703703706 0.026041666666666668 0.046296296296296294
0 0.47760416666666666 0.31851851851851853 0.026041666666666668 0.046296296296296294
0 0.49947916666666664 0.3175925925925926 0.026041666666666668 0.046296296296296294
0 0.7067708333333333 0.31203703703703706 0.026041666666666668 0.046296296296296294
0 0.44375 0.33055555555555555 0.026041666666666668 0.046296296296296294
4 0.503125 0.3333333333333333 0.026041666666666668 0.046296296296296294
4 0.5109375 0.3416666666666667 0.026041666666666668 0.046296296296296294
4 0.38385416666666666 0.3537037037037037 0.026041666666666668 0.046296296296296294
4 0.44427083333333334 0.35555555555555557 0.026041666666666668 0.046296296296296294
4 0.5114583333333333 0.35555555555555557 0.026041666666666668 0.046296296296296294
4 0.3963541666666667 0.3638888888888889 0.026041666666666668 0.046296296296296294
4 0.49947916666666664 0.3648148148148148 0.026041666666666668 0.046296296296296294
4 0.5244791666666667 0.36574074074074076 0.026041666666666668 0.046296296296296294
4 0.37447916666666664 0.3712962962962963 0.026041666666666668 0.046296296296296294
4 0.5119791666666667 0.3712962962962963 0.026041666666666668 0.046296296296296294
4 0.4947916666666667 0.39351851851851855 0.026041666666666668 0.046296296296296294
4 0.5119791666666667 0.3925925925925926 0.026041666666666668 0.046296296296296294
4 0.5359375 0.39351851851851855 0.026041666666666668 0.046296296296296294
4 0.6572916666666667 0.39351851851851855 0.026041666666666668 0.046296296296296294
2 0.21458333333333332 0.4009259259259259 0.026041666666666668 0.046296296296296294
4 0.3963541666666667 0.40185185185185185 0.026041666666666668 0.046296296296296294
4 0.515625 0.4027777777777778 0.026041666666666668 0.046296296296296294
2 0.19583333333333333 0.4083333333333333 0.026041666666666668 0.046296296296296294
2 0.20885416666666667 0.4101851851851852 0.026041666666666668 0.046296296296296294
4 0.528125 0.41203703703703703 0.026041666666666668 0.046296296296296294
4 0.6510416666666666 0.4111111111111111 0.026041666666666668 0.046296296296296294
3 0.6973958333333333 0.4046296296296296 0.026041666666666668 0.046296296296296294
2 0.175 0.4166666666666667 0.026041666666666668 0.046296296296296294
2 0.18229166666666666 0.41574074074074074 0.026041666666666668 0.046296296296296294
4 0.38333333333333336 0.41944444444444445 0.026041666666666668 0.046296296296296294
4 0.6578125 0.41759259259259257 0.026041666666666668 0.046296296296296294
4 0.49895833333333334 0.42592592592592593 0.026041666666666668 0.046296296296296294
4 0.45208333333333334 0.4324074074074074 0.026041666666666668 0.046296296296296294
4 0.665625 0.4324074074074074 0.026041666666666668 0.046296296296296294
4 0.653125 0.44907407407407407 0.026041666666666668 0.046296296296296294
4 0.384375 0.45740740740740743 0.026041666666666668 0.046296296296296294
4 0.49947916666666664 0.4583333333333333 0.026041666666666668 0.046296296296296294
4 0.5114583333333333 0.45555555555555555 0.026041666666666668 0.046296296296296294
4 0.4234375 0.45740740740740743 0.026041666666666668 0.046296296296296294
4 0.4708333333333333 0.4666666666666667 0.026041666666666668 0.046296296296296294
4 0.51875 0.4666666666666667 0.026041666666666668 0.046296296296296294
4 0.665625 0.4648148148148148 0.026041666666666668 0.046296296296296294
4 0.5046875 0.47962962962962963 0.026041666666666668 0.046296296296296294
4 0.6286458333333333 0.4824074074074074 0.026041666666666668 0.046296296296296294
4 0.6526041666666667 0.4861111111111111 0.026041666666666668 0.046296296296296294
4 0.471875 0.4935185185185185 0.026041666666666668 0.046296296296296294
3 0.6739583333333333 0.49722222222222223 0.026041666666666668 0.046296296296296294
4 0.4166666666666667 0.5037037037037037 0.026041666666666668 0.046296296296296294
4 0.665625 0.5055555555555555 0.026041666666666668 0.046296296296296294
4 0.45729166666666665 0.5101851851851852 0.026041666666666668 0.046296296296296294
3 0.7109375 0.5138888888888888 0.026041666666666668 0.046296296296296294
4 0.3828125 0.5222222222222223 0.026041666666666668 0.046296296296296294
4 0.40729166666666666 0.5194444444444445 0.026041666666666668 0.046296296296296294
4 0.4734375 0.5157407407407407 0.026041666666666668 0.046296296296296294
4 0.5026041666666666 0.525 0.026041666666666668 0.046296296296296294
4 0.6234375 0.524074074074074 0.026041666666666668 0.046296296296296294
3 0.7005208333333334 0.5296296296296297 0.026041666666666668 0.046296296296296294
4 0.44947916666666665 0.5370370370370371 0.026041666666666668 0.046296296296296294
4 0.48333333333333334 0.5351851851851852 0.026041666666666668 0.046296296296296294
3 0.721875 0.5287037037037037 0.026041666666666668 0.046296296296296294
4 0.3776041666666667 0.5425925925925926 0.026041666666666668 0.046296296296296294
4 0.44166666666666665 0.5407407407407407 0.026041666666666668 0.046296296296296294
4 0.39479166666666665 0.5509259259259259 0.026041666666666668 0.046296296296296294
4 0.5911458333333334 0.549074074074074 0.026041666666666668 0.046296296296296294
4 0.5239583333333333 0.5564814814814815 0.026041666666666668 0.046296296296296294
4 0.5744791666666667 0.5555555555555556 0.026041666666666668 0.046296296296296294
4 0.634375 0.5574074074074075 0.026041666666666668 0.046296296296296294
3 0.7333333333333333 0.5555555555555556 0.026041666666666668 0.046296296296296294
4 0.45364583333333336 0.562037037037037 0.026041666666666668 0.046296296296296294
3 0.7526041666666666 0.562037037037037 0.026041666666666668 0.046296296296296294
3 0.765625 0.5731481481481482 0.026041666666666668 0.046296296296296294
3 0.7307291666666667 0.5787037037037037 0.026041666666666668 0.046296296296296294
4 0.4010416666666667 0.5833333333333334 0.026041666666666668 0.046296296296296294
3 0.740625 0.587037037037037 0.026041666666666668 0.046296296296296294
4 0.4197916666666667 0.5944444444444444 0.026041666666666668 0.046296296296296294
4 0.6578125 0.5990740740740741 0.026041666666666668 0.046296296296296294
4 0.3984375 0.612037037037037 0.026041666666666668 0.046296296296296294
3 0.7286458333333333 0.6203703703703703 0.026041666666666668 0.046296296296296294
4 0.44583333333333336 0.6277777777777778 0.026041666666666668 0.046296296296296294
4 0.5411458333333333 0.6351851851851852 0.026041666666666668 0.046296296296296294
4 0.4895833333333333 0.6481481481481481 0.026041666666666668 0.046296296296296294
4 0.5875 0.6583333333333333 0.026041666666666668 0.046296296296296294
3 0.7385416666666667 0.6583333333333333 0.026041666666666668 0.046296296296296294
4 0.44635416666666666 0.6666666666666666 0.026041666666666668 0.046296296296296294
1 0.5041666666666667 0.6675925925925926 0.026041666666666668 0.046296296296296294
4 0.5302083333333333 0.6638888888888889 0.026041666666666668 0.046296296296296294
4 0.559375 0.6648148148148149 0.026041666666666668 0.046296296296296294
4 0.6260416666666667 0.6601851851851852 0.026041666666666668 0.046296296296296294
3 0.6817708333333333 0.6666666666666666 0.026041666666666668 0.046296296296296294
3 0.7791666666666667 0.6648148148148149 0.026041666666666668 0.046296296296296294
1 0.17760416666666667 0.6675925925925926 0.026041666666666668 0.046296296296296294
1 0.5567708333333333 0.6898148148148148 0.026041666666666668 0.046296296296296294
1 0.5880208333333333 0.6981481481481482 0.026041666666666668 0.046296296296296294
1 0.7385416666666667 0.7055555555555556 0.026041666666666668 0.046296296296296294
1 0.5989583333333334 0.7175925925925926 0.026041666666666668 0.046296296296296294
1 0.21302083333333333 0.7296296296296296 0.026041666666666668 0.046296296296296294
1 0.7197916666666667 0.7361111111111112 0.026041666666666668 0.046296296296296294
1 0.4453125 0.7564814814814815 0.026041666666666668 0.046296296296296294
1 0.8901041666666667 0.7481481481481481 0.026041666666666668 0.046296296296296294
1 0.14010416666666667 0.7685185185185185 0.026041666666666668 0.046296296296296294
1 0.19479166666666667 0.775 0.026041666666666668 0.046296296296296294
1 0.5708333333333333 0.7722222222222223 0.026041666666666668 0.046296296296296294
1 0.675 0.7768518518518519 0.026041666666666668 0.046296296296296294
1 0.6333333333333333 0.7888888888888889 0.026041666666666668 0.046296296296296294
1 0.7692708333333333 0.8138888888888889 0.026041666666666668 0.046296296296296294
1 0.8005208333333333 0.8472222222222222 0.026041666666666668 0.046296296296296294
1 0.1453125 0.9064814814814814 0.026041666666666668 0.046296296296296294
1 0.4010416666666667 0.8916666666666667 0.026041666666666668 0.046296296296296294
1 0.15885416666666666 0.937962962962963 0.026041666666666668 0.046296296296296294
1 0.53125 0.9388888888888889 0.026041666666666668 0.046296296296296294
1 0.9677083333333333 0.9472222222222222 0.026041666666666668 0.046296296296296294
1 0.296875 0.9925925925925926 0.026041666666666668 0.046296296296296294
1 0.5145833333333333 0.9944444444444445 0.026041666666666668 0.046296296296296294
1 0.103125 0.9648148148148148 0.026041666666666668 0.046296296296296294
2 0.184375 0.45925925925925926 0.026041666666666668 0.046296296296296294
1 0.53125 0.7907407407407407 0.026041666666666668 0.046296296296296294
1 0.5114583333333333 0.7222222222222222 0.026041666666666668 0.046296296296296294
1 0.43333333333333335 0.687037037037037 0.026041666666666668 0.046296296296296294
4 0.39166666666666666 0.6296296296296297 0.026041666666666668 0.046296296296296294
1 0.6333333333333333 0.8592592592592593 0.026041666666666668 0.046296296296296294
1 0.6010416666666667 0.8648148148148148 0.026041666666666668 0.046296296296296294
1 0.8302083333333333 0.8740740740740741 0.026041666666666668 0.046296296296296294
1 0.828125 0.9444444444444444 0.026041666666666668 0.046296296296296294
1 0.8875 0.8185185185185185 0.026041666666666668 0.046296296296296294
1 0.9229166666666667 0.9203703703703704 0.026041666666666668 0.046296296296296294
1 0.9416666666666667 0.7555555555555555 0.026041666666666668 0.046296296296296294
4 0.5083333333333333 0.5685185185185185 0.026041666666666668 0.046296296296296294
4 0.4270833333333333 0.5537037037037037 0.026041666666666668 0.046296296296296294
2 0.22604166666666667 0.6407407407407407 0.026041666666666668 0.046296296296296294
1 0.7010416666666667 0.6722222222222223 0.026041666666666668 0.046296296296296294
1 0.8729166666666667 0.8148148148148148 0.026041666666666668 0.046296296296296294
