0 0.4828125 0.10555555555555556 0.026041666666666668 0.046296296296296294
0 0.48333333333333334 0.12037037037037036 0.026041666666666668 0.046296296296296294
0 0.4901041666666667 0.12407407407407407 0.026041666666666668 0.046296296296296294
0 0.46979166666666666 0.1287037037037037 0.026041666666666668 0.046296296296296294
0 0.478125 0.1287037037037037 0.026041666666666668 0.046296296296296294
0 0.44895833333333335 0.13518518518518519 0.026041666666666668 0.046296296296296294
0 0.4552083333333333 0.1361111111111111 0.026041666666666668 0.046296296296296294
0 0.46145833333333336 0.1361111111111111 0.026041666666666668 0.046296296296296294
0 0.440625 0.14351851851851852 0.026041666666666668 0.046296296296296294
0 0.4588541666666667 0.14444444444444443 0.026041666666666668 0.046296296296296294
0 0.46197916666666666 0.14166666666666666 0.026041666666666668 0.046296296296296294
0 0.4703125 0.14351851851851852 0.026041666666666668 0.046296296296296294
0 0.4786458333333333 0.14351851851851852 0.026041666666666668 0.046296296296296294
0 0.4859375 0.14722222222222223 0.026041666666666668 0.046296296296296294
0 0.4901041666666667 0.14351851851851852 0.026041666666666668 0.046296296296296294
0 0.4744791666666667 0.1527777777777778 0.026041666666666668 0.046296296296296294
0 0.46145833333333336 0.16111111111111112 0.026041666666666668 0.046296296296296294
0 0.46979166666666666 0.16111111111111112 0.026041666666666668 0.046296296296296294
0 0.49166666666666664 0.15925925925925927 0.026041666666666668 0.046296296296296294
0 0.475 0.20185185185185187 0.026041666666666668 0.046296296296296294
0 0.4484375 0.20555555555555555 0.026041666666666668 0.046296296296296294
0 0.46197916666666666 0.20555555555555555 0.026041666666666668 0.046296296296296294
0 0.4244791666666667 0.21388888888888888 0.026041666666666668 0.046296296296296294
0 0.478125 0.22314814814814815 0.026041666666666668 0.046296296296296294
0 0.4265625 0.22870370370370371 0.026041666666666668 0.046296296296296294
0 0.4713541666666667 0.22962962962962963 0.026041666666666668 0.046296296296296294
0 0.46927083333333336 0.26944444444444443 0.026041666666666668 0.046296296296296294
0 0.48125 0.27037037037037037 0.026041666666666668 0.046296296296296294
0 0.5447916666666667 0.2675925925925926 0.026041666666666668 0.046296296296296294
0 0.425 0.27870370370370373 0.026041666666666668 0.046296296296296294
0 0.45208333333333334 0.2777777777777778 0.026041666666666668 0.046296296296296294
0 0.45677083333333335 0.2777777777777778 0.026041666666666668 0.046296296296296294
0 0.49895833333333334 0.27314814814814814 0.026041666666666668 0.046296296296296294
0 0.5104166666666666 0.27685185185185185 0.026041666666666668 0.046296296296296294
0 0.5369791666666667 0.2759259259259259 0.026041666666666668 0.046296296296296294
0 0.5083333333333333 0.2861111111111111 0.026041666666666668 0.046296296296296294
0 0.6958333333333333 0.28703703703703703 0.026041666666666668 0.046296296296296294
0 0.44479166666666664 0.2935185185185185 0.026041666666666668 0.046296296296296294
0 0.46927083333333336 0.29074074074074074 0.026041666666666668 0.046296296296296294
0 0.503125 0.2953703703703704 0.026041666666666668 0.046296296296296294
0 0.5104166666666666 0.2935185185185185 0.026041666666666668 0.046296296296296294
0 0.490625 0.3 0.026041666666666668 0.046296296296296294
0 0.5130208333333334 0.3074074074074074 0.026041666666666668 0.046296296296296294
0 0.42916666666666664 0.3148148148148148 0.026041666666666668 0.046296296296296294
0 0.5151041666666667 0.31666666666666665 0.026041666666666668 0.046296296296296294
0 0.7072916666666667 0.31203703703703706 0.026041666666666668 0.046296296296296294
0 0.4401041666666667 0.32407407407407407 0.026041666666666668 0.046296296296296294
0 0.45260416666666664 0.32407407407407407 0.026041666666666668 0.046296296296296294
0 0.478125 0.32685185185185184 0.026041666666666668 0.046296296296296294
0 0.4984375 0.32314814814814813 0.026041666666666668 0.046296296296296294
4 0.4244791666666667 0.33425925925925926 0.026041666666666668 0.046296296296296294
4 0.5036458333333333 0.3333333333333333 0.026041666666666668 0.046296296296296294
4 0.42604166666666665 0.3490740740740741 0.026041666666666668 0.046296296296296294
4 0.5041666666666667 0.3509259259259259 0.026041666666666668 0.046296296296296294
4 0.3875 0.3537037037037037 0.026041666666666668 0.046296296296296294
4 0.44166666666666665 0.362962962962963 0.026041666666666668 0.046296296296296294
4 0.49947916666666664 0.36203703703703705 0.026041666666666668 0.046296296296296294
4 0.4083333333333333 0.3731481481481482 0.026041666666666668 0.046296296296296294
3 0.7083333333333334 0.3712962962962963 0.026041666666666668 0.046296296296296294
4 0.5140625 0.37592592592592594 0.026041666666666668 0.046296296296296294
4 0.5203125 0.3787037037037037 0.026041666666666668 0.046296296296296294
4 0.3921875 0.3861111111111111 0.026041666666666668 0.046296296296296294
4 0.6510416666666666 0.387037037037037 0.026041666666666668 0.046296296296296294
4 0.39947916666666666 0.39444444444444443 0.026041666666666668 0.046296296296296294
4 0.5114583333333333 0.39537037037037037 0.026041666666666668 0.046296296296296294
2 0.20989583333333334 0.40185185185185185 0.026041666666666668 0.046296296296296294
4 0.37552083333333336 0.4009259259259259 0.026041666666666668 0.046296296296296294
4 0.38229166666666664 0.4046296296296296 0.026041666666666668 0.046296296296296294
2 0.19375 0.4101851851851852 0.026041666666666668 0.046296296296296294
4 0.4083333333333333 0.41203703703703703 0.026041666666666668 0.046296296296296294
4 0.6583333333333333 0.41203703703703703 0.026041666666666668 0.046296296296296294
3 0.6869791666666667 0.40925925925925927 0.026041666666666668 0.046296296296296294
4 0.39791666666666664 0.4212962962962963 0.026041666666666668 0.046296296296296294
4 0.43645833333333334 0.41759259259259257 0.026041666666666668 0.046296296296296294
4 0.4895833333333333 0.41574074074074074 0.026041666666666668 0.046296296296296294
4 0.38229166666666664 0.42314814814814816 0.026041666666666668 0.046296296296296294
4 0.44895833333333335 0.42685185185185187 0.026041666666666668 0.046296296296296294
4 0.41041666666666665 0.43333333333333335 0.026041666666666668 0.046296296296296294
4 0.428125 0.44074074074074077 0.026041666666666668 0.046296296296296294
4 0.6510416666666666 0.4398148148148148 0.026041666666666668 0.046296296296296294
4 0.5119791666666667 0.44814814814814813 0.026041666666666668 0.046296296296296294
4 0.40625 0.4564814814814815 0.026041666666666668 0.046296296296296294
4 0.6494791666666667 0.4564814814814815 0.026041666666666668 0.046296296296296294
3 0.6776041666666667 0.4648148148148148 0.026041666666666668 0.046296296296296294
4 0.425 0.4722222222222222 0.026041666666666668 0.046296296296296294
4 0.4510416666666667 0.4722222222222222 0.026041666666666668 0.046296296296296294
4 0.53125 0.475 0.026041666666666668 0.046296296296296294
4 0.6026041666666667 0.4787037037037037 0.026041666666666668 0.046296296296296294
4 0.6333333333333333 0.47962962962962963 0.026041666666666668 0.046296296296296294
4 0.5192708333333333 0.48703703703703705 0.026041666666666668 0.046296296296296294
4 0.503125 0.49722222222222223 0.026041666666666668 0.046296296296296294
4 0.6114583333333333 0.4935185185185185 0.026041666666666668 0.046296296296296294
3 0.6703125 0.49907407407407406 0.026041666666666668 0.046296296296296294
3 0.6947916666666667 0.5046296296296297 0.026041666666666668 0.046296296296296294
4 0.49895833333333334 0.5212962962962963 0.026041666666666668 0.046296296296296294
4 0.5197916666666667 0.5185185185185185 0.026041666666666668 0.046296296296296294
4 0.5963541666666666 0.5175925925925926 0.026041666666666668 0.046296296296296294
4 0.603125 0.5203703703703704 0.026041666666666668 0.046296296296296294
3 0.6817708333333333 0.5194444444444445 0.026041666666666668 0.046296296296296294
4 0.6244791666666667 0.5268518518518519 0.026041666666666668 0.046296296296296294
3 0.6671875 0.5268518518518519 0.026041666666666668 0.046296296296296294
3 0.7333333333333333 0.5361111111111111 0.026041666666666668 0.046296296296296294
4 0.6036458333333333 0.5481481481481482 0.026041666666666668 0.046296296296296294
3 0.7203125 0.55 0.026041666666666668 0.046296296296296294
3 0.703125 0.5583333333333333 0.026041666666666668 0.046296296296296294
3 0.7479166666666667 0.5574074074074075 0.026041666666666668 0.046296296296296294
4 0.5177083333333333 0.5675925925925925 0.026041666666666668 0.046296296296296294
4 0.6291666666666667 0.5657407407407408 0.026041666666666668 0.046296296296296294
3 0.7369791666666666 0.5638888888888889 0.026041666666666668 0.046296296296296294
3 0.7671875 0.5611111111111111 0.026041666666666668 0.046296296296296294
4 0.6244791666666667 0.575 0.026041666666666668 0.046296296296296294
3 0.7296875 0.5740740740740741 0.026041666666666668 0.046296296296296294
4 0.6083333333333333 0.5805555555555556 0.026041666666666668 0.046296296296296294
4 0.6598958333333333 0.575 0.026041666666666668 0.046296296296296294
4 0.6328125 0.5925925925925926 0.026041666666666668 0.046296296296296294
4 0.6078125 0.5972222222222222 0.026041666666666668 0.046296296296296294
4 0.5119791666666667 0.6037037037037037 0.026041666666666668 0.046296296296296294
4 0.6291666666666667 0.6148148148148148 0.026041666666666668 0.046296296296296294
4 0.6494791666666667 0.6138888888888889 0.026041666666666668 0.046296296296296294
4 0.5375 0.6259259259259259 0.026041666666666668 0.046296296296296294
4 0.47760416666666666 0.6296296296296297 0.026041666666666668 0.046296296296296294
3 0.7541666666666667 0.6342592592592593 0.026041666666666668 0.046296296296296294
4 0.5760416666666667 0.6398148148148148 0.026041666666666668 0.046296296296296294
4 0.378125 0.6527777777777778 0.026041666666666668 0.046296296296296294
4 0.5838541666666667 0.6555555555555556 0.026041666666666668 0.046296296296296294
1 0.39375 0.675 0.026041666666666668 0.046296296296296294
1 0.42135416666666664 0.6888888888888889 0.026041666666666668 0.046296296296296294
1 0.44947916666666665 0.674074074074074 0.026041666666666668 0.046296296296296294
1 0.5369791666666667 0.7157407407407408 0.026041666666666668 0.046296296296296294
1 0.7244791666666667 0.7277777777777777 0.026041666666666668 0.046296296296296294
1 0.1734375 0.7425925925925926 0.026041666666666668 0.046296296296296294
1 0.8854166666666666 0.7481481481481481 0.026041666666666668 0.046296296296296294
1 0.8307291666666666 0.7601851851851852 0.026041666666666668 0.046296296296296294
1 0.678125 0.8018518518518518 0.026041666666666668 0.046296296296296294
1 0.2125 0.812962962962963 0.026041666666666668 0.046296296296296294
1 0.8244791666666667 0.8388888888888889 0.026041666666666668 0.046296296296296294
1 0.05 0.8444444444444444 0.026041666666666668 0.046296296296296294
1 0.1078125 0.8472222222222222 0.026041666666666668 0.046296296296296294
1 0.6557291666666667 0.8388888888888889 0.026041666666666668 0.046296296296296294
1 0.12552083333333333 0.8694444444444445 0.026041666666666668 0.046296296296296294
1 0.5296875 0.8611111111111112 0.026041666666666668 0.046296296296296294
1 0.026041666666666668 0.8842592592592593 0.026041666666666668 0.046296296296296294
1 0.08697916666666666 0.8935185185185185 0.026041666666666668 0.046296296296296294
1 0.43802083333333336 0.8935185185185185 0.026041666666666668 0.046296296296296294
1 0.8046875 0.8981481481481481 0.026041666666666668 0.046296296296296294
1 0.4666666666666667 0.9027777777777778 0.026041666666666668 0.046296296296296294
1 0.6057291666666667 0.8962962962962963 0.026041666666666668 0.046296296296296294
1 0.057291666666666664 0.9305555555555556 0.026041666666666668 0.046296296296296294
1 0.8260416666666667 0.9305555555555556 0.026041666666666668 0.046296296296296294
1 0.2875 0.9277777777777778 0.026041666666666668 0.046296296296296294
1 0.44427083333333334 0.9342592592592592 0.026041666666666668 0.046296296296296294
1 0.5895833333333333 0.9407407407407408 0.026041666666666668 0.046296296296296294
1 0.17395833333333333 0.9555555555555556 0.026041666666666668 0.046296296296296294
1 0.23802083333333332 0.9453703703703704 0.026041666666666668 0.046296296296296294
1 0.3651041666666667 0.9481481481481482 0.026041666666666668 0.046296296296296294
1 0.036458333333333336 0.9731481481481481 0.026041666666666668 0.046296296296296294
1 0.39947916666666666 0.9611111111111111 0.026041666666666668 0.046296296296296294
1 0.10729166666666666 0.9407407407407408 0.026041666666666668 0.046296296296296294
1 0.11770833333333333 0.9037037037037037 0.026041666666666668 0.046296296296296294
1 0.12395833333333334 0.9851851851851852 0.026041666666666668 0.046296296296296294
1 0.28854166666666664 0.9833333333333333 0.026041666666666668 0.046296296296296294
1 0.8291666666666667 0.8703703703703703 0.026041666666666668 0.046296296296296294
1 0.7958333333333333 0.9611111111111111 0.026041666666666668 0.046296296296296294
1 0.9072916666666667 0.8018518518518518 0.026041666666666668 0.046296296296296294
1 0.771875 0.674074074074074 0.026041666666666668 0.046296296296296294
3 0.7635416666666667 0.5833333333333334 0.026041666666666668 0.046296296296296294
4 0.609375 0.6444444444444445 0.026041666666666668 0.046296296296296294
1 0.48854166666666665 0.7 0.026041666666666668 0.046296296296296294
4 0.5322916666666667 0.5481481481481482 0.026041666666666668 0.046296296296296294
4 0.39166666666666666 0.45185185185185184 0.026041666666666668 0.046296296296296294
2 0.17395833333333333 0.4222222222222222 0.026041666666666668 0.046296296296296294
1 0.11770833333333333 0.7555555555555555 0.026041666666666668 0.046296296296296294
3 0.709375 0.44814814814814813 0.026041666666666668 0.046296296296296294
3 0.7010416666666667 0.45185185185185184 0.026041666666666668 0.046296296296296294
1 0.9729166666666667 0.9481481481481482 0.026041666666666668 0.046296296296296294
