0 0.475 0.08796296296296297 0.026041666666666668 0.046296296296296294
0 0.484375 0.09814814814814815 0.026041666666666668 0.046296296296296294
0 0.4817708333333333 0.12129629629629629 0.026041666666666668 0.046296296296296294
0 0.4953125 0.12314814814814815 0.026041666666666668 0.046296296296296294
0 0.4640625 0.12777777777777777 0.026041666666666668 0.046296296296296294
0 0.4703125 0.1287037037037037 0.026041666666666668 0.046296296296296294
0 0.44895833333333335 0.13518518518518519 0.026041666666666668 0.046296296296296294
0 0.48802083333333335 0.13703703703703704 0.026041666666666668 0.046296296296296294
0 0.4953125 0.13703703703703704 0.026041666666666668 0.046296296296296294
0 0.440625 0.1425925925925926 0.026041666666666668 0.046296296296296294
0 0.4708333333333333 0.14444444444444443 0.026041666666666668 0.046296296296296294
0 0.475 0.14722222222222223 0.026041666666666668 0.046296296296296294
0 0.4296875 0.15092592592592594 0.026041666666666668 0.046296296296296294
0 0.48333333333333334 0.15462962962962962 0.026041666666666668 0.046296296296296294
0 0.44947916666666665 0.16111111111111112 0.026041666666666668 0.046296296296296294
0 0.43385416666666665 0.17592592592592593 0.026041666666666668 0.046296296296296294
0 0.49947916666666664 0.17222222222222222 0.026041666666666668 0.046296296296296294
0 0.4375 0.18333333333333332 0.026041666666666668 0.046296296296296294
0 0.5171875 0.18425925925925926 0.026041666666666668 0.046296296296296294
0 0.4583333333333333 0.19166666666666668 0.026041666666666668 0.046296296296296294
0 0.49583333333333335 0.19166666666666668 0.026041666666666668 0.046296296296296294
0 0.5005208333333333 0.18981481481481483 0.026041666666666668 0.046296296296296294
0 0.5088541666666667 0.1925925925925926 0.026041666666666668 0.046296296296296294
0 0.4828125 0.19814814814814816 0.026041666666666668 0.046296296296296294
0 0.42552083333333335 0.2064814814814815 0.026041666666666668 0.046296296296296294
0 0.47708333333333336 0.21388888888888888 0.026041666666666668 0.046296296296296294
0 0.46145833333333336 0.225 0.026041666666666668 0.046296296296296294
0 0.428125 0.22962962962962963 0.026041666666666668 0.046296296296296294
0 0.478125 0.22870370370370371 0.026041666666666668 0.046296296296296294
0 0.5067708333333333 0.22870370370370371 0.026041666666666668 0.046296296296296294
0 0.453125 0.23796296296296296 0.026041666666666668 0.046296296296296294
0 0.490625 0.262037037037037 0.026041666666666668 0.046296296296296294
0 0.5015625 0.26481481481481484 0.026041666666666668 0.046296296296296294
0 0.49583333333333335 0.2777777777777778 0.026041666666666668 0.046296296296296294
0 0.5161458333333333 0.2796296296296296 0.026041666666666668 0.046296296296296294
0 0.4703125 0.28425925925925927 0.026041666666666668 0.046296296296296294
0 0.5119791666666667 0.2861111111111111 0.026041666666666668 0.046296296296296294
0 0.47552083333333334 0.29444444444444445 0.026041666666666668 0.046296296296296294
0 0.6947916666666667 0.29074074074074074 0.026041666666666668 0.046296296296296294
0 0.4244791666666667 0.30092592592592593 0.026041666666666668 0.046296296296296294
0 0.4171875 0.30925925925925923 0.026041666666666668 0.046296296296296294
0 0.5192708333333333 0.30925925925925923 0.026041666666666668 0.046296296296296294
0 0.43125 0.3175925925925926 0.026041666666666668 0.046296296296296294
0 0.459375 0.3175925925925926 0.026041666666666668 0.046296296296296294
0 0.703125 0.3138888888888889 0.026041666666666668 0.046296296296296294
0 0.5036458333333333 0.32407407407407407 0.026041666666666668 0.046296296296296294
0 0.44479166666666664 0.3287037037037037 0.026041666666666668 0.046296296296296294
0 0.5083333333333333 0.33240740740740743 0.026041666666666668 0.046296296296296294
4 0.45364583333333336 0.33796296296296297 0.026041666666666668 0.046296296296296294
4 0.40572916666666664 0.34814814814814815 0.026041666666666668 0.046296296296296294
4 0.44947916666666665 0.35 0.026041666666666668 0.046296296296296294
4 0.4864583333333333 0.3472222222222222 0.026041666666666668 0.046296296296296294
4 0.5020833333333333 0.3490740740740741 0.026041666666666668 0.046296296296296294
4 0.4375 0.3574074074074074 0.026041666666666668 0.046296296296296294
4 0.44895833333333335 0.35648148148148145 0.026041666666666668 0.046296296296296294
4 0.37916666666666665 0.362962962962963 0.026041666666666668 0.046296296296296294
4 0.39947916666666666 0.3685185185185185 0.026041666666666668 0.046296296296296294
4 0.375 0.3824074074074074 0.026041666666666668 0.046296296296296294
4 0.4625 0.3787037037037037 0.026041666666666668 0.046296296296296294
4 0.4859375 0.37777777777777777 0.026041666666666668 0.046296296296296294
4 0.5015625 0.38425925925925924 0.026041666666666668 0.046296296296296294
4 0.5286458333333334 0.3888888888888889 0.026041666666666668 0.046296296296296294
4 0.4869791666666667 0.39537037037037037 0.026041666666666668 0.046296296296296294
4 0.6666666666666666 0.40185185185185185 0.026041666666666668 0.046296296296296294
4 0.4354166666666667 0.4046296296296296 0.026041666666666668 0.046296296296296294
2 0.1890625 0.4148148148148148 0.026041666666666668 0.046296296296296294
4 0.44895833333333335 0.41944444444444445 0.026041666666666668 0.046296296296296294
4 0.4661458333333333 0.41759259259259257 0.026041666666666668 0.046296296296296294
4 0.4786458333333333 0.41944444444444445 0.026041666666666668 0.046296296296296294
4 0.6546875 0.41574074074074074 0.026041666666666668 0.046296296296296294
4 0.6609375 0.4185185185185185 0.026041666666666668 0.046296296296296294
3 0.7114583333333333 0.4148148148148148 0.026041666666666668 0.046296296296296294
4 0.5244791666666667 0.42777777777777776 0.026041666666666668 0.046296296296296294
3 0.6671875 0.42685185185185187 0.026041666666666668 0.046296296296296294
4 0.4046875 0.43425925925925923 0.026041666666666668 0.046296296296296294
4 0.46979166666666666 0.43333333333333335 0.026041666666666668 0.046296296296296294
4 0.503125 0.4324074074074074 0.026041666666666668 0.046296296296296294
3 0.6703125 0.43333333333333335 0.026041666666666668 0.046296296296296294
4 0.42083333333333334 0.44166666666666665 0.026041666666666668 0.046296296296296294
4 0.4375 0.44166666666666665 0.026041666666666668 0.046296296296296294
4 0.5109375 0.44907407407407407 0.026041666666666668 0.046296296296296294
3 0.6822916666666666 0.45092592592592595 0.026041666666666668 0.046296296296296294
4 0.44583333333333336 0.4648148148148148 0.026041666666666668 0.046296296296296294
3 0.6703125 0.4666666666666667 0.026041666666666668 0.046296296296296294
4 0.4083333333333333 0.4787037037037037 0.026041666666666668 0.046296296296296294
3 0.6828125 0.47962962962962963 0.026041666666666668 0.046296296296296294
4 0.4244791666666667 0.49537037037037035 0.026041666666666668 0.046296296296296294
4 0.6213541666666667 0.49907407407407406 0.026041666666666668 0.046296296296296294
3 0.6755208333333333 0.49537037037037035 0.026041666666666668 0.046296296296296294
4 0.5036458333333333 0.5009259259259259 0.026041666666666668 0.046296296296296294
4 0.6119791666666666 0.5046296296296297 0.026041666666666668 0.046296296296296294
4 0.6119791666666666 0.5203703703703704 0.026041666666666668 0.046296296296296294
3 0.6958333333333333 0.5212962962962963 0.026041666666666668 0.046296296296296294
4 0.5994791666666667 0.5268518518518519 0.026041666666666668 0.046296296296296294
3 0.6708333333333333 0.5259259259259259 0.026041666666666668 0.046296296296296294
4 0.46041666666666664 0.5333333333333333 0.026041666666666668 0.046296296296296294
4 0.61875 0.5333333333333333 0.026041666666666668 0.046296296296296294
4 0.5078125 0.5388888888888889 0.026041666666666668 0.046296296296296294
3 0.7255208333333333 0.5398148148148149 0.026041666666666668 0.046296296296296294
4 0.5213541666666667 0.55 0.026041666666666668 0.046296296296296294
3 0.6708333333333333 0.5583333333333333 0.026041666666666668 0.046296296296296294
4 0.6333333333333333 0.5657407407407408 0.026041666666666668 0.046296296296296294
3 0.7369791666666666 0.5648148148148148 0.026041666666666668 0.046296296296296294
3 0.753125 0.5657407407407408 0.026041666666666668 0.046296296296296294
4 0.5994791666666667 0.5731481481481482 0.026041666666666668 0.046296296296296294
3 0.7078125 0.575 0.026041666666666668 0.046296296296296294
4 0.5041666666666667 0.5777777777777777 0.026041666666666668 0.046296296296296294
4 0.6359375 0.5898148148148148 0.026041666666666668 0.046296296296296294
3 0.7421875 0.5888888888888889 0.026041666666666668 0.046296296296296294
3 0.7604166666666666 0.5898148148148148 0.026041666666666668 0.046296296296296294
4 0.6619791666666667 0.5861111111111111 0.026041666666666668 0.046296296296296294
4 0.5130208333333334 0.6027777777777777 0.026041666666666668 0.046296296296296294
4 0.6489583333333333 0.612037037037037 0.026041666666666668 0.046296296296296294
4 0.5697916666666667 0.6361111111111111 0.026041666666666668 0.046296296296296294
4 0.41354166666666664 0.6398148148148148 0.026041666666666668 0.046296296296296294
4 0.4625 0.6444444444444445 0.026041666666666668 0.046296296296296294
4 0.53125 0.637962962962963 0.026041666666666668 0.046296296296296294
1 0.7713541666666667 0.6685185185185185 0.026041666666666668 0.046296296296296294
1 0.6203125 0.675 0.026041666666666668 0.046296296296296294
1 0.3875 0.6888888888888889 0.026041666666666668 0.046296296296296294
1 0.5828125 0.7194444444444444 0.026041666666666668 0.046296296296296294
1 0.778125 0.7185185185185186 0.026041666666666668 0.046296296296296294
1 0.5052083333333334 0.7314814814814815 0.026041666666666668 0.046296296296296294
1 0.6010416666666667 0.75 0.026041666666666668 0.046296296296296294
1 0.6739583333333333 0.7527777777777778 0.026041666666666668 0.046296296296296294
1 0.8817708333333333 0.7490740740740741 0.026041666666666668 0.046296296296296294
1 0.5645833333333333 0.7601851851851852 0.026041666666666668 0.046296296296296294
1 0.8427083333333333 0.7564814814814815 0.026041666666666668 0.046296296296296294
1 0.5041666666666667 0.774074074074074 0.026041666666666668 0.046296296296296294
1 0.540625 0.7824074074074074 0.026041666666666668 0.046296296296296294
1 0.7442708333333333 0.7962962962962963 0.026041666666666668 0.046296296296296294
1 0.409375 0.8231481481481482 0.026041666666666668 0.046296296296296294
1 0.5817708333333333 0.8324074074074074 0.026041666666666668 0.046296296296296294
1 0.8791666666666667 0.8351851851851851 0.026041666666666668 0.046296296296296294
1 0.3078125 0.8462962962962963 0.026041666666666668 0.046296296296296294
1 0.7838541666666666 0.8351851851851851 0.026041666666666668 0.046296296296296294
1 0.17708333333333334 0.850925925925926 0.026041666666666668 0.046296296296296294
1 0.4859375 0.8777777777777778 0.026041666666666668 0.046296296296296294
1 0.6286458333333333 0.8759259259259259 0.026041666666666668 0.046296296296296294
1 0.2078125 0.8898148148148148 0.026041666666666668 0.046296296296296294
1 0.346875 0.8888888888888888 0.026041666666666668 0.046296296296296294
1 0.4348958333333333 0.8907407407407407 0.026041666666666668 0.046296296296296294
1 0.13854166666666667 0.9074074074074074 0.026041666666666668 0.046296296296296294
1 0.38385416666666666 0.9138888888888889 0.026041666666666668 0.046296296296296294
1 0.7375 0.9361111111111111 0.026041666666666668 0.046296296296296294
1 0.9625 0.9425925925925925 0.026041666666666668 0.046296296296296294
1 0.8630208333333333 0.9629629629629629 0.026041666666666668 0.046296296296296294
1 0.9005208333333333 0.9648148148148148 0.026041666666666668 0.046296296296296294
1 0.409375 0.9722222222222222 0.026041666666666668 0.046296296296296294
1 0.30572916666666666 0.9944444444444445 0.026041666666666668 0.046296296296296294
2 0.16979166666666667 0.42407407407407405 0.026041666666666668 0.046296296296296294
1 0.8302083333333333 0.8277777777777777 0.026041666666666668 0.046296296296296294
1 0.8239583333333333 0.8740740740740741 0.026041666666666668 0.046296296296296294
1 0.6375 0.7481481481481481 0.026041666666666668 0.046296296296296294
1 0.6479166666666667 0.8388888888888889 0.026041666666666668 0.046296296296296294
4 0.6166666666666667 0.6407407407407407 0.026041666666666668 0.046296296296296294
4 0.59375 0.6203703703703703 0.026041666666666668 0.046296296296296294
4 0.6145833333333334 0.6037037037037037 0.026041666666666668 0.046296296296296294
4 0.378125 0.5592592592592592 0.026041666666666668 0.046296296296296294
4 0.40520833333333334 0.5314814814814814 0.026041666666666668 0.046296296296296294
3 0.6802083333333333 0.5925925925925926 0.026041666666666668 0.046296296296296294
1 0.6354166666666666 0.6722222222222223 0.026041666666666668 0.046296296296296294
