0 0.47760416666666666 0.12407407407407407 0.026041666666666668 0.046296296296296294
0 0.4708333333333333 0.12962962962962962 0.026041666666666668 0.046296296296296294
0 0.49166666666666664 0.12962962962962962 0.026041666666666668 0.046296296296296294
0 0.4421875 0.12962962962962962 0.026041666666666668 0.046296296296296294
0 0.44895833333333335 0.13240740740740742 0.026041666666666668 0.046296296296296294
0 0.46510416666666665 0.13703703703703704 0.026041666666666668 0.046296296296296294
0 0.4708333333333333 0.14444444444444443 0.026041666666666668 0.046296296296296294
0 0.478125 0.14537037037037037 0.026041666666666668 0.046296296296296294
0 0.46145833333333336 0.1537037037037037 0.026041666666666668 0.046296296296296294
0 0.4739583333333333 0.16111111111111112 0.026041666666666668 0.046296296296296294
0 0.4822916666666667 0.16296296296296298 0.026041666666666668 0.046296296296296294
0 0.4546875 0.1675925925925926 0.026041666666666668 0.046296296296296294
0 0.43333333333333335 0.17592592592592593 0.026041666666666668 0.046296296296296294
0 0.475 0.17592592592592593 0.026041666666666668 0.046296296296296294
0 0.4276041666666667 0.18796296296296297 0.026041666666666668 0.046296296296296294
0 0.5083333333333333 0.18425925925925926 0.026041666666666668 0.046296296296296294
0 0.4921875 0.1935185185185185 0.026041666666666668 0.046296296296296294
0 0.49895833333333334 0.1925925925925926 0.026041666666666668 0.046296296296296294
0 0.4161458333333333 0.2111111111111111 0.026041666666666668 0.046296296296296294
0 0.50625 0.2222222222222222 0.026041666666666668 0.046296296296296294
0 0.41510416666666666 0.22962962962962963 0.026041666666666668 0.046296296296296294
0 0.46927083333333336 0.23055555555555557 0.026041666666666668 0.046296296296296294
0 0.5 0.23148148148148148 0.026041666666666668 0.046296296296296294
0 0.475 0.24166666666666667 0.026041666666666668 0.046296296296296294
0 0.5067708333333333 0.2388888888888889 0.026041666666666668 0.046296296296296294
0 0.46875 0.2462962962962963 0.026041666666666668 0.046296296296296294
0 0.4817708333333333 0.24537037037037038 0.026041666666666668 0.046296296296296294
0 0.44583333333333336 0.24814814814814815 0.026041666666666668 0.046296296296296294
0 0.490625 0.25462962962962965 0.026041666666666668 0.046296296296296294
0 0.46875 0.26296296296296295 0.026041666666666668 0.046296296296296294
0 0.44895833333333335 0.2657407407407407 0.026041666666666668 0.046296296296296294
0 0.45677083333333335 0.26851851851851855 0.026041666666666668 0.046296296296296294
0 0.4822916666666667 0.26851851851851855 0.026041666666666668 0.046296296296296294
0 0.49947916666666664 0.27685185185185185 0.026041666666666668 0.046296296296296294
0 0.5114583333333333 0.2777777777777778 0.026041666666666668 0.046296296296296294
0 0.5317708333333333 0.2740740740740741 0.026041666666666668 0.046296296296296294
0 0.5458333333333333 0.27685185185185185 0.026041666666666668 0.046296296296296294
0 0.49114583333333334 0.28703703703703703 0.026041666666666668 0.046296296296296294
0 0.5083333333333333 0.28703703703703703 0.026041666666666668 0.046296296296296294
0 0.5161458333333333 0.2935185185185185 0.026041666666666668 0.046296296296296294
0 0.6911458333333333 0.2916666666666667 0.026041666666666668 0.046296296296296294
0 0.70625 0.28888888888888886 0.026041666666666668 0.046296296296296294
0 0.490625 0.30092592592592593 0.026041666666666668 0.046296296296296294
0 0.4317708333333333 0.3074074074074074 0.026041666666666668 0.046296296296296294
0 0.4453125 0.30833333333333335 0.026041666666666668 0.046296296296296294
0 0.4739583333333333 0.30925925925925923 0.026041666666666668 0.046296296296296294
0 0.4239583333333333 0.31574074074074077 0.026041666666666668 0.046296296296296294
0 0.5125 0.32314814814814813 0.026041666666666668 0.046296296296296294
0 0.425 0.33240740740740743 0.026041666666666668 0.046296296296296294
0 0.44375 0.3296296296296296 0.026041666666666668 0.046296296296296294
0 0.45677083333333335 0.3314814814814815 0.026041666666666668 0.046296296296296294
4 0.46979166666666666 0.3398148148148148 0.026041666666666668 0.046296296296296294
4 0.4203125 0.34814814814814815 0.026041666666666668 0.046296296296296294
4 0.4453125 0.3435185185185185 0.026041666666666668 0.046296296296296294
4 0.49583333333333335 0.34444444444444444 0.026041666666666668 0.046296296296296294
4 0.503125 0.35 0.026041666666666668 0.046296296296296294
4 0.5255208333333333 0.3490740740740741 0.026041666666666668 0.046296296296296294
4 0.3828125 0.35555555555555557 0.026041666666666668 0.046296296296296294
4 0.39166666666666666 0.35462962962962963 0.026041666666666668 0.046296296296296294
4 0.39895833333333336 0.3527777777777778 0.026041666666666668 0.046296296296296294
4 0.40729166666666666 0.35648148148148145 0.026041666666666668 0.046296296296296294
4 0.4786458333333333 0.35648148148148145 0.026041666666666668 0.046296296296296294
4 0.5119791666666667 0.35555555555555557 0.026041666666666668 0.046296296296296294
4 0.37552083333333336 0.3638888888888889 0.026041666666666668 0.046296296296296294
4 0.3828125 0.3638888888888889 0.026041666666666668 0.046296296296296294
4 0.43333333333333335 0.36574074074074076 0.026041666666666668 0.046296296296296294
4 0.46510416666666665 0.3638888888888889 0.026041666666666668 0.046296296296296294
4 0.4942708333333333 0.362962962962963 0.026041666666666668 0.046296296296296294
4 0.4083333333333333 0.37407407407407406 0.026041666666666668 0.046296296296296294
3 0.6776041666666667 0.36944444444444446 0.026041666666666668 0.046296296296296294
4 0.39479166666666665 0.37777777777777777 0.026041666666666668 0.046296296296296294
4 0.49947916666666664 0.3787037037037037 0.026041666666666668 0.046296296296296294
4 0.65 0.37777777777777777 0.026041666666666668 0.046296296296296294
2 0.21458333333333332 0.38333333333333336 0.026041666666666668 0.046296296296296294
4 0.3885416666666667 0.387037037037037 0.026041666666666668 0.046296296296296294
4 0.4041666666666667 0.3888888888888889 0.026041666666666668 0.046296296296296294
4 0.4484375 0.3851851851851852 0.026041666666666668 0.046296296296296294
2 0.1984375 0.3925925925925926 0.026041666666666668 0.046296296296296294
2 0.22552083333333334 0.3972222222222222 0.026041666666666668 0.046296296296296294
4 0.4947916666666667 0.39537037037037037 0.026041666666666668 0.046296296296296294
4 0.6505208333333333 0.39166666666666666 0.026041666666666668 0.046296296296296294
4 0.503125 0.40370370370370373 0.026041666666666668 0.046296296296296294
4 0.5036458333333333 0.41203703703703703 0.026041666666666668 0.046296296296296294
4 0.5072916666666667 0.4101851851851852 0.026041666666666668 0.046296296296296294
2 0.165625 0.4185185185185185 0.026041666666666668 0.046296296296296294
2 0.19010416666666666 0.41759259259259257 0.026041666666666668 0.046296296296296294
4 0.4947916666666667 0.4166666666666667 0.026041666666666668 0.046296296296296294
4 0.6510416666666666 0.41759259259259257 0.026041666666666668 0.046296296296296294
4 0.44947916666666665 0.42407407407407405 0.026041666666666668 0.046296296296296294
4 0.5203125 0.4324074074074074 0.026041666666666668 0.046296296296296294
4 0.6541666666666667 0.4351851851851852 0.026041666666666668 0.046296296296296294
4 0.4635416666666667 0.44166666666666665 0.026041666666666668 0.046296296296296294
4 0.5041666666666667 0.4388888888888889 0.026041666666666668 0.046296296296296294
4 0.5286458333333334 0.44166666666666665 0.026041666666666668 0.046296296296296294
3 0.7078125 0.4388888888888889 0.026041666666666668 0.046296296296296294
4 0.6572916666666667 0.4546296296296296 0.026041666666666668 0.046296296296296294
3 0.6692708333333334 0.4583333333333333 0.026041666666666668 0.046296296296296294
2 0.2234375 0.46574074074074073 0.026041666666666668 0.046296296296296294
4 0.46041666666666664 0.46111111111111114 0.026041666666666668 0.046296296296296294
4 0.5125 0.46296296296296297 0.026041666666666668 0.046296296296296294
3 0.69375 0.4740740740740741 0.026041666666666668 0.046296296296296294
2 0.2234375 0.47685185185185186 0.026041666666666668 0.046296296296296294
4 0.5171875 0.4787037037037037 0.026041666666666668 0.046296296296296294
4 0.6625 0.47962962962962963 0.026041666666666668 0.046296296296296294
3 0.6822916666666666 0.4888888888888889 0.026041666666666668 0.046296296296296294
4 0.5244791666666667 0.4981481481481482 0.026041666666666668 0.046296296296296294
2 0.14427083333333332 0.5055555555555555 0.026041666666666668 0.046296296296296294
4 0.4786458333333333 0.5064814814814815 0.026041666666666668 0.046296296296296294
4 0.4895833333333333 0.5083333333333333 0.026041666666666668 0.046296296296296294
4 0.6119791666666666 0.5101851851851852 0.026041666666666668 0.046296296296296294
4 0.6375 0.5111111111111111 0.026041666666666668 0.046296296296296294
4 0.5197916666666667 0.5203703703703704 0.026041666666666668 0.046296296296296294
4 0.6661458333333333 0.5268518518518519 0.026041666666666668 0.046296296296296294
4 0.5333333333333333 0.5342592592592592 0.026041666666666668 0.046296296296296294
4 0.43125 0.5388888888888889 0.026041666666666668 0.046296296296296294
4 0.6375 0.5388888888888889 0.026041666666666668 0.046296296296296294
3 0.721875 0.5407407407407407 0.026041666666666668 0.046296296296296294
4 0.61875 0.5472222222222223 0.026041666666666668 0.046296296296296294
4 0.5552083333333333 0.5509259259259259 0.026041666666666668 0.046296296296296294
4 0.5932291666666667 0.5546296296296296 0.026041666666666668 0.046296296296296294
3 0.7302083333333333 0.562037037037037 0.026041666666666668 0.046296296296296294
3 0.7536458333333333 0.5648148148148148 0.026041666666666668 0.046296296296296294
2 0.2203125 0.5731481481481482 0.026041666666666668 0.046296296296296294
4 0.6489583333333333 0.5685185185185185 0.026041666666666668 0.046296296296296294
3 0.7666666666666667 0.5731481481481482 0.026041666666666668 0.046296296296296294
4 0.5375 0.5777777777777777 0.026041666666666668 0.046296296296296294
4 0.5802083333333333 0.5731481481481482 0.026041666666666668 0.046296296296296294
2 0.20833333333333334 0.6055555555555555 0.026041666666666668 0.046296296296296294
4 0.43125 0.6037037037037037 0.026041666666666668 0.046296296296296294
4 0.4869791666666667 0.600925925925926 0.026041666666666668 0.046296296296296294
4 0.5947916666666667 0.6296296296296297 0.026041666666666668 0.046296296296296294
2 0.20572916666666666 0.6361111111111111 0.026041666666666668 0.046296296296296294
2 0.21458333333333332 0.6370370370370371 0.026041666666666668 0.046296296296296294
3 0.7666666666666667 0.6425925925925926 0.026041666666666668 0.046296296296296294
2 0.1734375 0.6481481481481481 0.026041666666666668 0.046296296296296294
4 0.5921875 0.6564814814814814 0.026041666666666668 0.046296296296296294
4 0.44375 0.6601851851851852 0.026041666666666668 0.046296296296296294
4 0.4666666666666667 0.6564814814814814 0.026041666666666668 0.046296296296296294
3 0.6708333333333333 0.6657407407407407 0.026041666666666668 0.046296296296296294
3 0.6989583333333333 0.662962962962963 0.026041666666666668 0.046296296296296294
1 0.7401041666666667 0.6675925925925926 0.026041666666666668 0.046296296296296294
1 0.19166666666666668 0.6842592592592592 0.026041666666666668 0.046296296296296294
1 0.7791666666666667 0.6814814814814815 0.026041666666666668 0.046296296296296294
1 0.17395833333333333 0.6990740740740741 0.026041666666666668 0.046296296296296294
1 0.19895833333333332 0.7138888888888889 0.026041666666666668 0.046296296296296294
1 0.1390625 0.7157407407407408 0.026041666666666668 0.046296296296296294
1 0.17083333333333334 0.7351851851851852 0.026041666666666668 0.046296296296296294
1 0.8895833333333333 0.75 0.026041666666666668 0.046296296296296294
1 0.6807291666666667 0.7805555555555556 0.026041666666666668 0.046296296296296294
1 0.4817708333333333 0.7935185185185185 0.026041666666666668 0.046296296296296294
1 0.8244791666666667 0.8324074074074074 0.026041666666666668 0.046296296296296294
1 0.7713541666666667 0.8379629629629629 0.026041666666666668 0.046296296296296294
1 0.9786458333333333 0.8462962962962963 0.026041666666666668 0.046296296296296294
1 0.7833333333333333 0.8675925925925926 0.026041666666666668 0.046296296296296294
1 0.39947916666666666 0.9185185185185185 0.026041666666666668 0.046296296296296294
1 0.9739583333333334 0.9361111111111111 0.026041666666666668 0.046296296296296294
1 0.4317708333333333 0.9962962962962963 0.026041666666666668 0.046296296296296294
1 0.23229166666666667 0.7129629629629629 0.026041666666666668 0.046296296296296294
1 0.471875 0.9666666666666667 0.026041666666666668 0.046296296296296294
1 0.8239583333333333 0.8648148148148148 0.026041666666666668 0.046296296296296294
1 0.8677083333333333 0.8277777777777777 0.026041666666666668 0.046296296296296294
1 0.990625 0.8648148148148148 0.026041666666666668 0.046296296296296294
4 0.6572916666666667 0.662962962962963 0.026041666666666668 0.046296296296296294
4 0.5104166666666666 0.5555555555555556 0.026041666666666668 0.046296296296296294
3 0.70625 0.5185185185185185 0.026041666666666668 0.046296296296296294
