0 0.4708333333333333 0.09537037037037037 0.026041666666666668 0.046296296296296294
0 0.490625 0.09722222222222222 0.026041666666666668 0.046296296296296294
0 0.48333333333333334 0.10648148148148148 0.026041666666666668 0.046296296296296294
0 0.4703125 0.11481481481481481 0.026041666666666668 0.046296296296296294
0 0.4786458333333333 0.12314814814814815 0.026041666666666668 0.046296296296296294
0 0.46979166666666666 0.13148148148148148 0.026041666666666668 0.046296296296296294
0 0.4427083333333333 0.13148148148148148 0.026041666666666668 0.046296296296296294
0 0.44895833333333335 0.13425925925925927 0.026041666666666668 0.046296296296296294
0 0.4552083333333333 0.13148148148148148 0.026041666666666668 0.046296296296296294
0 0.4609375 0.1361111111111111 0.026041666666666668 0.046296296296296294
0 0.49114583333333334 0.14166666666666666 0.026041666666666668 0.046296296296296294
0 0.4630208333333333 0.15185185185185185 0.026041666666666668 0.046296296296296294
0 0.4713541666666667 0.14907407407407408 0.026041666666666668 0.046296296296296294
0 0.478125 0.15185185185185185 0.026041666666666668 0.046296296296296294
0 0.4322916666666667 0.1814814814814815 0.026041666666666668 0.046296296296296294
0 0.45677083333333335 0.21296296296296297 0.026041666666666668 0.046296296296296294
0 0.4625 0.2101851851851852 0.026041666666666668 0.046296296296296294
0 0.46979166666666666 0.22037037037037038 0.026041666666666668 0.046296296296296294
0 0.5026041666666666 0.22962962962962963 0.026041666666666668 0.046296296296296294
0 0.4203125 0.2361111111111111 0.026041666666666668 0.046296296296296294
0 0.45208333333333334 0.24166666666666667 0.026041666666666668 0.046296296296296294
0 0.47604166666666664 0.23703703703703705 0.026041666666666668 0.046296296296296294
0 0.48125 0.23703703703703705 0.026041666666666668 0.046296296296296294
0 0.5088541666666667 0.23981481481481481 0.026041666666666668 0.046296296296296294
0 0.46979166666666666 0.24444444444444444 0.026041666666666668 0.046296296296296294
0 0.5125 0.24722222222222223 0.026041666666666668 0.046296296296296294
0 0.453125 0.2518518518518518 0.026041666666666668 0.046296296296296294
0 0.5192708333333333 0.25462962962962965 0.026041666666666668 0.046296296296296294
0 0.4244791666666667 0.26296296296296295 0.026041666666666668 0.046296296296296294
0 0.475 0.262037037037037 0.026041666666666668 0.046296296296296294
0 0.48385416666666664 0.2601851851851852 0.026041666666666668 0.046296296296296294
0 0.4984375 0.2638888888888889 0.026041666666666668 0.046296296296296294
0 0.4588541666666667 0.2675925925925926 0.026041666666666668 0.046296296296296294
0 0.49114583333333334 0.26944444444444443 0.026041666666666668 0.046296296296296294
0 0.4203125 0.28055555555555556 0.026041666666666668 0.046296296296296294
0 0.5203125 0.27685185185185185 0.026041666666666668 0.046296296296296294
0 0.5270833333333333 0.2777777777777778 0.026041666666666668 0.046296296296296294
0 0.4869791666666667 0.2851851851851852 0.026041666666666668 0.046296296296296294
0 0.5078125 0.2851851851851852 0.026041666666666668 0.046296296296296294
0 0.44479166666666664 0.2935185185185185 0.026041666666666668 0.046296296296296294
0 0.45677083333333335 0.2916666666666667 0.026041666666666668 0.046296296296296294
0 0.4739583333333333 0.2935185185185185 0.026041666666666668 0.046296296296296294
0 0.46770833333333334 0.30277777777777776 0.026041666666666668 0.046296296296296294
0 0.4114583333333333 0.30833333333333335 0.026041666666666668 0.046296296296296294
0 0.4375 0.3074074074074074 0.026041666666666668 0.046296296296296294
0 0.4583333333333333 0.3074074074074074 0.026041666666666668 0.046296296296296294
0 0.49947916666666664 0.30833333333333335 0.026041666666666668 0.046296296296296294
0 0.5286458333333334 0.30833333333333335 0.026041666666666668 0.046296296296296294
0 0.44114583333333335 0.3175925925925926 0.026041666666666668 0.046296296296296294
0 0.45364583333333336 0.3175925925925926 0.026041666666666668 0.046296296296296294
0 0.4869791666666667 0.3175925925925926 0.026041666666666668 0.046296296296296294
0 0.4453125 0.32407407407407407 0.026041666666666668 0.046296296296296294
0 0.465625 0.325 0.026041666666666668 0.046296296296296294
0 0.5145833333333333 0.32407407407407407 0.026041666666666668 0.046296296296296294
4 0.4578125 0.3333333333333333 0.026041666666666668 0.046296296296296294
4 0.5067708333333333 0.34074074074074073 0.026041666666666668 0.046296296296296294
3 0.7078125 0.3398148148148148 0.026041666666666668 0.046296296296296294
4 0.4083333333333333 0.3509259259259259 0.026041666666666668 0.046296296296296294
4 0.4161458333333333 0.35 0.026041666666666668 0.046296296296296294
4 0.5067708333333333 0.3472222222222222 0.026041666666666668 0.046296296296296294
4 0.3953125 0.35462962962962963 0.026041666666666668 0.046296296296296294
4 0.48802083333333335 0.35555555555555557 0.026041666666666668 0.046296296296296294
4 0.5364583333333334 0.35648148148148145 0.026041666666666668 0.046296296296296294
3 0.6854166666666667 0.3537037037037037 0.026041666666666668 0.046296296296296294
4 0.3796875 0.36574074074074076 0.026041666666666668 0.046296296296296294
4 0.3880208333333333 0.3638888888888889 0.026041666666666668 0.046296296296296294
4 0.42916666666666664 0.36666666666666664 0.026041666666666668 0.046296296296296294
4 0.5026041666666666 0.3638888888888889 0.026041666666666668 0.046296296296296294
4 0.5151041666666667 0.3685185185185185 0.026041666666666668 0.046296296296296294
4 0.65 0.37037037037037035 0.026041666666666668 0.046296296296296294
4 0.6541666666666667 0.37037037037037035 0.026041666666666668 0.046296296296296294
4 0.4119791666666667 0.38055555555555554 0.026041666666666668 0.046296296296296294
4 0.42083333333333334 0.387037037037037 0.026041666666666668 0.046296296296296294
4 0.45416666666666666 0.3851851851851852 0.026041666666666668 0.046296296296296294
4 0.4125 0.39444444444444443 0.026041666666666668 0.046296296296296294
4 0.44635416666666666 0.4027777777777778 0.026041666666666668 0.046296296296296294
4 0.5083333333333333 0.4009259259259259 0.026041666666666668 0.046296296296296294
4 0.6536458333333334 0.4027777777777778 0.026041666666666668 0.046296296296296294
4 0.425 0.4083333333333333 0.026041666666666668 0.046296296296296294
2 0.18125 0.42407407407407405 0.026041666666666668 0.046296296296296294
4 0.43645833333333334 0.42685185185185187 0.026041666666666668 0.046296296296296294
4 0.5114583333333333 0.425 0.026041666666666668 0.046296296296296294
4 0.5479166666666667 0.42407407407407405 0.026041666666666668 0.046296296296296294
4 0.65 0.42685185185185187 0.026041666666666668 0.046296296296296294
4 0.5197916666666667 0.43333333333333335 0.026041666666666668 0.046296296296296294
4 0.6619791666666667 0.4361111111111111 0.026041666666666668 0.046296296296296294
4 0.4234375 0.4425925925925926 0.026041666666666668 0.046296296296296294
4 0.453125 0.4444444444444444 0.026041666666666668 0.046296296296296294
4 0.4864583333333333 0.4398148148148148 0.026041666666666668 0.046296296296296294
4 0.49947916666666664 0.44166666666666665 0.026041666666666668 0.046296296296296294
3 0.7119791666666667 0.44166666666666665 0.026041666666666668 0.046296296296296294
4 0.4453125 0.45092592592592595 0.026041666666666668 0.046296296296296294
4 0.46458333333333335 0.44907407407407407 0.026041666666666668 0.046296296296296294
4 0.525 0.45 0.026041666666666668 0.046296296296296294
4 0.5109375 0.4564814814814815 0.026041666666666668 0.046296296296296294
4 0.6614583333333334 0.4537037037037037 0.026041666666666668 0.046296296296296294
4 0.5453125 0.46574074074074073 0.026041666666666668 0.046296296296296294
4 0.5119791666666667 0.46944444444444444 0.026041666666666668 0.046296296296296294
4 0.5234375 0.47314814814814815 0.026041666666666668 0.046296296296296294
2 0.21927083333333333 0.4787037037037037 0.026041666666666668 0.046296296296296294
4 0.528125 0.487962962962963 0.026041666666666668 0.046296296296296294
4 0.6234375 0.487962962962963 0.026041666666666668 0.046296296296296294
3 0.6973958333333333 0.49537037037037035 0.026041666666666668 0.046296296296296294
4 0.5203125 0.5037037037037037 0.026041666666666668 0.046296296296296294
4 0.484375 0.5157407407407407 0.026041666666666668 0.046296296296296294
4 0.6317708333333333 0.5157407407407407 0.026041666666666668 0.046296296296296294
4 0.6494791666666667 0.5194444444444445 0.026041666666666668 0.046296296296296294
3 0.6989583333333333 0.5166666666666667 0.026041666666666668 0.046296296296296294
4 0.5328125 0.5277777777777778 0.026041666666666668 0.046296296296296294
4 0.665625 0.5268518518518519 0.026041666666666668 0.046296296296296294
4 0.559375 0.5333333333333333 0.026041666666666668 0.046296296296296294
3 0.7291666666666666 0.5342592592592592 0.026041666666666668 0.046296296296296294
4 0.58125 0.549074074074074 0.026041666666666668 0.046296296296296294
4 0.6369791666666667 0.549074074074074 0.026041666666666668 0.046296296296296294
4 0.6182291666666667 0.5583333333333333 0.026041666666666668 0.046296296296296294
3 0.7364583333333333 0.5564814814814815 0.026041666666666668 0.046296296296296294
3 0.7526041666666666 0.5583333333333333 0.026041666666666668 0.046296296296296294
4 0.5927083333333333 0.5657407407407408 0.026041666666666668 0.046296296296296294
4 0.5171875 0.575 0.026041666666666668 0.046296296296296294
4 0.5453125 0.5722222222222222 0.026041666666666668 0.046296296296296294
3 0.7661458333333333 0.5740740740740741 0.026041666666666668 0.046296296296296294
4 0.5046875 0.5833333333333334 0.026041666666666668 0.046296296296296294
4 0.6291666666666667 0.5787037037037037 0.026041666666666668 0.046296296296296294
4 0.659375 0.5879629629629629 0.026041666666666668 0.046296296296296294
4 0.4984375 0.5972222222222222 0.026041666666666668 0.046296296296296294
4 0.5161458333333333 0.6074074074074074 0.026041666666666668 0.046296296296296294
4 0.471875 0.6277777777777778 0.026041666666666668 0.046296296296296294
3 0.753125 0.6287037037037037 0.026041666666666668 0.046296296296296294
4 0.5119791666666667 0.6509259259259259 0.026041666666666668 0.046296296296296294
4 0.540625 0.662962962962963 0.026041666666666668 0.046296296296296294
1 0.7213541666666666 0.6768518518518518 0.026041666666666668 0.046296296296296294
1 0.6348958333333333 0.6777777777777778 0.026041666666666668 0.046296296296296294
1 0.771875 0.6703703703703704 0.026041666666666668 0.046296296296296294
1 0.7046875 0.687962962962963 0.026041666666666668 0.046296296296296294
1 0.7447916666666666 0.6981481481481482 0.026041666666666668 0.046296296296296294
1 0.6755208333333333 0.700925925925926 0.026041666666666668 0.046296296296296294
1 0.8822916666666667 0.7453703703703703 0.026041666666666668 0.046296296296296294
1 0.47604166666666664 0.8083333333333333 0.026041666666666668 0.046296296296296294
1 0.7671875 0.8388888888888889 0.026041666666666668 0.046296296296296294
1 0.978125 0.8462962962962963 0.026041666666666668 0.046296296296296294
1 0.815625 0.912962962962963 0.026041666666666668 0.046296296296296294
1 0.9411458333333333 0.9962962962962963 0.026041666666666668 0.046296296296296294
1 0.8302083333333333 0.8777777777777778 0.026041666666666668 0.046296296296296294
1 0.8239583333333333 0.8388888888888889 0.026041666666666668 0.046296296296296294
1 0.9479166666666666 0.937037037037037 0.026041666666666668 0.046296296296296294
1 0.9916666666666667 0.8685185185185185 0.026041666666666668 0.046296296296296294
1 0.8760416666666667 0.8166666666666667 0.026041666666666668 0.046296296296296294
3 0.7645833333333333 0.5314814814814814 0.026041666666666668 0.046296296296296294
4 0.6364583333333333 0.5944444444444444 0.026041666666666668 0.046296296296296294
4 0.6135416666666667 0.6370370370370371 0.026041666666666668 0.046296296296296294
4 0.5947916666666667 0.6037037037037037 0.026041666666666668 0.046296296296296294
2 0.215625 0.5666666666666667 0.026041666666666668 0.046296296296296294
2 0.19479166666666667 0.4722222222222222 0.026041666666666668 0.046296296296296294
2 0.21979166666666666 0.3907407407407407 0.026041666666666668 0.046296296296296294
2 0.19166666666666668 0.3925925925925926 0.026041666666666668 0.046296296296296294
0 0.6895833333333333 0.28703703703703703 0.026041666666666668 0.046296296296296294
