0 0.47604166666666664 0.09814814814814815 0.026041666666666668 0.046296296296296294
0 0.4786458333333333 0.09907407407407408 0.026041666666666668 0.046296296296296294
0 0.4828125 0.0962962962962963 0.026041666666666668 0.046296296296296294
0 0.4869791666666667 0.09814814814814815 0.026041666666666668 0.046296296296296294
0 0.46979166666666666 0.12037037037037036 0.026041666666666668 0.046296296296296294
0 0.48333333333333334 0.12037037037037036 0.026041666666666668 0.046296296296296294
0 0.490625 0.12037037037037036 0.026041666666666668 0.046296296296296294
0 0.459375 0.12685185185185185 0.026041666666666668 0.046296296296296294
0 0.478125 0.12962962962962962 0.026041666666666668 0.046296296296296294
0 0.43802083333333336 0.13703703703703704 0.026041666666666668 0.046296296296296294
0 0.4421875 0.13518518518518519 0.026041666666666668 0.046296296296296294
0 0.4625 0.13703703703703704 0.026041666666666668 0.046296296296296294
0 0.4703125 0.1398148148148148 0.026041666666666668 0.046296296296296294
0 0.48333333333333334 0.13796296296296295 0.026041666666666668 0.046296296296296294
0 0.490625 0.13703703703703704 0.026041666666666668 0.046296296296296294
0 0.4739583333333333 0.14722222222222223 0.026041666666666668 0.046296296296296294
0 0.48333333333333334 0.15462962962962962 0.026041666666666668 0.046296296296296294
0 0.46197916666666666 0.15833333333333333 0.026041666666666668 0.046296296296296294
0 0.465625 0.16944444444444445 0.026041666666666668 0.046296296296296294
0 0.5005208333333333 0.16574074074074074 0.026041666666666668 0.046296296296296294
0 0.5041666666666667 0.1675925925925926 0.026041666666666668 0.046296296296296294
0 0.44947916666666665 0.17685185185185184 0.026041666666666668 0.046296296296296294
0 0.4744791666666667 0.175 0.026041666666666668 0.046296296296296294
0 0.4869791666666667 0.17685185185185184 0.026041666666666668 0.046296296296296294
0 0.48385416666666664 0.18425925925925926 0.026041666666666668 0.046296296296296294
0 0.5166666666666667 0.2074074074074074 0.026041666666666668 0.046296296296296294
0 0.44895833333333335 0.21388888888888888 0.026041666666666668 0.046296296296296294
0 0.4484375 0.22685185185185186 0.026041666666666668 0.046296296296296294
0 0.4609375 0.22870370370370371 0.026041666666666668 0.046296296296296294
0 0.47239583333333335 0.22962962962962963 0.026041666666666668 0.046296296296296294
0 0.48541666666666666 0.23703703703703705 0.026041666666666668 0.046296296296296294
0 0.4276041666666667 0.24444444444444444 0.026041666666666668 0.046296296296296294
0 0.4505208333333333 0.24537037037037038 0.026041666666666668 0.046296296296296294
0 0.4276041666666667 0.26666666666666666 0.026041666666666668 0.046296296296296294
0 0.44375 0.2675925925925926 0.026041666666666668 0.046296296296296294
0 0.49947916666666664 0.2675925925925926 0.026041666666666668 0.046296296296296294
0 0.534375 0.2777777777777778 0.026041666666666668 0.046296296296296294
0 0.4703125 0.2824074074074074 0.026041666666666668 0.046296296296296294
0 0.5072916666666667 0.28703703703703703 0.026041666666666668 0.046296296296296294
0 0.6958333333333333 0.2861111111111111 0.026041666666666668 0.046296296296296294
0 0.44114583333333335 0.2962962962962963 0.026041666666666668 0.046296296296296294
0 0.49947916666666664 0.29259259259259257 0.026041666666666668 0.046296296296296294
0 0.4864583333333333 0.30185185185185187 0.026041666666666668 0.046296296296296294
0 0.5125 0.30185185185185187 0.026041666666666668 0.046296296296296294
0 0.4328125 0.31203703703703706 0.026041666666666668 0.046296296296296294
0 0.6994791666666667 0.30925925925925923 0.026041666666666668 0.046296296296296294
0 0.4921875 0.31666666666666665 0.026041666666666668 0.046296296296296294
0 0.5072916666666667 0.3175925925925926 0.026041666666666668 0.046296296296296294
0 0.7083333333333334 0.31574074074074077 0.026041666666666668 0.046296296296296294
0 0.515625 0.32314814814814813 0.026041666666666668 0.046296296296296294
0 0.4239583333333333 0.33055555555555555 0.026041666666666668 0.046296296296296294
0 0.44427083333333334 0.33240740740740743 0.026041666666666668 0.046296296296296294
4 0.49583333333333335 0.3333333333333333 0.026041666666666668 0.046296296296296294
4 0.5072916666666667 0.3351851851851852 0.026041666666666668 0.046296296296296294
4 0.45364583333333336 0.3398148148148148 0.026041666666666668 0.046296296296296294
4 0.44479166666666664 0.34444444444444444 0.026041666666666668 0.046296296296296294
4 0.5078125 0.34814814814814815 0.026041666666666668 0.046296296296296294
4 0.37864583333333335 0.3537037037037037 0.026041666666666668 0.046296296296296294
4 0.41354166666666664 0.35555555555555557 0.026041666666666668 0.046296296296296294
4 0.44947916666666665 0.35648148148148145 0.026041666666666668 0.046296296296296294
4 0.4739583333333333 0.35185185185185186 0.026041666666666668 0.046296296296296294
4 0.6494791666666667 0.3527777777777778 0.026041666666666668 0.046296296296296294
4 0.40677083333333336 0.3712962962962963 0.026041666666666668 0.046296296296296294
4 0.5067708333333333 0.3685185185185185 0.026041666666666668 0.046296296296296294
4 0.4171875 0.3861111111111111 0.026041666666666668 0.046296296296296294
4 0.440625 0.39444444444444443 0.026041666666666668 0.046296296296296294
4 0.4973958333333333 0.39166666666666666 0.026041666666666668 0.046296296296296294
4 0.5161458333333333 0.39351851851851855 0.026041666666666668 0.046296296296296294
2 0.17864583333333334 0.40925925925925927 0.026041666666666668 0.046296296296296294
2 0.2109375 0.41203703703703703 0.026041666666666668 0.046296296296296294
4 0.48802083333333335 0.4101851851851852 0.026041666666666668 0.046296296296296294
4 0.5072916666666667 0.4111111111111111 0.026041666666666668 0.046296296296296294
2 0.19895833333333332 0.41574074074074074 0.026041666666666668 0.046296296296296294
3 0.6734375 0.4287037037037037 0.026041666666666668 0.046296296296296294
2 0.21041666666666667 0.4361111111111111 0.026041666666666668 0.046296296296296294
4 0.5166666666666667 0.4361111111111111 0.026041666666666668 0.046296296296296294
4 0.653125 0.4425925925925926 0.026041666666666668 0.046296296296296294
3 0.6942708333333333 0.4398148148148148 0.026041666666666668 0.046296296296296294
4 0.41510416666666666 0.44722222222222224 0.026041666666666668 0.046296296296296294
4 0.5083333333333333 0.45092592592592595 0.026041666666666668 0.046296296296296294
3 0.6682291666666667 0.44722222222222224 0.026041666666666668 0.046296296296296294
4 0.5401041666666667 0.462037037037037 0.026041666666666668 0.046296296296296294
3 0.6864583333333333 0.46296296296296297 0.026041666666666668 0.046296296296296294
4 0.5203125 0.4740740740740741 0.026041666666666668 0.046296296296296294
4 0.6489583333333333 0.4722222222222222 0.026041666666666668 0.046296296296296294
4 0.58125 0.47962962962962963 0.026041666666666668 0.046296296296296294
4 0.49947916666666664 0.487962962962963 0.026041666666666668 0.046296296296296294
4 0.515625 0.4898148148148148 0.026041666666666668 0.046296296296296294
3 0.6713541666666667 0.49444444444444446 0.026041666666666668 0.046296296296296294
4 0.6088541666666667 0.5037037037037037 0.026041666666666668 0.046296296296296294
3 0.6828125 0.5018518518518519 0.026041666666666668 0.046296296296296294
4 0.5869791666666667 0.5083333333333333 0.026041666666666668 0.046296296296296294
4 0.6161458333333333 0.5120370370370371 0.026041666666666668 0.046296296296296294
4 0.51875 0.5203703703703704 0.026041666666666668 0.046296296296296294
4 0.6041666666666666 0.5203703703703704 0.026041666666666668 0.046296296296296294
4 0.6229166666666667 0.5259259259259259 0.026041666666666668 0.046296296296296294
3 0.6979166666666666 0.5268518518518519 0.026041666666666668 0.046296296296296294
3 0.6692708333333334 0.5333333333333333 0.026041666666666668 0.046296296296296294
3 0.7161458333333334 0.5324074074074074 0.026041666666666668 0.046296296296296294
4 0.5177083333333333 0.55 0.026041666666666668 0.046296296296296294
4 0.6375 0.5601851851851852 0.026041666666666668 0.046296296296296294
4 0.6192708333333333 0.5731481481481482 0.026041666666666668 0.046296296296296294
4 0.4166666666666667 0.5824074074074074 0.026041666666666668 0.046296296296296294
4 0.6619791666666667 0.5787037037037037 0.026041666666666668 0.046296296296296294
3 0.7703125 0.5833333333333334 0.026041666666666668 0.046296296296296294
4 0.6369791666666667 0.5879629629629629 0.026041666666666668 0.046296296296296294
4 0.44635416666666666 0.5851851851851851 0.026041666666666668 0.046296296296296294
4 0.4739583333333333 0.5935185185185186 0.026041666666666668 0.046296296296296294
4 0.5171875 0.5907407407407408 0.026041666666666668 0.046296296296296294
4 0.6072916666666667 0.5962962962962963 0.026041666666666668 0.046296296296296294
4 0.6583333333333333 0.6212962962962963 0.026041666666666668 0.046296296296296294
4 0.40208333333333335 0.6203703703703703 0.026041666666666668 0.046296296296296294
4 0.5770833333333333 0.6425925925925926 0.026041666666666668 0.046296296296296294
3 0.7661458333333333 0.649074074074074 0.026041666666666668 0.046296296296296294
4 0.5578125 0.6574074074074074 0.026041666666666668 0.046296296296296294
1 0.7755208333333333 0.6722222222222223 0.026041666666666668 0.046296296296296294
1 0.5744791666666667 0.6898148148148148 0.026041666666666668 0.046296296296296294
1 0.9026041666666667 0.7407407407407407 0.026041666666666668 0.046296296296296294
1 0.646875 0.7583333333333333 0.026041666666666668 0.046296296296296294
1 0.83125 0.7712962962962963 0.026041666666666668 0.046296296296296294
1 0.6359375 0.8027777777777778 0.026041666666666668 0.046296296296296294
1 0.8666666666666667 0.8064814814814815 0.026041666666666668 0.046296296296296294
1 0.18802083333333333 0.7981481481481482 0.026041666666666668 0.046296296296296294
1 0.825 0.8407407407407408 0.026041666666666668 0.046296296296296294
1 0.1546875 0.8453703703703703 0.026041666666666668 0.046296296296296294
1 0.7421875 0.8333333333333334 0.026041666666666668 0.046296296296296294
1 0.8739583333333333 0.8416666666666667 0.026041666666666668 0.046296296296296294
1 0.5567708333333333 0.8425925925925926 0.026041666666666668 0.046296296296296294
1 0.3921875 0.8555555555555555 0.026041666666666668 0.046296296296296294
1 0.434375 0.887962962962963 0.026041666666666668 0.046296296296296294
1 0.865625 0.9018518518518519 0.026041666666666668 0.046296296296296294
1 0.12604166666666666 0.9074074074074074 0.026041666666666668 0.046296296296296294
1 0.4666666666666667 0.9027777777777778 0.026041666666666668 0.046296296296296294
1 0.184375 0.9231481481481482 0.026041666666666668 0.046296296296296294
1 0.24375 0.9166666666666666 0.026041666666666668 0.046296296296296294
1 0.27291666666666664 0.9157407407407407 0.026041666666666668 0.046296296296296294
1 0.7328125 0.9361111111111111 0.026041666666666668 0.046296296296296294
1 0.521875 0.9453703703703704 0.026041666666666668 0.046296296296296294
1 0.9822916666666667 0.9592592592592593 0.026041666666666668 0.046296296296296294
1 0.1125 0.9722222222222222 0.026041666666666668 0.046296296296296294
1 0.2760416666666667 0.9518518518518518 0.026041666666666668 0.046296296296296294
4 0.4375 0.6222222222222222 0.026041666666666668 0.046296296296296294
4 0.3770833333333333 0.5907407407407408 0.026041666666666668 0.046296296296296294
2 0.22083333333333333 0.37592592592592594 0.026041666666666668 0.046296296296296294
4 0.525 0.6222222222222222 0.026041666666666668 0.046296296296296294
4 0.6083333333333333 0.6444444444444445 0.026041666666666668 0.046296296296296294
3 0.7260416666666667 0.6351851851851852 0.026041666666666668 0.046296296296296294
1 0.721875 0.7222222222222222 0.026041666666666668 0.046296296296296294
3 0.7552083333333334 0.6166666666666667 0.026041666666666668 0.046296296296296294
3 0.7364583333333333 0.5703703703703704 0.026041666666666668 0.046296296296296294
3 0.7572916666666667 0.5666666666666667 0.026041666666666668 0.046296296296296294
1 0.8802083333333334 0.7351851851851852 0.026041666666666668 0.046296296296296294
1 0.8239583333333333 0.8685185185185185 0.026041666666666668 0.046296296296296294
1 0.8125 0.9351851851851852 0.026041666666666668 0.046296296296296294
1 0.8604166666666667 0.9592592592592593 0.026041666666666668 0.046296296296296294
3 0.709375 0.4462962962962963 0.026041666666666668 0.046296296296296294
4 0.6197916666666666 0.6129629629629629 0.026041666666666668 0.046296296296296294
