0 0.47604166666666664 0.09814814814814815 0.026041666666666668 0.046296296296296294
0 0.48020833333333335 0.09722222222222222 0.026041666666666668 0.046296296296296294
0 0.4822916666666667 0.09907407407407408 0.026041666666666668 0.046296296296296294
0 0.4859375 0.09814814814814815 0.026041666666666668 0.046296296296296294
0 0.46979166666666666 0.11388888888888889 0.026041666666666668 0.046296296296296294
0 0.42552083333333335 0.11851851851851852 0.026041666666666668 0.046296296296296294
0 0.4421875 0.11851851851851852 0.026041666666666668 0.046296296296296294
0 0.4786458333333333 0.12037037037037036 0.026041666666666668 0.046296296296296294
0 0.49114583333333334 0.12129629629629629 0.026041666666666668 0.046296296296296294
0 0.4421875 0.13703703703703704 0.026041666666666668 0.046296296296296294
0 0.44947916666666665 0.13425925925925927 0.026041666666666668 0.046296296296296294
0 0.45364583333333336 0.13333333333333333 0.026041666666666668 0.046296296296296294
0 0.4630208333333333 0.13518518518518519 0.026041666666666668 0.046296296296296294
0 0.4713541666666667 0.13796296296296295 0.026041666666666668 0.046296296296296294
0 0.48333333333333334 0.13703703703703704 0.026041666666666668 0.046296296296296294
0 0.4953125 0.1388888888888889 0.026041666666666668 0.046296296296296294
0 0.428125 0.1425925925925926 0.026041666666666668 0.046296296296296294
0 0.4578125 0.1537037037037037 0.026041666666666668 0.046296296296296294
0 0.4890625 0.15648148148148147 0.026041666666666668 0.046296296296296294
0 0.43802083333333336 0.16111111111111112 0.026041666666666668 0.046296296296296294
0 0.4796875 0.16018518518518518 0.026041666666666668 0.046296296296296294
0 0.43854166666666666 0.17407407407407408 0.026041666666666668 0.046296296296296294
0 0.4630208333333333 0.17222222222222222 0.026041666666666668 0.046296296296296294
0 0.46979166666666666 0.1787037037037037 0.026041666666666668 0.046296296296296294
0 0.49947916666666664 0.17222222222222222 0.026041666666666668 0.046296296296296294
0 0.5088541666666667 0.18055555555555555 0.026041666666666668 0.046296296296296294
0 0.48125 0.2074074074074074 0.026041666666666668 0.046296296296296294
0 0.4421875 0.22037037037037038 0.026041666666666668 0.046296296296296294
0 0.4703125 0.2324074074074074 0.026041666666666668 0.046296296296296294
0 0.5161458333333333 0.23148148148148148 0.026041666666666668 0.046296296296296294
0 0.4635416666666667 0.2351851851851852 0.026041666666666668 0.046296296296296294
0 0.4739583333333333 0.2388888888888889 0.026041666666666668 0.046296296296296294
0 0.5161458333333333 0.27870370370370373 0.026041666666666668 0.046296296296296294
0 0.534375 0.27685185185185185 0.026041666666666668 0.046296296296296294
0 0.5401041666666667 0.2796296296296296 0.026041666666666668 0.046296296296296294
0 0.47760416666666666 0.28425925925925927 0.026041666666666668 0.046296296296296294
0 0.5083333333333333 0.28425925925925927 0.026041666666666668 0.046296296296296294
0 0.5203125 0.28703703703703703 0.026041666666666668 0.046296296296296294
0 0.44895833333333335 0.29907407407407405 0.026041666666666668 0.046296296296296294
0 0.49635416666666665 0.29907407407407405 0.026041666666666668 0.046296296296296294
0 0.5041666666666667 0.30185185185185187 0.026041666666666668 0.046296296296296294
0 0.5151041666666667 0.30185185185185187 0.026041666666666668 0.046296296296296294
0 0.421875 0.3037037037037037 0.026041666666666668 0.046296296296296294
0 0.4317708333333333 0.30648148148148147 0.026041666666666668 0.046296296296296294
0 0.465625 0.30648148148148147 0.026041666666666668 0.046296296296296294
0 0.6989583333333333 0.30925925925925923 0.026041666666666668 0.046296296296296294
0 0.5 0.3175925925925926 0.026041666666666668 0.046296296296296294
0 0.515625 0.3138888888888889 0.026041666666666668 0.046296296296296294
0 0.42083333333333334 0.325 0.026041666666666668 0.046296296296296294
0 0.5104166666666666 0.32685185185185184 0.026041666666666668 0.046296296296296294
0 0.4401041666666667 0.3314814814814815 0.026041666666666668 0.046296296296296294
0 0.4953125 0.33055555555555555 0.026041666666666668 0.046296296296296294
4 0.45260416666666664 0.34074074074074073 0.026041666666666668 0.046296296296296294
4 0.5067708333333333 0.3453703703703704 0.026041666666666668 0.046296296296296294
4 0.42864583333333334 0.3472222222222222 0.026041666666666668 0.046296296296296294
4 0.4484375 0.35185185185185186 0.026041666666666668 0.046296296296296294
4 0.5005208333333333 0.34629629629629627 0.026041666666666668 0.046296296296296294
4 0.3770833333333333 0.35462962962962963 0.026041666666666668 0.046296296296296294
4 0.3854166666666667 0.35462962962962963 0.026041666666666668 0.046296296296296294
4 0.3890625 0.35462962962962963 0.026041666666666668 0.046296296296296294
4 0.4109375 0.3527777777777778 0.026041666666666668 0.046296296296296294
4 0.46979166666666666 0.3574074074074074 0.026041666666666668 0.046296296296296294
4 0.45 0.362962962962963 0.026041666666666668 0.046296296296296294
4 0.5072916666666667 0.36574074074074076 0.026041666666666668 0.046296296296296294
4 0.46145833333333336 0.36944444444444446 0.026041666666666668 0.046296296296296294
4 0.5166666666666667 0.37222222222222223 0.026041666666666668 0.046296296296296294
4 0.6515625 0.37037037037037035 0.026041666666666668 0.046296296296296294
2 0.2203125 0.37962962962962965 0.026041666666666668 0.046296296296296294
2 0.1953125 0.387037037037037 0.026041666666666668 0.046296296296296294
4 0.3859375 0.38333333333333336 0.026041666666666668 0.046296296296296294
4 0.4947916666666667 0.387037037037037 0.026041666666666668 0.046296296296296294
4 0.503125 0.3851851851851852 0.026041666666666668 0.046296296296296294
4 0.6552083333333333 0.38796296296296295 0.026041666666666668 0.046296296296296294
4 0.5125 0.39537037037037037 0.026041666666666668 0.046296296296296294
3 0.7609375 0.39166666666666666 0.026041666666666668 0.046296296296296294
4 0.4875 0.4027777777777778 0.026041666666666668 0.046296296296296294
2 0.17864583333333334 0.4101851851851852 0.026041666666666668 0.046296296296296294
2 0.19010416666666666 0.4111111111111111 0.026041666666666668 0.046296296296296294
2 0.20364583333333333 0.4083333333333333 0.026041666666666668 0.046296296296296294
2 0.21666666666666667 0.41203703703703703 0.026041666666666668 0.046296296296296294
4 0.39427083333333335 0.4083333333333333 0.026041666666666668 0.046296296296296294
4 0.6557291666666667 0.40925925925925927 0.026041666666666668 0.046296296296296294
4 0.6619791666666667 0.4111111111111111 0.026041666666666668 0.046296296296296294
4 0.4119791666666667 0.4166666666666667 0.026041666666666668 0.046296296296296294
4 0.49166666666666664 0.42777777777777776 0.026041666666666668 0.046296296296296294
4 0.6546875 0.4324074074074074 0.026041666666666668 0.046296296296296294
4 0.6619791666666667 0.4324074074074074 0.026041666666666668 0.046296296296296294
3 0.6895833333333333 0.4305555555555556 0.026041666666666668 0.046296296296296294
4 0.44114583333333335 0.4398148148148148 0.026041666666666668 0.046296296296296294
4 0.45677083333333335 0.4398148148148148 0.026041666666666668 0.046296296296296294
4 0.4859375 0.44351851851851853 0.026041666666666668 0.046296296296296294
4 0.5239583333333333 0.44166666666666665 0.026041666666666668 0.046296296296296294
3 0.6697916666666667 0.4398148148148148 0.026041666666666668 0.046296296296296294
3 0.6989583333333333 0.4398148148148148 0.026041666666666668 0.046296296296296294
4 0.4708333333333333 0.44814814814814813 0.026041666666666668 0.046296296296296294
4 0.665625 0.45 0.026041666666666668 0.046296296296296294
4 0.5161458333333333 0.45740740740740743 0.026041666666666668 0.046296296296296294
4 0.5333333333333333 0.45555555555555555 0.026041666666666668 0.046296296296296294
4 0.3776041666666667 0.4648148148148148 0.026041666666666668 0.046296296296296294
4 0.41875 0.46574074074074073 0.026041666666666668 0.046296296296296294
3 0.6776041666666667 0.4648148148148148 0.026041666666666668 0.046296296296296294
4 0.396875 0.4703703703703704 0.026041666666666668 0.046296296296296294
4 0.5 0.4722222222222222 0.026041666666666668 0.046296296296296294
4 0.5104166666666666 0.4740740740740741 0.026041666666666668 0.046296296296296294
4 0.45364583333333336 0.4777777777777778 0.026041666666666668 0.046296296296296294
4 0.4947916666666667 0.487962962962963 0.026041666666666668 0.046296296296296294
4 0.6239583333333333 0.487962962962963 0.026041666666666668 0.046296296296296294
4 0.6114583333333333 0.5009259259259259 0.026041666666666668 0.046296296296296294
3 0.6786458333333333 0.5018518518518519 0.026041666666666668 0.046296296296296294
3 0.6916666666666667 0.5037037037037037 0.026041666666666668 0.046296296296296294
4 0.6578125 0.5101851851851852 0.026041666666666668 0.046296296296296294
4 0.5953125 0.5194444444444445 0.026041666666666668 0.046296296296296294
3 0.6947916666666667 0.5212962962962963 0.026041666666666668 0.046296296296296294
4 0.46197916666666666 0.5268518518518519 0.026041666666666668 0.046296296296296294
4 0.6619791666666667 0.5268518518518519 0.026041666666666668 0.046296296296296294
4 0.5125 0.5351851851851852 0.026041666666666668 0.046296296296296294
4 0.6192708333333333 0.5314814814814814 0.026041666666666668 0.046296296296296294
3 0.71875 0.5324074074074074 0.026041666666666668 0.046296296296296294
4 0.6145833333333334 0.549074074074074 0.026041666666666668 0.046296296296296294
3 0.6947916666666667 0.5481481481481482 0.026041666666666668 0.046296296296296294
4 0.6364583333333333 0.5564814814814815 0.026041666666666668 0.046296296296296294
3 0.7359375 0.5583333333333333 0.026041666666666668 0.046296296296296294
3 0.7588541666666667 0.5546296296296296 0.026041666666666668 0.046296296296296294
4 0.5125 0.5740740740740741 0.026041666666666668 0.046296296296296294
4 0.6625 0.5879629629629629 0.026041666666666668 0.046296296296296294
4 0.5119791666666667 0.5953703703703703 0.026041666666666668 0.046296296296296294
4 0.6416666666666667 0.5953703703703703 0.026041666666666668 0.046296296296296294
4 0.5296875 0.6037037037037037 0.026041666666666668 0.046296296296296294
4 0.40625 0.6148148148148148 0.026041666666666668 0.046296296296296294
4 0.6494791666666667 0.6185185185185185 0.026041666666666668 0.046296296296296294
4 0.4666666666666667 0.6361111111111111 0.026041666666666668 0.046296296296296294
4 0.5411458333333333 0.6333333333333333 0.026041666666666668 0.046296296296296294
1 0.40677083333333336 0.6703703703703704 0.026041666666666668 0.046296296296296294
1 0.1796875 0.6962962962962963 0.026041666666666668 0.046296296296296294
1 0.6078125 0.7055555555555556 0.026041666666666668 0.046296296296296294
1 0.7171875 0.7046296296296296 0.026041666666666668 0.046296296296296294
1 0.6484375 0.7148148148148148 0.026041666666666668 0.046296296296296294
1 0.4973958333333333 0.737037037037037 0.026041666666666668 0.046296296296296294
1 0.8776041666666666 0.7546296296296297 0.026041666666666668 0.046296296296296294
1 0.90625 0.7583333333333333 0.026041666666666668 0.046296296296296294
1 0.8307291666666666 0.7620370370370371 0.026041666666666668 0.046296296296296294
1 0.7348958333333333 0.7916666666666666 0.026041666666666668 0.046296296296296294
1 0.16770833333333332 0.812037037037037 0.026041666666666668 0.046296296296296294
1 0.7609375 0.8305555555555556 0.026041666666666668 0.046296296296296294
1 0.8744791666666667 0.8351851851851851 0.026041666666666668 0.046296296296296294
1 0.825 0.8490740740740741 0.026041666666666668 0.046296296296296294
1 0.1234375 0.8527777777777777 0.026041666666666668 0.046296296296296294
1 0.43333333333333335 0.8916666666666667 0.026041666666666668 0.046296296296296294
1 0.4734375 0.9101851851851852 0.026041666666666668 0.046296296296296294
1 0.20677083333333332 0.925 0.026041666666666668 0.046296296296296294
1 0.7166666666666667 0.9388888888888889 0.026041666666666668 0.046296296296296294
1 0.8796875 0.9481481481481482 0.026041666666666668 0.046296296296296294
1 0.9770833333333333 0.9583333333333334 0.026041666666666668 0.046296296296296294
1 0.18125 0.7555555555555555 0.026041666666666668 0.046296296296296294
1 0.26875 0.9148148148148149 0.026041666666666668 0.046296296296296294
4 0.5708333333333333 0.6333333333333333 0.026041666666666668 0.046296296296296294
4 0.60625 0.6425925925925926 0.026041666666666668 0.046296296296296294
4 0.6166666666666667 0.6129629629629629 0.026041666666666668 0.046296296296296294
4 0.6041666666666666 0.5925925925925926 0.026041666666666668 0.046296296296296294
1 0.7729166666666667 0.6703703703703704 0.026041666666666668 0.046296296296296294
3 0.7677083333333333 0.587037037037037 0.026041666666666668 0.046296296296296294
3 0.765625 0.65 0.026041666666666668 0.046296296296296294
3 0.765625 0.6240740740740741 0.026041666666666668 0.046296296296296294
1 0.85 0.8981481481481481 0.026041666666666668 0.046296296296296294
1 0.7708333333333334 0.924074074074074 0.026041666666666668 0.046296296296296294
0 0.7072916666666667 0.32222222222222224 0.026041666666666668 0.046296296296296294
0 0.6875 0.29074074074074074 0.026041666666666668 0.046296296296296294
4 0.60625 0.5685185185185185 0.026041666666666668 0.046296296296296294
4 0.38229166666666664 0.4888888888888889 0.026041666666666668 0.046296296296296294
