0 0.4708333333333333 0.09444444444444444 0.026041666666666668 0.046296296296296294
0 0.47604166666666664 0.10833333333333334 0.026041666666666668 0.046296296296296294
0 0.4822916666666667 0.10462962962962963 0.026041666666666668 0.046296296296296294
0 0.46979166666666666 0.11203703703703703 0.026041666666666668 0.046296296296296294
0 0.4859375 0.12129629629629629 0.026041666666666668 0.046296296296296294
0 0.4895833333333333 0.12129629629629629 0.026041666666666668 0.046296296296296294
0 0.465625 0.12962962962962962 0.026041666666666668 0.046296296296296294
0 0.4953125 0.1388888888888889 0.026041666666666668 0.046296296296296294
0 0.475 0.14629629629629629 0.026041666666666668 0.046296296296296294
0 0.4630208333333333 0.15185185185185185 0.026041666666666668 0.046296296296296294
0 0.48333333333333334 0.16018518518518518 0.026041666666666668 0.046296296296296294
0 0.4942708333333333 0.1648148148148148 0.026041666666666668 0.046296296296296294
0 0.471875 0.175 0.026041666666666668 0.046296296296296294
0 0.5041666666666667 0.18333333333333332 0.026041666666666668 0.046296296296296294
0 0.45625 0.1935185185185185 0.026041666666666668 0.046296296296296294
0 0.4625 0.19074074074074074 0.026041666666666668 0.046296296296296294
0 0.46927083333333336 0.20555555555555555 0.026041666666666668 0.046296296296296294
0 0.48541666666666666 0.2064814814814815 0.026041666666666668 0.046296296296296294
0 0.4484375 0.21481481481481482 0.026041666666666668 0.046296296296296294
0 0.44114583333333335 0.22407407407407406 0.026041666666666668 0.046296296296296294
0 0.453125 0.2212962962962963 0.026041666666666668 0.046296296296296294
0 0.46979166666666666 0.21944444444444444 0.026041666666666668 0.046296296296296294
0 0.48125 0.22407407407407406 0.026041666666666668 0.046296296296296294
0 0.4947916666666667 0.2222222222222222 0.026041666666666668 0.046296296296296294
0 0.4197916666666667 0.23796296296296296 0.026041666666666668 0.046296296296296294
0 0.4875 0.24814814814814815 0.026041666666666668 0.046296296296296294
0 0.5114583333333333 0.2462962962962963 0.026041666666666668 0.046296296296296294
0 0.43645833333333334 0.2537037037037037 0.026041666666666668 0.046296296296296294
0 0.46145833333333336 0.25277777777777777 0.026041666666666668 0.046296296296296294
0 0.49947916666666664 0.2537037037037037 0.026041666666666668 0.046296296296296294
0 0.7026041666666667 0.2601851851851852 0.026041666666666668 0.046296296296296294
0 0.4161458333333333 0.26944444444444443 0.026041666666666668 0.046296296296296294
0 0.4328125 0.27037037037037037 0.026041666666666668 0.046296296296296294
0 0.4947916666666667 0.27037037037037037 0.026041666666666668 0.046296296296296294
0 0.453125 0.28425925925925927 0.026041666666666668 0.046296296296296294
0 0.5083333333333333 0.2861111111111111 0.026041666666666668 0.046296296296296294
0 0.4401041666666667 0.2898148148148148 0.026041666666666668 0.046296296296296294
0 0.46510416666666665 0.2953703703703704 0.026041666666666668 0.046296296296296294
0 0.5 0.2935185185185185 0.026041666666666668 0.046296296296296294
0 0.5328125 0.29444444444444445 0.026041666666666668 0.046296296296296294
0 0.4953125 0.30185185185185187 0.026041666666666668 0.046296296296296294
0 0.44114583333333335 0.30462962962962964 0.026041666666666668 0.046296296296296294
0 0.4578125 0.30648148148148147 0.026041666666666668 0.046296296296296294
0 0.48854166666666665 0.30833333333333335 0.026041666666666668 0.046296296296296294
0 0.5072916666666667 0.30833333333333335 0.026041666666666668 0.046296296296296294
0 0.5255208333333333 0.3111111111111111 0.026041666666666668 0.046296296296296294
0 0.46510416666666665 0.32314814814814813 0.026041666666666668 0.046296296296296294
0 0.5036458333333333 0.32407407407407407 0.026041666666666668 0.046296296296296294
0 0.5197916666666667 0.32592592592592595 0.026041666666666668 0.046296296296296294
0 0.4479166666666667 0.33055555555555555 0.026041666666666668 0.046296296296296294
4 0.4119791666666667 0.3398148148148148 0.026041666666666668 0.046296296296296294
4 0.4270833333333333 0.34074074074074073 0.026041666666666668 0.046296296296296294
4 0.4791666666666667 0.34074074074074073 0.026041666666666668 0.046296296296296294
4 0.4203125 0.35 0.026041666666666668 0.046296296296296294
4 0.45 0.3453703703703704 0.026041666666666668 0.046296296296296294
4 0.45729166666666665 0.3509259259259259 0.026041666666666668 0.046296296296296294
4 0.49895833333333334 0.34814814814814815 0.026041666666666668 0.046296296296296294
4 0.4041666666666667 0.3574074074074074 0.026041666666666668 0.046296296296296294
4 0.4328125 0.35462962962962963 0.026041666666666668 0.046296296296296294
4 0.44427083333333334 0.35555555555555557 0.026041666666666668 0.046296296296296294
4 0.5119791666666667 0.35555555555555557 0.026041666666666668 0.046296296296296294
3 0.6671875 0.3509259259259259 0.026041666666666668 0.046296296296296294
4 0.4041666666666667 0.37222222222222223 0.026041666666666668 0.046296296296296294
4 0.5151041666666667 0.37037037037037035 0.026041666666666668 0.046296296296296294
4 0.4161458333333333 0.37962962962962965 0.026041666666666668 0.046296296296296294
4 0.45260416666666664 0.3787037037037037 0.026041666666666668 0.046296296296296294
4 0.49895833333333334 0.37407407407407406 0.026041666666666668 0.046296296296296294
4 0.6515625 0.37777777777777777 0.026041666666666668 0.046296296296296294
4 0.4234375 0.3888888888888889 0.026041666666666668 0.046296296296296294
2 0.21197916666666666 0.39351851851851855 0.026041666666666668 0.046296296296296294
4 0.3953125 0.39537037037037037 0.026041666666666668 0.046296296296296294
4 0.40729166666666666 0.39444444444444443 0.026041666666666668 0.046296296296296294
4 0.434375 0.3962962962962963 0.026041666666666668 0.046296296296296294
4 0.5088541666666667 0.3972222222222222 0.026041666666666668 0.046296296296296294
4 0.4197916666666667 0.40555555555555556 0.026041666666666668 0.046296296296296294
4 0.5234375 0.40370370370370373 0.026041666666666668 0.046296296296296294
2 0.19739583333333333 0.4074074074074074 0.026041666666666668 0.046296296296296294
4 0.37447916666666664 0.4083333333333333 0.026041666666666668 0.046296296296296294
4 0.3828125 0.412962962962963 0.026041666666666668 0.046296296296296294
4 0.4125 0.412962962962963 0.026041666666666668 0.046296296296296294
4 0.47291666666666665 0.4074074074074074 0.026041666666666668 0.046296296296296294
4 0.6572916666666667 0.41388888888888886 0.026041666666666668 0.046296296296296294
4 0.375 0.4185185185185185 0.026041666666666668 0.046296296296296294
4 0.39791666666666664 0.4185185185185185 0.026041666666666668 0.046296296296296294
4 0.38229166666666664 0.425 0.026041666666666668 0.046296296296296294
4 0.4583333333333333 0.42407407407407405 0.026041666666666668 0.046296296296296294
4 0.6494791666666667 0.43148148148148147 0.026041666666666668 0.046296296296296294
4 0.37447916666666664 0.44351851851851853 0.026041666666666668 0.046296296296296294
4 0.4114583333333333 0.44074074074074077 0.026041666666666668 0.046296296296296294
4 0.5161458333333333 0.4425925925925926 0.026041666666666668 0.046296296296296294
3 0.7057291666666666 0.4388888888888889 0.026041666666666668 0.046296296296296294
4 0.3859375 0.44907407407407407 0.026041666666666668 0.046296296296296294
4 0.4036458333333333 0.44907407407407407 0.026041666666666668 0.046296296296296294
4 0.6604166666666667 0.44722222222222224 0.026041666666666668 0.046296296296296294
3 0.6859375 0.44722222222222224 0.026041666666666668 0.046296296296296294
4 0.375 0.4564814814814815 0.026041666666666668 0.046296296296296294
4 0.40260416666666665 0.4583333333333333 0.026041666666666668 0.046296296296296294
4 0.4703125 0.4564814814814815 0.026041666666666668 0.046296296296296294
4 0.528125 0.45925925925925926 0.026041666666666668 0.046296296296296294
3 0.6734375 0.45555555555555555 0.026041666666666668 0.046296296296296294
4 0.43802083333333336 0.4648148148148148 0.026041666666666668 0.046296296296296294
4 0.47760416666666666 0.46574074074074073 0.026041666666666668 0.046296296296296294
3 0.68125 0.4638888888888889 0.026041666666666668 0.046296296296296294
4 0.509375 0.4703703703703704 0.026041666666666668 0.046296296296296294
4 0.5208333333333334 0.47685185185185186 0.026041666666666668 0.046296296296296294
4 0.38333333333333336 0.48148148148148145 0.026041666666666668 0.046296296296296294
3 0.6989583333333333 0.48148148148148145 0.026041666666666668 0.046296296296296294
4 0.3953125 0.4888888888888889 0.026041666666666668 0.046296296296296294
4 0.4197916666666667 0.48518518518518516 0.026041666666666668 0.046296296296296294
4 0.5166666666666667 0.48703703703703705 0.026041666666666668 0.046296296296296294
4 0.6203125 0.4842592592592593 0.026041666666666668 0.046296296296296294
4 0.5244791666666667 0.49722222222222223 0.026041666666666668 0.046296296296296294
4 0.6005208333333333 0.49166666666666664 0.026041666666666668 0.046296296296296294
3 0.6822916666666666 0.49537037037037035 0.026041666666666668 0.046296296296296294
4 0.46197916666666666 0.5027777777777778 0.026041666666666668 0.046296296296296294
4 0.628125 0.5 0.026041666666666668 0.046296296296296294
4 0.38333333333333336 0.5120370370370371 0.026041666666666668 0.046296296296296294
4 0.4041666666666667 0.5111111111111111 0.026041666666666668 0.046296296296296294
4 0.48802083333333335 0.5027777777777778 0.026041666666666668 0.046296296296296294
4 0.5270833333333333 0.5185185185185185 0.026041666666666668 0.046296296296296294
3 0.6953125 0.5185185185185185 0.026041666666666668 0.046296296296296294
3 0.7536458333333333 0.5194444444444445 0.026041666666666668 0.046296296296296294
4 0.6661458333333333 0.5268518518518519 0.026041666666666668 0.046296296296296294
4 0.4203125 0.5361111111111111 0.026041666666666668 0.046296296296296294
4 0.5442708333333334 0.5314814814814814 0.026041666666666668 0.046296296296296294
3 0.7197916666666667 0.5361111111111111 0.026041666666666668 0.046296296296296294
4 0.6020833333333333 0.5398148148148149 0.026041666666666668 0.046296296296296294
4 0.6234375 0.5453703703703704 0.026041666666666668 0.046296296296296294
4 0.48333333333333334 0.5564814814814815 0.026041666666666668 0.046296296296296294
4 0.5458333333333333 0.5527777777777778 0.026041666666666668 0.046296296296296294
4 0.4244791666666667 0.5648148148148148 0.026041666666666668 0.046296296296296294
4 0.44375 0.5648148148148148 0.026041666666666668 0.046296296296296294
4 0.5645833333333333 0.562037037037037 0.026041666666666668 0.046296296296296294
4 0.6333333333333333 0.5666666666666667 0.026041666666666668 0.046296296296296294
4 0.4041666666666667 0.5722222222222222 0.026041666666666668 0.046296296296296294
4 0.49166666666666664 0.587037037037037 0.026041666666666668 0.046296296296296294
3 0.6796875 0.587037037037037 0.026041666666666668 0.046296296296296294
3 0.7630208333333334 0.587037037037037 0.026041666666666668 0.046296296296296294
4 0.5557291666666667 0.6027777777777777 0.026041666666666668 0.046296296296296294
4 0.5880208333333333 0.6129629629629629 0.026041666666666668 0.046296296296296294
3 0.6864583333333333 0.6194444444444445 0.026041666666666668 0.046296296296296294
4 0.6041666666666666 0.6351851851851852 0.026041666666666668 0.046296296296296294
4 0.42916666666666664 0.6407407407407407 0.026041666666666668 0.046296296296296294
3 0.740625 0.6546296296296297 0.026041666666666668 0.046296296296296294
1 0.7713541666666667 0.6796296296296296 0.026041666666666668 0.046296296296296294
1 0.053125 0.7435185185185185 0.026041666666666668 0.046296296296296294
1 0.8854166666666666 0.7407407407407407 0.026041666666666668 0.046296296296296294
1 0.6276041666666666 0.7666666666666667 0.026041666666666668 0.046296296296296294
1 0.83125 0.8296296296296296 0.026041666666666668 0.046296296296296294
1 0.5885416666666666 0.8361111111111111 0.026041666666666668 0.046296296296296294
1 0.9786458333333333 0.8481481481481481 0.026041666666666668 0.046296296296296294
1 0.41770833333333335 0.8564814814814815 0.026041666666666668 0.046296296296296294
1 0.6427083333333333 0.8666666666666667 0.026041666666666668 0.046296296296296294
1 0.753125 0.8870370370370371 0.026041666666666668 0.046296296296296294
1 0.88125 0.8787037037037037 0.026041666666666668 0.046296296296296294
1 0.8208333333333333 0.9120370370370371 0.026041666666666668 0.046296296296296294
1 0.3734375 0.9212962962962963 0.026041666666666668 0.046296296296296294
1 0.4453125 0.9416666666666667 0.026041666666666668 0.046296296296296294
1 0.9671875 0.9453703703703704 0.026041666666666668 0.046296296296296294
1 0.334375 0.9657407407407408 0.026041666666666668 0.046296296296296294
2 0.16875 0.4166666666666667 0.026041666666666668 0.046296296296296294
1 0.875 0.8092592592592592 0.026041666666666668 0.046296296296296294
1 0.9927083333333333 0.8666666666666667 0.026041666666666668 0.046296296296296294
3 0.75625 0.6370370370370371 0.026041666666666668 0.046296296296296294
4 0.5927083333333333 0.5611111111111111 0.026041666666666668 0.046296296296296294
4 0.5385416666666667 0.6407407407407407 0.026041666666666668 0.046296296296296294
2 0.20520833333333333 0.4166666666666667 0.026041666666666668 0.046296296296296294
4 0.5197916666666667 0.6037037037037037 0.026041666666666668 0.046296296296296294
