0 0.4817708333333333 0.10462962962962963 0.026041666666666668 0.046296296296296294
0 0.4708333333333333 0.12962962962962962 0.026041666666666668 0.046296296296296294
0 0.4765625 0.12962962962962962 0.026041666666666668 0.046296296296296294
0 0.4901041666666667 0.1287037037037037 0.026041666666666668 0.046296296296296294
0 0.4479166666666667 0.13518518518518519 0.026041666666666668 0.046296296296296294
0 0.46145833333333336 0.13703703703703704 0.026041666666666668 0.046296296296296294
0 0.490625 0.13796296296296295 0.026041666666666668 0.046296296296296294
0 0.440625 0.14444444444444443 0.026041666666666668 0.046296296296296294
0 0.4546875 0.1425925925925926 0.026041666666666668 0.046296296296296294
0 0.48333333333333334 0.14537037037037037 0.026041666666666668 0.046296296296296294
0 0.4625 0.1527777777777778 0.026041666666666668 0.046296296296296294
0 0.4703125 0.16018518518518518 0.026041666666666668 0.046296296296296294
0 0.4817708333333333 0.16203703703703703 0.026041666666666668 0.046296296296296294
0 0.49947916666666664 0.16111111111111112 0.026041666666666668 0.046296296296296294
0 0.4640625 0.16574074074074074 0.026041666666666668 0.046296296296296294
0 0.4328125 0.17314814814814813 0.026041666666666668 0.046296296296296294
0 0.4744791666666667 0.17592592592592593 0.026041666666666668 0.046296296296296294
0 0.490625 0.18333333333333332 0.026041666666666668 0.046296296296296294
0 0.475 0.19166666666666668 0.026041666666666668 0.046296296296296294
0 0.49895833333333334 0.19166666666666668 0.026041666666666668 0.046296296296296294
0 0.5036458333333333 0.19166666666666668 0.026041666666666668 0.046296296296296294
0 0.515625 0.19166666666666668 0.026041666666666668 0.046296296296296294
0 0.45260416666666664 0.19907407407407407 0.026041666666666668 0.046296296296296294
0 0.4828125 0.2222222222222222 0.026041666666666668 0.046296296296296294
0 0.49166666666666664 0.2462962962962963 0.026041666666666668 0.046296296296296294
0 0.45260416666666664 0.2675925925925926 0.026041666666666668 0.046296296296296294
0 0.4953125 0.2712962962962963 0.026041666666666668 0.046296296296296294
0 0.46875 0.2740740740740741 0.026041666666666668 0.046296296296296294
0 0.48802083333333335 0.2759259259259259 0.026041666666666668 0.046296296296296294
0 0.5463541666666667 0.27870370370370373 0.026041666666666668 0.046296296296296294
0 0.4166666666666667 0.2824074074074074 0.026041666666666668 0.046296296296296294
0 0.49375 0.2861111111111111 0.026041666666666668 0.046296296296296294
0 0.5114583333333333 0.2824074074074074 0.026041666666666668 0.046296296296296294
0 0.44375 0.2953703703703704 0.026041666666666668 0.046296296296296294
0 0.425 0.29907407407407405 0.026041666666666668 0.046296296296296294
0 0.4317708333333333 0.29907407407407405 0.026041666666666668 0.046296296296296294
0 0.4817708333333333 0.30092592592592593 0.026041666666666668 0.046296296296296294
0 0.4953125 0.29907407407407405 0.026041666666666668 0.046296296296296294
0 0.4171875 0.3055555555555556 0.026041666666666668 0.046296296296296294
0 0.4322916666666667 0.30925925925925923 0.026041666666666668 0.046296296296296294
0 0.46927083333333336 0.30648148148148147 0.026041666666666668 0.046296296296296294
0 0.6979166666666666 0.3101851851851852 0.026041666666666668 0.046296296296296294
0 0.5125 0.3148148148148148 0.026041666666666668 0.046296296296296294
0 0.5026041666666666 0.32314814814814813 0.026041666666666668 0.046296296296296294
0 0.5208333333333334 0.32407407407407407 0.026041666666666668 0.046296296296296294
0 0.44427083333333334 0.33240740740740743 0.026041666666666668 0.046296296296296294
0 0.4588541666666667 0.33055555555555555 0.026041666666666668 0.046296296296296294
4 0.42083333333333334 0.33796296296296297 0.026041666666666668 0.046296296296296294
3 0.6880208333333333 0.33796296296296297 0.026041666666666668 0.046296296296296294
4 0.38385416666666666 0.34629629629629627 0.026041666666666668 0.046296296296296294
4 0.3958333333333333 0.34629629629629627 0.026041666666666668 0.046296296296296294
4 0.4625 0.35555555555555557 0.026041666666666668 0.046296296296296294
4 0.5114583333333333 0.35648148148148145 0.026041666666666668 0.046296296296296294
4 0.4953125 0.362962962962963 0.026041666666666668 0.046296296296296294
4 0.5244791666666667 0.36574074074074076 0.026041666666666668 0.046296296296296294
4 0.38697916666666665 0.3712962962962963 0.026041666666666668 0.046296296296296294
4 0.5041666666666667 0.3731481481481482 0.026041666666666668 0.046296296296296294
4 0.5208333333333334 0.38796296296296295 0.026041666666666668 0.046296296296296294
3 0.7322916666666667 0.3861111111111111 0.026041666666666668 0.046296296296296294
4 0.3958333333333333 0.3925925925925926 0.026041666666666668 0.046296296296296294
3 0.6838541666666667 0.39351851851851855 0.026041666666666668 0.046296296296296294
2 0.20989583333333334 0.4 0.026041666666666668 0.046296296296296294
4 0.4078125 0.40185185185185185 0.026041666666666668 0.046296296296296294
4 0.6505208333333333 0.40185185185185185 0.026041666666666668 0.046296296296296294
2 0.20416666666666666 0.4101851851851852 0.026041666666666668 0.046296296296296294
4 0.5083333333333333 0.4083333333333333 0.026041666666666668 0.046296296296296294
4 0.6536458333333334 0.41203703703703703 0.026041666666666668 0.046296296296296294
4 0.38645833333333335 0.425 0.026041666666666668 0.046296296296296294
4 0.4203125 0.425 0.026041666666666668 0.046296296296296294
4 0.6546875 0.4222222222222222 0.026041666666666668 0.046296296296296294
4 0.665625 0.42685185185185187 0.026041666666666668 0.046296296296296294
4 0.6588541666666666 0.43333333333333335 0.026041666666666668 0.046296296296296294
4 0.5161458333333333 0.4398148148148148 0.026041666666666668 0.046296296296296294
3 0.7171875 0.43703703703703706 0.026041666666666668 0.046296296296296294
4 0.39427083333333335 0.44907407407407407 0.026041666666666668 0.046296296296296294
4 0.6510416666666666 0.45092592592592595 0.026041666666666668 0.046296296296296294
4 0.46197916666666666 0.4638888888888889 0.026041666666666668 0.046296296296296294
4 0.5 0.4638888888888889 0.026041666666666668 0.046296296296296294
4 0.5244791666666667 0.46296296296296297 0.026041666666666668 0.046296296296296294
3 0.675 0.4638888888888889 0.026041666666666668 0.046296296296296294
4 0.6088541666666667 0.4777777777777778 0.026041666666666668 0.046296296296296294
4 0.6380208333333334 0.4787037037037037 0.026041666666666668 0.046296296296296294
4 0.6463541666666667 0.47962962962962963 0.026041666666666668 0.046296296296296294
4 0.4234375 0.4861111111111111 0.026041666666666668 0.046296296296296294
3 0.6703125 0.4898148148148148 0.026041666666666668 0.046296296296296294
4 0.509375 0.49722222222222223 0.026041666666666668 0.046296296296296294
4 0.6328125 0.4962962962962963 0.026041666666666668 0.046296296296296294
4 0.6484375 0.49537037037037035 0.026041666666666668 0.046296296296296294
4 0.6208333333333333 0.5037037037037037 0.026041666666666668 0.046296296296296294
4 0.6661458333333333 0.5046296296296297 0.026041666666666668 0.046296296296296294
3 0.6953125 0.5018518518518519 0.026041666666666668 0.046296296296296294
3 0.7130208333333333 0.5027777777777778 0.026041666666666668 0.046296296296296294
4 0.3963541666666667 0.512962962962963 0.026041666666666668 0.046296296296296294
3 0.7078125 0.5111111111111111 0.026041666666666668 0.046296296296296294
4 0.5140625 0.5185185185185185 0.026041666666666668 0.046296296296296294
4 0.5213541666666667 0.5203703703703704 0.026041666666666668 0.046296296296296294
4 0.6380208333333334 0.5194444444444445 0.026041666666666668 0.046296296296296294
3 0.6744791666666666 0.5277777777777778 0.026041666666666668 0.046296296296296294
3 0.7265625 0.5259259259259259 0.026041666666666668 0.046296296296296294
4 0.6333333333333333 0.5342592592592592 0.026041666666666668 0.046296296296296294
4 0.4010416666666667 0.5481481481481482 0.026041666666666668 0.046296296296296294
4 0.4244791666666667 0.55 0.026041666666666668 0.046296296296296294
4 0.49114583333333334 0.549074074074074 0.026041666666666668 0.046296296296296294
4 0.5369791666666667 0.5509259259259259 0.026041666666666668 0.046296296296296294
4 0.5567708333333333 0.5453703703703704 0.026041666666666668 0.046296296296296294
3 0.6791666666666667 0.55 0.026041666666666668 0.046296296296296294
4 0.48385416666666664 0.5555555555555556 0.026041666666666668 0.046296296296296294
4 0.5947916666666667 0.5583333333333333 0.026041666666666668 0.046296296296296294
4 0.6333333333333333 0.5555555555555556 0.026041666666666668 0.046296296296296294
3 0.7395833333333334 0.5592592592592592 0.026041666666666668 0.046296296296296294
3 0.7635416666666667 0.5666666666666667 0.026041666666666668 0.046296296296296294
4 0.45625 0.5666666666666667 0.026041666666666668 0.046296296296296294
4 0.5875 0.5740740740740741 0.026041666666666668 0.046296296296296294
4 0.42864583333333334 0.5787037037037037 0.026041666666666668 0.046296296296296294
4 0.6364583333333333 0.5851851851851851 0.026041666666666668 0.046296296296296294
3 0.7119791666666667 0.6064814814814815 0.026041666666666668 0.046296296296296294
3 0.7609375 0.6129629629629629 0.026041666666666668 0.046296296296296294
4 0.5994791666666667 0.6185185185185185 0.026041666666666668 0.046296296296296294
2 0.2234375 0.6333333333333333 0.026041666666666668 0.046296296296296294
3 0.728125 0.65 0.026041666666666668 0.046296296296296294
1 0.6755208333333333 0.675 0.026041666666666668 0.046296296296296294
1 0.740625 0.675 0.026041666666666668 0.046296296296296294
1 0.203125 0.6814814814814815 0.026041666666666668 0.046296296296296294
1 0.7041666666666667 0.6824074074074075 0.026041666666666668 0.046296296296296294
1 0.17239583333333333 0.7379629629629629 0.026041666666666668 0.046296296296296294
1 0.390625 0.7601851851851852 0.026041666666666668 0.046296296296296294
1 0.4046875 0.7518518518518519 0.026041666666666668 0.046296296296296294
1 0.884375 0.7472222222222222 0.026041666666666668 0.046296296296296294
1 0.15416666666666667 0.7851851851851852 0.026041666666666668 0.046296296296296294
1 0.603125 0.8055555555555556 0.026041666666666668 0.046296296296296294
1 0.35885416666666664 0.8277777777777777 0.026041666666666668 0.046296296296296294
1 0.7619791666666667 0.8361111111111111 0.026041666666666668 0.046296296296296294
1 0.9213541666666667 0.8333333333333334 0.026041666666666668 0.046296296296296294
1 0.7895833333333333 0.85 0.026041666666666668 0.046296296296296294
1 0.31614583333333335 0.8703703703703703 0.026041666666666668 0.046296296296296294
1 0.4979166666666667 0.8916666666666667 0.026041666666666668 0.046296296296296294
1 0.5697916666666667 0.9185185185185185 0.026041666666666668 0.046296296296296294
1 0.38177083333333334 0.9481481481481482 0.026041666666666668 0.046296296296296294
1 0.3145833333333333 0.9537037037037037 0.026041666666666668 0.046296296296296294
1 0.39895833333333336 0.95 0.026041666666666668 0.046296296296296294
1 0.5416666666666666 0.9453703703703704 0.026041666666666668 0.046296296296296294
1 0.3567708333333333 0.9527777777777777 0.026041666666666668 0.046296296296296294
1 0.44375 0.9824074074074074 0.026041666666666668 0.046296296296296294
1 0.10104166666666667 0.9898148148148148 0.026041666666666668 0.046296296296296294
1 0.04375 0.9814814814814815 0.026041666666666668 0.046296296296296294
1 0.8302083333333333 0.8722222222222222 0.026041666666666668 0.046296296296296294
1 0.9697916666666667 0.9740740740740741 0.026041666666666668 0.046296296296296294
1 0.9916666666666667 0.8462962962962963 0.026041666666666668 0.046296296296296294
1 0.8677083333333333 0.8314814814814815 0.026041666666666668 0.046296296296296294
1 0.78125 0.6962962962962963 0.026041666666666668 0.046296296296296294
1 0.6822916666666666 0.7333333333333333 0.026041666666666668 0.046296296296296294
0 0.6947916666666667 0.28888888888888886 0.026041666666666668 0.046296296296296294
4 0.5322916666666667 0.6111111111111112 0.026041666666666668 0.046296296296296294
4 0.634375 0.6222222222222222 0.026041666666666668 0.046296296296296294
