0 0.4708333333333333 0.09537037037037037 0.026041666666666668 0.046296296296296294
0 0.46979166666666666 0.11203703703703703 0.026041666666666668 0.046296296296296294
0 0.4828125 0.12222222222222222 0.026041666666666668 0.046296296296296294
0 0.4921875 0.12037037037037036 0.026041666666666668 0.046296296296296294
0 0.4708333333333333 0.12962962962962962 0.026041666666666668 0.046296296296296294
0 0.4505208333333333 0.13425925925925927 0.026041666666666668 0.046296296296296294
0 0.4557291666666667 0.13333333333333333 0.026041666666666668 0.046296296296296294
0 0.4583333333333333 0.13333333333333333 0.026041666666666668 0.046296296296296294
0 0.46197916666666666 0.1361111111111111 0.026041666666666668 0.046296296296296294
0 0.4703125 0.1361111111111111 0.026041666666666668 0.046296296296296294
0 0.48333333333333334 0.13703703703703704 0.026041666666666668 0.046296296296296294
0 0.4421875 0.14537037037037037 0.026041666666666668 0.046296296296296294
0 0.4359375 0.15648148148148147 0.026041666666666668 0.046296296296296294
0 0.4666666666666667 0.15185185185185185 0.026041666666666668 0.046296296296296294
0 0.4744791666666667 0.15555555555555556 0.026041666666666668 0.046296296296296294
0 0.4895833333333333 0.16018518518518518 0.026041666666666668 0.046296296296296294
0 0.4713541666666667 0.16944444444444445 0.026041666666666668 0.046296296296296294
0 0.4322916666666667 0.175 0.026041666666666668 0.046296296296296294
0 0.5015625 0.17314814814814813 0.026041666666666668 0.046296296296296294
0 0.43385416666666665 0.22870370370370371 0.026041666666666668 0.046296296296296294
0 0.48541666666666666 0.22962962962962963 0.026041666666666668 0.046296296296296294
0 0.42604166666666665 0.2361111111111111 0.026041666666666668 0.046296296296296294
0 0.5005208333333333 0.2351851851851852 0.026041666666666668 0.046296296296296294
0 0.5067708333333333 0.23703703703703705 0.026041666666666668 0.046296296296296294
0 0.4661458333333333 0.24537037037037038 0.026041666666666668 0.046296296296296294
0 0.49270833333333336 0.24537037037037038 0.026041666666666668 0.046296296296296294
0 0.4984375 0.2462962962962963 0.026041666666666668 0.046296296296296294
0 0.503125 0.24814814814814815 0.026041666666666668 0.046296296296296294
0 0.5119791666666667 0.2462962962962963 0.026041666666666668 0.046296296296296294
0 0.4822916666666667 0.25462962962962965 0.026041666666666668 0.046296296296296294
0 0.4161458333333333 0.2722222222222222 0.026041666666666668 0.046296296296296294
0 0.5067708333333333 0.2722222222222222 0.026041666666666668 0.046296296296296294
0 0.6625 0.26944444444444443 0.026041666666666668 0.046296296296296294
0 0.49947916666666664 0.2796296296296296 0.026041666666666668 0.046296296296296294
0 0.47708333333333336 0.2833333333333333 0.026041666666666668 0.046296296296296294
0 0.45364583333333336 0.2916666666666667 0.026041666666666668 0.046296296296296294
0 0.4354166666666667 0.30462962962962964 0.026041666666666668 0.046296296296296294
0 0.5067708333333333 0.3074074074074074 0.026041666666666668 0.046296296296296294
0 0.5203125 0.3101851851851852 0.026041666666666668 0.046296296296296294
0 0.4171875 0.31666666666666665 0.026041666666666668 0.046296296296296294
0 0.4197916666666667 0.3175925925925926 0.026041666666666668 0.046296296296296294
0 0.5296875 0.31574074074074077 0.026041666666666668 0.046296296296296294
0 0.46145833333333336 0.32407407407407407 0.026041666666666668 0.046296296296296294
0 0.4734375 0.3212962962962963 0.026041666666666668 0.046296296296296294
0 0.5072916666666667 0.32314814814814813 0.026041666666666668 0.046296296296296294
0 0.5203125 0.32407407407407407 0.026041666666666668 0.046296296296296294
4 0.45 0.3333333333333333 0.026041666666666668 0.046296296296296294
0 0.4583333333333333 0.33240740740740743 0.026041666666666668 0.046296296296296294
4 0.49114583333333334 0.3333333333333333 0.026041666666666668 0.046296296296296294
4 0.4166666666666667 0.3425925925925926 0.026041666666666668 0.046296296296296294
4 0.465625 0.3425925925925926 0.026041666666666668 0.046296296296296294
4 0.5125 0.3425925925925926 0.026041666666666668 0.046296296296296294
4 0.4078125 0.3472222222222222 0.026041666666666668 0.046296296296296294
4 0.44583333333333336 0.3472222222222222 0.026041666666666668 0.046296296296296294
4 0.453125 0.3490740740740741 0.026041666666666668 0.046296296296296294
4 0.46510416666666665 0.35 0.026041666666666668 0.046296296296296294
4 0.4744791666666667 0.3490740740740741 0.026041666666666668 0.046296296296296294
4 0.5203125 0.3472222222222222 0.026041666666666668 0.046296296296296294
4 0.3953125 0.35555555555555557 0.026041666666666668 0.046296296296296294
4 0.40729166666666666 0.3574074074074074 0.026041666666666668 0.046296296296296294
4 0.44114583333333335 0.35833333333333334 0.026041666666666668 0.046296296296296294
4 0.4822916666666667 0.35648148148148145 0.026041666666666668 0.046296296296296294
4 0.5114583333333333 0.35555555555555557 0.026041666666666668 0.046296296296296294
4 0.3875 0.36203703703703705 0.026041666666666668 0.046296296296296294
4 0.4036458333333333 0.3638888888888889 0.026041666666666668 0.046296296296296294
4 0.41510416666666666 0.3648148148148148 0.026041666666666668 0.046296296296296294
4 0.49114583333333334 0.3611111111111111 0.026041666666666668 0.046296296296296294
4 0.5119791666666667 0.3638888888888889 0.026041666666666668 0.046296296296296294
4 0.39947916666666666 0.37037037037037035 0.026041666666666668 0.046296296296296294
4 0.4078125 0.36944444444444446 0.026041666666666668 0.046296296296296294
4 0.49635416666666665 0.37037037037037035 0.026041666666666668 0.046296296296296294
4 0.5041666666666667 0.37222222222222223 0.026041666666666668 0.046296296296296294
3 0.6776041666666667 0.3685185185185185 0.026041666666666668 0.046296296296296294
4 0.4661458333333333 0.37962962962962965 0.026041666666666668 0.046296296296296294
4 0.5151041666666667 0.37592592592592594 0.026041666666666668 0.046296296296296294
4 0.6510416666666666 0.3768518518518518 0.026041666666666668 0.046296296296296294
4 0.42083333333333334 0.3861111111111111 0.026041666666666668 0.046296296296296294
4 0.49947916666666664 0.387037037037037 0.026041666666666668 0.046296296296296294
4 0.6552083333333333 0.3925925925925926 0.026041666666666668 0.046296296296296294
2 0.21197916666666666 0.3990740740740741 0.026041666666666668 0.046296296296296294
4 0.475 0.4027777777777778 0.026041666666666668 0.046296296296296294
4 0.5151041666666667 0.40370370370370373 0.026041666666666668 0.046296296296296294
2 0.19114583333333332 0.4101851851851852 0.026041666666666668 0.046296296296296294
4 0.45677083333333335 0.41759259259259257 0.026041666666666668 0.046296296296296294
4 0.515625 0.4185185185185185 0.026041666666666668 0.046296296296296294
4 0.6536458333333334 0.42592592592592593 0.026041666666666668 0.046296296296296294
4 0.4822916666666667 0.4287037037037037 0.026041666666666668 0.046296296296296294
4 0.65 0.43425925925925923 0.026041666666666668 0.046296296296296294
4 0.49947916666666664 0.4425925925925926 0.026041666666666668 0.046296296296296294
4 0.4583333333333333 0.44814814814814813 0.026041666666666668 0.046296296296296294
4 0.5166666666666667 0.45092592592592595 0.026041666666666668 0.046296296296296294
4 0.6625 0.44722222222222224 0.026041666666666668 0.046296296296296294
3 0.7057291666666666 0.4444444444444444 0.026041666666666668 0.046296296296296294
3 0.690625 0.4564814814814815 0.026041666666666668 0.046296296296296294
4 0.5 0.46574074074074073 0.026041666666666668 0.046296296296296294
4 0.39947916666666666 0.4703703703703704 0.026041666666666668 0.046296296296296294
4 0.4557291666666667 0.4703703703703704 0.026041666666666668 0.046296296296296294
4 0.5203125 0.47314814814814815 0.026041666666666668 0.046296296296296294
3 0.6828125 0.47129629629629627 0.026041666666666668 0.046296296296296294
2 0.215625 0.48148148148148145 0.026041666666666668 0.046296296296296294
4 0.6234375 0.48055555555555557 0.026041666666666668 0.046296296296296294
4 0.43854166666666666 0.4842592592592593 0.026041666666666668 0.046296296296296294
4 0.5947916666666667 0.4888888888888889 0.026041666666666668 0.046296296296296294
3 0.6958333333333333 0.4888888888888889 0.026041666666666668 0.046296296296296294
4 0.5239583333333333 0.4962962962962963 0.026041666666666668 0.046296296296296294
4 0.49114583333333334 0.5120370370370371 0.026041666666666668 0.046296296296296294
4 0.5369791666666667 0.5120370370370371 0.026041666666666668 0.046296296296296294
4 0.621875 0.5111111111111111 0.026041666666666668 0.046296296296296294
3 0.6901041666666666 0.5185185185185185 0.026041666666666668 0.046296296296296294
4 0.6645833333333333 0.525 0.026041666666666668 0.046296296296296294
4 0.5369791666666667 0.5314814814814814 0.026041666666666668 0.046296296296296294
4 0.44427083333333334 0.5388888888888889 0.026041666666666668 0.046296296296296294
4 0.4895833333333333 0.5398148148148149 0.026041666666666668 0.046296296296296294
4 0.5614583333333333 0.5435185185185185 0.026041666666666668 0.046296296296296294
3 0.7213541666666666 0.5333333333333333 0.026041666666666668 0.046296296296296294
4 0.5890625 0.5435185185185185 0.026041666666666668 0.046296296296296294
3 0.7375 0.5601851851851852 0.026041666666666668 0.046296296296296294
3 0.7572916666666667 0.562037037037037 0.026041666666666668 0.046296296296296294
4 0.63125 0.5657407407407408 0.026041666666666668 0.046296296296296294
3 0.765625 0.5814814814814815 0.026041666666666668 0.046296296296296294
3 0.7427083333333333 0.6166666666666667 0.026041666666666668 0.046296296296296294
3 0.7619791666666667 0.6194444444444445 0.026041666666666668 0.046296296296296294
3 0.6911458333333333 0.6361111111111111 0.026041666666666668 0.046296296296296294
2 0.20989583333333334 0.637962962962963 0.026041666666666668 0.046296296296296294
4 0.503125 0.6583333333333333 0.026041666666666668 0.046296296296296294
4 0.6505208333333333 0.6638888888888889 0.026041666666666668 0.046296296296296294
1 0.7744791666666667 0.6731481481481482 0.026041666666666668 0.046296296296296294
1 0.7541666666666667 0.7064814814814815 0.026041666666666668 0.046296296296296294
1 0.47708333333333336 0.7527777777777778 0.026041666666666668 0.046296296296296294
1 0.027604166666666666 0.7870370370370371 0.026041666666666668 0.046296296296296294
1 0.7614583333333333 0.8361111111111111 0.026041666666666668 0.046296296296296294
1 0.8229166666666666 0.8379629629629629 0.026041666666666668 0.046296296296296294
1 0.9786458333333333 0.8462962962962963 0.026041666666666668 0.046296296296296294
1 0.8328125 0.8611111111111112 0.026041666666666668 0.046296296296296294
1 0.9953125 0.8564814814814815 0.026041666666666668 0.046296296296296294
1 0.8161458333333333 0.9120370370370371 0.026041666666666668 0.046296296296296294
1 0.9703125 0.9453703703703704 0.026041666666666668 0.046296296296296294
1 0.8895833333333333 0.7444444444444445 0.026041666666666668 0.046296296296296294
1 0.865625 0.8203703703703704 0.026041666666666668 0.046296296296296294
1 0.6864583333333333 0.7018518518518518 0.026041666666666668 0.046296296296296294
0 0.690625 0.2962962962962963 0.026041666666666668 0.046296296296296294
4 0.46979166666666666 0.5592592592592592 0.026041666666666668 0.046296296296296294
4 0.38645833333333335 0.5907407407407408 0.026041666666666668 0.046296296296296294
4 0.39791666666666664 0.5018518518518519 0.026041666666666668 0.046296296296296294
3 0.7427083333333333 0.5962962962962963 0.026041666666666668 0.046296296296296294
4 0.6177083333333333 0.55 0.026041666666666668 0.046296296296296294
