0 0.4796875 0.09722222222222222 0.026041666666666668 0.046296296296296294
0 0.4859375 0.1 0.026041666666666668 0.046296296296296294
0 0.4427083333333333 0.13333333333333333 0.026041666666666668 0.046296296296296294
0 0.44947916666666665 0.13240740740740742 0.026041666666666668 0.046296296296296294
0 0.4546875 0.14444444444444443 0.026041666666666668 0.046296296296296294
0 0.4583333333333333 0.14444444444444443 0.026041666666666668 0.046296296296296294
0 0.4625 0.1425925925925926 0.026041666666666668 0.046296296296296294
0 0.475 0.14629629629629629 0.026041666666666668 0.046296296296296294
0 0.4515625 0.15925925925925927 0.026041666666666668 0.046296296296296294
0 0.45729166666666665 0.16018518518518518 0.026041666666666668 0.046296296296296294
0 0.4703125 0.16111111111111112 0.026041666666666668 0.046296296296296294
0 0.4453125 0.1685185185185185 0.026041666666666668 0.046296296296296294
0 0.43333333333333335 0.175 0.026041666666666668 0.046296296296296294
0 0.49114583333333334 0.175 0.026041666666666668 0.046296296296296294
0 0.43802083333333336 0.18425925925925926 0.026041666666666668 0.046296296296296294
0 0.48020833333333335 0.1824074074074074 0.026041666666666668 0.046296296296296294
0 0.5005208333333333 0.19166666666666668 0.026041666666666668 0.046296296296296294
0 0.5114583333333333 0.1935185185185185 0.026041666666666668 0.046296296296296294
0 0.4822916666666667 0.2064814814814815 0.026041666666666668 0.046296296296296294
0 0.49947916666666664 0.20833333333333334 0.026041666666666668 0.046296296296296294
0 0.490625 0.21574074074074073 0.026041666666666668 0.046296296296296294
0 0.475 0.22314814814814815 0.026041666666666668 0.046296296296296294
0 0.4817708333333333 0.2212962962962963 0.026041666666666668 0.046296296296296294
0 0.4239583333333333 0.2324074074074074 0.026041666666666668 0.046296296296296294
0 0.496875 0.23055555555555557 0.026041666666666668 0.046296296296296294
0 0.5026041666666666 0.22962962962962963 0.026041666666666668 0.046296296296296294
0 0.425 0.24722222222222223 0.026041666666666668 0.046296296296296294
0 0.5072916666666667 0.24444444444444444 0.026041666666666668 0.046296296296296294
0 0.46979166666666666 0.2611111111111111 0.026041666666666668 0.046296296296296294
0 0.49166666666666664 0.2611111111111111 0.026041666666666668 0.046296296296296294
0 0.5119791666666667 0.2611111111111111 0.026041666666666668 0.046296296296296294
0 0.44479166666666664 0.26851851851851855 0.026041666666666668 0.046296296296296294
0 0.4822916666666667 0.26851851851851855 0.026041666666666668 0.046296296296296294
0 0.42864583333333334 0.2824074074074074 0.026041666666666668 0.046296296296296294
0 0.46927083333333336 0.27685185185185185 0.026041666666666668 0.046296296296296294
0 0.5453125 0.27870370370370373 0.026041666666666668 0.046296296296296294
0 0.46510416666666665 0.2861111111111111 0.026041666666666668 0.046296296296296294
0 0.4901041666666667 0.28703703703703703 0.026041666666666668 0.046296296296296294
0 0.4828125 0.29259259259259257 0.026041666666666668 0.046296296296296294
0 0.5291666666666667 0.2935185185185185 0.026041666666666668 0.046296296296296294
0 0.6947916666666667 0.2935185185185185 0.026041666666666668 0.046296296296296294
0 0.4239583333333333 0.30277777777777776 0.026041666666666668 0.046296296296296294
0 0.4895833333333333 0.29907407407407405 0.026041666666666668 0.046296296296296294
0 0.5109375 0.31574074074074077 0.026041666666666668 0.046296296296296294
0 0.7072916666666667 0.31203703703703706 0.026041666666666668 0.046296296296296294
4 0.41770833333333335 0.3333333333333333 0.026041666666666668 0.046296296296296294
0 0.44583333333333336 0.3314814814814815 0.026041666666666668 0.046296296296296294
0 0.5114583333333333 0.3314814814814815 0.026041666666666668 0.046296296296296294
4 0.503125 0.34074074074074073 0.026041666666666668 0.046296296296296294
4 0.5489583333333333 0.34074074074074073 0.026041666666666668 0.046296296296296294
4 0.3885416666666667 0.3472222222222222 0.026041666666666668 0.046296296296296294
4 0.38333333333333336 0.3574074074074074 0.026041666666666668 0.046296296296296294
4 0.42291666666666666 0.3537037037037037 0.026041666666666668 0.046296296296296294
4 0.4296875 0.3537037037037037 0.026041666666666668 0.046296296296296294
4 0.50625 0.3574074074074074 0.026041666666666668 0.046296296296296294
4 0.4625 0.3638888888888889 0.026041666666666668 0.046296296296296294
4 0.5083333333333333 0.36944444444444446 0.026041666666666668 0.046296296296296294
2 0.21510416666666668 0.3787037037037037 0.026041666666666668 0.046296296296296294
4 0.38125 0.3768518518518518 0.026041666666666668 0.046296296296296294
4 0.5020833333333333 0.3824074074074074 0.026041666666666668 0.046296296296296294
4 0.37604166666666666 0.38796296296296295 0.026041666666666668 0.046296296296296294
4 0.3921875 0.39351851851851855 0.026041666666666668 0.046296296296296294
4 0.44166666666666665 0.39537037037037037 0.026041666666666668 0.046296296296296294
4 0.49114583333333334 0.39537037037037037 0.026041666666666668 0.046296296296296294
4 0.5083333333333333 0.3925925925925926 0.026041666666666668 0.046296296296296294
4 0.665625 0.39537037037037037 0.026041666666666668 0.046296296296296294
4 0.4005208333333333 0.4009259259259259 0.026041666666666668 0.046296296296296294
2 0.1859375 0.4083333333333333 0.026041666666666668 0.046296296296296294
2 0.20677083333333332 0.4064814814814815 0.026041666666666668 0.046296296296296294
2 0.21875 0.4101851851851852 0.026041666666666668 0.046296296296296294
3 0.7072916666666667 0.4064814814814815 0.026041666666666668 0.046296296296296294
2 0.1859375 0.4166666666666667 0.026041666666666668 0.046296296296296294
4 0.44479166666666664 0.41759259259259257 0.026041666666666668 0.046296296296296294
4 0.4625 0.4166666666666667 0.026041666666666668 0.046296296296296294
4 0.4869791666666667 0.4185185185185185 0.026041666666666668 0.046296296296296294
4 0.6494791666666667 0.4148148148148148 0.026041666666666668 0.046296296296296294
4 0.4078125 0.42592592592592593 0.026041666666666668 0.046296296296296294
4 0.4703125 0.42314814814814816 0.026041666666666668 0.046296296296296294
4 0.5197916666666667 0.42592592592592593 0.026041666666666668 0.046296296296296294
4 0.6619791666666667 0.42592592592592593 0.026041666666666668 0.046296296296296294
2 0.17604166666666668 0.43425925925925923 0.026041666666666668 0.046296296296296294
2 0.1859375 0.4324074074074074 0.026041666666666668 0.046296296296296294
2 0.20729166666666668 0.4324074074074074 0.026041666666666668 0.046296296296296294
4 0.5067708333333333 0.43333333333333335 0.026041666666666668 0.046296296296296294
3 0.6864583333333333 0.43425925925925923 0.026041666666666668 0.046296296296296294
4 0.40260416666666665 0.44166666666666665 0.026041666666666668 0.046296296296296294
3 0.6697916666666667 0.44074074074074077 0.026041666666666668 0.046296296296296294
3 0.6828125 0.44074074074074077 0.026041666666666668 0.046296296296296294
4 0.37916666666666665 0.44907407407407407 0.026041666666666668 0.046296296296296294
4 0.44114583333333335 0.4462962962962963 0.026041666666666668 0.046296296296296294
4 0.503125 0.44907407407407407 0.026041666666666668 0.046296296296296294
4 0.515625 0.45 0.026041666666666668 0.046296296296296294
4 0.5270833333333333 0.44814814814814813 0.026041666666666668 0.046296296296296294
4 0.509375 0.45555555555555555 0.026041666666666668 0.046296296296296294
4 0.6614583333333334 0.45740740740740743 0.026041666666666668 0.046296296296296294
4 0.503125 0.46574074074074073 0.026041666666666668 0.046296296296296294
3 0.6692708333333334 0.4722222222222222 0.026041666666666668 0.046296296296296294
4 0.625 0.47962962962962963 0.026041666666666668 0.046296296296296294
4 0.6369791666666667 0.47962962962962963 0.026041666666666668 0.046296296296296294
4 0.6536458333333334 0.4888888888888889 0.026041666666666668 0.046296296296296294
4 0.6651041666666667 0.4898148148148148 0.026041666666666668 0.046296296296296294
4 0.5010416666666667 0.48703703703703705 0.026041666666666668 0.046296296296296294
4 0.6255208333333333 0.49444444444444446 0.026041666666666668 0.046296296296296294
4 0.37916666666666665 0.5046296296296297 0.026041666666666668 0.046296296296296294
4 0.6270833333333333 0.5037037037037037 0.026041666666666668 0.046296296296296294
3 0.678125 0.5046296296296297 0.026041666666666668 0.046296296296296294
4 0.39479166666666665 0.5111111111111111 0.026041666666666668 0.046296296296296294
4 0.628125 0.5101851851851852 0.026041666666666668 0.046296296296296294
4 0.6442708333333333 0.5092592592592593 0.026041666666666668 0.046296296296296294
4 0.6078125 0.5185185185185185 0.026041666666666668 0.046296296296296294
3 0.690625 0.5185185185185185 0.026041666666666668 0.046296296296296294
3 0.7942708333333334 0.5148148148148148 0.026041666666666668 0.046296296296296294
4 0.4276041666666667 0.5212962962962963 0.026041666666666668 0.046296296296296294
4 0.5895833333333333 0.525 0.026041666666666668 0.046296296296296294
4 0.603125 0.5268518518518519 0.026041666666666668 0.046296296296296294
3 0.6697916666666667 0.525 0.026041666666666668 0.046296296296296294
3 0.7119791666666667 0.5222222222222223 0.026041666666666668 0.046296296296296294
3 0.715625 0.5259259259259259 0.026041666666666668 0.046296296296296294
4 0.6151041666666667 0.5333333333333333 0.026041666666666668 0.046296296296296294
4 0.5088541666666667 0.537962962962963 0.026041666666666668 0.046296296296296294
4 0.6083333333333333 0.5518518518518518 0.026041666666666668 0.046296296296296294
4 0.6041666666666666 0.5564814814814815 0.026041666666666668 0.046296296296296294
3 0.7328125 0.5574074074074075 0.026041666666666668 0.046296296296296294
3 0.7614583333333333 0.5574074074074075 0.026041666666666668 0.046296296296296294
4 0.6229166666666667 0.5638888888888889 0.026041666666666668 0.046296296296296294
3 0.6916666666666667 0.5740740740740741 0.026041666666666668 0.046296296296296294
4 0.5041666666666667 0.5787037037037037 0.026041666666666668 0.046296296296296294
4 0.6125 0.5805555555555556 0.026041666666666668 0.046296296296296294
3 0.7708333333333334 0.5787037037037037 0.026041666666666668 0.046296296296296294
4 0.6010416666666667 0.5879629629629629 0.026041666666666668 0.046296296296296294
4 0.6244791666666667 0.5879629629629629 0.026041666666666668 0.046296296296296294
4 0.6463541666666667 0.5907407407407408 0.026041666666666668 0.046296296296296294
3 0.7411458333333333 0.5879629629629629 0.026041666666666668 0.046296296296296294
4 0.65 0.6185185185185185 0.026041666666666668 0.046296296296296294
4 0.403125 0.6305555555555555 0.026041666666666668 0.046296296296296294
4 0.5963541666666666 0.6351851851851852 0.026041666666666668 0.046296296296296294
4 0.5572916666666666 0.6601851851851852 0.026041666666666668 0.046296296296296294
1 0.44947916666666665 0.6842592592592592 0.026041666666666668 0.046296296296296294
1 0.5151041666666667 0.6842592592592592 0.026041666666666668 0.046296296296296294
1 0.5453125 0.687037037037037 0.026041666666666668 0.046296296296296294
1 0.215625 0.6944444444444444 0.026041666666666668 0.046296296296296294
1 0.7807291666666667 0.7148148148148148 0.026041666666666668 0.046296296296296294
1 0.19479166666666667 0.737037037037037 0.026041666666666668 0.046296296296296294
1 0.6661458333333333 0.7351851851851852 0.026041666666666668 0.046296296296296294
1 0.4791666666666667 0.737037037037037 0.026041666666666668 0.046296296296296294
1 0.8239583333333333 0.7527777777777778 0.026041666666666668 0.046296296296296294
1 0.8796875 0.7444444444444445 0.026041666666666668 0.046296296296296294
1 0.953125 0.762962962962963 0.026041666666666668 0.046296296296296294
1 0.3541666666666667 0.774074074074074 0.026041666666666668 0.046296296296296294
1 0.7026041666666667 0.7925925925925926 0.026041666666666668 0.046296296296296294
1 0.7421875 0.787962962962963 0.026041666666666668 0.046296296296296294
1 0.828125 0.8314814814814815 0.026041666666666668 0.046296296296296294
1 0.3 0.8388888888888889 0.026041666666666668 0.046296296296296294
1 0.8770833333333333 0.8342592592592593 0.026041666666666668 0.046296296296296294
1 0.3458333333333333 0.862037037037037 0.026041666666666668 0.046296296296296294
1 0.790625 0.8453703703703703 0.026041666666666668 0.046296296296296294
1 0.46510416666666665 0.8694444444444445 0.026041666666666668 0.046296296296296294
1 0.42083333333333334 0.8916666666666667 0.026041666666666668 0.046296296296296294
1 0.11822916666666666 0.9092592592592592 0.026041666666666668 0.046296296296296294
1 0.9671875 0.9416666666666667 0.026041666666666668 0.046296296296296294
1 0.9239583333333333 0.9592592592592593 0.026041666666666668 0.046296296296296294
1 0.14375 0.9842592592592593 0.026041666666666668 0.046296296296296294
1 0.5171875 0.9935185185185185 0.026041666666666668 0.046296296296296294
1 0.17916666666666667 0.7907407407407407 0.026041666666666668 0.046296296296296294
1 0.16979166666666667 0.8981481481481481 0.026041666666666668 0.046296296296296294
1 0.37604166666666666 0.8796296296296297 0.026041666666666668 0.046296296296296294
1 0.38333333333333336 0.7944444444444444 0.026041666666666668 0.046296296296296294
1 0.38229166666666664 0.6796296296296296 0.026041666666666668 0.046296296296296294
4 0.5739583333333333 0.6333333333333333 0.026041666666666668 0.046296296296296294
4 0.5375 0.6148148148148148 0.026041666666666668 0.046296296296296294
4 0.4708333333333333 0.5407407407407407 0.026041666666666668 0.046296296296296294
4 0.4552083333333333 0.4444444444444444 0.026041666666666668 0.046296296296296294
4 0.434375 0.43148148148148147 0.026041666666666668 0.046296296296296294
4 0.38229166666666664 0.5537037037037037 0.026041666666666668 0.046296296296296294
3 0.696875 0.6 0.026041666666666668 0.046296296296296294
1 0.8927083333333333 0.9148148148148149 0.026041666666666668 0.046296296296296294
1 0.828125 0.8685185185185185 0.026041666666666668 0.046296296296296294
1 0.68125 0.774074074074074 0.026041666666666668 0.046296296296296294
1 0.640625 0.7481481481481481 0.026041666666666668 0.046296296296296294
1 0.640625 0.6907407407407408 0.026041666666666668 0.046296296296296294
4 0.5177083333333333 0.5592592592592592 0.026041666666666668 0.046296296296296294
3 0.76875 0.6648148148148149 0.026041666666666668 0.046296296296296294
