0 0.478125 0.09814814814814815 0.026041666666666668 0.046296296296296294
0 0.4822916666666667 0.11481481481481481 0.026041666666666668 0.046296296296296294
0 0.4921875 0.11851851851851852 0.026041666666666668 0.046296296296296294
0 0.49114583333333334 0.12962962962962962 0.026041666666666668 0.046296296296296294
0 0.45 0.13518518518518519 0.026041666666666668 0.046296296296296294
0 0.453125 0.13333333333333333 0.026041666666666668 0.046296296296296294
0 0.4401041666666667 0.14166666666666666 0.026041666666666668 0.046296296296296294
0 0.4583333333333333 0.14351851851851852 0.026041666666666668 0.046296296296296294
0 0.4734375 0.14722222222222223 0.026041666666666668 0.046296296296296294
0 0.45 0.15462962962962962 0.026041666666666668 0.046296296296296294
0 0.4666666666666667 0.15462962962962962 0.026041666666666668 0.046296296296296294
0 0.4661458333333333 0.1675925925925926 0.026041666666666668 0.046296296296296294
0 0.43333333333333335 0.1712962962962963 0.026041666666666668 0.046296296296296294
0 0.4739583333333333 0.17314814814814813 0.026041666666666668 0.046296296296296294
0 0.4953125 0.17592592592592593 0.026041666666666668 0.046296296296296294
0 0.44375 0.1814814814814815 0.026041666666666668 0.046296296296296294
0 0.45989583333333334 0.1824074074074074 0.026041666666666668 0.046296296296296294
0 0.4505208333333333 0.18981481481481483 0.026041666666666668 0.046296296296296294
0 0.4739583333333333 0.19074074074074074 0.026041666666666668 0.046296296296296294
0 0.4375 0.2 0.026041666666666668 0.046296296296296294
0 0.45416666666666666 0.2 0.026041666666666668 0.046296296296296294
0 0.490625 0.2 0.026041666666666668 0.046296296296296294
0 0.4947916666666667 0.20092592592592592 0.026041666666666668 0.046296296296296294
0 0.4125 0.23148148148148148 0.026041666666666668 0.046296296296296294
0 0.4786458333333333 0.22870370370370371 0.026041666666666668 0.046296296296296294
0 0.5114583333333333 0.22962962962962963 0.026041666666666668 0.046296296296296294
0 0.4578125 0.23981481481481481 0.026041666666666668 0.046296296296296294
0 0.46979166666666666 0.2388888888888889 0.026041666666666668 0.046296296296296294
0 0.5036458333333333 0.23796296296296296 0.026041666666666668 0.046296296296296294
0 0.46979166666666666 0.2490740740740741 0.026041666666666668 0.046296296296296294
0 0.4875 0.24722222222222223 0.026041666666666668 0.046296296296296294
0 0.5114583333333333 0.2537037037037037 0.026041666666666668 0.046296296296296294
0 0.4239583333333333 0.262037037037037 0.026041666666666668 0.046296296296296294
0 0.45260416666666664 0.262037037037037 0.026041666666666668 0.046296296296296294
0 0.49270833333333336 0.2611111111111111 0.026041666666666668 0.046296296296296294
0 0.4744791666666667 0.2851851851851852 0.026041666666666668 0.046296296296296294
0 0.5510416666666667 0.2851851851851852 0.026041666666666668 0.046296296296296294
0 0.7020833333333333 0.2833333333333333 0.026041666666666668 0.046296296296296294
0 0.5072916666666667 0.29259259259259257 0.026041666666666668 0.046296296296296294
0 0.5192708333333333 0.29444444444444445 0.026041666666666668 0.046296296296296294
0 0.6875 0.2916666666666667 0.026041666666666668 0.046296296296296294
0 0.48385416666666664 0.30092592592592593 0.026041666666666668 0.046296296296296294
0 0.44114583333333335 0.3055555555555556 0.026041666666666668 0.046296296296296294
0 0.4953125 0.30925925925925923 0.026041666666666668 0.046296296296296294
0 0.5151041666666667 0.3101851851851852 0.026041666666666668 0.046296296296296294
0 0.5234375 0.3111111111111111 0.026041666666666668 0.046296296296296294
0 0.475 0.31851851851851853 0.026041666666666668 0.046296296296296294
0 0.4244791666666667 0.32314814814814813 0.026041666666666668 0.046296296296296294
0 0.4354166666666667 0.32407407407407407 0.026041666666666668 0.046296296296296294
0 0.44375 0.3296296296296296 0.026041666666666668 0.046296296296296294
0 0.4557291666666667 0.3314814814814815 0.026041666666666668 0.046296296296296294
0 0.5067708333333333 0.33240740740740743 0.026041666666666668 0.046296296296296294
0 0.5276041666666667 0.3314814814814815 0.026041666666666668 0.046296296296296294
4 0.465625 0.34629629629629627 0.026041666666666668 0.046296296296296294
4 0.5125 0.34814814814814815 0.026041666666666668 0.046296296296296294
4 0.3697916666666667 0.35462962962962963 0.026041666666666668 0.046296296296296294
4 0.38229166666666664 0.35648148148148145 0.026041666666666668 0.046296296296296294
4 0.39427083333333335 0.3527777777777778 0.026041666666666668 0.046296296296296294
4 0.40260416666666665 0.35462962962962963 0.026041666666666668 0.046296296296296294
4 0.4197916666666667 0.3592592592592593 0.026041666666666668 0.046296296296296294
4 0.44479166666666664 0.35555555555555557 0.026041666666666668 0.046296296296296294
4 0.46510416666666665 0.3611111111111111 0.026041666666666668 0.046296296296296294
4 0.4765625 0.3611111111111111 0.026041666666666668 0.046296296296296294
4 0.5192708333333333 0.36574074074074076 0.026041666666666668 0.046296296296296294
4 0.38697916666666665 0.3712962962962963 0.026041666666666668 0.046296296296296294
4 0.39895833333333336 0.37222222222222223 0.026041666666666668 0.046296296296296294
4 0.5 0.37037037037037035 0.026041666666666668 0.046296296296296294
4 0.5067708333333333 0.37222222222222223 0.026041666666666668 0.046296296296296294
3 0.6770833333333334 0.36666666666666664 0.026041666666666668 0.046296296296296294
4 0.6541666666666667 0.37962962962962965 0.026041666666666668 0.046296296296296294
4 0.37447916666666664 0.3888888888888889 0.026041666666666668 0.046296296296296294
4 0.4 0.38796296296296295 0.026041666666666668 0.046296296296296294
4 0.44166666666666665 0.3888888888888889 0.026041666666666668 0.046296296296296294
4 0.5 0.38981481481481484 0.026041666666666668 0.046296296296296294
4 0.6541666666666667 0.39537037037037037 0.026041666666666668 0.046296296296296294
2 0.18958333333333333 0.4074074074074074 0.026041666666666668 0.046296296296296294
4 0.4296875 0.4111111111111111 0.026041666666666668 0.046296296296296294
4 0.5197916666666667 0.4148148148148148 0.026041666666666668 0.046296296296296294
4 0.3776041666666667 0.4185185185185185 0.026041666666666668 0.046296296296296294
4 0.4869791666666667 0.41759259259259257 0.026041666666666668 0.046296296296296294
4 0.5036458333333333 0.4166666666666667 0.026041666666666668 0.046296296296296294
4 0.5197916666666667 0.42592592592592593 0.026041666666666668 0.046296296296296294
4 0.6588541666666666 0.42592592592592593 0.026041666666666668 0.046296296296296294
4 0.390625 0.44074074074074077 0.026041666666666668 0.046296296296296294
4 0.4817708333333333 0.44074074074074077 0.026041666666666668 0.046296296296296294
4 0.49895833333333334 0.44166666666666665 0.026041666666666668 0.046296296296296294
4 0.5125 0.4425925925925926 0.026041666666666668 0.046296296296296294
4 0.6526041666666667 0.44074074074074077 0.026041666666666668 0.046296296296296294
3 0.7088541666666667 0.43703703703703706 0.026041666666666668 0.046296296296296294
4 0.665625 0.4601851851851852 0.026041666666666668 0.046296296296296294
4 0.4125 0.4703703703703704 0.026041666666666668 0.046296296296296294
4 0.45625 0.46574074074074073 0.026041666666666668 0.046296296296296294
4 0.4947916666666667 0.47129629629629627 0.026041666666666668 0.046296296296296294
4 0.5286458333333334 0.4703703703703704 0.026041666666666668 0.046296296296296294
4 0.6609375 0.4740740740740741 0.026041666666666668 0.046296296296296294
4 0.628125 0.47685185185185186 0.026041666666666668 0.046296296296296294
3 0.6838541666666667 0.48703703703703705 0.026041666666666668 0.046296296296296294
3 0.690625 0.48703703703703705 0.026041666666666668 0.046296296296296294
4 0.6380208333333334 0.4935185185185185 0.026041666666666668 0.046296296296296294
2 0.14375 0.5037037037037037 0.026041666666666668 0.046296296296296294
4 0.6078125 0.5092592592592593 0.026041666666666668 0.046296296296296294
4 0.6166666666666667 0.5138888888888888 0.026041666666666668 0.046296296296296294
3 0.6911458333333333 0.5092592592592593 0.026041666666666668 0.046296296296296294
4 0.540625 0.5212962962962963 0.026041666666666668 0.046296296296296294
2 0.22291666666666668 0.5259259259259259 0.026041666666666668 0.046296296296296294
4 0.6317708333333333 0.5268518518518519 0.026041666666666668 0.046296296296296294
4 0.6640625 0.5222222222222223 0.026041666666666668 0.046296296296296294
4 0.6151041666666667 0.5398148148148149 0.026041666666666668 0.046296296296296294
3 0.7192708333333333 0.5324074074074074 0.026041666666666668 0.046296296296296294
4 0.5453125 0.5564814814814815 0.026041666666666668 0.046296296296296294
4 0.5942708333333333 0.5546296296296296 0.026041666666666668 0.046296296296296294
2 0.178125 0.5666666666666667 0.026041666666666668 0.046296296296296294
4 0.5682291666666667 0.562037037037037 0.026041666666666668 0.046296296296296294
4 0.6307291666666667 0.5648148148148148 0.026041666666666668 0.046296296296296294
3 0.7296875 0.5685185185185185 0.026041666666666668 0.046296296296296294
3 0.7598958333333333 0.5675925925925925 0.026041666666666668 0.046296296296296294
3 0.7255208333333333 0.6 0.026041666666666668 0.046296296296296294
3 0.7401041666666667 0.5925925925925926 0.026041666666666668 0.046296296296296294
3 0.7625 0.5953703703703703 0.026041666666666668 0.046296296296296294
3 0.6828125 0.6240740740740741 0.026041666666666668 0.046296296296296294
3 0.7619791666666667 0.6259259259259259 0.026041666666666668 0.046296296296296294
3 0.7739583333333333 0.6657407407407407 0.026041666666666668 0.046296296296296294
1 0.39947916666666666 0.6805555555555556 0.026041666666666668 0.046296296296296294
1 0.6536458333333334 0.7 0.026041666666666668 0.046296296296296294
1 0.6067708333333334 0.7074074074074074 0.026041666666666668 0.046296296296296294
1 0.5760416666666667 0.7111111111111111 0.026041666666666668 0.046296296296296294
1 0.16979166666666667 0.725925925925926 0.026041666666666668 0.046296296296296294
1 0.5453125 0.725925925925926 0.026041666666666668 0.046296296296296294
1 0.7541666666666667 0.7287037037037037 0.026041666666666668 0.046296296296296294
1 0.47604166666666664 0.75 0.026041666666666668 0.046296296296296294
1 0.1890625 0.8324074074074074 0.026041666666666668 0.046296296296296294
1 0.7677083333333333 0.837037037037037 0.026041666666666668 0.046296296296296294
1 0.828125 0.837037037037037 0.026041666666666668 0.046296296296296294
1 0.975 0.8453703703703703 0.026041666666666668 0.046296296296296294
1 0.6302083333333334 0.8546296296296296 0.026041666666666668 0.046296296296296294
1 0.8328125 0.8685185185185185 0.026041666666666668 0.046296296296296294
1 0.8161458333333333 0.9120370370370371 0.026041666666666668 0.046296296296296294
1 0.6817708333333333 0.9157407407407407 0.026041666666666668 0.046296296296296294
1 0.9614583333333333 0.9481481481481482 0.026041666666666668 0.046296296296296294
1 0.409375 0.7555555555555555 0.026041666666666668 0.046296296296296294
1 0.8927083333333333 0.7388888888888889 0.026041666666666668 0.046296296296296294
1 0.8708333333333333 0.8222222222222222 0.026041666666666668 0.046296296296296294
1 0.9927083333333333 0.8611111111111112 0.026041666666666668 0.046296296296296294
1 0.7239583333333334 0.7129629629629629 0.026041666666666668 0.046296296296296294
3 0.7145833333333333 0.6537037037037037 0.026041666666666668 0.046296296296296294
1 0.5510416666666667 0.7592592592592593 0.026041666666666668 0.046296296296296294
4 0.415625 0.42592592592592593 0.026041666666666668 0.046296296296296294
4 0.4354166666666667 0.4351851851851852 0.026041666666666668 0.046296296296296294
4 0.640625 0.6537037037037037 0.026041666666666668 0.046296296296296294
2 0.20520833333333333 0.40555555555555556 0.026041666666666668 0.046296296296296294
2 0.16666666666666666 0.42777777777777776 0.026041666666666668 0.046296296296296294
2 0.21979166666666666 0.3851851851851852 0.026041666666666668 0.046296296296296294
