0 0.471875 0.09537037037037037 0.026041666666666668 0.046296296296296294
0 0.4791666666666667 0.09722222222222222 0.026041666666666668 0.046296296296296294
0 0.4828125 0.10462962962962963 0.026041666666666668 0.046296296296296294
0 0.490625 0.12222222222222222 0.026041666666666668 0.046296296296296294
0 0.4395833333333333 0.12685185185185185 0.026041666666666668 0.046296296296296294
0 0.44427083333333334 0.12685185185185185 0.026041666666666668 0.046296296296296294
0 0.4713541666666667 0.1287037037037037 0.026041666666666668 0.046296296296296294
0 0.4557291666666667 0.13518518518518519 0.026041666666666668 0.046296296296296294
0 0.4625 0.13796296296296295 0.026041666666666668 0.046296296296296294
0 0.484375 0.13796296296296295 0.026041666666666668 0.046296296296296294
0 0.490625 0.13703703703703704 0.026041666666666668 0.046296296296296294
0 0.475 0.14351851851851852 0.026041666666666668 0.046296296296296294
0 0.49166666666666664 0.1527777777777778 0.026041666666666668 0.046296296296296294
0 0.44947916666666665 0.16111111111111112 0.026041666666666668 0.046296296296296294
0 0.43333333333333335 0.17222222222222222 0.026041666666666668 0.046296296296296294
0 0.4765625 0.2111111111111111 0.026041666666666668 0.046296296296296294
0 0.4953125 0.2361111111111111 0.026041666666666668 0.046296296296296294
0 0.43645833333333334 0.24537037037037038 0.026041666666666668 0.046296296296296294
0 0.4557291666666667 0.25 0.026041666666666668 0.046296296296296294
0 0.43645833333333334 0.2611111111111111 0.026041666666666668 0.046296296296296294
0 0.48333333333333334 0.2601851851851852 0.026041666666666668 0.046296296296296294
0 0.4947916666666667 0.26666666666666666 0.026041666666666668 0.046296296296296294
0 0.5 0.2759259259259259 0.026041666666666668 0.046296296296296294
0 0.5020833333333333 0.2851851851851852 0.026041666666666668 0.046296296296296294
0 0.5427083333333333 0.2861111111111111 0.026041666666666668 0.046296296296296294
0 0.41354166666666664 0.2898148148148148 0.026041666666666668 0.046296296296296294
0 0.690625 0.29444444444444445 0.026041666666666668 0.046296296296296294
0 0.4354166666666667 0.30925925925925923 0.026041666666666668 0.046296296296296294
0 0.5463541666666667 0.30833333333333335 0.026041666666666668 0.046296296296296294
0 0.4244791666666667 0.31574074074074077 0.026041666666666668 0.046296296296296294
0 0.4479166666666667 0.3175925925925926 0.026041666666666668 0.046296296296296294
0 0.4901041666666667 0.31851851851851853 0.026041666666666668 0.046296296296296294
0 0.5078125 0.3138888888888889 0.026041666666666668 0.046296296296296294
0 0.5192708333333333 0.3194444444444444 0.026041666666666668 0.046296296296296294
0 0.7057291666666666 0.3138888888888889 0.026041666666666668 0.046296296296296294
0 0.5416666666666666 0.32592592592592595 0.026041666666666668 0.046296296296296294
0 0.4359375 0.3296296296296296 0.026041666666666668 0.046296296296296294
0 0.46822916666666664 0.33055555555555555 0.026041666666666668 0.046296296296296294
4 0.49583333333333335 0.3333333333333333 0.026041666666666668 0.046296296296296294
4 0.515625 0.3351851851851852 0.026041666666666668 0.046296296296296294
4 0.41875 0.3398148148148148 0.026041666666666668 0.046296296296296294
4 0.44895833333333335 0.3398148148148148 0.026041666666666668 0.046296296296296294
4 0.4859375 0.34074074074074073 0.026041666666666668 0.046296296296296294
4 0.503125 0.3388888888888889 0.026041666666666668 0.046296296296296294
4 0.4453125 0.3490740740740741 0.026041666666666668 0.046296296296296294
4 0.5364583333333334 0.34629629629629627 0.026041666666666668 0.046296296296296294
4 0.37447916666666664 0.3537037037037037 0.026041666666666668 0.046296296296296294
4 0.4078125 0.3537037037037037 0.026041666666666668 0.046296296296296294
4 0.51875 0.3592592592592593 0.026041666666666668 0.046296296296296294
4 0.5119791666666667 0.3648148148148148 0.026041666666666668 0.046296296296296294
4 0.39895833333333336 0.3861111111111111 0.026041666666666668 0.046296296296296294
4 0.4817708333333333 0.38796296296296295 0.026041666666666668 0.046296296296296294
4 0.5145833333333333 0.3861111111111111 0.026041666666666668 0.046296296296296294
4 0.46927083333333336 0.3925925925925926 0.026041666666666668 0.046296296296296294
3 0.6703125 0.39444444444444443 0.026041666666666668 0.046296296296296294
4 0.425 0.40370370370370373 0.026041666666666668 0.046296296296296294
4 0.4578125 0.3990740740740741 0.026041666666666668 0.046296296296296294
4 0.47760416666666666 0.41203703703703703 0.026041666666666668 0.046296296296296294
4 0.5208333333333334 0.41203703703703703 0.026041666666666668 0.046296296296296294
4 0.6505208333333333 0.4074074074074074 0.026041666666666668 0.046296296296296294
3 0.703125 0.4064814814814815 0.026041666666666668 0.046296296296296294
2 0.17291666666666666 0.41759259259259257 0.026041666666666668 0.046296296296296294
2 0.18958333333333333 0.41574074074074074 0.026041666666666668 0.046296296296296294
4 0.390625 0.41944444444444445 0.026041666666666668 0.046296296296296294
4 0.43333333333333335 0.41759259259259257 0.026041666666666668 0.046296296296296294
4 0.44895833333333335 0.41944444444444445 0.026041666666666668 0.046296296296296294
4 0.5145833333333333 0.4185185185185185 0.026041666666666668 0.046296296296296294
4 0.6614583333333334 0.41759259259259257 0.026041666666666668 0.046296296296296294
4 0.465625 0.42407407407407405 0.026041666666666668 0.046296296296296294
4 0.5036458333333333 0.42592592592592593 0.026041666666666668 0.046296296296296294
3 0.6739583333333333 0.42592592592592593 0.026041666666666668 0.046296296296296294
3 0.6776041666666667 0.42407407407407405 0.026041666666666668 0.046296296296296294
4 0.4197916666666667 0.4351851851851852 0.026041666666666668 0.046296296296296294
4 0.4953125 0.4351851851851852 0.026041666666666668 0.046296296296296294
4 0.5239583333333333 0.43425925925925923 0.026041666666666668 0.046296296296296294
4 0.39010416666666664 0.4398148148148148 0.026041666666666668 0.046296296296296294
4 0.4479166666666667 0.4398148148148148 0.026041666666666668 0.046296296296296294
3 0.6739583333333333 0.4425925925925926 0.026041666666666668 0.046296296296296294
4 0.4192708333333333 0.44722222222222224 0.026041666666666668 0.046296296296296294
4 0.43697916666666664 0.4546296296296296 0.026041666666666668 0.046296296296296294
4 0.453125 0.4546296296296296 0.026041666666666668 0.046296296296296294
3 0.6671875 0.4564814814814815 0.026041666666666668 0.046296296296296294
4 0.4036458333333333 0.4638888888888889 0.026041666666666668 0.046296296296296294
4 0.4708333333333333 0.4648148148148148 0.026041666666666668 0.046296296296296294
4 0.4786458333333333 0.46574074074074073 0.026041666666666668 0.046296296296296294
4 0.5020833333333333 0.4638888888888889 0.026041666666666668 0.046296296296296294
3 0.6734375 0.4666666666666667 0.026041666666666668 0.046296296296296294
4 0.44583333333333336 0.47314814814814815 0.026041666666666668 0.046296296296296294
4 0.5442708333333334 0.4703703703703704 0.026041666666666668 0.046296296296296294
4 0.3953125 0.4824074074074074 0.026041666666666668 0.046296296296296294
4 0.5052083333333334 0.4759259259259259 0.026041666666666668 0.046296296296296294
4 0.5104166666666666 0.47962962962962963 0.026041666666666668 0.046296296296296294
4 0.440625 0.48703703703703705 0.026041666666666668 0.046296296296296294
4 0.653125 0.487962962962963 0.026041666666666668 0.046296296296296294
3 0.7161458333333334 0.4888888888888889 0.026041666666666668 0.046296296296296294
4 0.4869791666666667 0.4935185185185185 0.026041666666666668 0.046296296296296294
4 0.6239583333333333 0.4925925925925926 0.026041666666666668 0.046296296296296294
4 0.6447916666666667 0.4962962962962963 0.026041666666666668 0.046296296296296294
4 0.5036458333333333 0.5055555555555555 0.026041666666666668 0.046296296296296294
4 0.6536458333333334 0.5018518518518519 0.026041666666666668 0.046296296296296294
3 0.6776041666666667 0.5055555555555555 0.026041666666666668 0.046296296296296294
4 0.5125 0.5111111111111111 0.026041666666666668 0.046296296296296294
4 0.6567708333333333 0.512962962962963 0.026041666666666668 0.046296296296296294
3 0.7109375 0.5101851851851852 0.026041666666666668 0.046296296296296294
4 0.5041666666666667 0.5203703703703704 0.026041666666666668 0.046296296296296294
4 0.6161458333333333 0.5203703703703704 0.026041666666666668 0.046296296296296294
4 0.6380208333333334 0.5194444444444445 0.026041666666666668 0.046296296296296294
3 0.69375 0.5194444444444445 0.026041666666666668 0.046296296296296294
3 0.66875 0.5259259259259259 0.026041666666666668 0.046296296296296294
3 0.7203125 0.5305555555555556 0.026041666666666668 0.046296296296296294
4 0.49583333333333335 0.5351851851851852 0.026041666666666668 0.046296296296296294
4 0.5223958333333333 0.5324074074074074 0.026041666666666668 0.046296296296296294
4 0.5578125 0.5333333333333333 0.026041666666666668 0.046296296296296294
4 0.590625 0.5351851851851852 0.026041666666666668 0.046296296296296294
4 0.60625 0.5398148148148149 0.026041666666666668 0.046296296296296294
4 0.6182291666666667 0.5407407407407407 0.026041666666666668 0.046296296296296294
4 0.5192708333333333 0.5583333333333333 0.026041666666666668 0.046296296296296294
3 0.6713541666666667 0.5583333333333333 0.026041666666666668 0.046296296296296294
4 0.584375 0.5657407407407408 0.026041666666666668 0.046296296296296294
3 0.7354166666666667 0.5648148148148148 0.026041666666666668 0.046296296296296294
4 0.5546875 0.5712962962962963 0.026041666666666668 0.046296296296296294
3 0.7557291666666667 0.5675925925925925 0.026041666666666668 0.046296296296296294
4 0.37916666666666665 0.5842592592592593 0.026041666666666668 0.046296296296296294
4 0.45625 0.5814814814814815 0.026041666666666668 0.046296296296296294
3 0.7364583333333333 0.5879629629629629 0.026041666666666668 0.046296296296296294
4 0.5619791666666667 0.5944444444444444 0.026041666666666668 0.046296296296296294
4 0.4083333333333333 0.6037037037037037 0.026041666666666668 0.046296296296296294
3 0.7541666666666667 0.612037037037037 0.026041666666666668 0.046296296296296294
4 0.44427083333333334 0.6157407407407407 0.026041666666666668 0.046296296296296294
4 0.5744791666666667 0.6148148148148148 0.026041666666666668 0.046296296296296294
3 0.7234375 0.625 0.026041666666666668 0.046296296296296294
4 0.49114583333333334 0.6416666666666667 0.026041666666666668 0.046296296296296294
4 0.5755208333333334 0.6537037037037037 0.026041666666666668 0.046296296296296294
4 0.6265625 0.6592592592592592 0.026041666666666668 0.046296296296296294
3 0.7708333333333334 0.6601851851851852 0.026041666666666668 0.046296296296296294
3 0.6729166666666667 0.6657407407407407 0.026041666666666668 0.046296296296296294
3 0.7828125 0.6620370370370371 0.026041666666666668 0.046296296296296294
1 0.41510416666666666 0.6722222222222223 0.026041666666666668 0.046296296296296294
1 0.5677083333333334 0.6731481481481482 0.026041666666666668 0.046296296296296294
1 0.6619791666666667 0.6759259259259259 0.026041666666666668 0.046296296296296294
1 0.51875 0.6805555555555556 0.026041666666666668 0.046296296296296294
1 0.7010416666666667 0.6824074074074075 0.026041666666666668 0.046296296296296294
1 0.4479166666666667 0.6944444444444444 0.026041666666666668 0.046296296296296294
1 0.8796875 0.7435185185185185 0.026041666666666668 0.046296296296296294
1 0.5135416666666667 0.7509259259259259 0.026041666666666668 0.046296296296296294
1 0.5161458333333333 0.7509259259259259 0.026041666666666668 0.046296296296296294
1 0.7203125 0.75 0.026041666666666668 0.046296296296296294
1 0.834375 0.7592592592592593 0.026041666666666668 0.046296296296296294
1 0.4942708333333333 0.7666666666666667 0.026041666666666668 0.046296296296296294
1 0.9473958333333333 0.7722222222222223 0.026041666666666668 0.046296296296296294
1 0.5739583333333333 0.7842592592592592 0.026041666666666668 0.046296296296296294
1 0.7526041666666666 0.8185185185185185 0.026041666666666668 0.046296296296296294
1 0.8651041666666667 0.8268518518518518 0.026041666666666668 0.046296296296296294
1 0.6947916666666667 0.8342592592592593 0.026041666666666668 0.046296296296296294
1 0.24270833333333333 0.8481481481481481 0.026041666666666668 0.046296296296296294
1 0.7901041666666667 0.8472222222222222 0.026041666666666668 0.046296296296296294
1 0.8255208333333334 0.8694444444444445 0.026041666666666668 0.046296296296296294
1 0.4583333333333333 0.9055555555555556 0.026041666666666668 0.046296296296296294
1 0.36875 0.9212962962962963 0.026041666666666668 0.046296296296296294
1 0.9135416666666667 0.9231481481481482 0.026041666666666668 0.046296296296296294
1 0.3223958333333333 0.9388888888888889 0.026041666666666668 0.046296296296296294
1 0.41354166666666664 0.9527777777777777 0.026041666666666668 0.046296296296296294
1 0.9609375 0.9472222222222222 0.026041666666666668 0.046296296296296294
1 0.9442708333333333 0.9777777777777777 0.026041666666666668 0.046296296296296294
1 0.7802083333333333 0.7222222222222222 0.026041666666666668 0.046296296296296294
1 0.459375 0.9462962962962963 0.026041666666666668 0.046296296296296294
1 0.6208333333333333 0.8629629629629629 0.026041666666666668 0.046296296296296294
1 0.6375 0.7685185185185185 0.026041666666666668 0.046296296296296294
2 0.22708333333333333 0.5407407407407407 0.026041666666666668 0.046296296296296294
2 0.215625 0.40925925925925927 0.026041666666666668 0.046296296296296294
3 0.6864583333333333 0.6277777777777778 0.026041666666666668 0.046296296296296294
3 0.765625 0.5796296296296296 0.026041666666666668 0.046296296296296294
3 0.7791666666666667 0.5611111111111111 0.026041666666666668 0.046296296296296294
4 0.42083333333333334 0.5055555555555555 0.026041666666666668 0.046296296296296294
4 0.41041666666666665 0.5296296296296297 0.026041666666666668 0.046296296296296294
