0 0.4703125 0.09537037037037037 0.026041666666666668 0.046296296296296294
0 0.490625 0.09814814814814815 0.026041666666666668 0.046296296296296294
0 0.4828125 0.10462962962962963 0.026041666666666668 0.046296296296296294
0 0.4703125 0.11388888888888889 0.026041666666666668 0.046296296296296294
0 0.4828125 0.12129629629629629 0.026041666666666668 0.046296296296296294
0 0.49114583333333334 0.11851851851851852 0.026041666666666668 0.046296296296296294
0 0.45416666666666666 0.13148148148148148 0.026041666666666668 0.046296296296296294
0 0.4609375 0.13333333333333333 0.026041666666666668 0.046296296296296294
0 0.4739583333333333 0.14814814814814814 0.026041666666666668 0.046296296296296294
0 0.4635416666666667 0.15185185185185185 0.026041666666666668 0.046296296296296294
0 0.49166666666666664 0.1537037037037037 0.026041666666666668 0.046296296296296294
0 0.42916666666666664 0.17962962962962964 0.026041666666666668 0.046296296296296294
0 0.4630208333333333 0.1925925925925926 0.026041666666666668 0.046296296296296294
0 0.4864583333333333 0.20833333333333334 0.026041666666666668 0.046296296296296294
0 0.5036458333333333 0.20277777777777778 0.026041666666666668 0.046296296296296294
0 0.515625 0.2074074074074074 0.026041666666666668 0.046296296296296294
0 0.46197916666666666 0.21388888888888888 0.026041666666666668 0.046296296296296294
0 0.44583333333333336 0.22037037037037038 0.026041666666666668 0.046296296296296294
0 0.42135416666666664 0.2351851851851852 0.026041666666666668 0.046296296296296294
0 0.43385416666666665 0.2361111111111111 0.026041666666666668 0.046296296296296294
0 0.46458333333333335 0.2361111111111111 0.026041666666666668 0.046296296296296294
0 0.47760416666666666 0.23703703703703705 0.026041666666666668 0.046296296296296294
0 0.5036458333333333 0.23703703703703705 0.026041666666666668 0.046296296296296294
0 0.44375 0.24166666666666667 0.026041666666666668 0.046296296296296294
0 0.5161458333333333 0.2490740740740741 0.026041666666666668 0.046296296296296294
0 0.43385416666666665 0.262037037037037 0.026041666666666668 0.046296296296296294
0 0.490625 0.2601851851851852 0.026041666666666668 0.046296296296296294
0 0.503125 0.262037037037037 0.026041666666666668 0.046296296296296294
0 0.5072916666666667 0.26296296296296295 0.026041666666666668 0.046296296296296294
0 0.7041666666666667 0.2601851851851852 0.026041666666666668 0.046296296296296294
0 0.5072916666666667 0.27685185185185185 0.026041666666666668 0.046296296296296294
0 0.46458333333333335 0.2851851851851852 0.026041666666666668 0.046296296296296294
0 0.46979166666666666 0.2851851851851852 0.026041666666666668 0.046296296296296294
0 0.4817708333333333 0.2851851851851852 0.026041666666666668 0.046296296296296294
0 0.4484375 0.2935185185185185 0.026041666666666668 0.046296296296296294
0 0.55 0.2935185185185185 0.026041666666666668 0.046296296296296294
0 0.421875 0.29907407407407405 0.026041666666666668 0.046296296296296294
0 0.465625 0.30277777777777776 0.026041666666666668 0.046296296296296294
0 0.5145833333333333 0.30185185185185187 0.026041666666666668 0.046296296296296294
0 0.5072916666666667 0.30925925925925923 0.026041666666666668 0.046296296296296294
0 0.4244791666666667 0.3175925925925926 0.026041666666666668 0.046296296296296294
0 0.44114583333333335 0.3148148148148148 0.026041666666666668 0.046296296296296294
0 0.45364583333333336 0.3148148148148148 0.026041666666666668 0.046296296296296294
0 0.5161458333333333 0.3148148148148148 0.026041666666666668 0.046296296296296294
0 0.46979166666666666 0.32592592592592595 0.026041666666666668 0.046296296296296294
0 0.5026041666666666 0.325 0.026041666666666668 0.046296296296296294
0 0.44895833333333335 0.3314814814814815 0.026041666666666668 0.046296296296296294
0 0.46145833333333336 0.3314814814814815 0.026041666666666668 0.046296296296296294
0 0.5114583333333333 0.33055555555555555 0.026041666666666668 0.046296296296296294
4 0.4822916666666667 0.3416666666666667 0.026041666666666668 0.046296296296296294
4 0.4192708333333333 0.3453703703703704 0.026041666666666668 0.046296296296296294
4 0.44583333333333336 0.3472222222222222 0.026041666666666668 0.046296296296296294
4 0.45416666666666666 0.34814814814814815 0.026041666666666668 0.046296296296296294
4 0.4666666666666667 0.34814814814814815 0.026041666666666668 0.046296296296296294
4 0.4005208333333333 0.35648148148148145 0.026041666666666668 0.046296296296296294
4 0.5114583333333333 0.35648148148148145 0.026041666666666668 0.046296296296296294
4 0.4192708333333333 0.36574074074074076 0.026041666666666668 0.046296296296296294
4 0.6489583333333333 0.3611111111111111 0.026041666666666668 0.046296296296296294
3 0.6828125 0.3611111111111111 0.026041666666666668 0.046296296296296294
3 0.740625 0.37037037037037035 0.026041666666666668 0.046296296296296294
4 0.3984375 0.38055555555555554 0.026041666666666668 0.046296296296296294
4 0.5078125 0.3787037037037037 0.026041666666666668 0.046296296296296294
4 0.3796875 0.3907407407407407 0.026041666666666668 0.046296296296296294
4 0.48489583333333336 0.38425925925925924 0.026041666666666668 0.046296296296296294
4 0.4114583333333333 0.39444444444444443 0.026041666666666668 0.046296296296296294
4 0.5130208333333334 0.39444444444444443 0.026041666666666668 0.046296296296296294
2 0.19739583333333333 0.4009259259259259 0.026041666666666668 0.046296296296296294
4 0.3953125 0.4046296296296296 0.026041666666666668 0.046296296296296294
4 0.478125 0.4 0.026041666666666668 0.046296296296296294
4 0.5166666666666667 0.4027777777777778 0.026041666666666668 0.046296296296296294
2 0.18489583333333334 0.4083333333333333 0.026041666666666668 0.046296296296296294
2 0.22083333333333333 0.4101851851851852 0.026041666666666668 0.046296296296296294
4 0.38177083333333334 0.4101851851851852 0.026041666666666668 0.046296296296296294
4 0.45364583333333336 0.40925925925925927 0.026041666666666668 0.046296296296296294
4 0.6578125 0.4101851851851852 0.026041666666666668 0.046296296296296294
4 0.4671875 0.41944444444444445 0.026041666666666668 0.046296296296296294
2 0.1859375 0.42592592592592593 0.026041666666666668 0.046296296296296294
4 0.3958333333333333 0.4287037037037037 0.026041666666666668 0.046296296296296294
4 0.5213541666666667 0.425 0.026041666666666668 0.046296296296296294
4 0.6494791666666667 0.42685185185185187 0.026041666666666668 0.046296296296296294
4 0.39010416666666664 0.43425925925925923 0.026041666666666668 0.046296296296296294
2 0.1796875 0.4398148148148148 0.026041666666666668 0.046296296296296294
2 0.20364583333333333 0.44166666666666665 0.026041666666666668 0.046296296296296294
4 0.5239583333333333 0.44166666666666665 0.026041666666666668 0.046296296296296294
3 0.7135416666666666 0.44074074074074077 0.026041666666666668 0.046296296296296294
4 0.37395833333333334 0.44907407407407407 0.026041666666666668 0.046296296296296294
4 0.659375 0.4444444444444444 0.026041666666666668 0.046296296296296294
3 0.6854166666666667 0.44814814814814813 0.026041666666666668 0.046296296296296294
2 0.2125 0.4583333333333333 0.026041666666666668 0.046296296296296294
4 0.5166666666666667 0.4564814814814815 0.026041666666666668 0.046296296296296294
3 0.6692708333333334 0.45185185185185184 0.026041666666666668 0.046296296296296294
2 0.21614583333333334 0.47129629629629627 0.026041666666666668 0.046296296296296294
4 0.4036458333333333 0.4703703703703704 0.026041666666666668 0.046296296296296294
4 0.5119791666666667 0.47129629629629627 0.026041666666666668 0.046296296296296294
3 0.6916666666666667 0.4722222222222222 0.026041666666666668 0.046296296296296294
4 0.44583333333333336 0.4787037037037037 0.026041666666666668 0.046296296296296294
4 0.4734375 0.47962962962962963 0.026041666666666668 0.046296296296296294
4 0.38645833333333335 0.4888888888888889 0.026041666666666668 0.046296296296296294
4 0.6197916666666666 0.48518518518518516 0.026041666666666668 0.046296296296296294
3 0.6864583333333333 0.4888888888888889 0.026041666666666668 0.046296296296296294
4 0.4046875 0.49444444444444446 0.026041666666666668 0.046296296296296294
4 0.5197916666666667 0.49444444444444446 0.026041666666666668 0.046296296296296294
4 0.6036458333333333 0.4925925925925926 0.026041666666666668 0.046296296296296294
4 0.6286458333333333 0.4935185185185185 0.026041666666666668 0.046296296296296294
4 0.4703125 0.5046296296296297 0.026041666666666668 0.046296296296296294
4 0.5322916666666667 0.5018518518518519 0.026041666666666668 0.046296296296296294
4 0.615625 0.5037037037037037 0.026041666666666668 0.046296296296296294
4 0.49947916666666664 0.5111111111111111 0.026041666666666668 0.046296296296296294
3 0.6953125 0.5120370370370371 0.026041666666666668 0.046296296296296294
4 0.6286458333333333 0.5157407407407407 0.026041666666666668 0.046296296296296294
3 0.6760416666666667 0.5268518518518519 0.026041666666666668 0.046296296296296294
4 0.665625 0.5333333333333333 0.026041666666666668 0.046296296296296294
3 0.7260416666666667 0.5324074074074074 0.026041666666666668 0.046296296296296294
4 0.45625 0.5407407407407407 0.026041666666666668 0.046296296296296294
4 0.5067708333333333 0.5407407407407407 0.026041666666666668 0.046296296296296294
4 0.6197916666666666 0.5472222222222223 0.026041666666666668 0.046296296296296294
3 0.7364583333333333 0.5564814814814815 0.026041666666666668 0.046296296296296294
4 0.5489583333333333 0.5583333333333333 0.026041666666666668 0.046296296296296294
4 0.5703125 0.5555555555555556 0.026041666666666668 0.046296296296296294
4 0.5942708333333333 0.562037037037037 0.026041666666666668 0.046296296296296294
3 0.7671875 0.5805555555555556 0.026041666666666668 0.046296296296296294
4 0.615625 0.5953703703703703 0.026041666666666668 0.046296296296296294
4 0.6385416666666667 0.6037037037037037 0.026041666666666668 0.046296296296296294
4 0.6046875 0.6601851851851852 0.026041666666666668 0.046296296296296294
1 0.5 0.6768518518518518 0.026041666666666668 0.046296296296296294
1 0.7697916666666667 0.674074074074074 0.026041666666666668 0.046296296296296294
1 0.7546875 0.6972222222222222 0.026041666666666668 0.046296296296296294
1 0.49635416666666665 0.7148148148148148 0.026041666666666668 0.046296296296296294
1 0.4703125 0.7296296296296296 0.026041666666666668 0.046296296296296294
1 0.8859375 0.7444444444444445 0.026041666666666668 0.046296296296296294
1 0.5052083333333334 0.7731481481481481 0.026041666666666668 0.046296296296296294
1 0.8630208333333333 0.8 0.026041666666666668 0.046296296296296294
1 0.8197916666666667 0.8324074074074074 0.026041666666666668 0.046296296296296294
1 0.7713541666666667 0.8398148148148148 0.026041666666666668 0.046296296296296294
1 0.9786458333333333 0.8453703703703703 0.026041666666666668 0.046296296296296294
1 0.2390625 0.8425925925925926 0.026041666666666668 0.046296296296296294
1 0.8317708333333333 0.8694444444444445 0.026041666666666668 0.046296296296296294
1 0.8171875 0.912962962962963 0.026041666666666668 0.046296296296296294
1 0.9630208333333333 0.9444444444444444 0.026041666666666668 0.046296296296296294
1 0.07239583333333334 0.9648148148148148 0.026041666666666668 0.046296296296296294
1 0.48125 0.9944444444444445 0.026041666666666668 0.046296296296296294
1 0.7104166666666667 0.687037037037037 0.026041666666666668 0.046296296296296294
3 0.7145833333333333 0.6425925925925926 0.026041666666666668 0.046296296296296294
1 0.99375 0.8555555555555555 0.026041666666666668 0.046296296296296294
3 0.75625 0.6259259259259259 0.026041666666666668 0.046296296296296294
4 0.42604166666666665 0.4666666666666667 0.026041666666666668 0.046296296296296294
4 0.44166666666666665 0.4444444444444444 0.026041666666666668 0.046296296296296294
