0 0.47552083333333334 0.09814814814814815 0.026041666666666668 0.046296296296296294
0 0.4822916666666667 0.1037037037037037 0.026041666666666668 0.046296296296296294
0 0.471875 0.11574074074074074 0.026041666666666668 0.046296296296296294
0 0.46770833333333334 0.12129629629629629 0.026041666666666668 0.046296296296296294
0 0.4828125 0.12129629629629629 0.026041666666666668 0.046296296296296294
0 0.4901041666666667 0.12314814814814815 0.026041666666666668 0.046296296296296294
0 0.46145833333333336 0.13055555555555556 0.026041666666666668 0.046296296296296294
0 0.4421875 0.13333333333333333 0.026041666666666668 0.046296296296296294
0 0.44947916666666665 0.13518518518518519 0.026041666666666668 0.046296296296296294
0 0.4546875 0.13425925925925927 0.026041666666666668 0.046296296296296294
0 0.475 0.13796296296296295 0.026041666666666668 0.046296296296296294
0 0.48385416666666664 0.13796296296296295 0.026041666666666668 0.046296296296296294
0 0.490625 0.13796296296296295 0.026041666666666668 0.046296296296296294
0 0.459375 0.14814814814814814 0.026041666666666668 0.046296296296296294
0 0.4661458333333333 0.1425925925925926 0.026041666666666668 0.046296296296296294
0 0.4505208333333333 0.15 0.026041666666666668 0.046296296296296294
0 0.475 0.1527777777777778 0.026041666666666668 0.046296296296296294
0 0.4828125 0.1824074074074074 0.026041666666666668 0.046296296296296294
0 0.4625 0.19074074074074074 0.026041666666666668 0.046296296296296294
0 0.5114583333333333 0.21944444444444444 0.026041666666666668 0.046296296296296294
0 0.46979166666666666 0.22777777777777777 0.026041666666666668 0.046296296296296294
0 0.4942708333333333 0.22777777777777777 0.026041666666666668 0.046296296296296294
0 0.4453125 0.2935185185185185 0.026041666666666668 0.046296296296296294
0 0.45416666666666666 0.2916666666666667 0.026041666666666668 0.046296296296296294
0 0.465625 0.2898148148148148 0.026041666666666668 0.046296296296296294
0 0.4942708333333333 0.29444444444444445 0.026041666666666668 0.046296296296296294
0 0.50625 0.29444444444444445 0.026041666666666668 0.046296296296296294
0 0.6953125 0.2935185185185185 0.026041666666666668 0.046296296296296294
0 0.4828125 0.3 0.026041666666666668 0.046296296296296294
0 0.50625 0.29907407407407405 0.026041666666666668 0.046296296296296294
0 0.6619791666666667 0.2953703703703704 0.026041666666666668 0.046296296296296294
0 0.440625 0.31203703703703706 0.026041666666666668 0.046296296296296294
0 0.4739583333333333 0.30925925925925923 0.026041666666666668 0.046296296296296294
0 0.42864583333333334 0.3148148148148148 0.026041666666666668 0.046296296296296294
0 0.5 0.31851851851851853 0.026041666666666668 0.046296296296296294
0 0.7026041666666667 0.3148148148148148 0.026041666666666668 0.046296296296296294
0 0.4328125 0.325 0.026041666666666668 0.046296296296296294
0 0.515625 0.32222222222222224 0.026041666666666668 0.046296296296296294
4 0.47760416666666666 0.3333333333333333 0.026041666666666668 0.046296296296296294
4 0.49583333333333335 0.3333333333333333 0.026041666666666668 0.046296296296296294
4 0.4244791666666667 0.3425925925925926 0.026041666666666668 0.046296296296296294
4 0.44635416666666666 0.33796296296296297 0.026041666666666668 0.046296296296296294
4 0.4515625 0.3398148148148148 0.026041666666666668 0.046296296296296294
4 0.46510416666666665 0.3398148148148148 0.026041666666666668 0.046296296296296294
4 0.4119791666666667 0.3472222222222222 0.026041666666666668 0.046296296296296294
4 0.4328125 0.3472222222222222 0.026041666666666668 0.046296296296296294
4 0.478125 0.3472222222222222 0.026041666666666668 0.046296296296296294
4 0.5036458333333333 0.3509259259259259 0.026041666666666668 0.046296296296296294
4 0.38385416666666666 0.35648148148148145 0.026041666666666668 0.046296296296296294
4 0.4041666666666667 0.35462962962962963 0.026041666666666668 0.046296296296296294
4 0.44114583333333335 0.35555555555555557 0.026041666666666668 0.046296296296296294
4 0.45677083333333335 0.35648148148148145 0.026041666666666668 0.046296296296296294
4 0.42083333333333334 0.362962962962963 0.026041666666666668 0.046296296296296294
4 0.46979166666666666 0.3638888888888889 0.026041666666666668 0.046296296296296294
3 0.7046875 0.3611111111111111 0.026041666666666668 0.046296296296296294
4 0.37447916666666664 0.3731481481481482 0.026041666666666668 0.046296296296296294
4 0.409375 0.3712962962962963 0.026041666666666668 0.046296296296296294
4 0.45 0.3731481481481482 0.026041666666666668 0.046296296296296294
4 0.4578125 0.37222222222222223 0.026041666666666668 0.046296296296296294
4 0.5036458333333333 0.37037037037037035 0.026041666666666668 0.046296296296296294
3 0.678125 0.3685185185185185 0.026041666666666668 0.046296296296296294
4 0.44166666666666665 0.38796296296296295 0.026041666666666668 0.046296296296296294
2 0.19010416666666666 0.3925925925925926 0.026041666666666668 0.046296296296296294
4 0.37395833333333334 0.39351851851851855 0.026041666666666668 0.046296296296296294
4 0.4546875 0.39444444444444443 0.026041666666666668 0.046296296296296294
4 0.478125 0.39351851851851855 0.026041666666666668 0.046296296296296294
4 0.5078125 0.39351851851851855 0.026041666666666668 0.046296296296296294
2 0.1734375 0.40370370370370373 0.026041666666666668 0.046296296296296294
2 0.21145833333333333 0.3990740740740741 0.026041666666666668 0.046296296296296294
4 0.403125 0.4009259259259259 0.026041666666666668 0.046296296296296294
4 0.49947916666666664 0.4046296296296296 0.026041666666666668 0.046296296296296294
4 0.653125 0.4111111111111111 0.026041666666666668 0.046296296296296294
4 0.37916666666666665 0.4203703703703704 0.026041666666666668 0.046296296296296294
4 0.453125 0.4166666666666667 0.026041666666666668 0.046296296296296294
4 0.4744791666666667 0.4166666666666667 0.026041666666666668 0.046296296296296294
4 0.4869791666666667 0.41759259259259257 0.026041666666666668 0.046296296296296294
4 0.4395833333333333 0.425 0.026041666666666668 0.046296296296296294
4 0.4041666666666667 0.42962962962962964 0.026041666666666668 0.046296296296296294
4 0.5078125 0.44074074074074077 0.026041666666666668 0.046296296296296294
4 0.6505208333333333 0.4388888888888889 0.026041666666666668 0.046296296296296294
4 0.5244791666666667 0.45 0.026041666666666668 0.046296296296296294
3 0.7026041666666667 0.44814814814814813 0.026041666666666668 0.046296296296296294
4 0.6578125 0.4583333333333333 0.026041666666666668 0.046296296296296294
3 0.678125 0.4537037037037037 0.026041666666666668 0.046296296296296294
4 0.5244791666666667 0.462037037037037 0.026041666666666668 0.046296296296296294
3 0.6864583333333333 0.4638888888888889 0.026041666666666668 0.046296296296296294
4 0.5322916666666667 0.4722222222222222 0.026041666666666668 0.046296296296296294
4 0.6578125 0.4703703703703704 0.026041666666666668 0.046296296296296294
3 0.6817708333333333 0.475 0.026041666666666668 0.046296296296296294
4 0.5255208333333333 0.4898148148148148 0.026041666666666668 0.046296296296296294
4 0.60625 0.48703703703703705 0.026041666666666668 0.046296296296296294
4 0.665625 0.487962962962963 0.026041666666666668 0.046296296296296294
4 0.5036458333333333 0.49537037037037035 0.026041666666666668 0.046296296296296294
3 0.6822916666666666 0.5120370370370371 0.026041666666666668 0.046296296296296294
4 0.503125 0.524074074074074 0.026041666666666668 0.046296296296296294
4 0.5161458333333333 0.5231481481481481 0.026041666666666668 0.046296296296296294
4 0.5223958333333333 0.5259259259259259 0.026041666666666668 0.046296296296296294
4 0.6234375 0.524074074074074 0.026041666666666668 0.046296296296296294
4 0.6661458333333333 0.5259259259259259 0.026041666666666668 0.046296296296296294
3 0.7364583333333333 0.5324074074074074 0.026041666666666668 0.046296296296296294
4 0.5989583333333334 0.5398148148148149 0.026041666666666668 0.046296296296296294
4 0.6244791666666667 0.5398148148148149 0.026041666666666668 0.046296296296296294
4 0.39947916666666666 0.5509259259259259 0.026041666666666668 0.046296296296296294
4 0.5317708333333333 0.5583333333333333 0.026041666666666668 0.046296296296296294
4 0.6630208333333333 0.5592592592592592 0.026041666666666668 0.046296296296296294
3 0.7473958333333334 0.5574074074074075 0.026041666666666668 0.046296296296296294
4 0.5203125 0.5648148148148148 0.026041666666666668 0.046296296296296294
4 0.625 0.5638888888888889 0.026041666666666668 0.046296296296296294
3 0.7046875 0.5638888888888889 0.026041666666666668 0.046296296296296294
4 0.5161458333333333 0.5814814814814815 0.026041666666666668 0.046296296296296294
4 0.6083333333333333 0.5805555555555556 0.026041666666666668 0.046296296296296294
4 0.6286458333333333 0.5814814814814815 0.026041666666666668 0.046296296296296294
4 0.6619791666666667 0.5787037037037037 0.026041666666666668 0.046296296296296294
4 0.46458333333333335 0.6018518518518519 0.026041666666666668 0.046296296296296294
4 0.5067708333333333 0.6129629629629629 0.026041666666666668 0.046296296296296294
4 0.6375 0.6305555555555555 0.026041666666666668 0.046296296296296294
4 0.5494791666666666 0.6351851851851852 0.026041666666666668 0.046296296296296294
4 0.5828125 0.6342592592592593 0.026041666666666668 0.046296296296296294
4 0.471875 0.6546296296296297 0.026041666666666668 0.046296296296296294
4 0.41041666666666665 0.6638888888888889 0.026041666666666668 0.046296296296296294
4 0.5859375 0.6601851851851852 0.026041666666666668 0.046296296296296294
1 0.4828125 0.6888888888888889 0.026041666666666668 0.046296296296296294
1 0.5619791666666667 0.712037037037037 0.026041666666666668 0.046296296296296294
1 0.728125 0.7203703703703703 0.026041666666666668 0.046296296296296294
1 0.4895833333333333 0.7379629629629629 0.026041666666666668 0.046296296296296294
1 0.6036458333333333 0.7527777777777778 0.026041666666666668 0.046296296296296294
1 0.459375 0.7555555555555555 0.026041666666666668 0.046296296296296294
1 0.7255208333333333 0.7925925925925926 0.026041666666666668 0.046296296296296294
1 0.5744791666666667 0.7962962962962963 0.026041666666666668 0.046296296296296294
1 0.6291666666666667 0.799074074074074 0.026041666666666668 0.046296296296296294
1 0.6802083333333333 0.7953703703703704 0.026041666666666668 0.046296296296296294
1 0.025 0.8296296296296296 0.026041666666666668 0.046296296296296294
1 0.1078125 0.8185185185185185 0.026041666666666668 0.046296296296296294
1 0.8239583333333333 0.8379629629629629 0.026041666666666668 0.046296296296296294
1 0.0578125 0.8407407407407408 0.026041666666666668 0.046296296296296294
1 0.39114583333333336 0.8555555555555555 0.026041666666666668 0.046296296296296294
1 0.14010416666666667 0.8694444444444445 0.026041666666666668 0.046296296296296294
1 0.0171875 0.8870370370370371 0.026041666666666668 0.046296296296296294
1 0.29583333333333334 0.8907407407407407 0.026041666666666668 0.046296296296296294
1 0.19739583333333333 0.9018518518518519 0.026041666666666668 0.046296296296296294
1 0.4359375 0.8944444444444445 0.026041666666666668 0.046296296296296294
1 0.2604166666666667 0.9120370370370371 0.026041666666666668 0.046296296296296294
1 0.99375 0.9111111111111111 0.026041666666666668 0.046296296296296294
1 0.29375 0.9194444444444444 0.026041666666666668 0.046296296296296294
1 0.225 0.9611111111111111 0.026041666666666668 0.046296296296296294
1 0.5375 0.7444444444444445 0.026041666666666668 0.046296296296296294
1 0.825 0.8611111111111112 0.026041666666666668 0.046296296296296294
1 0.8552083333333333 0.9 0.026041666666666668 0.046296296296296294
1 0.8354166666666667 0.9444444444444444 0.026041666666666668 0.046296296296296294
1 0.7822916666666667 0.9333333333333333 0.026041666666666668 0.046296296296296294
1 0.878125 0.8148148148148148 0.026041666666666668 0.046296296296296294
1 0.8875 0.7425925925925926 0.026041666666666668 0.046296296296296294
3 0.7760416666666666 0.6648148148148149 0.026041666666666668 0.046296296296296294
3 0.753125 0.6370370370370371 0.026041666666666668 0.046296296296296294
3 0.7291666666666666 0.587037037037037 0.026041666666666668 0.046296296296296294
4 0.665625 0.6111111111111112 0.026041666666666668 0.046296296296296294
4 0.6145833333333334 0.6 0.026041666666666668 0.046296296296296294
4 0.41354166666666664 0.5166666666666667 0.026041666666666668 0.046296296296296294
4 0.4125 0.43703703703703706 0.026041666666666668 0.046296296296296294
2 0.15833333333333333 0.4888888888888889 0.026041666666666668 0.046296296296296294
2 0.21979166666666666 0.4203703703703704 0.026041666666666668 0.046296296296296294
1 0.0875 0.8740740740740741 0.026041666666666668 0.046296296296296294
1 0.078125 0.9092592592592592 0.026041666666666668 0.046296296296296294
1 0.12604166666666666 0.9296296296296296 0.026041666666666668 0.046296296296296294
1 0.1625 0.9592592592592593 0.026041666666666668 0.046296296296296294
1 0.459375 0.9111111111111111 0.026041666666666668 0.046296296296296294
1 0.9739583333333334 0.9425925925925925 0.026041666666666668 0.046296296296296294
1 0.8479166666666667 0.7203703703703703 0.026041666666666668 0.046296296296296294
