0 0.4828125 0.12037037037037036 0.026041666666666668 0.046296296296296294
0 0.4947916666666667 0.12314814814814815 0.026041666666666668 0.046296296296296294
0 0.4703125 0.13055555555555556 0.026041666666666668 0.046296296296296294
0 0.47708333333333336 0.13240740740740742 0.026041666666666668 0.046296296296296294
0 0.4505208333333333 0.13518518518518519 0.026041666666666668 0.046296296296296294
0 0.45364583333333336 0.13425925925925927 0.026041666666666668 0.046296296296296294
0 0.4583333333333333 0.13333333333333333 0.026041666666666668 0.046296296296296294
0 0.4713541666666667 0.13796296296296295 0.026041666666666668 0.046296296296296294
0 0.4875 0.13796296296296295 0.026041666666666668 0.046296296296296294
0 0.4895833333333333 0.1388888888888889 0.026041666666666668 0.046296296296296294
0 0.48333333333333334 0.14537037037037037 0.026041666666666668 0.046296296296296294
0 0.4666666666666667 0.15925925925925927 0.026041666666666668 0.046296296296296294
0 0.4744791666666667 0.16018518518518518 0.026041666666666668 0.046296296296296294
0 0.4864583333333333 0.16666666666666666 0.026041666666666668 0.046296296296296294
0 0.49895833333333334 0.17407407407407408 0.026041666666666668 0.046296296296296294
0 0.475 0.18888888888888888 0.026041666666666668 0.046296296296296294
0 0.44166666666666665 0.24722222222222223 0.026041666666666668 0.046296296296296294
0 0.4953125 0.2740740740740741 0.026041666666666668 0.046296296296296294
0 0.5072916666666667 0.2740740740740741 0.026041666666666668 0.046296296296296294
0 0.4640625 0.2833333333333333 0.026041666666666668 0.046296296296296294
0 0.6875 0.29259259259259257 0.026041666666666668 0.046296296296296294
0 0.4192708333333333 0.29814814814814816 0.026041666666666668 0.046296296296296294
0 0.5067708333333333 0.3 0.026041666666666668 0.046296296296296294
0 0.4359375 0.30833333333333335 0.026041666666666668 0.046296296296296294
0 0.4484375 0.3101851851851852 0.026041666666666668 0.046296296296296294
0 0.4953125 0.3074074074074074 0.026041666666666668 0.046296296296296294
0 0.4203125 0.3138888888888889 0.026041666666666668 0.046296296296296294
0 0.528125 0.31666666666666665 0.026041666666666668 0.046296296296296294
0 0.7072916666666667 0.3148148148148148 0.026041666666666668 0.046296296296296294
0 0.4666666666666667 0.32407407407407407 0.026041666666666668 0.046296296296296294
0 0.48385416666666664 0.32592592592592595 0.026041666666666668 0.046296296296296294
0 0.43645833333333334 0.33055555555555555 0.026041666666666668 0.046296296296296294
4 0.5171875 0.33611111111111114 0.026041666666666668 0.046296296296296294
4 0.44895833333333335 0.33796296296296297 0.026041666666666668 0.046296296296296294
4 0.37916666666666665 0.35555555555555557 0.026041666666666668 0.046296296296296294
4 0.3859375 0.35462962962962963 0.026041666666666668 0.046296296296296294
4 0.44114583333333335 0.35833333333333334 0.026041666666666668 0.046296296296296294
4 0.37447916666666664 0.36574074074074076 0.026041666666666668 0.046296296296296294
4 0.45260416666666664 0.362962962962963 0.026041666666666668 0.046296296296296294
4 0.3828125 0.37222222222222223 0.026041666666666668 0.046296296296296294
4 0.39791666666666664 0.3712962962962963 0.026041666666666668 0.046296296296296294
4 0.41510416666666666 0.37037037037037035 0.026041666666666668 0.046296296296296294
4 0.3734375 0.3814814814814815 0.026041666666666668 0.046296296296296294
4 0.4479166666666667 0.3888888888888889 0.026041666666666668 0.046296296296296294
2 0.21145833333333333 0.39166666666666666 0.026041666666666668 0.046296296296296294
4 0.3890625 0.39537037037037037 0.026041666666666668 0.046296296296296294
4 0.40729166666666666 0.39351851851851855 0.026041666666666668 0.046296296296296294
4 0.4817708333333333 0.39351851851851855 0.026041666666666668 0.046296296296296294
4 0.5208333333333334 0.39444444444444443 0.026041666666666668 0.046296296296296294
4 0.6619791666666667 0.39351851851851855 0.026041666666666668 0.046296296296296294
4 0.4203125 0.39814814814814814 0.026041666666666668 0.046296296296296294
4 0.49895833333333334 0.40185185185185185 0.026041666666666668 0.046296296296296294
4 0.525 0.40185185185185185 0.026041666666666668 0.046296296296296294
2 0.19375 0.4101851851851852 0.026041666666666668 0.046296296296296294
4 0.4276041666666667 0.4101851851851852 0.026041666666666668 0.046296296296296294
4 0.46197916666666666 0.40925925925925927 0.026041666666666668 0.046296296296296294
4 0.5203125 0.4111111111111111 0.026041666666666668 0.046296296296296294
4 0.6515625 0.4083333333333333 0.026041666666666668 0.046296296296296294
3 0.7119791666666667 0.40555555555555556 0.026041666666666668 0.046296296296296294
4 0.44479166666666664 0.41574074074074074 0.026041666666666668 0.046296296296296294
4 0.6609375 0.4166666666666667 0.026041666666666668 0.046296296296296294
2 0.17864583333333334 0.425 0.026041666666666668 0.046296296296296294
4 0.515625 0.4287037037037037 0.026041666666666668 0.046296296296296294
3 0.6859375 0.42592592592592593 0.026041666666666668 0.046296296296296294
4 0.4109375 0.4425925925925926 0.026041666666666668 0.046296296296296294
3 0.6739583333333333 0.4425925925925926 0.026041666666666668 0.046296296296296294
4 0.6661458333333333 0.45925925925925926 0.026041666666666668 0.046296296296296294
4 0.5203125 0.4666666666666667 0.026041666666666668 0.046296296296296294
3 0.6697916666666667 0.4648148148148148 0.026041666666666668 0.046296296296296294
4 0.39427083333333335 0.47129629629629627 0.026041666666666668 0.046296296296296294
4 0.5140625 0.47314814814814815 0.026041666666666668 0.046296296296296294
4 0.4984375 0.4777777777777778 0.026041666666666668 0.046296296296296294
4 0.6666666666666666 0.48055555555555557 0.026041666666666668 0.046296296296296294
4 0.515625 0.49166666666666664 0.026041666666666668 0.046296296296296294
4 0.6494791666666667 0.4888888888888889 0.026041666666666668 0.046296296296296294
3 0.6786458333333333 0.4981481481481482 0.026041666666666668 0.046296296296296294
4 0.4125 0.5037037037037037 0.026041666666666668 0.046296296296296294
4 0.4552083333333333 0.5018518518518519 0.026041666666666668 0.046296296296296294
4 0.4625 0.5027777777777778 0.026041666666666668 0.046296296296296294
4 0.4984375 0.5009259259259259 0.026041666666666668 0.046296296296296294
4 0.47552083333333334 0.512962962962963 0.026041666666666668 0.046296296296296294
4 0.5161458333333333 0.5101851851851852 0.026041666666666668 0.046296296296296294
4 0.6380208333333334 0.5111111111111111 0.026041666666666668 0.046296296296296294
4 0.6203125 0.5194444444444445 0.026041666666666668 0.046296296296296294
3 0.7 0.5203703703703704 0.026041666666666668 0.046296296296296294
3 0.6703125 0.5259259259259259 0.026041666666666668 0.046296296296296294
3 0.7203125 0.5287037037037037 0.026041666666666668 0.046296296296296294
4 0.5067708333333333 0.5361111111111111 0.026041666666666668 0.046296296296296294
4 0.5723958333333333 0.5324074074074074 0.026041666666666668 0.046296296296296294
4 0.596875 0.5361111111111111 0.026041666666666668 0.046296296296296294
4 0.6161458333333333 0.5407407407407407 0.026041666666666668 0.046296296296296294
4 0.5953125 0.5509259259259259 0.026041666666666668 0.046296296296296294
4 0.5359375 0.5583333333333333 0.026041666666666668 0.046296296296296294
4 0.5494791666666666 0.5583333333333333 0.026041666666666668 0.046296296296296294
3 0.7354166666666667 0.562962962962963 0.026041666666666668 0.046296296296296294
3 0.7666666666666667 0.5675925925925925 0.026041666666666668 0.046296296296296294
4 0.4505208333333333 0.575 0.026041666666666668 0.046296296296296294
4 0.465625 0.5805555555555556 0.026041666666666668 0.046296296296296294
4 0.5520833333333334 0.5907407407407408 0.026041666666666668 0.046296296296296294
4 0.6286458333333333 0.587037037037037 0.026041666666666668 0.046296296296296294
4 0.6588541666666666 0.5851851851851851 0.026041666666666668 0.046296296296296294
4 0.5364583333333334 0.5944444444444444 0.026041666666666668 0.046296296296296294
4 0.38697916666666665 0.6055555555555555 0.026041666666666668 0.046296296296296294
4 0.5067708333333333 0.6064814814814815 0.026041666666666668 0.046296296296296294
4 0.596875 0.6037037037037037 0.026041666666666668 0.046296296296296294
4 0.5895833333333333 0.6185185185185185 0.026041666666666668 0.046296296296296294
3 0.7572916666666667 0.6212962962962963 0.026041666666666668 0.046296296296296294
3 0.6697916666666667 0.6240740740740741 0.026041666666666668 0.046296296296296294
4 0.3859375 0.6351851851851852 0.026041666666666668 0.046296296296296294
3 0.7322916666666667 0.6333333333333333 0.026041666666666668 0.046296296296296294
4 0.40520833333333334 0.6444444444444445 0.026041666666666668 0.046296296296296294
4 0.6255208333333333 0.6527777777777778 0.026041666666666668 0.046296296296296294
3 0.7078125 0.6518518518518519 0.026041666666666668 0.046296296296296294
1 0.478125 0.6712962962962963 0.026041666666666668 0.046296296296296294
1 0.5005208333333333 0.6731481481481482 0.026041666666666668 0.046296296296296294
1 0.653125 0.674074074074074 0.026041666666666668 0.046296296296296294
1 0.7072916666666667 0.6814814814814815 0.026041666666666668 0.046296296296296294
1 0.5635416666666667 0.6935185185185185 0.026041666666666668 0.046296296296296294
1 0.7776041666666667 0.712037037037037 0.026041666666666668 0.046296296296296294
1 0.3692708333333333 0.7509259259259259 0.026041666666666668 0.046296296296296294
1 0.8890625 0.7435185185185185 0.026041666666666668 0.046296296296296294
1 0.7114583333333333 0.7611111111111111 0.026041666666666668 0.046296296296296294
1 0.771875 0.7601851851851852 0.026041666666666668 0.046296296296296294
1 0.5197916666666667 0.7527777777777778 0.026041666666666668 0.046296296296296294
1 0.83125 0.7546296296296297 0.026041666666666668 0.046296296296296294
1 0.36614583333333334 0.8157407407407408 0.026041666666666668 0.046296296296296294
1 0.4083333333333333 0.8342592592592593 0.026041666666666668 0.046296296296296294
1 0.24322916666666666 0.8407407407407408 0.026041666666666668 0.046296296296296294
1 0.7927083333333333 0.8407407407407408 0.026041666666666668 0.046296296296296294
1 0.5208333333333334 0.8851851851851852 0.026041666666666668 0.046296296296296294
1 0.6135416666666667 0.887962962962963 0.026041666666666668 0.046296296296296294
1 0.6484375 0.9083333333333333 0.026041666666666668 0.046296296296296294
1 0.9171875 0.9157407407407407 0.026041666666666668 0.046296296296296294
1 0.825 0.9435185185185185 0.026041666666666668 0.046296296296296294
1 0.4197916666666667 0.9564814814814815 0.026041666666666668 0.046296296296296294
1 0.5927083333333333 0.950925925925926 0.026041666666666668 0.046296296296296294
1 0.5338541666666666 0.9703703703703703 0.026041666666666668 0.046296296296296294
1 0.8322916666666667 0.8666666666666667 0.026041666666666668 0.046296296296296294
1 0.9697916666666667 0.9407407407407408 0.026041666666666668 0.046296296296296294
1 0.8989583333333333 0.7888888888888889 0.026041666666666668 0.046296296296296294
3 0.7385416666666667 0.5814814814814815 0.026041666666666668 0.046296296296296294
3 0.7552083333333334 0.5796296296296296 0.026041666666666668 0.046296296296296294
3 0.75 0.5592592592592592 0.026041666666666668 0.046296296296296294
0 0.434375 0.13333333333333333 0.026041666666666668 0.046296296296296294
4 0.4197916666666667 0.5740740740740741 0.026041666666666668 0.046296296296296294
4 0.396875 0.5703703703703704 0.026041666666666668 0.046296296296296294
4 0.4 0.5111111111111111 0.026041666666666668 0.046296296296296294
1 0.784375 0.6722222222222223 0.026041666666666668 0.046296296296296294
1 0.7729166666666667 0.8296296296296296 0.026041666666666668 0.046296296296296294
