0 0.4869791666666667 0.10555555555555556 0.026041666666666668 0.046296296296296294
0 0.46979166666666666 0.11296296296296296 0.026041666666666668 0.046296296296296294
0 0.4244791666666667 0.12037037037037036 0.026041666666666668 0.046296296296296294
0 0.4817708333333333 0.12222222222222222 0.026041666666666668 0.046296296296296294
0 0.4484375 0.1259259259259259 0.026041666666666668 0.046296296296296294
0 0.46979166666666666 0.12962962962962962 0.026041666666666668 0.046296296296296294
0 0.4901041666666667 0.1287037037037037 0.026041666666666668 0.046296296296296294
0 0.44114583333333335 0.13796296296296295 0.026041666666666668 0.046296296296296294
0 0.46197916666666666 0.13703703703703704 0.026041666666666668 0.046296296296296294
0 0.453125 0.1425925925925926 0.026041666666666668 0.046296296296296294
0 0.4703125 0.1425925925925926 0.026041666666666668 0.046296296296296294
0 0.4739583333333333 0.14629629629629629 0.026041666666666668 0.046296296296296294
0 0.46197916666666666 0.15462962962962962 0.026041666666666668 0.046296296296296294
0 0.4817708333333333 0.15555555555555556 0.026041666666666668 0.046296296296296294
0 0.4359375 0.16203703703703703 0.026041666666666668 0.046296296296296294
0 0.4661458333333333 0.16111111111111112 0.026041666666666668 0.046296296296296294
0 0.47708333333333336 0.16018518518518518 0.026041666666666668 0.046296296296296294
0 0.4401041666666667 0.1675925925925926 0.026041666666666668 0.046296296296296294
0 0.453125 0.16666666666666666 0.026041666666666668 0.046296296296296294
0 0.503125 0.1685185185185185 0.026041666666666668 0.046296296296296294
0 0.4328125 0.17685185185185184 0.026041666666666668 0.046296296296296294
0 0.4588541666666667 0.17592592592592593 0.026041666666666668 0.046296296296296294
0 0.4671875 0.17592592592592593 0.026041666666666668 0.046296296296296294
0 0.48333333333333334 0.175 0.026041666666666668 0.046296296296296294
0 0.49166666666666664 0.17592592592592593 0.026041666666666668 0.046296296296296294
0 0.428125 0.18796296296296297 0.026041666666666668 0.046296296296296294
0 0.4473958333333333 0.1814814814814815 0.026041666666666668 0.046296296296296294
0 0.5088541666666667 0.18425925925925926 0.026041666666666668 0.046296296296296294
0 0.465625 0.2222222222222222 0.026041666666666668 0.046296296296296294
0 0.4166666666666667 0.23148148148148148 0.026041666666666668 0.046296296296296294
0 0.46979166666666666 0.23333333333333334 0.026041666666666668 0.046296296296296294
0 0.5078125 0.22870370370370371 0.026041666666666668 0.046296296296296294
0 0.4609375 0.23796296296296296 0.026041666666666668 0.046296296296296294
0 0.4734375 0.2518518518518518 0.026041666666666668 0.046296296296296294
0 0.484375 0.25092592592592594 0.026041666666666668 0.046296296296296294
0 0.5203125 0.2712962962962963 0.026041666666666668 0.046296296296296294
0 0.49947916666666664 0.27685185185185185 0.026041666666666668 0.046296296296296294
0 0.4786458333333333 0.287962962962963 0.026041666666666668 0.046296296296296294
0 0.5140625 0.2861111111111111 0.026041666666666668 0.046296296296296294
0 0.6958333333333333 0.2861111111111111 0.026041666666666668 0.046296296296296294
0 0.4578125 0.2916666666666667 0.026041666666666668 0.046296296296296294
0 0.5421875 0.29074074074074074 0.026041666666666668 0.046296296296296294
0 0.55 0.2898148148148148 0.026041666666666668 0.046296296296296294
0 0.7036458333333333 0.29259259259259257 0.026041666666666668 0.046296296296296294
0 0.4875 0.30185185185185187 0.026041666666666668 0.046296296296296294
0 0.5036458333333333 0.29907407407407405 0.026041666666666668 0.046296296296296294
0 0.5203125 0.30092592592592593 0.026041666666666668 0.046296296296296294
0 0.4375 0.3074074074074074 0.026041666666666668 0.046296296296296294
0 0.44583333333333336 0.30648148148148147 0.026041666666666668 0.046296296296296294
0 0.45729166666666665 0.3074074074074074 0.026041666666666668 0.046296296296296294
0 0.47552083333333334 0.30925925925925923 0.026041666666666668 0.046296296296296294
0 0.4265625 0.31574074074074077 0.026041666666666668 0.046296296296296294
0 0.44114583333333335 0.31574074074074077 0.026041666666666668 0.046296296296296294
0 0.5125 0.3175925925925926 0.026041666666666668 0.046296296296296294
0 0.41770833333333335 0.32314814814814813 0.026041666666666668 0.046296296296296294
0 0.44583333333333336 0.3314814814814815 0.026041666666666668 0.046296296296296294
0 0.4583333333333333 0.33240740740740743 0.026041666666666668 0.046296296296296294
4 0.46510416666666665 0.3351851851851852 0.026041666666666668 0.046296296296296294
4 0.45260416666666664 0.3416666666666667 0.026041666666666668 0.046296296296296294
4 0.44635416666666666 0.3472222222222222 0.026041666666666668 0.046296296296296294
4 0.5119791666666667 0.34814814814814815 0.026041666666666668 0.046296296296296294
4 0.51875 0.3490740740740741 0.026041666666666668 0.046296296296296294
4 0.37447916666666664 0.3537037037037037 0.026041666666666668 0.046296296296296294
4 0.3984375 0.35648148148148145 0.026041666666666668 0.046296296296296294
4 0.38697916666666665 0.36203703703703705 0.026041666666666668 0.046296296296296294
4 0.4901041666666667 0.36018518518518516 0.026041666666666668 0.046296296296296294
4 0.5026041666666666 0.3648148148148148 0.026041666666666668 0.046296296296296294
4 0.5244791666666667 0.36666666666666664 0.026041666666666668 0.046296296296296294
4 0.5119791666666667 0.3712962962962963 0.026041666666666668 0.046296296296296294
3 0.6791666666666667 0.36944444444444446 0.026041666666666668 0.046296296296296294
4 0.39479166666666665 0.37777777777777777 0.026041666666666668 0.046296296296296294
4 0.503125 0.37777777777777777 0.026041666666666668 0.046296296296296294
4 0.6546875 0.37962962962962965 0.026041666666666668 0.046296296296296294
4 0.5078125 0.3972222222222222 0.026041666666666668 0.046296296296296294
2 0.19375 0.39814814814814814 0.026041666666666668 0.046296296296296294
4 0.653125 0.4027777777777778 0.026041666666666668 0.046296296296296294
4 0.5 0.4166666666666667 0.026041666666666668 0.046296296296296294
4 0.4515625 0.4222222222222222 0.026041666666666668 0.046296296296296294
4 0.5161458333333333 0.42592592592592593 0.026041666666666668 0.046296296296296294
4 0.6526041666666667 0.42407407407407405 0.026041666666666668 0.046296296296296294
4 0.6630208333333333 0.44074074074074077 0.026041666666666668 0.046296296296296294
3 0.7072916666666667 0.4351851851851852 0.026041666666666668 0.046296296296296294
4 0.503125 0.44722222222222224 0.026041666666666668 0.046296296296296294
4 0.5244791666666667 0.45 0.026041666666666668 0.046296296296296294
4 0.6541666666666667 0.45740740740740743 0.026041666666666668 0.046296296296296294
4 0.5166666666666667 0.4759259259259259 0.026041666666666668 0.046296296296296294
4 0.6369791666666667 0.48148148148148145 0.026041666666666668 0.046296296296296294
4 0.6302083333333334 0.48703703703703705 0.026041666666666668 0.046296296296296294
3 0.7072916666666667 0.4898148148148148 0.026041666666666668 0.046296296296296294
4 0.5135416666666667 0.4962962962962963 0.026041666666666668 0.046296296296296294
4 0.6380208333333334 0.49722222222222223 0.026041666666666668 0.046296296296296294
4 0.6119791666666666 0.5027777777777778 0.026041666666666668 0.046296296296296294
2 0.14427083333333332 0.5046296296296297 0.026041666666666668 0.046296296296296294
4 0.5197916666666667 0.5101851851851852 0.026041666666666668 0.046296296296296294
4 0.4109375 0.5083333333333333 0.026041666666666668 0.046296296296296294
4 0.47291666666666665 0.5148148148148148 0.026041666666666668 0.046296296296296294
4 0.4947916666666667 0.5157407407407407 0.026041666666666668 0.046296296296296294
4 0.6359375 0.5148148148148148 0.026041666666666668 0.046296296296296294
3 0.7 0.5175925925925926 0.026041666666666668 0.046296296296296294
4 0.44583333333333336 0.5268518518518519 0.026041666666666668 0.046296296296296294
4 0.6645833333333333 0.524074074074074 0.026041666666666668 0.046296296296296294
2 0.21302083333333333 0.5314814814814814 0.026041666666666668 0.046296296296296294
4 0.3848958333333333 0.5333333333333333 0.026041666666666668 0.046296296296296294
4 0.5328125 0.5351851851851852 0.026041666666666668 0.046296296296296294
4 0.4734375 0.5361111111111111 0.026041666666666668 0.046296296296296294
4 0.4817708333333333 0.5407407407407407 0.026041666666666668 0.046296296296296294
4 0.6359375 0.5416666666666666 0.026041666666666668 0.046296296296296294
3 0.6744791666666666 0.5425925925925926 0.026041666666666668 0.046296296296296294
3 0.7192708333333333 0.5416666666666666 0.026041666666666668 0.046296296296296294
2 0.18697916666666667 0.5481481481481482 0.026041666666666668 0.046296296296296294
4 0.5552083333333333 0.5527777777777778 0.026041666666666668 0.046296296296296294
4 0.6 0.5546296296296296 0.026041666666666668 0.046296296296296294
4 0.6067708333333334 0.5555555555555556 0.026041666666666668 0.046296296296296294
3 0.6703125 0.5583333333333333 0.026041666666666668 0.046296296296296294
4 0.38333333333333336 0.562037037037037 0.026041666666666668 0.046296296296296294
3 0.73125 0.562037037037037 0.026041666666666668 0.046296296296296294
3 0.759375 0.562962962962963 0.026041666666666668 0.046296296296296294
4 0.540625 0.5740740740740741 0.026041666666666668 0.046296296296296294
2 0.20833333333333334 0.5814814814814815 0.026041666666666668 0.046296296296296294
4 0.4588541666666667 0.5805555555555556 0.026041666666666668 0.046296296296296294
3 0.6755208333333333 0.5796296296296296 0.026041666666666668 0.046296296296296294
3 0.7130208333333333 0.5814814814814815 0.026041666666666668 0.046296296296296294
4 0.5328125 0.5879629629629629 0.026041666666666668 0.046296296296296294
4 0.58125 0.5787037037037037 0.026041666666666668 0.046296296296296294
2 0.20885416666666667 0.6046296296296296 0.026041666666666668 0.046296296296296294
4 0.4703125 0.6037037037037037 0.026041666666666668 0.046296296296296294
4 0.6302083333333334 0.6138888888888889 0.026041666666666668 0.046296296296296294
3 0.7447916666666666 0.6111111111111112 0.026041666666666668 0.046296296296296294
2 0.18177083333333333 0.6296296296296297 0.026041666666666668 0.046296296296296294
2 0.21614583333333334 0.6305555555555555 0.026041666666666668 0.046296296296296294
4 0.6536458333333334 0.6268518518518519 0.026041666666666668 0.046296296296296294
3 0.7619791666666667 0.6342592592592593 0.026041666666666668 0.046296296296296294
2 0.1828125 0.6444444444444445 0.026041666666666668 0.046296296296296294
3 0.7161458333333334 0.6472222222222223 0.026041666666666668 0.046296296296296294
2 0.2109375 0.6601851851851852 0.026041666666666668 0.046296296296296294
4 0.4171875 0.6592592592592592 0.026041666666666668 0.046296296296296294
3 0.734375 0.6638888888888889 0.026041666666666668 0.046296296296296294
1 0.7072916666666667 0.6814814814814815 0.026041666666666668 0.046296296296296294
1 0.20520833333333333 0.7 0.026041666666666668 0.046296296296296294
1 0.1625 0.7231481481481481 0.026041666666666668 0.046296296296296294
1 0.19479166666666667 0.7212962962962963 0.026041666666666668 0.046296296296296294
1 0.12864583333333332 0.7444444444444445 0.026041666666666668 0.046296296296296294
1 0.8838541666666667 0.7453703703703703 0.026041666666666668 0.046296296296296294
1 0.12864583333333332 0.7675925925925926 0.026041666666666668 0.046296296296296294
1 0.6125 0.7935185185185185 0.026041666666666668 0.046296296296296294
1 0.5109375 0.8148148148148148 0.026041666666666668 0.046296296296296294
1 0.6796875 0.8074074074074075 0.026041666666666668 0.046296296296296294
1 0.434375 0.8305555555555556 0.026041666666666668 0.046296296296296294
1 0.49583333333333335 0.8388888888888889 0.026041666666666668 0.046296296296296294
1 0.8244791666666667 0.8379629629629629 0.026041666666666668 0.046296296296296294
1 0.7682291666666666 0.8398148148148148 0.026041666666666668 0.046296296296296294
1 0.9729166666666667 0.8435185185185186 0.026041666666666668 0.046296296296296294
1 0.7822916666666667 0.875 0.026041666666666668 0.046296296296296294
1 0.4671875 0.912962962962963 0.026041666666666668 0.046296296296296294
1 0.5411458333333333 0.9185185185185185 0.026041666666666668 0.046296296296296294
1 0.9708333333333333 0.9435185185185185 0.026041666666666668 0.046296296296296294
1 0.228125 0.7388888888888889 0.026041666666666668 0.046296296296296294
1 0.14270833333333333 0.6925925925925925 0.026041666666666668 0.046296296296296294
2 0.15625 0.6481481481481481 0.026041666666666668 0.046296296296296294
2 0.16979166666666667 0.43148148148148147 0.026041666666666668 0.046296296296296294
4 0.4125 0.5574074074074075 0.026041666666666668 0.046296296296296294
1 0.7802083333333333 0.6962962962962963 0.026041666666666668 0.046296296296296294
1 0.8260416666666667 0.8703703703703703 0.026041666666666668 0.046296296296296294
1 0.871875 0.825925925925926 0.026041666666666668 0.046296296296296294
1 0.9927083333333333 0.8592592592592593 0.026041666666666668 0.046296296296296294
1 0.6302083333333334 0.8944444444444445 0.026041666666666668 0.046296296296296294
1 0.678125 0.9407407407407408 0.026041666666666668 0.046296296296296294
