0 0.4708333333333333 0.09537037037037037 0.026041666666666668 0.046296296296296294
0 0.4786458333333333 0.09722222222222222 0.026041666666666668 0.046296296296296294
0 0.4953125 0.09814814814814815 0.026041666666666668 0.046296296296296294
0 0.4822916666666667 0.10462962962962963 0.026041666666666668 0.046296296296296294
0 0.4822916666666667 0.12222222222222222 0.026041666666666668 0.046296296296296294
0 0.4895833333333333 0.12777777777777777 0.026041666666666668 0.046296296296296294
0 0.44166666666666665 0.13055555555555556 0.026041666666666668 0.046296296296296294
0 0.45364583333333336 0.13148148148148148 0.026041666666666668 0.046296296296296294
0 0.46145833333333336 0.13518518518518519 0.026041666666666668 0.046296296296296294
0 0.4739583333333333 0.1388888888888889 0.026041666666666668 0.046296296296296294
0 0.4822916666666667 0.13518518518518519 0.026041666666666668 0.046296296296296294
0 0.49947916666666664 0.14537037037037037 0.026041666666666668 0.046296296296296294
0 0.43697916666666664 0.15462962962962962 0.026041666666666668 0.046296296296296294
0 0.45729166666666665 0.16203703703703703 0.026041666666666668 0.046296296296296294
0 0.44479166666666664 0.17407407407407408 0.026041666666666668 0.046296296296296294
0 0.5036458333333333 0.17407407407407408 0.026041666666666668 0.046296296296296294
0 0.5135416666666667 0.175 0.026041666666666668 0.046296296296296294
0 0.4901041666666667 0.2074074074074074 0.026041666666666668 0.046296296296296294
0 0.42864583333333334 0.21574074074074073 0.026041666666666668 0.046296296296296294
0 0.4734375 0.22037037037037038 0.026041666666666668 0.046296296296296294
0 0.43333333333333335 0.22962962962962963 0.026041666666666668 0.046296296296296294
0 0.4197916666666667 0.23703703703703705 0.026041666666666668 0.046296296296296294
0 0.4666666666666667 0.23703703703703705 0.026041666666666668 0.046296296296296294
0 0.4786458333333333 0.23425925925925925 0.026041666666666668 0.046296296296296294
0 0.4666666666666667 0.25462962962962965 0.026041666666666668 0.046296296296296294
0 0.4947916666666667 0.25277777777777777 0.026041666666666668 0.046296296296296294
0 0.7026041666666667 0.2611111111111111 0.026041666666666668 0.046296296296296294
0 0.478125 0.26851851851851855 0.026041666666666668 0.046296296296296294
0 0.4953125 0.26851851851851855 0.026041666666666668 0.046296296296296294
0 0.5036458333333333 0.27685185185185185 0.026041666666666668 0.046296296296296294
0 0.4421875 0.2814814814814815 0.026041666666666668 0.046296296296296294
0 0.4552083333333333 0.28055555555555556 0.026041666666666668 0.046296296296296294
0 0.4609375 0.2851851851851852 0.026041666666666668 0.046296296296296294
0 0.4744791666666667 0.28703703703703703 0.026041666666666668 0.046296296296296294
0 0.4947916666666667 0.2833333333333333 0.026041666666666668 0.046296296296296294
0 0.45729166666666665 0.2962962962962963 0.026041666666666668 0.046296296296296294
0 0.43333333333333335 0.30462962962962964 0.026041666666666668 0.046296296296296294
0 0.49583333333333335 0.3 0.026041666666666668 0.046296296296296294
0 0.5114583333333333 0.30092592592592593 0.026041666666666668 0.046296296296296294
0 0.45677083333333335 0.3111111111111111 0.026041666666666668 0.046296296296296294
0 0.42916666666666664 0.31851851851851853 0.026041666666666668 0.046296296296296294
0 0.503125 0.31666666666666665 0.026041666666666668 0.046296296296296294
0 0.5119791666666667 0.32407407407407407 0.026041666666666668 0.046296296296296294
0 0.5239583333333333 0.32685185185185184 0.026041666666666668 0.046296296296296294
4 0.425 0.3351851851851852 0.026041666666666668 0.046296296296296294
0 0.44114583333333335 0.33240740740740743 0.026041666666666668 0.046296296296296294
0 0.5041666666666667 0.3277777777777778 0.026041666666666668 0.046296296296296294
4 0.4979166666666667 0.3425925925925926 0.026041666666666668 0.046296296296296294
4 0.5171875 0.3388888888888889 0.026041666666666668 0.046296296296296294
4 0.4083333333333333 0.3490740740740741 0.026041666666666668 0.046296296296296294
4 0.4296875 0.34629629629629627 0.026041666666666668 0.046296296296296294
4 0.4552083333333333 0.3490740740740741 0.026041666666666668 0.046296296296296294
3 0.7119791666666667 0.3472222222222222 0.026041666666666668 0.046296296296296294
4 0.37447916666666664 0.35185185185185186 0.026041666666666668 0.046296296296296294
4 0.3828125 0.35462962962962963 0.026041666666666668 0.046296296296296294
4 0.4 0.35555555555555557 0.026041666666666668 0.046296296296296294
4 0.4041666666666667 0.3574074074074074 0.026041666666666668 0.046296296296296294
4 0.38697916666666665 0.362962962962963 0.026041666666666668 0.046296296296296294
4 0.4203125 0.3638888888888889 0.026041666666666668 0.046296296296296294
4 0.4046875 0.3712962962962963 0.026041666666666668 0.046296296296296294
4 0.5161458333333333 0.3712962962962963 0.026041666666666668 0.046296296296296294
4 0.41302083333333334 0.3787037037037037 0.026041666666666668 0.046296296296296294
4 0.4234375 0.38055555555555554 0.026041666666666668 0.046296296296296294
4 0.4739583333333333 0.37592592592592594 0.026041666666666668 0.046296296296296294
4 0.39166666666666666 0.3888888888888889 0.026041666666666668 0.046296296296296294
4 0.3875 0.39444444444444443 0.026041666666666668 0.046296296296296294
4 0.4083333333333333 0.39351851851851855 0.026041666666666668 0.046296296296296294
4 0.434375 0.3962962962962963 0.026041666666666668 0.046296296296296294
4 0.4197916666666667 0.40185185185185185 0.026041666666666668 0.046296296296296294
4 0.6505208333333333 0.4027777777777778 0.026041666666666668 0.046296296296296294
2 0.18645833333333334 0.4083333333333333 0.026041666666666668 0.046296296296296294
4 0.38333333333333336 0.4111111111111111 0.026041666666666668 0.046296296296296294
4 0.390625 0.40925925925925927 0.026041666666666668 0.046296296296296294
4 0.403125 0.41203703703703703 0.026041666666666668 0.046296296296296294
4 0.42864583333333334 0.4111111111111111 0.026041666666666668 0.046296296296296294
3 0.7958333333333333 0.4111111111111111 0.026041666666666668 0.046296296296296294
2 0.18125 0.4185185185185185 0.026041666666666668 0.046296296296296294
4 0.37552083333333336 0.4185185185185185 0.026041666666666668 0.046296296296296294
4 0.6526041666666667 0.41944444444444445 0.026041666666666668 0.046296296296296294
4 0.378125 0.42777777777777776 0.026041666666666668 0.046296296296296294
4 0.39479166666666665 0.42777777777777776 0.026041666666666668 0.046296296296296294
4 0.40729166666666666 0.42685185185185187 0.026041666666666668 0.046296296296296294
3 0.6692708333333334 0.42407407407407405 0.026041666666666668 0.046296296296296294
4 0.4005208333333333 0.44074074074074077 0.026041666666666668 0.046296296296296294
4 0.4661458333333333 0.4398148148148148 0.026041666666666668 0.046296296296296294
3 0.6697916666666667 0.4388888888888889 0.026041666666666668 0.046296296296296294
3 0.7072916666666667 0.44074074074074077 0.026041666666666668 0.046296296296296294
4 0.5072916666666667 0.45092592592592595 0.026041666666666668 0.046296296296296294
4 0.653125 0.44722222222222224 0.026041666666666668 0.046296296296296294
4 0.39427083333333335 0.45740740740740743 0.026041666666666668 0.046296296296296294
4 0.4119791666666667 0.4564814814814815 0.026041666666666668 0.046296296296296294
4 0.5286458333333334 0.4564814814814815 0.026041666666666668 0.046296296296296294
4 0.38697916666666665 0.4648148148148148 0.026041666666666668 0.046296296296296294
4 0.5088541666666667 0.46296296296296297 0.026041666666666668 0.046296296296296294
3 0.678125 0.46574074074074073 0.026041666666666668 0.046296296296296294
4 0.41302083333333334 0.47129629629629627 0.026041666666666668 0.046296296296296294
4 0.47708333333333336 0.4722222222222222 0.026041666666666668 0.046296296296296294
4 0.5036458333333333 0.4740740740740741 0.026041666666666668 0.046296296296296294
4 0.3854166666666667 0.4824074074074074 0.026041666666666668 0.046296296296296294
3 0.6739583333333333 0.4787037037037037 0.026041666666666668 0.046296296296296294
3 0.6947916666666667 0.47962962962962963 0.026041666666666668 0.046296296296296294
4 0.4979166666666667 0.4861111111111111 0.026041666666666668 0.046296296296296294
4 0.6046875 0.487962962962963 0.026041666666666668 0.046296296296296294
4 0.621875 0.4898148148148148 0.026041666666666668 0.046296296296296294
3 0.6895833333333333 0.49166666666666664 0.026041666666666668 0.046296296296296294
4 0.40729166666666666 0.4962962962962963 0.026041666666666668 0.046296296296296294
4 0.378125 0.5046296296296297 0.026041666666666668 0.046296296296296294
4 0.4 0.5055555555555555 0.026041666666666668 0.046296296296296294
4 0.6083333333333333 0.5064814814814815 0.026041666666666668 0.046296296296296294
4 0.6291666666666667 0.5009259259259259 0.026041666666666668 0.046296296296296294
4 0.3875 0.5101851851851852 0.026041666666666668 0.046296296296296294
4 0.44895833333333335 0.5092592592592593 0.026041666666666668 0.046296296296296294
4 0.5317708333333333 0.5064814814814815 0.026041666666666668 0.046296296296296294
3 0.690625 0.5120370370370371 0.026041666666666668 0.046296296296296294
4 0.6338541666666667 0.5194444444444445 0.026041666666666668 0.046296296296296294
4 0.4375 0.5259259259259259 0.026041666666666668 0.046296296296296294
4 0.6661458333333333 0.5268518518518519 0.026041666666666668 0.046296296296296294
3 0.7182291666666667 0.5231481481481481 0.026041666666666668 0.046296296296296294
4 0.390625 0.5324074074074074 0.026041666666666668 0.046296296296296294
4 0.5416666666666666 0.5407407407407407 0.026041666666666668 0.046296296296296294
4 0.6020833333333333 0.5398148148148149 0.026041666666666668 0.046296296296296294
4 0.3828125 0.5537037037037037 0.026041666666666668 0.046296296296296294
4 0.40208333333333335 0.55 0.026041666666666668 0.046296296296296294
4 0.6192708333333333 0.5453703703703704 0.026041666666666668 0.046296296296296294
4 0.63125 0.5472222222222223 0.026041666666666668 0.046296296296296294
3 0.7364583333333333 0.5472222222222223 0.026041666666666668 0.046296296296296294
4 0.49166666666666664 0.5583333333333333 0.026041666666666668 0.046296296296296294
4 0.5041666666666667 0.5574074074074075 0.026041666666666668 0.046296296296296294
4 0.45364583333333336 0.5675925925925925 0.026041666666666668 0.046296296296296294
4 0.58125 0.5555555555555556 0.026041666666666668 0.046296296296296294
3 0.75 0.5712962962962963 0.026041666666666668 0.046296296296296294
4 0.6442708333333333 0.5740740740740741 0.026041666666666668 0.046296296296296294
4 0.4359375 0.5981481481481481 0.026041666666666668 0.046296296296296294
3 0.7630208333333334 0.5962962962962963 0.026041666666666668 0.046296296296296294
2 0.22291666666666668 0.6027777777777777 0.026041666666666668 0.046296296296296294
4 0.4041666666666667 0.6055555555555555 0.026041666666666668 0.046296296296296294
4 0.415625 0.625 0.026041666666666668 0.046296296296296294
4 0.5994791666666667 0.637962962962963 0.026041666666666668 0.046296296296296294
4 0.44375 0.6472222222222223 0.026041666666666668 0.046296296296296294
3 0.734375 0.6509259259259259 0.026041666666666668 0.046296296296296294
1 0.7708333333333334 0.674074074074074 0.026041666666666668 0.046296296296296294
1 0.5567708333333333 0.6833333333333333 0.026041666666666668 0.046296296296296294
1 0.5385416666666667 0.7138888888888889 0.026041666666666668 0.046296296296296294
1 0.42604166666666665 0.8277777777777777 0.026041666666666668 0.046296296296296294
1 0.825 0.8361111111111111 0.026041666666666668 0.046296296296296294
1 0.978125 0.8472222222222222 0.026041666666666668 0.046296296296296294
1 0.746875 0.8787037037037037 0.026041666666666668 0.046296296296296294
1 0.20989583333333334 0.9037037037037037 0.026041666666666668 0.046296296296296294
1 0.825 0.9185185185185185 0.026041666666666668 0.046296296296296294
1 0.5255208333333333 0.9231481481481482 0.026041666666666668 0.046296296296296294
1 0.7192708333333333 0.9259259259259259 0.026041666666666668 0.046296296296296294
1 0.9739583333333334 0.9472222222222222 0.026041666666666668 0.046296296296296294
1 0.884375 0.7148148148148148 0.026041666666666668 0.046296296296296294
1 0.9927083333333333 0.8648148148148148 0.026041666666666668 0.046296296296296294
1 0.48125 0.6925925925925925 0.026041666666666668 0.046296296296296294
1 0.5145833333333333 0.674074074074074 0.026041666666666668 0.046296296296296294
4 0.471875 0.6111111111111112 0.026041666666666668 0.046296296296296294
2 0.20833333333333334 0.3907407407407407 0.026041666666666668 0.046296296296296294
2 0.16979166666666667 0.4148148148148148 0.026041666666666668 0.046296296296296294
3 0.7541666666666667 0.5148148148148148 0.026041666666666668 0.046296296296296294
3 0.7572916666666667 0.6296296296296297 0.026041666666666668 0.046296296296296294
1 0.6833333333333333 0.8314814814814815 0.026041666666666668 0.046296296296296294
1 0.5802083333333333 0.7 0.026041666666666668 0.046296296296296294
