0 0.4713541666666667 0.0962962962962963 0.026041666666666668 0.046296296296296294
0 0.4791666666666667 0.09722222222222222 0.026041666666666668 0.046296296296296294
0 0.4875 0.10648148148148148 0.026041666666666668 0.046296296296296294
0 0.4822916666666667 0.12222222222222222 0.026041666666666668 0.046296296296296294
0 0.46979166666666666 0.12962962962962962 0.026041666666666668 0.046296296296296294
0 0.49114583333333334 0.1287037037037037 0.026041666666666668 0.046296296296296294
0 0.4421875 0.13425925925925927 0.026041666666666668 0.046296296296296294
0 0.44895833333333335 0.13333333333333333 0.026041666666666668 0.046296296296296294
0 0.46197916666666666 0.1361111111111111 0.026041666666666668 0.046296296296296294
0 0.4869791666666667 0.1388888888888889 0.026041666666666668 0.046296296296296294
0 0.49114583333333334 0.1388888888888889 0.026041666666666668 0.046296296296296294
0 0.47552083333333334 0.14722222222222223 0.026041666666666668 0.046296296296296294
0 0.48125 0.14814814814814814 0.026041666666666668 0.046296296296296294
0 0.43697916666666664 0.16018518518518518 0.026041666666666668 0.046296296296296294
0 0.46041666666666664 0.1574074074074074 0.026041666666666668 0.046296296296296294
0 0.465625 0.15925925925925927 0.026041666666666668 0.046296296296296294
0 0.46979166666666666 0.16018518518518518 0.026041666666666668 0.046296296296296294
0 0.48125 0.16018518518518518 0.026041666666666668 0.046296296296296294
0 0.49375 0.15833333333333333 0.026041666666666668 0.046296296296296294
0 0.4317708333333333 0.17777777777777778 0.026041666666666668 0.046296296296296294
0 0.475 0.17407407407407408 0.026041666666666668 0.046296296296296294
0 0.4822916666666667 0.17314814814814813 0.026041666666666668 0.046296296296296294
0 0.4869791666666667 0.17685185185185184 0.026041666666666668 0.046296296296296294
0 0.4505208333333333 0.18055555555555555 0.026041666666666668 0.046296296296296294
0 0.4979166666666667 0.2 0.026041666666666668 0.046296296296296294
0 0.459375 0.2037037037037037 0.026041666666666668 0.046296296296296294
0 0.49166666666666664 0.21481481481481482 0.026041666666666668 0.046296296296296294
0 0.4864583333333333 0.23333333333333334 0.026041666666666668 0.046296296296296294
0 0.515625 0.22962962962962963 0.026041666666666668 0.046296296296296294
0 0.5192708333333333 0.2388888888888889 0.026041666666666668 0.046296296296296294
0 0.475 0.2462962962962963 0.026041666666666668 0.046296296296296294
0 0.4796875 0.25 0.026041666666666668 0.046296296296296294
0 0.478125 0.2611111111111111 0.026041666666666668 0.046296296296296294
0 0.428125 0.2675925925925926 0.026041666666666668 0.046296296296296294
0 0.6739583333333333 0.2675925925925926 0.026041666666666668 0.046296296296296294
0 0.4875 0.275 0.026041666666666668 0.046296296296296294
0 0.5463541666666667 0.2777777777777778 0.026041666666666668 0.046296296296296294
0 0.49375 0.28425925925925927 0.026041666666666668 0.046296296296296294
0 0.5104166666666666 0.28425925925925927 0.026041666666666668 0.046296296296296294
0 0.690625 0.28425925925925927 0.026041666666666668 0.046296296296296294
0 0.4786458333333333 0.2935185185185185 0.026041666666666668 0.046296296296296294
0 0.4708333333333333 0.30092592592592593 0.026041666666666668 0.046296296296296294
0 0.4322916666666667 0.30648148148148147 0.026041666666666668 0.046296296296296294
0 0.4822916666666667 0.30648148148148147 0.026041666666666668 0.046296296296296294
0 0.4375 0.3148148148148148 0.026041666666666668 0.046296296296296294
0 0.5036458333333333 0.31666666666666665 0.026041666666666668 0.046296296296296294
0 0.5161458333333333 0.31574074074074077 0.026041666666666668 0.046296296296296294
0 0.5239583333333333 0.31851851851851853 0.026041666666666668 0.046296296296296294
0 0.44479166666666664 0.325 0.026041666666666668 0.046296296296296294
0 0.4588541666666667 0.33055555555555555 0.026041666666666668 0.046296296296296294
0 0.5046875 0.3314814814814815 0.026041666666666668 0.046296296296296294
4 0.4505208333333333 0.337037037037037 0.026041666666666668 0.046296296296296294
4 0.5234375 0.3472222222222222 0.026041666666666668 0.046296296296296294
4 0.375 0.35555555555555557 0.026041666666666668 0.046296296296296294
4 0.39479166666666665 0.35555555555555557 0.026041666666666668 0.046296296296296294
4 0.4005208333333333 0.36574074074074076 0.026041666666666668 0.046296296296296294
4 0.5067708333333333 0.3638888888888889 0.026041666666666668 0.046296296296296294
4 0.5244791666666667 0.362962962962963 0.026041666666666668 0.046296296296296294
4 0.4947916666666667 0.37037037037037035 0.026041666666666668 0.046296296296296294
4 0.6505208333333333 0.36944444444444446 0.026041666666666668 0.046296296296296294
3 0.7020833333333333 0.3675925925925926 0.026041666666666668 0.046296296296296294
4 0.37395833333333334 0.3768518518518518 0.026041666666666668 0.046296296296296294
4 0.3859375 0.38055555555555554 0.026041666666666668 0.046296296296296294
4 0.3984375 0.38796296296296295 0.026041666666666668 0.046296296296296294
4 0.44427083333333334 0.3861111111111111 0.026041666666666668 0.046296296296296294
4 0.5208333333333334 0.3888888888888889 0.026041666666666668 0.046296296296296294
3 0.7395833333333334 0.38425925925925924 0.026041666666666668 0.046296296296296294
4 0.38645833333333335 0.39351851851851855 0.026041666666666668 0.046296296296296294
4 0.4661458333333333 0.39351851851851855 0.026041666666666668 0.046296296296296294
4 0.6552083333333333 0.3972222222222222 0.026041666666666668 0.046296296296296294
3 0.6822916666666666 0.39166666666666666 0.026041666666666668 0.046296296296296294
2 0.178125 0.40370370370370373 0.026041666666666668 0.046296296296296294
2 0.2109375 0.40185185185185185 0.026041666666666668 0.046296296296296294
4 0.5078125 0.4027777777777778 0.026041666666666668 0.046296296296296294
4 0.39114583333333336 0.41203703703703703 0.026041666666666668 0.046296296296296294
4 0.6541666666666667 0.40925925925925927 0.026041666666666668 0.046296296296296294
2 0.19010416666666666 0.4148148148148148 0.026041666666666668 0.046296296296296294
4 0.4171875 0.4185185185185185 0.026041666666666668 0.046296296296296294
4 0.5046875 0.42407407407407405 0.026041666666666668 0.046296296296296294
4 0.6619791666666667 0.42592592592592593 0.026041666666666668 0.046296296296296294
2 0.19479166666666667 0.43148148148148147 0.026041666666666668 0.046296296296296294
4 0.4328125 0.43333333333333335 0.026041666666666668 0.046296296296296294
4 0.4583333333333333 0.43333333333333335 0.026041666666666668 0.046296296296296294
4 0.496875 0.43425925925925923 0.026041666666666668 0.046296296296296294
4 0.5161458333333333 0.43333333333333335 0.026041666666666668 0.046296296296296294
4 0.42083333333333334 0.4398148148148148 0.026041666666666668 0.046296296296296294
3 0.7109375 0.4398148148148148 0.026041666666666668 0.046296296296296294
4 0.3953125 0.44722222222222224 0.026041666666666668 0.046296296296296294
4 0.5046875 0.4462962962962963 0.026041666666666668 0.046296296296296294
4 0.6619791666666667 0.4462962962962963 0.026041666666666668 0.046296296296296294
4 0.5239583333333333 0.45555555555555555 0.026041666666666668 0.046296296296296294
4 0.6567708333333333 0.4601851851851852 0.026041666666666668 0.046296296296296294
2 0.203125 0.4722222222222222 0.026041666666666668 0.046296296296296294
4 0.40729166666666666 0.47314814814814815 0.026041666666666668 0.046296296296296294
4 0.43697916666666664 0.48148148148148145 0.026041666666666668 0.046296296296296294
4 0.5161458333333333 0.48333333333333334 0.026041666666666668 0.046296296296296294
4 0.6328125 0.47962962962962963 0.026041666666666668 0.046296296296296294
3 0.6786458333333333 0.47962962962962963 0.026041666666666668 0.046296296296296294
4 0.6197916666666666 0.4898148148148148 0.026041666666666668 0.046296296296296294
4 0.6375 0.4898148148148148 0.026041666666666668 0.046296296296296294
2 0.16666666666666666 0.487962962962963 0.026041666666666668 0.046296296296296294
4 0.3984375 0.4925925925925926 0.026041666666666668 0.046296296296296294
4 0.440625 0.49722222222222223 0.026041666666666668 0.046296296296296294
4 0.6114583333333333 0.49444444444444446 0.026041666666666668 0.046296296296296294
4 0.6609375 0.4962962962962963 0.026041666666666668 0.046296296296296294
4 0.6286458333333333 0.5046296296296297 0.026041666666666668 0.046296296296296294
3 0.7104166666666667 0.5185185185185185 0.026041666666666668 0.046296296296296294
4 0.4875 0.5166666666666667 0.026041666666666668 0.046296296296296294
4 0.5161458333333333 0.525 0.026041666666666668 0.046296296296296294
4 0.6255208333333333 0.5277777777777778 0.026041666666666668 0.046296296296296294
3 0.6697916666666667 0.5277777777777778 0.026041666666666668 0.046296296296296294
3 0.69375 0.5268518518518519 0.026041666666666668 0.046296296296296294
3 0.7229166666666667 0.5370370370370371 0.026041666666666668 0.046296296296296294
4 0.5375 0.5435185185185185 0.026041666666666668 0.046296296296296294
4 0.5770833333333333 0.5518518518518518 0.026041666666666668 0.046296296296296294
4 0.6583333333333333 0.5509259259259259 0.026041666666666668 0.046296296296296294
4 0.6114583333333333 0.5555555555555556 0.026041666666666668 0.046296296296296294
3 0.7484375 0.5546296296296296 0.026041666666666668 0.046296296296296294
3 0.7614583333333333 0.5611111111111111 0.026041666666666668 0.046296296296296294
4 0.55 0.562037037037037 0.026041666666666668 0.046296296296296294
4 0.5932291666666667 0.5648148148148148 0.026041666666666668 0.046296296296296294
4 0.6541666666666667 0.6037037037037037 0.026041666666666668 0.046296296296296294
3 0.7291666666666666 0.6037037037037037 0.026041666666666668 0.046296296296296294
2 0.2203125 0.6296296296296297 0.026041666666666668 0.046296296296296294
4 0.39947916666666666 0.637962962962963 0.026041666666666668 0.046296296296296294
3 0.7635416666666667 0.6435185185185185 0.026041666666666668 0.046296296296296294
3 0.728125 0.6481481481481481 0.026041666666666668 0.046296296296296294
4 0.40520833333333334 0.6611111111111111 0.026041666666666668 0.046296296296296294
4 0.4296875 0.6555555555555556 0.026041666666666668 0.046296296296296294
1 0.6796875 0.6824074074074075 0.026041666666666668 0.046296296296296294
1 0.7015625 0.6777777777777778 0.026041666666666668 0.046296296296296294
1 0.78125 0.6796296296296296 0.026041666666666668 0.046296296296296294
1 0.17916666666666667 0.687962962962963 0.026041666666666668 0.046296296296296294
1 0.6255208333333333 0.7055555555555556 0.026041666666666668 0.046296296296296294
1 0.8848958333333333 0.7453703703703703 0.026041666666666668 0.046296296296296294
1 0.6255208333333333 0.7777777777777778 0.026041666666666668 0.046296296296296294
1 0.32447916666666665 0.7722222222222223 0.026041666666666668 0.046296296296296294
1 0.7578125 0.8203703703703704 0.026041666666666668 0.046296296296296294
1 0.8697916666666666 0.8203703703703704 0.026041666666666668 0.046296296296296294
1 0.5838541666666667 0.8388888888888889 0.026041666666666668 0.046296296296296294
1 0.5578125 0.8537037037037037 0.026041666666666668 0.046296296296296294
1 0.9744791666666667 0.8518518518518519 0.026041666666666668 0.046296296296296294
1 0.13229166666666667 0.8574074074074074 0.026041666666666668 0.046296296296296294
1 0.221875 0.8527777777777777 0.026041666666666668 0.046296296296296294
1 0.9958333333333333 0.8583333333333333 0.026041666666666668 0.046296296296296294
1 0.7838541666666666 0.8768518518518519 0.026041666666666668 0.046296296296296294
1 0.49635416666666665 0.8870370370370371 0.026041666666666668 0.046296296296296294
1 0.13697916666666668 0.9287037037037037 0.026041666666666668 0.046296296296296294
1 0.9708333333333333 0.9481481481481482 0.026041666666666668 0.046296296296296294
1 0.0625 0.9546296296296296 0.026041666666666668 0.046296296296296294
1 0.4 0.95 0.026041666666666668 0.046296296296296294
1 0.171875 0.9768518518518519 0.026041666666666668 0.046296296296296294
1 0.85 0.9925925925925926 0.026041666666666668 0.046296296296296294
1 0.08541666666666667 0.8277777777777777 0.026041666666666668 0.046296296296296294
1 0.18645833333333334 0.7240740740740741 0.026041666666666668 0.046296296296296294
1 0.553125 0.9 0.026041666666666668 0.046296296296296294
1 0.8322916666666667 0.8648148148148148 0.026041666666666668 0.046296296296296294
1 0.8354166666666667 0.837037037037037 0.026041666666666668 0.046296296296296294
4 0.5291666666666667 0.65 0.026041666666666668 0.046296296296296294
3 0.6697916666666667 0.6092592592592593 0.026041666666666668 0.046296296296296294
4 0.44166666666666665 0.5185185185185185 0.026041666666666668 0.046296296296296294
