0 0.4703125 0.09537037037037037 0.026041666666666668 0.046296296296296294
0 0.4828125 0.10648148148148148 0.026041666666666668 0.046296296296296294
0 0.4817708333333333 0.12129629629629629 0.026041666666666668 0.046296296296296294
0 0.4244791666666667 0.1287037037037037 0.026041666666666668 0.046296296296296294
0 0.4713541666666667 0.12962962962962962 0.026041666666666668 0.046296296296296294
0 0.47604166666666664 0.1287037037037037 0.026041666666666668 0.046296296296296294
0 0.4869791666666667 0.12777777777777777 0.026041666666666668 0.046296296296296294
0 0.4895833333333333 0.12777777777777777 0.026041666666666668 0.046296296296296294
0 0.46145833333333336 0.13703703703703704 0.026041666666666668 0.046296296296296294
0 0.4661458333333333 0.1361111111111111 0.026041666666666668 0.046296296296296294
0 0.4395833333333333 0.14351851851851852 0.026041666666666668 0.046296296296296294
0 0.45416666666666666 0.14166666666666666 0.026041666666666668 0.046296296296296294
0 0.4786458333333333 0.14537037037037037 0.026041666666666668 0.046296296296296294
0 0.46197916666666666 0.1527777777777778 0.026041666666666668 0.046296296296296294
0 0.46979166666666666 0.16203703703703703 0.026041666666666668 0.046296296296296294
0 0.49895833333333334 0.15833333333333333 0.026041666666666668 0.046296296296296294
0 0.46458333333333335 0.16666666666666666 0.026041666666666668 0.046296296296296294
0 0.4328125 0.175 0.026041666666666668 0.046296296296296294
0 0.475 0.17777777777777778 0.026041666666666668 0.046296296296296294
0 0.49270833333333336 0.18425925925925926 0.026041666666666668 0.046296296296296294
0 0.49947916666666664 0.18333333333333332 0.026041666666666668 0.046296296296296294
0 0.515625 0.18518518518518517 0.026041666666666668 0.046296296296296294
0 0.4583333333333333 0.19814814814814816 0.026041666666666668 0.046296296296296294
0 0.4578125 0.21203703703703702 0.026041666666666668 0.046296296296296294
0 0.47760416666666666 0.21944444444444444 0.026041666666666668 0.046296296296296294
0 0.4901041666666667 0.22962962962962963 0.026041666666666668 0.046296296296296294
0 0.4953125 0.24814814814814815 0.026041666666666668 0.046296296296296294
0 0.49895833333333334 0.2657407407407407 0.026041666666666668 0.046296296296296294
0 0.4421875 0.26481481481481484 0.026041666666666668 0.046296296296296294
0 0.46927083333333336 0.275 0.026041666666666668 0.046296296296296294
0 0.4864583333333333 0.2759259259259259 0.026041666666666668 0.046296296296296294
0 0.546875 0.27870370370370373 0.026041666666666668 0.046296296296296294
0 0.49895833333333334 0.2833333333333333 0.026041666666666668 0.046296296296296294
0 0.5119791666666667 0.28425925925925927 0.026041666666666668 0.046296296296296294
0 0.6911458333333333 0.2851851851851852 0.026041666666666668 0.046296296296296294
0 0.4401041666666667 0.2861111111111111 0.026041666666666668 0.046296296296296294
0 0.425 0.2972222222222222 0.026041666666666668 0.046296296296296294
0 0.43020833333333336 0.30092592592592593 0.026041666666666668 0.046296296296296294
0 0.4713541666666667 0.3 0.026041666666666668 0.046296296296296294
0 0.5114583333333333 0.3 0.026041666666666668 0.046296296296296294
0 0.41822916666666665 0.30648148148148147 0.026041666666666668 0.046296296296296294
0 0.6947916666666667 0.30833333333333335 0.026041666666666668 0.046296296296296294
0 0.4317708333333333 0.31666666666666665 0.026041666666666668 0.046296296296296294
0 0.4864583333333333 0.31666666666666665 0.026041666666666668 0.046296296296296294
0 0.49947916666666664 0.31666666666666665 0.026041666666666668 0.046296296296296294
0 0.5119791666666667 0.31574074074074077 0.026041666666666668 0.046296296296296294
0 0.5203125 0.3175925925925926 0.026041666666666668 0.046296296296296294
0 0.5239583333333333 0.32685185185185184 0.026041666666666668 0.046296296296296294
0 0.44427083333333334 0.3314814814814815 0.026041666666666668 0.046296296296296294
0 0.45729166666666665 0.33240740740740743 0.026041666666666668 0.046296296296296294
4 0.5041666666666667 0.33425925925925926 0.026041666666666668 0.046296296296296294
3 0.6791666666666667 0.33796296296296297 0.026041666666666668 0.046296296296296294
4 0.5151041666666667 0.35 0.026041666666666668 0.046296296296296294
4 0.5026041666666666 0.35462962962962963 0.026041666666666668 0.046296296296296294
4 0.5244791666666667 0.3648148148148148 0.026041666666666668 0.046296296296296294
4 0.39479166666666665 0.37222222222222223 0.026041666666666668 0.046296296296296294
4 0.5036458333333333 0.36944444444444446 0.026041666666666668 0.046296296296296294
4 0.540625 0.37407407407407406 0.026041666666666668 0.046296296296296294
4 0.4947916666666667 0.37962962962962965 0.026041666666666668 0.046296296296296294
4 0.5130208333333334 0.37962962962962965 0.026041666666666668 0.046296296296296294
4 0.5197916666666667 0.38055555555555554 0.026041666666666668 0.046296296296296294
3 0.7317708333333334 0.37592592592592594 0.026041666666666668 0.046296296296296294
4 0.384375 0.3888888888888889 0.026041666666666668 0.046296296296296294
3 0.6822916666666666 0.3925925925925926 0.026041666666666668 0.046296296296296294
2 0.21302083333333333 0.4 0.026041666666666668 0.046296296296296294
2 0.22083333333333333 0.40370370370370373 0.026041666666666668 0.046296296296296294
4 0.3953125 0.4009259259259259 0.026041666666666668 0.046296296296296294
4 0.4161458333333333 0.4046296296296296 0.026041666666666668 0.046296296296296294
4 0.6505208333333333 0.4027777777777778 0.026041666666666668 0.046296296296296294
4 0.5078125 0.41203703703703703 0.026041666666666668 0.046296296296296294
4 0.5026041666666666 0.42592592592592593 0.026041666666666668 0.046296296296296294
4 0.6546875 0.425 0.026041666666666668 0.046296296296296294
4 0.6609375 0.42685185185185187 0.026041666666666668 0.046296296296296294
4 0.42239583333333336 0.42962962962962964 0.026041666666666668 0.046296296296296294
4 0.4265625 0.4324074074074074 0.026041666666666668 0.046296296296296294
4 0.5114583333333333 0.43148148148148147 0.026041666666666668 0.046296296296296294
4 0.665625 0.44074074074074077 0.026041666666666668 0.046296296296296294
3 0.7109375 0.4388888888888889 0.026041666666666668 0.046296296296296294
4 0.39791666666666664 0.45925925925925926 0.026041666666666668 0.046296296296296294
4 0.4203125 0.4564814814814815 0.026041666666666668 0.046296296296296294
4 0.5010416666666667 0.4638888888888889 0.026041666666666668 0.046296296296296294
4 0.5239583333333333 0.4648148148148148 0.026041666666666668 0.046296296296296294
3 0.6739583333333333 0.4638888888888889 0.026041666666666668 0.046296296296296294
2 0.20729166666666668 0.4740740740740741 0.026041666666666668 0.046296296296296294
4 0.38958333333333334 0.4759259259259259 0.026041666666666668 0.046296296296296294
4 0.5041666666666667 0.4787037037037037 0.026041666666666668 0.046296296296296294
4 0.6005208333333333 0.4777777777777778 0.026041666666666668 0.046296296296296294
4 0.6375 0.47962962962962963 0.026041666666666668 0.046296296296296294
4 0.39166666666666666 0.4888888888888889 0.026041666666666668 0.046296296296296294
4 0.403125 0.48703703703703705 0.026041666666666668 0.046296296296296294
4 0.4166666666666667 0.48518518518518516 0.026041666666666668 0.046296296296296294
4 0.4244791666666667 0.48703703703703705 0.026041666666666668 0.046296296296296294
3 0.675 0.48703703703703705 0.026041666666666668 0.046296296296296294
4 0.515625 0.49537037037037035 0.026041666666666668 0.046296296296296294
4 0.6489583333333333 0.49722222222222223 0.026041666666666668 0.046296296296296294
4 0.6666666666666666 0.5046296296296297 0.026041666666666668 0.046296296296296294
3 0.7119791666666667 0.5037037037037037 0.026041666666666668 0.046296296296296294
4 0.3875 0.5120370370370371 0.026041666666666668 0.046296296296296294
4 0.5109375 0.512962962962963 0.026041666666666668 0.046296296296296294
3 0.7067708333333333 0.5138888888888888 0.026041666666666668 0.046296296296296294
3 0.66875 0.524074074074074 0.026041666666666668 0.046296296296296294
3 0.7276041666666667 0.5268518518518519 0.026041666666666668 0.046296296296296294
4 0.5166666666666667 0.5351851851851852 0.026041666666666668 0.046296296296296294
4 0.6328125 0.5342592592592592 0.026041666666666668 0.046296296296296294
4 0.43020833333333336 0.5425925925925926 0.026041666666666668 0.046296296296296294
4 0.45208333333333334 0.549074074074074 0.026041666666666668 0.046296296296296294
4 0.5364583333333334 0.5509259259259259 0.026041666666666668 0.046296296296296294
4 0.55625 0.5453703703703704 0.026041666666666668 0.046296296296296294
4 0.5927083333333333 0.5509259259259259 0.026041666666666668 0.046296296296296294
4 0.6276041666666666 0.5546296296296296 0.026041666666666668 0.046296296296296294
4 0.4296875 0.5638888888888889 0.026041666666666668 0.046296296296296294
3 0.740625 0.562037037037037 0.026041666666666668 0.046296296296296294
3 0.7609375 0.5657407407407408 0.026041666666666668 0.046296296296296294
4 0.5864583333333333 0.5731481481481482 0.026041666666666668 0.046296296296296294
4 0.6401041666666667 0.5851851851851851 0.026041666666666668 0.046296296296296294
3 0.7125 0.6111111111111112 0.026041666666666668 0.046296296296296294
3 0.7614583333333333 0.6129629629629629 0.026041666666666668 0.046296296296296294
4 0.5984375 0.6185185185185185 0.026041666666666668 0.046296296296296294
4 0.5421875 0.6259259259259259 0.026041666666666668 0.046296296296296294
3 0.703125 0.6370370370370371 0.026041666666666668 0.046296296296296294
3 0.715625 0.6509259259259259 0.026041666666666668 0.046296296296296294
3 0.7286458333333333 0.6518518518518519 0.026041666666666668 0.046296296296296294
2 0.20729166666666668 0.6620370370370371 0.026041666666666668 0.046296296296296294
3 0.75 0.6657407407407407 0.026041666666666668 0.046296296296296294
1 0.6911458333333333 0.6759259259259259 0.026041666666666668 0.046296296296296294
1 0.703125 0.6824074074074075 0.026041666666666668 0.046296296296296294
1 0.6828125 0.7064814814814815 0.026041666666666668 0.046296296296296294
1 0.18229166666666666 0.7111111111111111 0.026041666666666668 0.046296296296296294
1 0.6828125 0.7407407407407407 0.026041666666666668 0.046296296296296294
1 0.16145833333333334 0.7601851851851852 0.026041666666666668 0.046296296296296294
1 0.8848958333333333 0.7490740740740741 0.026041666666666668 0.046296296296296294
1 0.40989583333333335 0.7787037037037037 0.026041666666666668 0.046296296296296294
1 0.38697916666666665 0.7925925925925926 0.026041666666666668 0.046296296296296294
1 0.5760416666666667 0.7814814814814814 0.026041666666666668 0.046296296296296294
1 0.8703125 0.8185185185185185 0.026041666666666668 0.046296296296296294
1 0.7604166666666666 0.8324074074074074 0.026041666666666668 0.046296296296296294
1 0.9203125 0.8277777777777777 0.026041666666666668 0.046296296296296294
1 0.3619791666666667 0.8481481481481481 0.026041666666666668 0.046296296296296294
1 0.4979166666666667 0.8925925925925926 0.026041666666666668 0.046296296296296294
1 0.3177083333333333 0.9037037037037037 0.026041666666666668 0.046296296296296294
1 0.39895833333333336 0.9462962962962963 0.026041666666666668 0.046296296296296294
1 0.0609375 0.9537037037037037 0.026041666666666668 0.046296296296296294
1 0.1125 0.9527777777777777 0.026041666666666668 0.046296296296296294
1 0.559375 0.9472222222222222 0.026041666666666668 0.046296296296296294
1 0.3692708333333333 0.9944444444444445 0.026041666666666668 0.046296296296296294
1 0.21979166666666666 0.7425925925925926 0.026041666666666668 0.046296296296296294
2 0.23020833333333332 0.5944444444444444 0.026041666666666668 0.046296296296296294
2 0.16770833333333332 0.4148148148148148 0.026041666666666668 0.046296296296296294
1 0.8239583333333333 0.8666666666666667 0.026041666666666668 0.046296296296296294
1 0.7885416666666667 0.8481481481481481 0.026041666666666668 0.046296296296296294
1 0.9708333333333333 0.9685185185185186 0.026041666666666668 0.046296296296296294
1 0.996875 0.8555555555555555 0.026041666666666668 0.046296296296296294
1 0.7770833333333333 0.6962962962962963 0.026041666666666668 0.046296296296296294
4 0.646875 0.6240740740740741 0.026041666666666668 0.046296296296296294
3 0.6770833333333334 0.5703703703703704 0.026041666666666668 0.046296296296296294
4 0.47708333333333336 0.5574074074074075 0.026041666666666668 0.046296296296296294
4 0.4875 0.5407407407407407 0.026041666666666668 0.046296296296296294
4 0.40520833333333334 0.5592592592592592 0.026041666666666668 0.046296296296296294
4 0.46145833333333336 0.4537037037037037 0.026041666666666668 0.046296296296296294
4 0.45625 0.36666666666666664 0.026041666666666668 0.046296296296296294
