0 0.4791666666666667 0.09722222222222222 0.026041666666666668 0.046296296296296294
0 0.4869791666666667 0.10740740740740741 0.026041666666666668 0.046296296296296294
0 0.46979166666666666 0.11388888888888889 0.026041666666666668 0.046296296296296294
0 0.47760416666666666 0.125 0.026041666666666668 0.046296296296296294
0 0.4239583333333333 0.12777777777777777 0.026041666666666668 0.046296296296296294
0 0.43697916666666664 0.12685185185185185 0.026041666666666668 0.046296296296296294
0 0.4713541666666667 0.1287037037037037 0.026041666666666668 0.046296296296296294
0 0.49375 0.1287037037037037 0.026041666666666668 0.046296296296296294
0 0.44114583333333335 0.13240740740740742 0.026041666666666668 0.046296296296296294
0 0.4505208333333333 0.13425925925925927 0.026041666666666668 0.046296296296296294
0 0.453125 0.13148148148148148 0.026041666666666668 0.046296296296296294
0 0.46197916666666666 0.13425925925925927 0.026041666666666668 0.046296296296296294
0 0.4661458333333333 0.1361111111111111 0.026041666666666668 0.046296296296296294
0 0.42916666666666664 0.15462962962962962 0.026041666666666668 0.046296296296296294
0 0.4713541666666667 0.16018518518518518 0.026041666666666668 0.046296296296296294
0 0.47760416666666666 0.16018518518518518 0.026041666666666668 0.046296296296296294
0 0.4276041666666667 0.175 0.026041666666666668 0.046296296296296294
0 0.4401041666666667 0.17592592592592593 0.026041666666666668 0.046296296296296294
0 0.4864583333333333 0.17592592592592593 0.026041666666666668 0.046296296296296294
0 0.45364583333333336 0.1824074074074074 0.026041666666666668 0.046296296296296294
0 0.46979166666666666 0.18055555555555555 0.026041666666666668 0.046296296296296294
0 0.4979166666666667 0.1824074074074074 0.026041666666666668 0.046296296296296294
0 0.49895833333333334 0.19074074074074074 0.026041666666666668 0.046296296296296294
0 0.5 0.20555555555555555 0.026041666666666668 0.046296296296296294
0 0.5072916666666667 0.21481481481481482 0.026041666666666668 0.046296296296296294
0 0.5171875 0.2212962962962963 0.026041666666666668 0.046296296296296294
0 0.4171875 0.2324074074074074 0.026041666666666668 0.046296296296296294
0 0.4328125 0.22777777777777777 0.026041666666666668 0.046296296296296294
0 0.44166666666666665 0.23148148148148148 0.026041666666666668 0.046296296296296294
0 0.4901041666666667 0.2324074074074074 0.026041666666666668 0.046296296296296294
0 0.4328125 0.24722222222222223 0.026041666666666668 0.046296296296296294
0 0.46145833333333336 0.24444444444444444 0.026041666666666668 0.046296296296296294
0 0.46979166666666666 0.24444444444444444 0.026041666666666668 0.046296296296296294
0 0.48333333333333334 0.24722222222222223 0.026041666666666668 0.046296296296296294
0 0.4125 0.2537037037037037 0.026041666666666668 0.046296296296296294
0 0.42135416666666664 0.25462962962962965 0.026041666666666668 0.046296296296296294
0 0.44375 0.2537037037037037 0.026041666666666668 0.046296296296296294
0 0.4901041666666667 0.25092592592592594 0.026041666666666668 0.046296296296296294
0 0.4953125 0.25462962962962965 0.026041666666666668 0.046296296296296294
0 0.475 0.2611111111111111 0.026041666666666668 0.046296296296296294
0 0.503125 0.26296296296296295 0.026041666666666668 0.046296296296296294
0 0.42604166666666665 0.2740740740740741 0.026041666666666668 0.046296296296296294
0 0.4979166666666667 0.2740740740740741 0.026041666666666668 0.046296296296296294
0 0.46145833333333336 0.28425925925925927 0.026041666666666668 0.046296296296296294
0 0.5328125 0.28425925925925927 0.026041666666666668 0.046296296296296294
0 0.4276041666666667 0.29074074074074074 0.026041666666666668 0.046296296296296294
0 0.478125 0.2935185185185185 0.026041666666666668 0.046296296296296294
0 0.5421875 0.29444444444444445 0.026041666666666668 0.046296296296296294
0 0.44166666666666665 0.30833333333333335 0.026041666666666668 0.046296296296296294
0 0.45416666666666666 0.30925925925925923 0.026041666666666668 0.046296296296296294
0 0.45989583333333334 0.30925925925925923 0.026041666666666668 0.046296296296296294
0 0.5 0.30925925925925923 0.026041666666666668 0.046296296296296294
0 0.5072916666666667 0.3101851851851852 0.026041666666666668 0.046296296296296294
0 0.6911458333333333 0.3101851851851852 0.026041666666666668 0.046296296296296294
0 0.4197916666666667 0.32685185185185184 0.026041666666666668 0.046296296296296294
0 0.4734375 0.3212962962962963 0.026041666666666668 0.046296296296296294
4 0.453125 0.3333333333333333 0.026041666666666668 0.046296296296296294
4 0.42552083333333335 0.34074074074074073 0.026041666666666668 0.046296296296296294
4 0.43645833333333334 0.33796296296296297 0.026041666666666668 0.046296296296296294
4 0.5427083333333333 0.3416666666666667 0.026041666666666668 0.046296296296296294
4 0.65 0.3416666666666667 0.026041666666666668 0.046296296296296294
4 0.41510416666666666 0.35 0.026041666666666668 0.046296296296296294
4 0.5114583333333333 0.3472222222222222 0.026041666666666668 0.046296296296296294
4 0.39947916666666666 0.35833333333333334 0.026041666666666668 0.046296296296296294
4 0.415625 0.35833333333333334 0.026041666666666668 0.046296296296296294
4 0.5463541666666667 0.3592592592592593 0.026041666666666668 0.046296296296296294
4 0.5072916666666667 0.3611111111111111 0.026041666666666668 0.046296296296296294
4 0.5166666666666667 0.36666666666666664 0.026041666666666668 0.046296296296296294
4 0.38645833333333335 0.3685185185185185 0.026041666666666668 0.046296296296296294
4 0.403125 0.37777777777777777 0.026041666666666668 0.046296296296296294
4 0.4161458333333333 0.3787037037037037 0.026041666666666668 0.046296296296296294
4 0.43697916666666664 0.3814814814814815 0.026041666666666668 0.046296296296296294
4 0.4578125 0.3824074074074074 0.026041666666666668 0.046296296296296294
4 0.509375 0.38055555555555554 0.026041666666666668 0.046296296296296294
4 0.38697916666666665 0.3851851851851852 0.026041666666666668 0.046296296296296294
4 0.3958333333333333 0.3861111111111111 0.026041666666666668 0.046296296296296294
4 0.40989583333333335 0.3851851851851852 0.026041666666666668 0.046296296296296294
4 0.4239583333333333 0.3851851851851852 0.026041666666666668 0.046296296296296294
4 0.45416666666666666 0.38796296296296295 0.026041666666666668 0.046296296296296294
2 0.21197916666666666 0.3907407407407407 0.026041666666666668 0.046296296296296294
4 0.4744791666666667 0.39537037037037037 0.026041666666666668 0.046296296296296294
4 0.378125 0.40370370370370373 0.026041666666666668 0.046296296296296294
4 0.4296875 0.4 0.026041666666666668 0.046296296296296294
4 0.43697916666666664 0.4009259259259259 0.026041666666666668 0.046296296296296294
4 0.5098958333333333 0.39814814814814814 0.026041666666666668 0.046296296296296294
4 0.515625 0.4 0.026041666666666668 0.046296296296296294
4 0.3880208333333333 0.4101851851851852 0.026041666666666668 0.046296296296296294
4 0.39947916666666666 0.4101851851851852 0.026041666666666668 0.046296296296296294
4 0.40729166666666666 0.4111111111111111 0.026041666666666668 0.046296296296296294
2 0.1859375 0.41759259259259257 0.026041666666666668 0.046296296296296294
4 0.4317708333333333 0.41759259259259257 0.026041666666666668 0.046296296296296294
4 0.5177083333333333 0.4166666666666667 0.026041666666666668 0.046296296296296294
4 0.37916666666666665 0.42314814814814816 0.026041666666666668 0.046296296296296294
4 0.65 0.4222222222222222 0.026041666666666668 0.046296296296296294
3 0.66875 0.42407407407407405 0.026041666666666668 0.046296296296296294
4 0.39479166666666665 0.43425925925925923 0.026041666666666668 0.046296296296296294
4 0.4114583333333333 0.4324074074074074 0.026041666666666668 0.046296296296296294
4 0.43802083333333336 0.43425925925925923 0.026041666666666668 0.046296296296296294
4 0.5119791666666667 0.43425925925925923 0.026041666666666668 0.046296296296296294
4 0.45625 0.4388888888888889 0.026041666666666668 0.046296296296296294
3 0.7125 0.44074074074074077 0.026041666666666668 0.046296296296296294
4 0.37916666666666665 0.44907407407407407 0.026041666666666668 0.046296296296296294
4 0.38958333333333334 0.45 0.026041666666666668 0.046296296296296294
4 0.403125 0.45 0.026041666666666668 0.046296296296296294
4 0.4739583333333333 0.44722222222222224 0.026041666666666668 0.046296296296296294
4 0.5166666666666667 0.44907407407407407 0.026041666666666668 0.046296296296296294
3 0.6770833333333334 0.44907407407407407 0.026041666666666668 0.046296296296296294
4 0.4109375 0.4546296296296296 0.026041666666666668 0.046296296296296294
4 0.6536458333333334 0.4564814814814815 0.026041666666666668 0.046296296296296294
4 0.5078125 0.46574074074074073 0.026041666666666668 0.046296296296296294
3 0.6994791666666667 0.4638888888888889 0.026041666666666668 0.046296296296296294
4 0.38697916666666665 0.47314814814814815 0.026041666666666668 0.046296296296296294
4 0.41354166666666664 0.47129629629629627 0.026041666666666668 0.046296296296296294
4 0.4953125 0.4722222222222222 0.026041666666666668 0.046296296296296294
4 0.5328125 0.4787037037037037 0.026041666666666668 0.046296296296296294
3 0.678125 0.47962962962962963 0.026041666666666668 0.046296296296296294
4 0.6036458333333333 0.48518518518518516 0.026041666666666668 0.046296296296296294
3 0.6703125 0.4898148148148148 0.026041666666666668 0.046296296296296294
3 0.678125 0.48703703703703705 0.026041666666666668 0.046296296296296294
3 0.6994791666666667 0.487962962962963 0.026041666666666668 0.046296296296296294
4 0.3953125 0.49722222222222223 0.026041666666666668 0.046296296296296294
3 0.6911458333333333 0.49537037037037035 0.026041666666666668 0.046296296296296294
4 0.5276041666666667 0.5064814814814815 0.026041666666666668 0.046296296296296294
4 0.6125 0.5046296296296297 0.026041666666666668 0.046296296296296294
4 0.6328125 0.5027777777777778 0.026041666666666668 0.046296296296296294
4 0.38645833333333335 0.512962962962963 0.026041666666666668 0.046296296296296294
4 0.5354166666666667 0.5268518518518519 0.026041666666666668 0.046296296296296294
4 0.6317708333333333 0.524074074074074 0.026041666666666668 0.046296296296296294
4 0.6645833333333333 0.5277777777777778 0.026041666666666668 0.046296296296296294
3 0.6979166666666666 0.5231481481481481 0.026041666666666668 0.046296296296296294
4 0.41822916666666665 0.5342592592592592 0.026041666666666668 0.046296296296296294
4 0.5208333333333334 0.5342592592592592 0.026041666666666668 0.046296296296296294
4 0.5744791666666667 0.5324074074074074 0.026041666666666668 0.046296296296296294
4 0.39010416666666664 0.5407407407407407 0.026041666666666668 0.046296296296296294
4 0.553125 0.5370370370370371 0.026041666666666668 0.046296296296296294
4 0.6036458333333333 0.5398148148148149 0.026041666666666668 0.046296296296296294
3 0.7286458333333333 0.5398148148148149 0.026041666666666668 0.046296296296296294
3 0.7401041666666667 0.5388888888888889 0.026041666666666668 0.046296296296296294
4 0.4354166666666667 0.549074074074074 0.026041666666666668 0.046296296296296294
4 0.48125 0.5481481481481482 0.026041666666666668 0.046296296296296294
4 0.3875 0.5601851851851852 0.026041666666666668 0.046296296296296294
4 0.415625 0.5592592592592592 0.026041666666666668 0.046296296296296294
4 0.6130208333333333 0.5601851851851852 0.026041666666666668 0.046296296296296294
3 0.7359375 0.5574074074074075 0.026041666666666668 0.046296296296296294
4 0.5739583333333333 0.5722222222222222 0.026041666666666668 0.046296296296296294
4 0.6442708333333333 0.5944444444444444 0.026041666666666668 0.046296296296296294
3 0.6921875 0.600925925925926 0.026041666666666668 0.046296296296296294
3 0.7489583333333333 0.6287037037037037 0.026041666666666668 0.046296296296296294
3 0.7447916666666666 0.6657407407407407 0.026041666666666668 0.046296296296296294
1 0.6453125 0.6925925925925925 0.026041666666666668 0.046296296296296294
1 0.5348958333333333 0.7111111111111111 0.026041666666666668 0.046296296296296294
1 0.8817708333333333 0.7379629629629629 0.026041666666666668 0.046296296296296294
1 0.8890625 0.7981481481481482 0.026041666666666668 0.046296296296296294
1 0.9677083333333333 0.812962962962963 0.026041666666666668 0.046296296296296294
1 0.8208333333333333 0.8416666666666667 0.026041666666666668 0.046296296296296294
1 0.9953125 0.8583333333333333 0.026041666666666668 0.046296296296296294
1 0.7598958333333333 0.8870370370370371 0.026041666666666668 0.046296296296296294
1 0.7609375 0.8962962962962963 0.026041666666666668 0.046296296296296294
1 0.9197916666666667 0.8972222222222223 0.026041666666666668 0.046296296296296294
1 0.8296875 0.9212962962962963 0.026041666666666668 0.046296296296296294
1 0.35104166666666664 0.9685185185185186 0.026041666666666668 0.046296296296296294
2 0.171875 0.4185185185185185 0.026041666666666668 0.046296296296296294
3 0.765625 0.587037037037037 0.026041666666666668 0.046296296296296294
