0 0.490625 0.13055555555555556 0.026041666666666668 0.046296296296296294
0 0.44166666666666665 0.13148148148148148 0.026041666666666668 0.046296296296296294
0 0.4505208333333333 0.13425925925925927 0.026041666666666668 0.046296296296296294
0 0.45416666666666666 0.13425925925925927 0.026041666666666668 0.046296296296296294
0 0.4625 0.1361111111111111 0.026041666666666668 0.046296296296296294
0 0.440625 0.1425925925925926 0.026041666666666668 0.046296296296296294
0 0.46979166666666666 0.14351851851851852 0.026041666666666668 0.046296296296296294
0 0.4744791666666667 0.14722222222222223 0.026041666666666668 0.046296296296296294
0 0.4901041666666667 0.15925925925925927 0.026041666666666668 0.046296296296296294
0 0.46145833333333336 0.1675925925925926 0.026041666666666668 0.046296296296296294
0 0.43333333333333335 0.17222222222222222 0.026041666666666668 0.046296296296296294
0 0.4739583333333333 0.175 0.026041666666666668 0.046296296296296294
0 0.4921875 0.17592592592592593 0.026041666666666668 0.046296296296296294
0 0.49895833333333334 0.17685185185185184 0.026041666666666668 0.046296296296296294
0 0.44947916666666665 0.18055555555555555 0.026041666666666668 0.046296296296296294
0 0.4609375 0.1824074074074074 0.026041666666666668 0.046296296296296294
0 0.4828125 0.18425925925925926 0.026041666666666668 0.046296296296296294
0 0.45416666666666666 0.1925925925925926 0.026041666666666668 0.046296296296296294
0 0.4375 0.19907407407407407 0.026041666666666668 0.046296296296296294
0 0.49583333333333335 0.20092592592592592 0.026041666666666668 0.046296296296296294
0 0.4828125 0.2222222222222222 0.026041666666666668 0.046296296296296294
0 0.4921875 0.22037037037037038 0.026041666666666668 0.046296296296296294
0 0.4161458333333333 0.22962962962962963 0.026041666666666668 0.046296296296296294
0 0.5109375 0.22962962962962963 0.026041666666666668 0.046296296296296294
0 0.5041666666666667 0.2388888888888889 0.026041666666666668 0.046296296296296294
0 0.4484375 0.2462962962962963 0.026041666666666668 0.046296296296296294
0 0.4739583333333333 0.2462962962962963 0.026041666666666668 0.046296296296296294
0 0.48541666666666666 0.24444444444444444 0.026041666666666668 0.046296296296296294
0 0.4588541666666667 0.25277777777777777 0.026041666666666668 0.046296296296296294
0 0.4671875 0.25555555555555554 0.026041666666666668 0.046296296296296294
0 0.42083333333333334 0.262037037037037 0.026041666666666668 0.046296296296296294
0 0.4921875 0.2611111111111111 0.026041666666666668 0.046296296296296294
0 0.5114583333333333 0.25833333333333336 0.026041666666666668 0.046296296296296294
0 0.49375 0.2712962962962963 0.026041666666666668 0.046296296296296294
0 0.5046875 0.2824074074074074 0.026041666666666668 0.046296296296296294
0 0.5505208333333333 0.2851851851851852 0.026041666666666668 0.046296296296296294
0 0.7026041666666667 0.2833333333333333 0.026041666666666668 0.046296296296296294
0 0.4744791666666667 0.29074074074074074 0.026041666666666668 0.046296296296296294
0 0.51875 0.29074074074074074 0.026041666666666668 0.046296296296296294
0 0.6875 0.29259259259259257 0.026041666666666668 0.046296296296296294
0 0.4421875 0.3074074074074074 0.026041666666666668 0.046296296296296294
0 0.45 0.3101851851851852 0.026041666666666668 0.046296296296296294
0 0.5239583333333333 0.3101851851851852 0.026041666666666668 0.046296296296296294
0 0.4739583333333333 0.3175925925925926 0.026041666666666668 0.046296296296296294
0 0.4947916666666667 0.31574074074074077 0.026041666666666668 0.046296296296296294
0 0.4197916666666667 0.325 0.026041666666666668 0.046296296296296294
0 0.4348958333333333 0.32222222222222224 0.026041666666666668 0.046296296296296294
0 0.5119791666666667 0.32314814814814813 0.026041666666666668 0.046296296296296294
0 0.44427083333333334 0.3296296296296296 0.026041666666666668 0.046296296296296294
0 0.4583333333333333 0.33240740740740743 0.026041666666666668 0.046296296296296294
0 0.50625 0.33240740740740743 0.026041666666666668 0.046296296296296294
0 0.5203125 0.33240740740740743 0.026041666666666668 0.046296296296296294
4 0.5286458333333334 0.3333333333333333 0.026041666666666668 0.046296296296296294
4 0.4640625 0.3388888888888889 0.026041666666666668 0.046296296296296294
4 0.47760416666666666 0.3388888888888889 0.026041666666666668 0.046296296296296294
4 0.45416666666666666 0.34814814814814815 0.026041666666666668 0.046296296296296294
4 0.39427083333333335 0.3537037037037037 0.026041666666666668 0.046296296296296294
4 0.403125 0.3537037037037037 0.026041666666666668 0.046296296296296294
4 0.415625 0.35555555555555557 0.026041666666666668 0.046296296296296294
4 0.44583333333333336 0.35555555555555557 0.026041666666666668 0.046296296296296294
4 0.375 0.362962962962963 0.026041666666666668 0.046296296296296294
4 0.38645833333333335 0.3638888888888889 0.026041666666666668 0.046296296296296294
4 0.4661458333333333 0.36018518518518516 0.026041666666666668 0.046296296296296294
4 0.478125 0.3611111111111111 0.026041666666666668 0.046296296296296294
4 0.39947916666666666 0.37222222222222223 0.026041666666666668 0.046296296296296294
4 0.4088541666666667 0.37407407407407406 0.026041666666666668 0.046296296296296294
4 0.5005208333333333 0.37037037037037035 0.026041666666666668 0.046296296296296294
4 0.5072916666666667 0.37037037037037035 0.026041666666666668 0.046296296296296294
3 0.6765625 0.36574074074074076 0.026041666666666668 0.046296296296296294
4 0.37447916666666664 0.3814814814814815 0.026041666666666668 0.046296296296296294
4 0.6541666666666667 0.3787037037037037 0.026041666666666668 0.046296296296296294
4 0.49947916666666664 0.3888888888888889 0.026041666666666668 0.046296296296296294
4 0.44895833333333335 0.3925925925925926 0.026041666666666668 0.046296296296296294
4 0.4234375 0.40185185185185185 0.026041666666666668 0.046296296296296294
4 0.6552083333333333 0.4027777777777778 0.026041666666666668 0.046296296296296294
4 0.5197916666666667 0.4111111111111111 0.026041666666666668 0.046296296296296294
2 0.19114583333333332 0.4166666666666667 0.026041666666666668 0.046296296296296294
4 0.39895833333333336 0.41759259259259257 0.026041666666666668 0.046296296296296294
4 0.5119791666666667 0.4185185185185185 0.026041666666666668 0.046296296296296294
2 0.16614583333333333 0.42685185185185187 0.026041666666666668 0.046296296296296294
4 0.415625 0.42592592592592593 0.026041666666666668 0.046296296296296294
4 0.49947916666666664 0.425 0.026041666666666668 0.046296296296296294
4 0.5203125 0.42407407407407405 0.026041666666666668 0.046296296296296294
4 0.6578125 0.425 0.026041666666666668 0.046296296296296294
4 0.4546875 0.43425925925925923 0.026041666666666668 0.046296296296296294
4 0.4828125 0.4388888888888889 0.026041666666666668 0.046296296296296294
4 0.65625 0.44166666666666665 0.026041666666666668 0.046296296296296294
4 0.3958333333333333 0.44907407407407407 0.026041666666666668 0.046296296296296294
4 0.4953125 0.44907407407407407 0.026041666666666668 0.046296296296296294
4 0.5197916666666667 0.44907407407407407 0.026041666666666668 0.046296296296296294
3 0.7020833333333333 0.44537037037037036 0.026041666666666668 0.046296296296296294
3 0.7104166666666667 0.4462962962962963 0.026041666666666668 0.046296296296296294
3 0.6739583333333333 0.45740740740740743 0.026041666666666668 0.046296296296296294
4 0.4166666666666667 0.4638888888888889 0.026041666666666668 0.046296296296296294
4 0.45729166666666665 0.46296296296296297 0.026041666666666668 0.046296296296296294
4 0.4947916666666667 0.47129629629629627 0.026041666666666668 0.046296296296296294
3 0.6947916666666667 0.475 0.026041666666666668 0.046296296296296294
4 0.5328125 0.48148148148148145 0.026041666666666668 0.046296296296296294
4 0.628125 0.47962962962962963 0.026041666666666668 0.046296296296296294
4 0.6619791666666667 0.48055555555555557 0.026041666666666668 0.046296296296296294
3 0.6822916666666666 0.4861111111111111 0.026041666666666668 0.046296296296296294
4 0.6244791666666667 0.4962962962962963 0.026041666666666668 0.046296296296296294
3 0.690625 0.49537037037037035 0.026041666666666668 0.046296296296296294
4 0.6359375 0.5037037037037037 0.026041666666666668 0.046296296296296294
2 0.14322916666666666 0.5046296296296297 0.026041666666666668 0.046296296296296294
4 0.6036458333333333 0.5092592592592593 0.026041666666666668 0.046296296296296294
3 0.690625 0.5092592592592593 0.026041666666666668 0.046296296296296294
4 0.6286458333333333 0.5194444444444445 0.026041666666666668 0.046296296296296294
4 0.6666666666666666 0.5268518518518519 0.026041666666666668 0.046296296296296294
2 0.2171875 0.5351851851851852 0.026041666666666668 0.046296296296296294
4 0.64375 0.5342592592592592 0.026041666666666668 0.046296296296296294
4 0.615625 0.5416666666666666 0.026041666666666668 0.046296296296296294
3 0.7197916666666667 0.5342592592592592 0.026041666666666668 0.046296296296296294
2 0.18958333333333333 0.5546296296296296 0.026041666666666668 0.046296296296296294
4 0.5479166666666667 0.5546296296296296 0.026041666666666668 0.046296296296296294
4 0.5989583333333334 0.5574074074074075 0.026041666666666668 0.046296296296296294
4 0.5760416666666667 0.5648148148148148 0.026041666666666668 0.046296296296296294
4 0.6317708333333333 0.5648148148148148 0.026041666666666668 0.046296296296296294
3 0.7291666666666666 0.5675925925925925 0.026041666666666668 0.046296296296296294
3 0.7598958333333333 0.5694444444444444 0.026041666666666668 0.046296296296296294
3 0.7609375 0.5861111111111111 0.026041666666666668 0.046296296296296294
3 0.7359375 0.6027777777777777 0.026041666666666668 0.046296296296296294
3 0.6828125 0.6175925925925926 0.026041666666666668 0.046296296296296294
3 0.7609375 0.6259259259259259 0.026041666666666668 0.046296296296296294
3 0.6958333333333333 0.6537037037037037 0.026041666666666668 0.046296296296296294
1 0.7692708333333333 0.6712962962962963 0.026041666666666668 0.046296296296296294
1 0.725 0.7074074074074074 0.026041666666666668 0.046296296296296294
1 0.4015625 0.7129629629629629 0.026041666666666668 0.046296296296296294
1 0.54375 0.7157407407407408 0.026041666666666668 0.046296296296296294
1 0.6171875 0.725 0.026041666666666668 0.046296296296296294
1 0.16927083333333334 0.7314814814814815 0.026041666666666668 0.046296296296296294
1 0.5822916666666667 0.7305555555555555 0.026041666666666668 0.046296296296296294
1 0.8833333333333333 0.7435185185185185 0.026041666666666668 0.046296296296296294
1 0.4765625 0.7574074074074074 0.026041666666666668 0.046296296296296294
1 0.3963541666666667 0.7712962962962963 0.026041666666666668 0.046296296296296294
1 0.6421875 0.8287037037037037 0.026041666666666668 0.046296296296296294
1 0.7713541666666667 0.837037037037037 0.026041666666666668 0.046296296296296294
1 0.828125 0.8379629629629629 0.026041666666666668 0.046296296296296294
1 0.9744791666666667 0.8379629629629629 0.026041666666666668 0.046296296296296294
1 0.8328125 0.8685185185185185 0.026041666666666668 0.046296296296296294
1 0.16041666666666668 0.8712962962962963 0.026041666666666668 0.046296296296296294
1 0.815625 0.912962962962963 0.026041666666666668 0.046296296296296294
1 0.675 0.8814814814814815 0.026041666666666668 0.046296296296296294
1 0.8708333333333333 0.8222222222222222 0.026041666666666668 0.046296296296296294
1 0.9885416666666667 0.8666666666666667 0.026041666666666668 0.046296296296296294
1 0.9583333333333334 0.9537037037037037 0.026041666666666668 0.046296296296296294
1 0.7760416666666666 0.6888888888888889 0.026041666666666668 0.046296296296296294
4 0.5291666666666667 0.5351851851851852 0.026041666666666668 0.046296296296296294
1 0.5489583333333333 0.7444444444444445 0.026041666666666668 0.046296296296296294
1 0.646875 0.7 0.026041666666666668 0.046296296296296294
