0 0.4744791666666667 0.08703703703703704 0.026041666666666668 0.046296296296296294
0 0.48489583333333336 0.09722222222222222 0.026041666666666668 0.046296296296296294
0 0.490625 0.09722222222222222 0.026041666666666668 0.046296296296296294
0 0.47552083333333334 0.10740740740740741 0.026041666666666668 0.046296296296296294
0 0.46979166666666666 0.11388888888888889 0.026041666666666668 0.046296296296296294
0 0.48333333333333334 0.11481481481481481 0.026041666666666668 0.046296296296296294
0 0.4703125 0.12222222222222222 0.026041666666666668 0.046296296296296294
0 0.4817708333333333 0.12129629629629629 0.026041666666666668 0.046296296296296294
0 0.4947916666666667 0.12314814814814815 0.026041666666666668 0.046296296296296294
0 0.4578125 0.12407407407407407 0.026041666666666668 0.046296296296296294
0 0.4765625 0.13148148148148148 0.026041666666666668 0.046296296296296294
0 0.4401041666666667 0.13518518518518519 0.026041666666666668 0.046296296296296294
0 0.446875 0.13333333333333333 0.026041666666666668 0.046296296296296294
0 0.45260416666666664 0.1361111111111111 0.026041666666666668 0.046296296296296294
0 0.46197916666666666 0.13796296296296295 0.026041666666666668 0.046296296296296294
0 0.48854166666666665 0.13703703703703704 0.026041666666666668 0.046296296296296294
0 0.49375 0.13703703703703704 0.026041666666666668 0.046296296296296294
0 0.4828125 0.14537037037037037 0.026041666666666668 0.046296296296296294
0 0.46145833333333336 0.1527777777777778 0.026041666666666668 0.046296296296296294
0 0.4744791666666667 0.1537037037037037 0.026041666666666668 0.046296296296296294
0 0.49895833333333334 0.1527777777777778 0.026041666666666668 0.046296296296296294
0 0.43697916666666664 0.16203703703703703 0.026041666666666668 0.046296296296296294
0 0.4484375 0.15925925925925927 0.026041666666666668 0.046296296296296294
0 0.4671875 0.16111111111111112 0.026041666666666668 0.046296296296296294
0 0.44947916666666665 0.175 0.026041666666666668 0.046296296296296294
0 0.46197916666666666 0.17685185185185184 0.026041666666666668 0.046296296296296294
0 0.4375 0.18425925925925926 0.026041666666666668 0.046296296296296294
0 0.4713541666666667 0.1824074074074074 0.026041666666666668 0.046296296296296294
0 0.47760416666666666 0.1824074074074074 0.026041666666666668 0.046296296296296294
0 0.44427083333333334 0.19074074074074074 0.026041666666666668 0.046296296296296294
0 0.515625 0.1962962962962963 0.026041666666666668 0.046296296296296294
0 0.49583333333333335 0.2 0.026041666666666668 0.046296296296296294
0 0.5083333333333333 0.19907407407407407 0.026041666666666668 0.046296296296296294
0 0.425 0.2074074074074074 0.026041666666666668 0.046296296296296294
0 0.440625 0.20833333333333334 0.026041666666666668 0.046296296296296294
0 0.478125 0.21574074074074073 0.026041666666666668 0.046296296296296294
0 0.42916666666666664 0.23148148148148148 0.026041666666666668 0.046296296296296294
0 0.5078125 0.23148148148148148 0.026041666666666668 0.046296296296296294
0 0.5109375 0.24166666666666667 0.026041666666666668 0.046296296296296294
0 0.42916666666666664 0.24722222222222223 0.026041666666666668 0.046296296296296294
0 0.4786458333333333 0.24814814814814815 0.026041666666666668 0.046296296296296294
0 0.42239583333333336 0.25462962962962965 0.026041666666666668 0.046296296296296294
0 0.5119791666666667 0.2611111111111111 0.026041666666666668 0.046296296296296294
0 0.5041666666666667 0.26851851851851855 0.026041666666666668 0.046296296296296294
0 0.5213541666666667 0.26944444444444443 0.026041666666666668 0.046296296296296294
0 0.5421875 0.26481481481481484 0.026041666666666668 0.046296296296296294
0 0.5484375 0.26851851851851855 0.026041666666666668 0.046296296296296294
0 0.5375 0.2759259259259259 0.026041666666666668 0.046296296296296294
0 0.5125 0.28425925925925927 0.026041666666666668 0.046296296296296294
0 0.51875 0.28703703703703703 0.026041666666666668 0.046296296296296294
0 0.6916666666666667 0.2851851851851852 0.026041666666666668 0.046296296296296294
0 0.5208333333333334 0.30277777777777776 0.026041666666666668 0.046296296296296294
0 0.5453125 0.29907407407407405 0.026041666666666668 0.046296296296296294
0 0.415625 0.30648148148148147 0.026041666666666668 0.046296296296296294
0 0.5125 0.3101851851851852 0.026041666666666668 0.046296296296296294
0 0.43697916666666664 0.3194444444444444 0.026041666666666668 0.046296296296296294
0 0.45364583333333336 0.31574074074074077 0.026041666666666668 0.046296296296296294
0 0.7072916666666667 0.31296296296296294 0.026041666666666668 0.046296296296296294
0 0.4276041666666667 0.32685185185185184 0.026041666666666668 0.046296296296296294
0 0.4828125 0.32592592592592595 0.026041666666666668 0.046296296296296294
0 0.5109375 0.3277777777777778 0.026041666666666668 0.046296296296296294
0 0.47708333333333336 0.3314814814814815 0.026041666666666668 0.046296296296296294
0 0.5291666666666667 0.3314814814814815 0.026041666666666668 0.046296296296296294
4 0.4453125 0.3388888888888889 0.026041666666666668 0.046296296296296294
4 0.4515625 0.3398148148148148 0.026041666666666668 0.046296296296296294
4 0.5072916666666667 0.3416666666666667 0.026041666666666668 0.046296296296296294
4 0.5505208333333333 0.3425925925925926 0.026041666666666668 0.046296296296296294
4 0.4276041666666667 0.34444444444444444 0.026041666666666668 0.046296296296296294
4 0.440625 0.34814814814814815 0.026041666666666668 0.046296296296296294
4 0.4984375 0.3453703703703704 0.026041666666666668 0.046296296296296294
4 0.4125 0.35555555555555557 0.026041666666666668 0.046296296296296294
4 0.46927083333333336 0.35555555555555557 0.026041666666666668 0.046296296296296294
4 0.5010416666666667 0.3648148148148148 0.026041666666666668 0.046296296296296294
4 0.5088541666666667 0.36018518518518516 0.026041666666666668 0.046296296296296294
4 0.4166666666666667 0.3712962962962963 0.026041666666666668 0.046296296296296294
4 0.44895833333333335 0.36944444444444446 0.026041666666666668 0.046296296296296294
4 0.4947916666666667 0.3731481481481482 0.026041666666666668 0.046296296296296294
4 0.4317708333333333 0.3787037037037037 0.026041666666666668 0.046296296296296294
4 0.44583333333333336 0.3861111111111111 0.026041666666666668 0.046296296296296294
4 0.5229166666666667 0.387037037037037 0.026041666666666668 0.046296296296296294
4 0.6552083333333333 0.387037037037037 0.026041666666666668 0.046296296296296294
4 0.42552083333333335 0.39537037037037037 0.026041666666666668 0.046296296296296294
2 0.19791666666666666 0.4 0.026041666666666668 0.046296296296296294
4 0.5125 0.4027777777777778 0.026041666666666668 0.046296296296296294
4 0.3921875 0.4083333333333333 0.026041666666666668 0.046296296296296294
4 0.4703125 0.40925925925925927 0.026041666666666668 0.046296296296296294
4 0.49166666666666664 0.412962962962963 0.026041666666666668 0.046296296296296294
2 0.18697916666666667 0.41759259259259257 0.026041666666666668 0.046296296296296294
4 0.6619791666666667 0.4203703703703704 0.026041666666666668 0.046296296296296294
2 0.1703125 0.42592592592592593 0.026041666666666668 0.046296296296296294
4 0.6541666666666667 0.42592592592592593 0.026041666666666668 0.046296296296296294
2 0.1828125 0.4361111111111111 0.026041666666666668 0.046296296296296294
4 0.4708333333333333 0.4324074074074074 0.026041666666666668 0.046296296296296294
4 0.49166666666666664 0.43148148148148147 0.026041666666666668 0.046296296296296294
4 0.5161458333333333 0.43333333333333335 0.026041666666666668 0.046296296296296294
3 0.6890625 0.42962962962962964 0.026041666666666668 0.046296296296296294
3 0.7119791666666667 0.4305555555555556 0.026041666666666668 0.046296296296296294
2 0.17083333333333334 0.4388888888888889 0.026041666666666668 0.046296296296296294
4 0.3885416666666667 0.44166666666666665 0.026041666666666668 0.046296296296296294
4 0.5041666666666667 0.44166666666666665 0.026041666666666668 0.046296296296296294
3 0.6692708333333334 0.4398148148148148 0.026041666666666668 0.046296296296296294
3 0.7005208333333334 0.4462962962962963 0.026041666666666668 0.046296296296296294
3 0.6817708333333333 0.4564814814814815 0.026041666666666668 0.046296296296296294
4 0.5083333333333333 0.4666666666666667 0.026041666666666668 0.046296296296296294
3 0.6942708333333333 0.4648148148148148 0.026041666666666668 0.046296296296296294
4 0.4322916666666667 0.48055555555555557 0.026041666666666668 0.046296296296296294
3 0.6739583333333333 0.4824074074074074 0.026041666666666668 0.046296296296296294
4 0.39739583333333334 0.4842592592592593 0.026041666666666668 0.046296296296296294
4 0.47760416666666666 0.49722222222222223 0.026041666666666668 0.046296296296296294
4 0.6208333333333333 0.4962962962962963 0.026041666666666668 0.046296296296296294
3 0.6994791666666667 0.49537037037037035 0.026041666666666668 0.046296296296296294
4 0.45260416666666664 0.5027777777777778 0.026041666666666668 0.046296296296296294
4 0.5036458333333333 0.49907407407407406 0.026041666666666668 0.046296296296296294
4 0.6119791666666666 0.5027777777777778 0.026041666666666668 0.046296296296296294
3 0.6703125 0.512962962962963 0.026041666666666668 0.046296296296296294
4 0.5953125 0.5277777777777778 0.026041666666666668 0.046296296296296294
4 0.6661458333333333 0.5268518518518519 0.026041666666666668 0.046296296296296294
4 0.5166666666666667 0.5351851851851852 0.026041666666666668 0.046296296296296294
4 0.6203125 0.5361111111111111 0.026041666666666668 0.046296296296296294
4 0.659375 0.5342592592592592 0.026041666666666668 0.046296296296296294
4 0.39895833333333336 0.537962962962963 0.026041666666666668 0.046296296296296294
4 0.5072916666666667 0.5444444444444444 0.026041666666666668 0.046296296296296294
4 0.6291666666666667 0.55 0.026041666666666668 0.046296296296296294
3 0.7333333333333333 0.5518518518518518 0.026041666666666668 0.046296296296296294
4 0.5197916666666667 0.5648148148148148 0.026041666666666668 0.046296296296296294
4 0.6036458333333333 0.5638888888888889 0.026041666666666668 0.046296296296296294
3 0.7583333333333333 0.562962962962963 0.026041666666666668 0.046296296296296294
3 0.765625 0.5657407407407408 0.026041666666666668 0.046296296296296294
4 0.6322916666666667 0.5740740740740741 0.026041666666666668 0.046296296296296294
4 0.5036458333333333 0.5833333333333334 0.026041666666666668 0.046296296296296294
4 0.6401041666666667 0.5879629629629629 0.026041666666666668 0.046296296296296294
4 0.4510416666666667 0.5953703703703703 0.026041666666666668 0.046296296296296294
4 0.6041666666666666 0.5935185185185186 0.026041666666666668 0.046296296296296294
4 0.6333333333333333 0.5962962962962963 0.026041666666666668 0.046296296296296294
4 0.6567708333333333 0.5953703703703703 0.026041666666666668 0.046296296296296294
4 0.6447916666666667 0.612037037037037 0.026041666666666668 0.046296296296296294
4 0.446875 0.6388888888888888 0.026041666666666668 0.046296296296296294
4 0.5416666666666666 0.6444444444444445 0.026041666666666668 0.046296296296296294
4 0.575 0.6453703703703704 0.026041666666666668 0.046296296296296294
4 0.3854166666666667 0.6472222222222223 0.026041666666666668 0.046296296296296294
4 0.5088541666666667 0.649074074074074 0.026041666666666668 0.046296296296296294
4 0.5333333333333333 0.6564814814814814 0.026041666666666668 0.046296296296296294
1 0.4375 0.6972222222222222 0.026041666666666668 0.046296296296296294
1 0.39166666666666666 0.7175925925925926 0.026041666666666668 0.046296296296296294
1 0.7197916666666667 0.7296296296296296 0.026041666666666668 0.046296296296296294
1 0.721875 0.7601851851851852 0.026041666666666668 0.046296296296296294
1 0.8817708333333333 0.7509259259259259 0.026041666666666668 0.046296296296296294
1 0.9244791666666666 0.7527777777777778 0.026041666666666668 0.046296296296296294
1 0.5567708333333333 0.7675925925925926 0.026041666666666668 0.046296296296296294
1 0.8286458333333333 0.7657407407407407 0.026041666666666668 0.046296296296296294
1 0.7453125 0.7842592592592592 0.026041666666666668 0.046296296296296294
1 0.4171875 0.7898148148148149 0.026041666666666668 0.046296296296296294
1 0.5010416666666667 0.7953703703703704 0.026041666666666668 0.046296296296296294
1 0.35104166666666664 0.7962962962962963 0.026041666666666668 0.046296296296296294
1 0.7921875 0.812962962962963 0.026041666666666668 0.046296296296296294
1 0.7828125 0.8351851851851851 0.026041666666666668 0.046296296296296294
1 0.8286458333333333 0.8398148148148148 0.026041666666666668 0.046296296296296294
1 0.8734375 0.8416666666666667 0.026041666666666668 0.046296296296296294
1 0.3770833333333333 0.8768518518518519 0.026041666666666668 0.046296296296296294
1 0.434375 0.8888888888888888 0.026041666666666668 0.046296296296296294
1 0.5614583333333333 0.9111111111111111 0.026041666666666668 0.046296296296296294
1 0.5958333333333333 0.9333333333333333 0.026041666666666668 0.046296296296296294
1 0.3416666666666667 0.9537037037037037 0.026041666666666668 0.046296296296296294
1 0.8375 0.9546296296296296 0.026041666666666668 0.046296296296296294
1 0.28125 0.9611111111111111 0.026041666666666668 0.046296296296296294
1 0.553125 0.9638888888888889 0.026041666666666668 0.046296296296296294
1 0.3375 0.7666666666666667 0.026041666666666668 0.046296296296296294
1 0.4791666666666667 0.8888888888888888 0.026041666666666668 0.046296296296296294
1 0.503125 0.9314814814814815 0.026041666666666668 0.046296296296296294
1 0.6270833333333333 0.8777777777777778 0.026041666666666668 0.046296296296296294
1 0.6833333333333333 0.8888888888888888 0.026041666666666668 0.046296296296296294
1 0.7104166666666667 0.9055555555555556 0.026041666666666668 0.046296296296296294
1 0.7854166666666667 0.9388888888888889 0.026041666666666668 0.046296296296296294
1 0.8760416666666667 0.9092592592592592 0.026041666666666668 0.046296296296296294
1 0.9770833333333333 0.9407407407407408 0.026041666666666668 0.046296296296296294
3 0.7697916666666667 0.6666666666666666 0.026041666666666668 0.046296296296296294
3 0.7604166666666666 0.6296296296296297 0.026041666666666668 0.046296296296296294
3 0.721875 0.562962962962963 0.026041666666666668 0.046296296296296294
3 0.6989583333333333 0.5166666666666667 0.026041666666666668 0.046296296296296294
4 0.48125 0.6148148148148148 0.026041666666666668 0.046296296296296294
4 0.47291666666666665 0.5851851851851851 0.026041666666666668 0.046296296296296294
4 0.43333333333333335 0.5277777777777778 0.026041666666666668 0.046296296296296294
4 0.59375 0.6351851851851852 0.026041666666666668 0.046296296296296294
1 0.634375 0.7185185185185186 0.026041666666666668 0.046296296296296294
