0 0.4510416666666667 0.13240740740740742 0.026041666666666668 0.046296296296296294
0 0.46145833333333336 0.13518518518518519 0.026041666666666668 0.046296296296296294
0 0.4421875 0.14351851851851852 0.026041666666666668 0.046296296296296294
0 0.44947916666666665 0.14537037037037037 0.026041666666666668 0.046296296296296294
0 0.475 0.14629629629629629 0.026041666666666668 0.046296296296296294
0 0.4375 0.1574074074074074 0.026041666666666668 0.046296296296296294
0 0.44947916666666665 0.16111111111111112 0.026041666666666668 0.046296296296296294
0 0.43385416666666665 0.17314814814814813 0.026041666666666668 0.046296296296296294
0 0.4979166666666667 0.175 0.026041666666666668 0.046296296296296294
0 0.4375 0.18518518518518517 0.026041666666666668 0.046296296296296294
0 0.47760416666666666 0.1824074074074074 0.026041666666666668 0.046296296296296294
0 0.4578125 0.18888888888888888 0.026041666666666668 0.046296296296296294
0 0.49895833333333334 0.18981481481481483 0.026041666666666668 0.046296296296296294
0 0.5109375 0.1935185185185185 0.026041666666666668 0.046296296296296294
0 0.4322916666666667 0.20185185185185187 0.026041666666666668 0.046296296296296294
0 0.44583333333333336 0.19907407407407407 0.026041666666666668 0.046296296296296294
0 0.4864583333333333 0.2064814814814815 0.026041666666666668 0.046296296296296294
0 0.4192708333333333 0.2101851851851852 0.026041666666666668 0.046296296296296294
0 0.465625 0.2212962962962963 0.026041666666666668 0.046296296296296294
0 0.4296875 0.22870370370370371 0.026041666666666668 0.046296296296296294
0 0.5119791666666667 0.23148148148148148 0.026041666666666668 0.046296296296296294
0 0.49114583333333334 0.24074074074074073 0.026041666666666668 0.046296296296296294
0 0.5119791666666667 0.2388888888888889 0.026041666666666668 0.046296296296296294
0 0.44166666666666665 0.24722222222222223 0.026041666666666668 0.046296296296296294
0 0.46197916666666666 0.24351851851851852 0.026041666666666668 0.046296296296296294
0 0.4708333333333333 0.24444444444444444 0.026041666666666668 0.046296296296296294
0 0.42916666666666664 0.262037037037037 0.026041666666666668 0.046296296296296294
0 0.49583333333333335 0.2601851851851852 0.026041666666666668 0.046296296296296294
0 0.4875 0.2675925925925926 0.026041666666666668 0.046296296296296294
0 0.5072916666666667 0.27037037037037037 0.026041666666666668 0.046296296296296294
0 0.46927083333333336 0.2740740740740741 0.026041666666666668 0.046296296296296294
0 0.5411458333333333 0.27685185185185185 0.026041666666666668 0.046296296296296294
0 0.428125 0.2833333333333333 0.026041666666666668 0.046296296296296294
0 0.4583333333333333 0.28425925925925927 0.026041666666666668 0.046296296296296294
0 0.4822916666666667 0.2861111111111111 0.026041666666666668 0.046296296296296294
0 0.4947916666666667 0.2824074074074074 0.026041666666666668 0.046296296296296294
0 0.5291666666666667 0.2851851851851852 0.026041666666666668 0.046296296296296294
0 0.4171875 0.29074074074074074 0.026041666666666668 0.046296296296296294
0 0.50625 0.29259259259259257 0.026041666666666668 0.046296296296296294
0 0.4791666666666667 0.30277777777777776 0.026041666666666668 0.046296296296296294
0 0.4328125 0.30833333333333335 0.026041666666666668 0.046296296296296294
0 0.4661458333333333 0.31574074074074077 0.026041666666666668 0.046296296296296294
0 0.5026041666666666 0.31574074074074077 0.026041666666666668 0.046296296296296294
0 0.7020833333333333 0.31296296296296294 0.026041666666666668 0.046296296296296294
0 0.4786458333333333 0.325 0.026041666666666668 0.046296296296296294
4 0.44166666666666665 0.33796296296296297 0.026041666666666668 0.046296296296296294
4 0.44895833333333335 0.34074074074074073 0.026041666666666668 0.046296296296296294
4 0.5114583333333333 0.33796296296296297 0.026041666666666668 0.046296296296296294
4 0.4703125 0.3490740740740741 0.026041666666666668 0.046296296296296294
4 0.37552083333333336 0.35462962962962963 0.026041666666666668 0.046296296296296294
4 0.5338541666666666 0.3537037037037037 0.026041666666666668 0.046296296296296294
4 0.4197916666666667 0.3675925925925926 0.026041666666666668 0.046296296296296294
2 0.21979166666666666 0.37777777777777777 0.026041666666666668 0.046296296296296294
4 0.5067708333333333 0.3768518518518518 0.026041666666666668 0.046296296296296294
2 0.1984375 0.3851851851851852 0.026041666666666668 0.046296296296296294
4 0.4703125 0.3851851851851852 0.026041666666666668 0.046296296296296294
4 0.4942708333333333 0.39537037037037037 0.026041666666666668 0.046296296296296294
4 0.6505208333333333 0.39444444444444443 0.026041666666666668 0.046296296296296294
3 0.6708333333333333 0.40185185185185185 0.026041666666666668 0.046296296296296294
2 0.1984375 0.4083333333333333 0.026041666666666668 0.046296296296296294
4 0.5203125 0.40925925925925927 0.026041666666666668 0.046296296296296294
3 0.7041666666666667 0.4064814814814815 0.026041666666666668 0.046296296296296294
4 0.65 0.4148148148148148 0.026041666666666668 0.046296296296296294
2 0.17916666666666667 0.42592592592592593 0.026041666666666668 0.046296296296296294
4 0.4666666666666667 0.42592592592592593 0.026041666666666668 0.046296296296296294
4 0.503125 0.425 0.026041666666666668 0.046296296296296294
4 0.5109375 0.42777777777777776 0.026041666666666668 0.046296296296296294
3 0.6671875 0.425 0.026041666666666668 0.046296296296296294
4 0.5203125 0.43333333333333335 0.026041666666666668 0.046296296296296294
3 0.6734375 0.43425925925925923 0.026041666666666668 0.046296296296296294
4 0.5119791666666667 0.44166666666666665 0.026041666666666668 0.046296296296296294
4 0.6536458333333334 0.44166666666666665 0.026041666666666668 0.046296296296296294
4 0.3828125 0.4462962962962963 0.026041666666666668 0.046296296296296294
4 0.3958333333333333 0.44907407407407407 0.026041666666666668 0.046296296296296294
4 0.5 0.45 0.026041666666666668 0.046296296296296294
4 0.540625 0.45555555555555555 0.026041666666666668 0.046296296296296294
4 0.503125 0.4675925925925926 0.026041666666666668 0.046296296296296294
4 0.39166666666666666 0.475 0.026041666666666668 0.046296296296296294
3 0.6828125 0.47314814814814815 0.026041666666666668 0.046296296296296294
4 0.4625 0.48055555555555557 0.026041666666666668 0.046296296296296294
4 0.65 0.48055555555555557 0.026041666666666668 0.046296296296296294
3 0.6703125 0.48518518518518516 0.026041666666666668 0.046296296296296294
4 0.3859375 0.49166666666666664 0.026041666666666668 0.046296296296296294
4 0.5026041666666666 0.4925925925925926 0.026041666666666668 0.046296296296296294
4 0.6286458333333333 0.4962962962962963 0.026041666666666668 0.046296296296296294
4 0.4140625 0.5092592592592593 0.026041666666666668 0.046296296296296294
4 0.43020833333333336 0.5064814814814815 0.026041666666666668 0.046296296296296294
4 0.5197916666666667 0.5120370370370371 0.026041666666666668 0.046296296296296294
4 0.6161458333333333 0.5074074074074074 0.026041666666666668 0.046296296296296294
4 0.4484375 0.5175925925925926 0.026041666666666668 0.046296296296296294
3 0.7036458333333333 0.5148148148148148 0.026041666666666668 0.046296296296296294
3 0.7125 0.5175925925925926 0.026041666666666668 0.046296296296296294
3 0.7583333333333333 0.5203703703703704 0.026041666666666668 0.046296296296296294
4 0.50625 0.525 0.026041666666666668 0.046296296296296294
3 0.7161458333333334 0.5259259259259259 0.026041666666666668 0.046296296296296294
4 0.5953125 0.5333333333333333 0.026041666666666668 0.046296296296296294
4 0.5197916666666667 0.5407407407407407 0.026041666666666668 0.046296296296296294
4 0.6609375 0.5416666666666666 0.026041666666666668 0.046296296296296294
4 0.38645833333333335 0.5546296296296296 0.026041666666666668 0.046296296296296294
4 0.4083333333333333 0.5527777777777778 0.026041666666666668 0.046296296296296294
3 0.7380208333333333 0.562037037037037 0.026041666666666668 0.046296296296296294
4 0.646875 0.5657407407407408 0.026041666666666668 0.046296296296296294
4 0.4921875 0.5703703703703704 0.026041666666666668 0.046296296296296294
3 0.7619791666666667 0.5787037037037037 0.026041666666666668 0.046296296296296294
4 0.51875 0.5879629629629629 0.026041666666666668 0.046296296296296294
3 0.7338541666666667 0.5861111111111111 0.026041666666666668 0.046296296296296294
4 0.6447916666666667 0.6101851851851852 0.026041666666666668 0.046296296296296294
4 0.5317708333333333 0.6268518518518519 0.026041666666666668 0.046296296296296294
4 0.5755208333333334 0.6342592592592593 0.026041666666666668 0.046296296296296294
2 0.22916666666666666 0.6592592592592592 0.026041666666666668 0.046296296296296294
4 0.5572916666666666 0.6564814814814814 0.026041666666666668 0.046296296296296294
3 0.775 0.6666666666666666 0.026041666666666668 0.046296296296296294
1 0.5635416666666667 0.6731481481481482 0.026041666666666668 0.046296296296296294
1 0.4328125 0.6712962962962963 0.026041666666666668 0.046296296296296294
1 0.5208333333333334 0.6805555555555556 0.026041666666666668 0.046296296296296294
1 0.6708333333333333 0.6916666666666667 0.026041666666666668 0.046296296296296294
1 0.203125 0.6944444444444444 0.026041666666666668 0.046296296296296294
1 0.6880208333333333 0.7 0.026041666666666668 0.046296296296296294
1 0.48333333333333334 0.6981481481481482 0.026041666666666668 0.046296296296296294
1 0.7489583333333333 0.7203703703703703 0.026041666666666668 0.046296296296296294
1 0.7786458333333334 0.7185185185185186 0.026041666666666668 0.046296296296296294
1 0.8802083333333334 0.75 0.026041666666666668 0.046296296296296294
1 0.8276041666666667 0.7555555555555555 0.026041666666666668 0.046296296296296294
1 0.5244791666666667 0.7675925925925926 0.026041666666666668 0.046296296296296294
1 0.9739583333333334 0.7694444444444445 0.026041666666666668 0.046296296296296294
1 0.4453125 0.8083333333333333 0.026041666666666668 0.046296296296296294
1 0.7453125 0.8 0.026041666666666668 0.046296296296296294
1 0.303125 0.8111111111111111 0.026041666666666668 0.046296296296296294
1 0.865625 0.8361111111111111 0.026041666666666668 0.046296296296296294
1 0.15677083333333333 0.8481481481481481 0.026041666666666668 0.046296296296296294
1 0.7901041666666667 0.8398148148148148 0.026041666666666668 0.046296296296296294
1 0.5208333333333334 0.8611111111111112 0.026041666666666668 0.046296296296296294
1 0.4666666666666667 0.8759259259259259 0.026041666666666668 0.046296296296296294
1 0.4265625 0.8925925925925926 0.026041666666666668 0.046296296296296294
1 0.3651041666666667 0.9055555555555556 0.026041666666666668 0.046296296296296294
1 0.8869791666666667 0.9120370370370371 0.026041666666666668 0.046296296296296294
1 0.9692708333333333 0.937962962962963 0.026041666666666668 0.046296296296296294
1 0.9208333333333333 0.9796296296296296 0.026041666666666668 0.046296296296296294
4 0.48125 0.4425925925925926 0.026041666666666668 0.046296296296296294
4 0.6177083333333333 0.5925925925925926 0.026041666666666668 0.046296296296296294
4 0.6104166666666667 0.6111111111111112 0.026041666666666668 0.046296296296296294
4 0.59375 0.6296296296296297 0.026041666666666668 0.046296296296296294
4 0.5770833333333333 0.6666666666666666 0.026041666666666668 0.046296296296296294
1 0.5552083333333333 0.8648148148148148 0.026041666666666668 0.046296296296296294
1 0.19479166666666667 0.8388888888888889 0.026041666666666668 0.046296296296296294
1 0.209375 0.7888888888888889 0.026041666666666668 0.046296296296296294
1 0.22708333333333333 0.6907407407407408 0.026041666666666668 0.046296296296296294
1 0.18229166666666666 0.7166666666666667 0.026041666666666668 0.046296296296296294
2 0.22083333333333333 0.43703703703703706 0.026041666666666668 0.046296296296296294
1 0.8291666666666667 0.8722222222222222 0.026041666666666668 0.046296296296296294
1 0.8291666666666667 0.8333333333333334 0.026041666666666668 0.046296296296296294
0 0.6864583333333333 0.29444444444444445 0.026041666666666668 0.046296296296296294
0 0.49166666666666664 0.12777777777777777 0.026041666666666668 0.046296296296296294
0 0.4822916666666667 0.11296296296296296 0.026041666666666668 0.046296296296296294
3 0.703125 0.5888888888888889 0.026041666666666668 0.046296296296296294
3 0.71875 0.5981481481481481 0.026041666666666668 0.046296296296296294
4 0.38229166666666664 0.6185185185185185 0.026041666666666668 0.046296296296296294
