0 0.4713541666666667 0.09444444444444444 0.026041666666666668 0.046296296296296294
0 0.4864583333333333 0.09814814814814815 0.026041666666666668 0.046296296296296294
0 0.48333333333333334 0.10740740740740741 0.026041666666666668 0.046296296296296294
0 0.4703125 0.1287037037037037 0.026041666666666668 0.046296296296296294
0 0.490625 0.13055555555555556 0.026041666666666668 0.046296296296296294
0 0.44947916666666665 0.13425925925925927 0.026041666666666668 0.046296296296296294
0 0.46197916666666666 0.13703703703703704 0.026041666666666668 0.046296296296296294
0 0.46458333333333335 0.13796296296296295 0.026041666666666668 0.046296296296296294
0 0.440625 0.14444444444444443 0.026041666666666668 0.046296296296296294
0 0.4578125 0.14351851851851852 0.026041666666666668 0.046296296296296294
0 0.47604166666666664 0.1425925925925926 0.026041666666666668 0.046296296296296294
0 0.4822916666666667 0.14351851851851852 0.026041666666666668 0.046296296296296294
0 0.4953125 0.14629629629629629 0.026041666666666668 0.046296296296296294
0 0.43020833333333336 0.15092592592592594 0.026041666666666668 0.046296296296296294
0 0.4666666666666667 0.16203703703703703 0.026041666666666668 0.046296296296296294
0 0.4869791666666667 0.1685185185185185 0.026041666666666668 0.046296296296296294
0 0.49895833333333334 0.16666666666666666 0.026041666666666668 0.046296296296296294
0 0.4348958333333333 0.17314814814814813 0.026041666666666668 0.046296296296296294
0 0.44479166666666664 0.17407407407407408 0.026041666666666668 0.046296296296296294
0 0.4661458333333333 0.17685185185185184 0.026041666666666668 0.046296296296296294
0 0.48854166666666665 0.18518518518518517 0.026041666666666668 0.046296296296296294
0 0.46145833333333336 0.19166666666666668 0.026041666666666668 0.046296296296296294
0 0.475 0.19907407407407407 0.026041666666666668 0.046296296296296294
0 0.5166666666666667 0.20092592592592592 0.026041666666666668 0.046296296296296294
0 0.4864583333333333 0.20833333333333334 0.026041666666666668 0.046296296296296294
0 0.45416666666666666 0.21388888888888888 0.026041666666666668 0.046296296296296294
0 0.49166666666666664 0.23055555555555557 0.026041666666666668 0.046296296296296294
0 0.503125 0.23796296296296296 0.026041666666666668 0.046296296296296294
0 0.4734375 0.24351851851851852 0.026041666666666668 0.046296296296296294
0 0.4859375 0.24537037037037038 0.026041666666666668 0.046296296296296294
0 0.49583333333333335 0.24722222222222223 0.026041666666666668 0.046296296296296294
0 0.5083333333333333 0.2462962962962963 0.026041666666666668 0.046296296296296294
0 0.46197916666666666 0.2490740740740741 0.026041666666666668 0.046296296296296294
0 0.48333333333333334 0.26296296296296295 0.026041666666666668 0.046296296296296294
0 0.4895833333333333 0.262037037037037 0.026041666666666668 0.046296296296296294
0 0.4744791666666667 0.26944444444444443 0.026041666666666668 0.046296296296296294
0 0.5072916666666667 0.2712962962962963 0.026041666666666668 0.046296296296296294
0 0.46041666666666664 0.275 0.026041666666666668 0.046296296296296294
0 0.4953125 0.275 0.026041666666666668 0.046296296296296294
0 0.45416666666666666 0.29259259259259257 0.026041666666666668 0.046296296296296294
0 0.6869791666666667 0.29074074074074074 0.026041666666666668 0.046296296296296294
0 0.4828125 0.30185185185185187 0.026041666666666668 0.046296296296296294
0 0.4171875 0.3074074074074074 0.026041666666666668 0.046296296296296294
0 0.4322916666666667 0.3055555555555556 0.026041666666666668 0.046296296296296294
0 0.44114583333333335 0.30833333333333335 0.026041666666666668 0.046296296296296294
0 0.5026041666666666 0.3055555555555556 0.026041666666666668 0.046296296296296294
0 0.5145833333333333 0.30833333333333335 0.026041666666666668 0.046296296296296294
0 0.42135416666666664 0.3175925925925926 0.026041666666666668 0.046296296296296294
0 0.45260416666666664 0.3175925925925926 0.026041666666666668 0.046296296296296294
0 0.42552083333333335 0.32592592592592595 0.026041666666666668 0.046296296296296294
0 0.5114583333333333 0.32685185185185184 0.026041666666666668 0.046296296296296294
0 0.5276041666666667 0.32407407407407407 0.026041666666666668 0.046296296296296294
0 0.4588541666666667 0.33240740740740743 0.026041666666666668 0.046296296296296294
0 0.521875 0.33055555555555555 0.026041666666666668 0.046296296296296294
4 0.44427083333333334 0.3416666666666667 0.026041666666666668 0.046296296296296294
4 0.4505208333333333 0.3398148148148148 0.026041666666666668 0.046296296296296294
4 0.4953125 0.3388888888888889 0.026041666666666668 0.046296296296296294
4 0.5067708333333333 0.3416666666666667 0.026041666666666668 0.046296296296296294
4 0.45364583333333336 0.35 0.026041666666666668 0.046296296296296294
4 0.478125 0.34814814814814815 0.026041666666666668 0.046296296296296294
4 0.5161458333333333 0.3490740740740741 0.026041666666666668 0.046296296296296294
4 0.3921875 0.3537037037037037 0.026041666666666668 0.046296296296296294
4 0.4041666666666667 0.35462962962962963 0.026041666666666668 0.046296296296296294
4 0.41510416666666666 0.3574074074074074 0.026041666666666668 0.046296296296296294
4 0.44114583333333335 0.35648148148148145 0.026041666666666668 0.046296296296296294
4 0.49947916666666664 0.35648148148148145 0.026041666666666668 0.046296296296296294
4 0.5078125 0.35833333333333334 0.026041666666666668 0.046296296296296294
4 0.37552083333333336 0.3648148148148148 0.026041666666666668 0.046296296296296294
4 0.490625 0.3648148148148148 0.026041666666666668 0.046296296296296294
4 0.38333333333333336 0.3712962962962963 0.026041666666666668 0.046296296296296294
4 0.39947916666666666 0.37222222222222223 0.026041666666666668 0.046296296296296294
4 0.4166666666666667 0.3712962962962963 0.026041666666666668 0.046296296296296294
4 0.44114583333333335 0.3685185185185185 0.026041666666666668 0.046296296296296294
4 0.49947916666666664 0.37037037037037035 0.026041666666666668 0.046296296296296294
4 0.5078125 0.37407407407407406 0.026041666666666668 0.046296296296296294
3 0.6765625 0.36574074074074076 0.026041666666666668 0.046296296296296294
4 0.4354166666666667 0.37962962962962965 0.026041666666666668 0.046296296296296294
4 0.4479166666666667 0.3768518518518518 0.026041666666666668 0.046296296296296294
4 0.4786458333333333 0.37592592592592594 0.026041666666666668 0.046296296296296294
4 0.48541666666666666 0.37777777777777777 0.026041666666666668 0.046296296296296294
4 0.5161458333333333 0.37962962962962965 0.026041666666666668 0.046296296296296294
4 0.6505208333333333 0.37777777777777777 0.026041666666666668 0.046296296296296294
4 0.4322916666666667 0.38981481481481484 0.026041666666666668 0.046296296296296294
4 0.46145833333333336 0.3888888888888889 0.026041666666666668 0.046296296296296294
4 0.49947916666666664 0.38796296296296295 0.026041666666666668 0.046296296296296294
4 0.5208333333333334 0.387037037037037 0.026041666666666668 0.046296296296296294
2 0.18958333333333333 0.39351851851851855 0.026041666666666668 0.046296296296296294
2 0.2078125 0.39166666666666666 0.026041666666666668 0.046296296296296294
3 0.7619791666666667 0.39351851851851855 0.026041666666666668 0.046296296296296294
2 0.2078125 0.3990740740740741 0.026041666666666668 0.046296296296296294
4 0.375 0.4009259259259259 0.026041666666666668 0.046296296296296294
4 0.44583333333333336 0.40370370370370373 0.026041666666666668 0.046296296296296294
4 0.45729166666666665 0.40370370370370373 0.026041666666666668 0.046296296296296294
4 0.3875 0.4111111111111111 0.026041666666666668 0.046296296296296294
4 0.409375 0.4083333333333333 0.026041666666666668 0.046296296296296294
4 0.5197916666666667 0.40925925925925927 0.026041666666666668 0.046296296296296294
2 0.19114583333333332 0.4166666666666667 0.026041666666666668 0.046296296296296294
4 0.4625 0.42314814814814816 0.026041666666666668 0.046296296296296294
4 0.4875 0.42962962962962964 0.026041666666666668 0.046296296296296294
4 0.6536458333333334 0.4398148148148148 0.026041666666666668 0.046296296296296294
3 0.7067708333333333 0.4388888888888889 0.026041666666666668 0.046296296296296294
4 0.6651041666666667 0.44907407407407407 0.026041666666666668 0.046296296296296294
4 0.5026041666666666 0.4648148148148148 0.026041666666666668 0.046296296296296294
4 0.6619791666666667 0.4648148148148148 0.026041666666666668 0.046296296296296294
3 0.6817708333333333 0.4648148148148148 0.026041666666666668 0.046296296296296294
4 0.5125 0.4703703703703704 0.026041666666666668 0.046296296296296294
4 0.5328125 0.4740740740740741 0.026041666666666668 0.046296296296296294
3 0.6875 0.4740740740740741 0.026041666666666668 0.046296296296296294
4 0.6098958333333333 0.4777777777777778 0.026041666666666668 0.046296296296296294
3 0.678125 0.4888888888888889 0.026041666666666668 0.046296296296296294
4 0.403125 0.49444444444444446 0.026041666666666668 0.046296296296296294
4 0.5338541666666666 0.49722222222222223 0.026041666666666668 0.046296296296296294
4 0.6322916666666667 0.49537037037037035 0.026041666666666668 0.046296296296296294
3 0.6859375 0.49444444444444446 0.026041666666666668 0.046296296296296294
4 0.4265625 0.5046296296296297 0.026041666666666668 0.046296296296296294
4 0.5244791666666667 0.5148148148148148 0.026041666666666668 0.046296296296296294
4 0.6333333333333333 0.5101851851851852 0.026041666666666668 0.046296296296296294
3 0.6901041666666666 0.5083333333333333 0.026041666666666668 0.046296296296296294
4 0.6114583333333333 0.5203703703703704 0.026041666666666668 0.046296296296296294
3 0.7489583333333333 0.5148148148148148 0.026041666666666668 0.046296296296296294
3 0.7536458333333333 0.5259259259259259 0.026041666666666668 0.046296296296296294
4 0.6651041666666667 0.5361111111111111 0.026041666666666668 0.046296296296296294
3 0.7208333333333333 0.5351851851851852 0.026041666666666668 0.046296296296296294
4 0.5161458333333333 0.549074074074074 0.026041666666666668 0.046296296296296294
4 0.6114583333333333 0.5481481481481482 0.026041666666666668 0.046296296296296294
4 0.5520833333333334 0.5518518518518518 0.026041666666666668 0.046296296296296294
4 0.58125 0.5555555555555556 0.026041666666666668 0.046296296296296294
4 0.565625 0.5703703703703704 0.026041666666666668 0.046296296296296294
3 0.73125 0.5703703703703704 0.026041666666666668 0.046296296296296294
4 0.6322916666666667 0.575 0.026041666666666668 0.046296296296296294
3 0.7625 0.5824074074074074 0.026041666666666668 0.046296296296296294
2 0.12135416666666667 0.5879629629629629 0.026041666666666668 0.046296296296296294
4 0.43385416666666665 0.5962962962962963 0.026041666666666668 0.046296296296296294
3 0.7369791666666666 0.6268518518518519 0.026041666666666668 0.046296296296296294
3 0.7630208333333334 0.6259259259259259 0.026041666666666668 0.046296296296296294
1 0.775 0.6703703703703704 0.026041666666666668 0.046296296296296294
1 0.1890625 0.6888888888888889 0.026041666666666668 0.046296296296296294
1 0.5114583333333333 0.6925925925925925 0.026041666666666668 0.046296296296296294
1 0.4859375 0.7435185185185185 0.026041666666666668 0.046296296296296294
1 0.884375 0.7435185185185185 0.026041666666666668 0.046296296296296294
1 0.22552083333333334 0.7675925925925926 0.026041666666666668 0.046296296296296294
1 0.17916666666666667 0.8166666666666667 0.026041666666666668 0.046296296296296294
1 0.7578125 0.8435185185185186 0.026041666666666668 0.046296296296296294
1 0.8239583333333333 0.8462962962962963 0.026041666666666668 0.046296296296296294
1 0.975 0.8462962962962963 0.026041666666666668 0.046296296296296294
1 0.9942708333333333 0.8555555555555555 0.026041666666666668 0.046296296296296294
1 0.8317708333333333 0.8675925925925926 0.026041666666666668 0.046296296296296294
1 0.6348958333333333 0.8768518518518519 0.026041666666666668 0.046296296296296294
1 0.8151041666666666 0.9157407407407407 0.026041666666666668 0.046296296296296294
1 0.9609375 0.9472222222222222 0.026041666666666668 0.046296296296296294
1 0.29010416666666666 0.987037037037037 0.026041666666666668 0.046296296296296294
1 0.70625 0.8240740740740741 0.026041666666666668 0.046296296296296294
1 0.6604166666666667 0.7148148148148148 0.026041666666666668 0.046296296296296294
1 0.6489583333333333 0.6796296296296296 0.026041666666666668 0.046296296296296294
3 0.6864583333333333 0.6388888888888888 0.026041666666666668 0.046296296296296294
3 0.7572916666666667 0.5574074074074075 0.026041666666666668 0.046296296296296294
1 0.871875 0.8203703703703704 0.026041666666666668 0.046296296296296294
4 0.4583333333333333 0.5018518518518519 0.026041666666666668 0.046296296296296294
4 0.46458333333333335 0.47962962962962963 0.026041666666666668 0.046296296296296294
