0 0.475 0.09814814814814815 0.026041666666666668 0.046296296296296294
0 0.48020833333333335 0.09722222222222222 0.026041666666666668 0.046296296296296294
0 0.4869791666666667 0.09814814814814815 0.026041666666666668 0.046296296296296294
0 0.48333333333333334 0.12222222222222222 0.026041666666666668 0.046296296296296294
0 0.4901041666666667 0.12222222222222222 0.026041666666666668 0.046296296296296294
0 0.453125 0.125 0.026041666666666668 0.046296296296296294
0 0.46458333333333335 0.12777777777777777 0.026041666666666668 0.046296296296296294
0 0.43802083333333336 0.13796296296296295 0.026041666666666668 0.046296296296296294
0 0.4401041666666667 0.13518518518518519 0.026041666666666668 0.046296296296296294
0 0.46510416666666665 0.13703703703703704 0.026041666666666668 0.046296296296296294
0 0.4744791666666667 0.14629629629629629 0.026041666666666668 0.046296296296296294
0 0.48333333333333334 0.14537037037037037 0.026041666666666668 0.046296296296296294
0 0.43020833333333336 0.15833333333333333 0.026041666666666668 0.046296296296296294
0 0.43697916666666664 0.15925925925925927 0.026041666666666668 0.046296296296296294
0 0.46197916666666666 0.16111111111111112 0.026041666666666668 0.046296296296296294
0 0.4744791666666667 0.16111111111111112 0.026041666666666668 0.046296296296296294
0 0.4546875 0.17592592592592593 0.026041666666666668 0.046296296296296294
0 0.5 0.17407407407407408 0.026041666666666668 0.046296296296296294
0 0.4453125 0.1814814814814815 0.026041666666666668 0.046296296296296294
0 0.4817708333333333 0.18518518518518517 0.026041666666666668 0.046296296296296294
0 0.453125 0.18888888888888888 0.026041666666666668 0.046296296296296294
0 0.47760416666666666 0.1935185185185185 0.026041666666666668 0.046296296296296294
0 0.49114583333333334 0.19166666666666668 0.026041666666666668 0.046296296296296294
0 0.4661458333333333 0.19722222222222222 0.026041666666666668 0.046296296296296294
0 0.4739583333333333 0.20277777777777778 0.026041666666666668 0.046296296296296294
0 0.5020833333333333 0.19907407407407407 0.026041666666666668 0.046296296296296294
0 0.5161458333333333 0.19907407407407407 0.026041666666666668 0.046296296296296294
0 0.503125 0.21296296296296297 0.026041666666666668 0.046296296296296294
0 0.4661458333333333 0.22037037037037038 0.026041666666666668 0.046296296296296294
0 0.4375 0.23796296296296296 0.026041666666666668 0.046296296296296294
0 0.4875 0.2361111111111111 0.026041666666666668 0.046296296296296294
0 0.45 0.26296296296296295 0.026041666666666668 0.046296296296296294
0 0.5072916666666667 0.2712962962962963 0.026041666666666668 0.046296296296296294
0 0.5375 0.2657407407407407 0.026041666666666668 0.046296296296296294
0 0.4869791666666667 0.27870370370370373 0.026041666666666668 0.046296296296296294
0 0.6947916666666667 0.2861111111111111 0.026041666666666668 0.046296296296296294
0 0.4401041666666667 0.29074074074074074 0.026041666666666668 0.046296296296296294
0 0.4578125 0.3 0.026041666666666668 0.046296296296296294
0 0.4859375 0.2972222222222222 0.026041666666666668 0.046296296296296294
0 0.4973958333333333 0.30092592592592593 0.026041666666666668 0.046296296296296294
0 0.428125 0.3175925925925926 0.026041666666666668 0.046296296296296294
0 0.49947916666666664 0.3148148148148148 0.026041666666666668 0.046296296296296294
0 0.5166666666666667 0.3175925925925926 0.026041666666666668 0.046296296296296294
0 0.7020833333333333 0.3148148148148148 0.026041666666666668 0.046296296296296294
0 0.44427083333333334 0.33055555555555555 0.026041666666666668 0.046296296296296294
0 0.4947916666666667 0.33240740740740743 0.026041666666666668 0.046296296296296294
4 0.5109375 0.33611111111111114 0.026041666666666668 0.046296296296296294
4 0.5463541666666667 0.3351851851851852 0.026041666666666668 0.046296296296296294
0 0.6578125 0.33055555555555555 0.026041666666666668 0.046296296296296294
4 0.415625 0.3388888888888889 0.026041666666666668 0.046296296296296294
4 0.4276041666666667 0.3388888888888889 0.026041666666666668 0.046296296296296294
4 0.4505208333333333 0.3472222222222222 0.026041666666666668 0.046296296296296294
4 0.5072916666666667 0.35 0.026041666666666668 0.046296296296296294
4 0.384375 0.35648148148148145 0.026041666666666668 0.046296296296296294
4 0.4078125 0.3592592592592593 0.026041666666666668 0.046296296296296294
4 0.4546875 0.3574074074074074 0.026041666666666668 0.046296296296296294
4 0.4822916666666667 0.35648148148148145 0.026041666666666668 0.046296296296296294
4 0.37864583333333335 0.3638888888888889 0.026041666666666668 0.046296296296296294
4 0.44479166666666664 0.36203703703703705 0.026041666666666668 0.046296296296296294
4 0.4953125 0.362962962962963 0.026041666666666668 0.046296296296296294
4 0.44895833333333335 0.3712962962962963 0.026041666666666668 0.046296296296296294
4 0.5192708333333333 0.37962962962962965 0.026041666666666668 0.046296296296296294
4 0.39947916666666666 0.38796296296296295 0.026041666666666668 0.046296296296296294
4 0.4822916666666667 0.38425925925925924 0.026041666666666668 0.046296296296296294
3 0.6854166666666667 0.3851851851851852 0.026041666666666668 0.046296296296296294
4 0.4203125 0.3962962962962963 0.026041666666666668 0.046296296296296294
4 0.4322916666666667 0.39537037037037037 0.026041666666666668 0.046296296296296294
4 0.5072916666666667 0.39444444444444443 0.026041666666666668 0.046296296296296294
4 0.6541666666666667 0.3925925925925926 0.026041666666666668 0.046296296296296294
2 0.2078125 0.4 0.026041666666666668 0.046296296296296294
4 0.6494791666666667 0.40185185185185185 0.026041666666666668 0.046296296296296294
3 0.6671875 0.4101851851851852 0.026041666666666668 0.046296296296296294
2 0.16927083333333334 0.41759259259259257 0.026041666666666668 0.046296296296296294
2 0.190625 0.4166666666666667 0.026041666666666668 0.046296296296296294
4 0.4869791666666667 0.41944444444444445 0.026041666666666668 0.046296296296296294
4 0.5078125 0.41759259259259257 0.026041666666666668 0.046296296296296294
4 0.6583333333333333 0.41574074074074074 0.026041666666666668 0.046296296296296294
3 0.6692708333333334 0.42685185185185187 0.026041666666666668 0.046296296296296294
4 0.5244791666666667 0.4361111111111111 0.026041666666666668 0.046296296296296294
4 0.4171875 0.44166666666666665 0.026041666666666668 0.046296296296296294
4 0.43333333333333335 0.44166666666666665 0.026041666666666668 0.046296296296296294
4 0.5166666666666667 0.4425925925925926 0.026041666666666668 0.046296296296296294
4 0.6505208333333333 0.4398148148148148 0.026041666666666668 0.046296296296296294
4 0.5078125 0.44814814814814813 0.026041666666666668 0.046296296296296294
4 0.6609375 0.45 0.026041666666666668 0.046296296296296294
3 0.7026041666666667 0.44722222222222224 0.026041666666666668 0.046296296296296294
3 0.6776041666666667 0.4546296296296296 0.026041666666666668 0.046296296296296294
4 0.5171875 0.4666666666666667 0.026041666666666668 0.046296296296296294
4 0.41302083333333334 0.46944444444444444 0.026041666666666668 0.046296296296296294
4 0.653125 0.4722222222222222 0.026041666666666668 0.046296296296296294
3 0.6880208333333333 0.47129629629629627 0.026041666666666668 0.046296296296296294
4 0.515625 0.48148148148148145 0.026041666666666668 0.046296296296296294
4 0.6291666666666667 0.47962962962962963 0.026041666666666668 0.046296296296296294
4 0.49947916666666664 0.4888888888888889 0.026041666666666668 0.046296296296296294
3 0.6786458333333333 0.49074074074074076 0.026041666666666668 0.046296296296296294
4 0.42083333333333334 0.49444444444444446 0.026041666666666668 0.046296296296296294
3 0.6734375 0.49722222222222223 0.026041666666666668 0.046296296296296294
4 0.6161458333333333 0.5018518518518519 0.026041666666666668 0.046296296296296294
3 0.6953125 0.5046296296296297 0.026041666666666668 0.046296296296296294
4 0.5078125 0.5157407407407407 0.026041666666666668 0.046296296296296294
4 0.5203125 0.5166666666666667 0.026041666666666668 0.046296296296296294
4 0.6046875 0.5203703703703704 0.026041666666666668 0.046296296296296294
3 0.6901041666666666 0.5203703703703704 0.026041666666666668 0.046296296296296294
4 0.6234375 0.525 0.026041666666666668 0.046296296296296294
4 0.6661458333333333 0.5277777777777778 0.026041666666666668 0.046296296296296294
3 0.6822916666666666 0.5296296296296297 0.026041666666666668 0.046296296296296294
4 0.5244791666666667 0.5435185185185185 0.026041666666666668 0.046296296296296294
4 0.6286458333333333 0.5435185185185185 0.026041666666666668 0.046296296296296294
3 0.7197916666666667 0.5398148148148149 0.026041666666666668 0.046296296296296294
4 0.4328125 0.5435185185185185 0.026041666666666668 0.046296296296296294
4 0.6666666666666666 0.5509259259259259 0.026041666666666668 0.046296296296296294
4 0.5135416666666667 0.5555555555555556 0.026041666666666668 0.046296296296296294
3 0.6828125 0.5601851851851852 0.026041666666666668 0.046296296296296294
4 0.5213541666666667 0.5685185185185185 0.026041666666666668 0.046296296296296294
4 0.6192708333333333 0.5675925925925925 0.026041666666666668 0.046296296296296294
4 0.6083333333333333 0.5805555555555556 0.026041666666666668 0.046296296296296294
4 0.6609375 0.5768518518518518 0.026041666666666668 0.046296296296296294
4 0.6322916666666667 0.5879629629629629 0.026041666666666668 0.046296296296296294
4 0.5125 0.5962962962962963 0.026041666666666668 0.046296296296296294
4 0.6541666666666667 0.6138888888888889 0.026041666666666668 0.046296296296296294
3 0.7921875 0.6212962962962963 0.026041666666666668 0.046296296296296294
4 0.5375 0.625 0.026041666666666668 0.046296296296296294
3 0.7484375 0.6361111111111111 0.026041666666666668 0.046296296296296294
4 0.5838541666666667 0.6416666666666667 0.026041666666666668 0.046296296296296294
4 0.4890625 0.6527777777777778 0.026041666666666668 0.046296296296296294
4 0.5838541666666667 0.6564814814814814 0.026041666666666668 0.046296296296296294
1 0.22916666666666666 0.6796296296296296 0.026041666666666668 0.046296296296296294
1 0.46822916666666664 0.6935185185185185 0.026041666666666668 0.046296296296296294
1 0.459375 0.7111111111111111 0.026041666666666668 0.046296296296296294
1 0.7286458333333333 0.7129629629629629 0.026041666666666668 0.046296296296296294
1 0.17395833333333333 0.725 0.026041666666666668 0.046296296296296294
1 0.6807291666666667 0.725 0.026041666666666668 0.046296296296296294
1 0.6052083333333333 0.7351851851851852 0.026041666666666668 0.046296296296296294
1 0.8864583333333333 0.7509259259259259 0.026041666666666668 0.046296296296296294
1 0.8317708333333333 0.7611111111111111 0.026041666666666668 0.046296296296296294
1 0.5640625 0.7712962962962963 0.026041666666666668 0.046296296296296294
1 0.65 0.7851851851851852 0.026041666666666668 0.046296296296296294
1 0.08020833333333334 0.8694444444444445 0.026041666666666668 0.046296296296296294
1 0.18020833333333333 0.8842592592592593 0.026041666666666668 0.046296296296296294
1 0.6713541666666667 0.8916666666666667 0.026041666666666668 0.046296296296296294
1 0.13177083333333334 0.899074074074074 0.026041666666666668 0.046296296296296294
1 0.471875 0.9018518518518519 0.026041666666666668 0.046296296296296294
1 0.5666666666666667 0.899074074074074 0.026041666666666668 0.046296296296296294
1 0.4395833333333333 0.8953703703703704 0.026041666666666668 0.046296296296296294
1 0.04739583333333333 0.9101851851851852 0.026041666666666668 0.046296296296296294
1 0.271875 0.9166666666666666 0.026041666666666668 0.046296296296296294
1 0.246875 0.9259259259259259 0.026041666666666668 0.046296296296296294
1 0.9734375 0.95 0.026041666666666668 0.046296296296296294
1 0.1359375 0.9564814814814815 0.026041666666666668 0.046296296296296294
1 0.275 0.9703703703703703 0.026041666666666668 0.046296296296296294
1 0.10677083333333333 0.9879629629629629 0.026041666666666668 0.046296296296296294
1 0.16458333333333333 0.7759259259259259 0.026041666666666668 0.046296296296296294
1 0.715625 0.8925925925925926 0.026041666666666668 0.046296296296296294
1 0.8135416666666667 0.9296296296296296 0.026041666666666668 0.046296296296296294
1 0.8625 0.9333333333333333 0.026041666666666668 0.046296296296296294
1 0.8625 0.8962962962962963 0.026041666666666668 0.046296296296296294
1 0.8322916666666667 0.8703703703703703 0.026041666666666668 0.046296296296296294
1 0.825 0.8462962962962963 0.026041666666666668 0.046296296296296294
1 0.8791666666666667 0.8333333333333334 0.026041666666666668 0.046296296296296294
1 0.90625 0.8 0.026041666666666668 0.046296296296296294
3 0.7385416666666667 0.5555555555555556 0.026041666666666668 0.046296296296296294
3 0.7541666666666667 0.562962962962963 0.026041666666666668 0.046296296296296294
3 0.76875 0.5592592592592592 0.026041666666666668 0.046296296296296294
3 0.765625 0.5833333333333334 0.026041666666666668 0.046296296296296294
4 0.6125 0.6407407407407407 0.026041666666666668 0.046296296296296294
4 0.4125 0.6481481481481481 0.026041666666666668 0.046296296296296294
1 0.4083333333333333 0.7 0.026041666666666668 0.046296296296296294
1 0.3802083333333333 0.6833333333333333 0.026041666666666668 0.046296296296296294
4 0.378125 0.6222222222222222 0.026041666666666668 0.046296296296296294
4 0.41041666666666665 0.6 0.026041666666666668 0.046296296296296294
4 0.3802083333333333 0.40925925925925927 0.026041666666666668 0.046296296296296294
4 0.3958333333333333 0.4111111111111111 0.026041666666666668 0.046296296296296294
2 0.221875 0.4166666666666667 0.026041666666666668 0.046296296296296294
