0 0.4703125 0.09537037037037037 0.026041666666666668 0.046296296296296294
0 0.475 0.09814814814814815 0.026041666666666668 0.046296296296296294
0 0.48385416666666664 0.10555555555555556 0.026041666666666668 0.046296296296296294
0 0.4875 0.10555555555555556 0.026041666666666668 0.046296296296296294
0 0.4703125 0.11296296296296296 0.026041666666666668 0.046296296296296294
0 0.490625 0.12222222222222222 0.026041666666666668 0.046296296296296294
0 0.45989583333333334 0.1259259259259259 0.026041666666666668 0.046296296296296294
0 0.4703125 0.12962962962962962 0.026041666666666668 0.046296296296296294
0 0.4895833333333333 0.1287037037037037 0.026041666666666668 0.046296296296296294
0 0.44166666666666665 0.13240740740740742 0.026041666666666668 0.046296296296296294
0 0.4505208333333333 0.13425925925925927 0.026041666666666668 0.046296296296296294
0 0.4828125 0.13425925925925927 0.026041666666666668 0.046296296296296294
0 0.496875 0.1425925925925926 0.026041666666666668 0.046296296296296294
0 0.4661458333333333 0.15185185185185185 0.026041666666666668 0.046296296296296294
0 0.478125 0.1527777777777778 0.026041666666666668 0.046296296296296294
0 0.49114583333333334 0.1537037037037037 0.026041666666666668 0.046296296296296294
0 0.465625 0.1574074074074074 0.026041666666666668 0.046296296296296294
0 0.496875 0.175 0.026041666666666668 0.046296296296296294
0 0.5072916666666667 0.175 0.026041666666666668 0.046296296296296294
0 0.5119791666666667 0.2 0.026041666666666668 0.046296296296296294
0 0.48541666666666666 0.20555555555555555 0.026041666666666668 0.046296296296296294
0 0.4578125 0.2222222222222222 0.026041666666666668 0.046296296296296294
0 0.49166666666666664 0.22037037037037038 0.026041666666666668 0.046296296296296294
0 0.46875 0.22777777777777777 0.026041666666666668 0.046296296296296294
0 0.4203125 0.23703703703703705 0.026041666666666668 0.046296296296296294
0 0.4921875 0.2361111111111111 0.026041666666666668 0.046296296296296294
0 0.4734375 0.24259259259259258 0.026041666666666668 0.046296296296296294
0 0.4953125 0.24814814814814815 0.026041666666666668 0.046296296296296294
0 0.490625 0.25833333333333336 0.026041666666666668 0.046296296296296294
0 0.503125 0.262037037037037 0.026041666666666668 0.046296296296296294
0 0.7020833333333333 0.2601851851851852 0.026041666666666668 0.046296296296296294
0 0.4947916666666667 0.26851851851851855 0.026041666666666668 0.046296296296296294
0 0.546875 0.26666666666666666 0.026041666666666668 0.046296296296296294
0 0.440625 0.2759259259259259 0.026041666666666668 0.046296296296296294
0 0.49895833333333334 0.2777777777777778 0.026041666666666668 0.046296296296296294
0 0.503125 0.2759259259259259 0.026041666666666668 0.046296296296296294
0 0.4953125 0.2861111111111111 0.026041666666666668 0.046296296296296294
0 0.5104166666666666 0.2851851851851852 0.026041666666666668 0.046296296296296294
0 0.5286458333333334 0.28425925925925927 0.026041666666666668 0.046296296296296294
0 0.5395833333333333 0.2851851851851852 0.026041666666666668 0.046296296296296294
0 0.5 0.30092592592592593 0.026041666666666668 0.046296296296296294
0 0.515625 0.30092592592592593 0.026041666666666668 0.046296296296296294
0 0.4197916666666667 0.30925925925925923 0.026041666666666668 0.046296296296296294
0 0.44114583333333335 0.30648148148148147 0.026041666666666668 0.046296296296296294
0 0.4583333333333333 0.30925925925925923 0.026041666666666668 0.046296296296296294
0 0.4203125 0.325 0.026041666666666668 0.046296296296296294
0 0.453125 0.3287037037037037 0.026041666666666668 0.046296296296296294
0 0.5119791666666667 0.32592592592592595 0.026041666666666668 0.046296296296296294
0 0.6953125 0.32222222222222224 0.026041666666666668 0.046296296296296294
0 0.4401041666666667 0.3314814814814815 0.026041666666666668 0.046296296296296294
0 0.4625 0.3314814814814815 0.026041666666666668 0.046296296296296294
0 0.478125 0.3296296296296296 0.026041666666666668 0.046296296296296294
0 0.503125 0.3314814814814815 0.026041666666666668 0.046296296296296294
4 0.4984375 0.3416666666666667 0.026041666666666668 0.046296296296296294
4 0.65625 0.3398148148148148 0.026041666666666668 0.046296296296296294
4 0.4114583333333333 0.3472222222222222 0.026041666666666668 0.046296296296296294
4 0.5119791666666667 0.34814814814814815 0.026041666666666668 0.046296296296296294
4 0.3921875 0.35462962962962963 0.026041666666666668 0.046296296296296294
4 0.403125 0.3638888888888889 0.026041666666666668 0.046296296296296294
4 0.42083333333333334 0.3638888888888889 0.026041666666666668 0.046296296296296294
4 0.6541666666666667 0.3685185185185185 0.026041666666666668 0.046296296296296294
4 0.37916666666666665 0.37037037037037035 0.026041666666666668 0.046296296296296294
4 0.39114583333333336 0.37037037037037035 0.026041666666666668 0.046296296296296294
4 0.5125 0.37037037037037035 0.026041666666666668 0.046296296296296294
2 0.16614583333333333 0.37962962962962965 0.026041666666666668 0.046296296296296294
4 0.3963541666666667 0.38055555555555554 0.026041666666666668 0.046296296296296294
4 0.40208333333333335 0.37592592592592594 0.026041666666666668 0.046296296296296294
4 0.4161458333333333 0.37962962962962965 0.026041666666666668 0.046296296296296294
4 0.4239583333333333 0.38055555555555554 0.026041666666666668 0.046296296296296294
4 0.3880208333333333 0.3888888888888889 0.026041666666666668 0.046296296296296294
4 0.3984375 0.38981481481481484 0.026041666666666668 0.046296296296296294
4 0.4083333333333333 0.39351851851851855 0.026041666666666668 0.046296296296296294
2 0.17395833333333333 0.40185185185185185 0.026041666666666668 0.046296296296296294
4 0.4203125 0.40185185185185185 0.026041666666666668 0.046296296296296294
4 0.42864583333333334 0.3990740740740741 0.026041666666666668 0.046296296296296294
4 0.515625 0.40370370370370373 0.026041666666666668 0.046296296296296294
2 0.18645833333333334 0.4101851851851852 0.026041666666666668 0.046296296296296294
2 0.2109375 0.4064814814814815 0.026041666666666668 0.046296296296296294
4 0.3927083333333333 0.40925925925925927 0.026041666666666668 0.046296296296296294
4 0.39895833333333336 0.4111111111111111 0.026041666666666668 0.046296296296296294
4 0.4484375 0.4111111111111111 0.026041666666666668 0.046296296296296294
4 0.378125 0.425 0.026041666666666668 0.046296296296296294
4 0.39114583333333336 0.4361111111111111 0.026041666666666668 0.046296296296296294
4 0.41510416666666666 0.4351851851851852 0.026041666666666668 0.046296296296296294
3 0.6697916666666667 0.4324074074074074 0.026041666666666668 0.046296296296296294
4 0.39895833333333336 0.44074074074074077 0.026041666666666668 0.046296296296296294
4 0.5072916666666667 0.44166666666666665 0.026041666666666668 0.046296296296296294
3 0.7067708333333333 0.4388888888888889 0.026041666666666668 0.046296296296296294
4 0.39114583333333336 0.45 0.026041666666666668 0.046296296296296294
4 0.37916666666666665 0.45555555555555555 0.026041666666666668 0.046296296296296294
4 0.4041666666666667 0.45555555555555555 0.026041666666666668 0.046296296296296294
4 0.5166666666666667 0.4564814814814815 0.026041666666666668 0.046296296296296294
4 0.6645833333333333 0.4564814814814815 0.026041666666666668 0.046296296296296294
3 0.6776041666666667 0.4546296296296296 0.026041666666666668 0.046296296296296294
4 0.37916666666666665 0.4648148148148148 0.026041666666666668 0.046296296296296294
4 0.3859375 0.4666666666666667 0.026041666666666668 0.046296296296296294
4 0.41041666666666665 0.4648148148148148 0.026041666666666668 0.046296296296296294
3 0.7197916666666667 0.4648148148148148 0.026041666666666668 0.046296296296296294
4 0.49583333333333335 0.4685185185185185 0.026041666666666668 0.046296296296296294
3 0.6901041666666666 0.4722222222222222 0.026041666666666668 0.046296296296296294
4 0.6197916666666666 0.47685185185185186 0.026041666666666668 0.046296296296296294
4 0.38697916666666665 0.487962962962963 0.026041666666666668 0.046296296296296294
4 0.453125 0.48703703703703705 0.026041666666666668 0.046296296296296294
4 0.5041666666666667 0.487962962962963 0.026041666666666668 0.046296296296296294
4 0.5328125 0.487962962962963 0.026041666666666668 0.046296296296296294
4 0.6005208333333333 0.48703703703703705 0.026041666666666668 0.046296296296296294
3 0.6791666666666667 0.48518518518518516 0.026041666666666668 0.046296296296296294
4 0.4666666666666667 0.4898148148148148 0.026041666666666668 0.046296296296296294
4 0.6171875 0.49537037037037035 0.026041666666666668 0.046296296296296294
4 0.39895833333333336 0.5046296296296297 0.026041666666666668 0.046296296296296294
4 0.521875 0.5027777777777778 0.026041666666666668 0.046296296296296294
4 0.528125 0.5055555555555555 0.026041666666666668 0.046296296296296294
4 0.6046875 0.5037037037037037 0.026041666666666668 0.046296296296296294
4 0.628125 0.5027777777777778 0.026041666666666668 0.046296296296296294
3 0.7 0.5037037037037037 0.026041666666666668 0.046296296296296294
4 0.3885416666666667 0.512962962962963 0.026041666666666668 0.046296296296296294
4 0.41041666666666665 0.5101851851851852 0.026041666666666668 0.046296296296296294
3 0.6911458333333333 0.5111111111111111 0.026041666666666668 0.046296296296296294
4 0.6239583333333333 0.5194444444444445 0.026041666666666668 0.046296296296296294
4 0.525 0.5296296296296297 0.026041666666666668 0.046296296296296294
4 0.6640625 0.524074074074074 0.026041666666666668 0.046296296296296294
3 0.7197916666666667 0.525 0.026041666666666668 0.046296296296296294
4 0.40625 0.5361111111111111 0.026041666666666668 0.046296296296296294
4 0.4828125 0.5398148148148149 0.026041666666666668 0.046296296296296294
4 0.5859375 0.5407407407407407 0.026041666666666668 0.046296296296296294
4 0.38177083333333334 0.5527777777777778 0.026041666666666668 0.046296296296296294
4 0.5442708333333334 0.55 0.026041666666666668 0.046296296296296294
4 0.6255208333333333 0.5472222222222223 0.026041666666666668 0.046296296296296294
4 0.4083333333333333 0.5592592592592592 0.026041666666666668 0.046296296296296294
4 0.5661458333333333 0.5564814814814815 0.026041666666666668 0.046296296296296294
4 0.6166666666666667 0.5703703703703704 0.026041666666666668 0.046296296296296294
4 0.4473958333333333 0.5824074074074074 0.026041666666666668 0.046296296296296294
4 0.48385416666666664 0.5842592592592593 0.026041666666666668 0.046296296296296294
3 0.771875 0.5898148148148148 0.026041666666666668 0.046296296296296294
4 0.5614583333333333 0.6055555555555555 0.026041666666666668 0.046296296296296294
4 0.5109375 0.6240740740740741 0.026041666666666668 0.046296296296296294
4 0.6046875 0.6305555555555555 0.026041666666666668 0.046296296296296294
3 0.7619791666666667 0.6277777777777778 0.026041666666666668 0.046296296296296294
4 0.44166666666666665 0.6425925925925926 0.026041666666666668 0.046296296296296294
4 0.5989583333333334 0.6407407407407407 0.026041666666666668 0.046296296296296294
3 0.7411458333333333 0.6444444444444445 0.026041666666666668 0.046296296296296294
3 0.7161458333333334 0.6481481481481481 0.026041666666666668 0.046296296296296294
4 0.55625 0.6648148148148149 0.026041666666666668 0.046296296296296294
1 0.5328125 0.674074074074074 0.026041666666666668 0.046296296296296294
1 0.7640625 0.674074074074074 0.026041666666666668 0.046296296296296294
1 0.675 0.675 0.026041666666666668 0.046296296296296294
1 0.5822916666666667 0.6916666666666667 0.026041666666666668 0.046296296296296294
1 0.584375 0.7027777777777777 0.026041666666666668 0.046296296296296294
1 0.596875 0.7046296296296296 0.026041666666666668 0.046296296296296294
1 0.4046875 0.7388888888888889 0.026041666666666668 0.046296296296296294
1 0.88125 0.7425925925925926 0.026041666666666668 0.046296296296296294
1 0.6703125 0.7648148148148148 0.026041666666666668 0.046296296296296294
1 0.8192708333333333 0.8305555555555556 0.026041666666666668 0.046296296296296294
1 0.6442708333333333 0.8388888888888889 0.026041666666666668 0.046296296296296294
1 0.975 0.8462962962962963 0.026041666666666668 0.046296296296296294
1 0.9947916666666666 0.8490740740740741 0.026041666666666668 0.046296296296296294
1 0.7510416666666667 0.8805555555555555 0.026041666666666668 0.046296296296296294
1 0.196875 0.9055555555555556 0.026041666666666668 0.046296296296296294
1 0.9703125 0.9361111111111111 0.026041666666666668 0.046296296296296294
1 0.019270833333333334 0.9425925925925925 0.026041666666666668 0.046296296296296294
1 0.6479166666666667 0.8962962962962963 0.026041666666666668 0.046296296296296294
1 0.9020833333333333 0.7888888888888889 0.026041666666666668 0.046296296296296294
1 0.821875 0.9259259259259259 0.026041666666666668 0.046296296296296294
3 0.7572916666666667 0.5203703703703704 0.026041666666666668 0.046296296296296294
4 0.5427083333333333 0.3648148148148148 0.026041666666666668 0.046296296296296294
3 0.6864583333333333 0.5722222222222222 0.026041666666666668 0.046296296296296294
3 0.7302083333333333 0.5833333333333334 0.026041666666666668 0.046296296296296294
2 0.17708333333333334 0.44814814814814813 0.026041666666666668 0.046296296296296294
