0 0.4713541666666667 0.09537037037037037 0.026041666666666668 0.046296296296296294
0 0.4786458333333333 0.09814814814814815 0.026041666666666668 0.046296296296296294
0 0.4869791666666667 0.09814814814814815 0.026041666666666668 0.046296296296296294
0 0.46979166666666666 0.11388888888888889 0.026041666666666668 0.046296296296296294
0 0.4713541666666667 0.11851851851851852 0.026041666666666668 0.046296296296296294
0 0.4828125 0.12129629629629629 0.026041666666666668 0.046296296296296294
0 0.49114583333333334 0.12314814814814815 0.026041666666666668 0.046296296296296294
0 0.459375 0.1259259259259259 0.026041666666666668 0.046296296296296294
0 0.475 0.1287037037037037 0.026041666666666668 0.046296296296296294
0 0.4375 0.13518518518518519 0.026041666666666668 0.046296296296296294
0 0.4421875 0.13333333333333333 0.026041666666666668 0.046296296296296294
0 0.453125 0.1361111111111111 0.026041666666666668 0.046296296296296294
0 0.46145833333333336 0.13703703703703704 0.026041666666666668 0.046296296296296294
0 0.484375 0.1361111111111111 0.026041666666666668 0.046296296296296294
0 0.4869791666666667 0.1398148148148148 0.026041666666666668 0.046296296296296294
0 0.4739583333333333 0.14537037037037037 0.026041666666666668 0.046296296296296294
0 0.48385416666666664 0.1537037037037037 0.026041666666666668 0.046296296296296294
0 0.46197916666666666 0.15925925925925927 0.026041666666666668 0.046296296296296294
0 0.4901041666666667 0.16018518518518518 0.026041666666666668 0.046296296296296294
0 0.4666666666666667 0.16944444444444445 0.026041666666666668 0.046296296296296294
0 0.5036458333333333 0.1685185185185185 0.026041666666666668 0.046296296296296294
0 0.4744791666666667 0.17777777777777778 0.026041666666666668 0.046296296296296294
0 0.4864583333333333 0.17777777777777778 0.026041666666666668 0.046296296296296294
0 0.5005208333333333 0.17592592592592593 0.026041666666666668 0.046296296296296294
0 0.5135416666666667 0.17592592592592593 0.026041666666666668 0.046296296296296294
0 0.4828125 0.18518518518518517 0.026041666666666668 0.046296296296296294
0 0.5083333333333333 0.2 0.026041666666666668 0.046296296296296294
0 0.44947916666666665 0.21296296296296297 0.026041666666666668 0.046296296296296294
0 0.4609375 0.2222222222222222 0.026041666666666668 0.046296296296296294
0 0.4973958333333333 0.24166666666666667 0.026041666666666668 0.046296296296296294
0 0.428125 0.2462962962962963 0.026041666666666668 0.046296296296296294
0 0.45 0.2462962962962963 0.026041666666666668 0.046296296296296294
0 0.4791666666666667 0.24259259259259258 0.026041666666666668 0.046296296296296294
0 0.49114583333333334 0.24444444444444444 0.026041666666666668 0.046296296296296294
0 0.46197916666666666 0.262037037037037 0.026041666666666668 0.046296296296296294
0 0.43333333333333335 0.26666666666666666 0.026041666666666668 0.046296296296296294
0 0.4390625 0.27037037037037037 0.026041666666666668 0.046296296296296294
0 0.46979166666666666 0.2861111111111111 0.026041666666666668 0.046296296296296294
0 0.5072916666666667 0.2851851851851852 0.026041666666666668 0.046296296296296294
0 0.6958333333333333 0.2851851851851852 0.026041666666666668 0.046296296296296294
0 0.46979166666666666 0.2916666666666667 0.026041666666666668 0.046296296296296294
0 0.5 0.2935185185185185 0.026041666666666668 0.046296296296296294
0 0.440625 0.30185185185185187 0.026041666666666668 0.046296296296296294
0 0.4875 0.29907407407407405 0.026041666666666668 0.046296296296296294
0 0.49375 0.30185185185185187 0.026041666666666668 0.046296296296296294
0 0.428125 0.3074074074074074 0.026041666666666668 0.046296296296296294
0 0.6984375 0.30833333333333335 0.026041666666666668 0.046296296296296294
0 0.5072916666666667 0.31666666666666665 0.026041666666666668 0.046296296296296294
0 0.7083333333333334 0.31574074074074077 0.026041666666666668 0.046296296296296294
0 0.5161458333333333 0.325 0.026041666666666668 0.046296296296296294
4 0.42291666666666666 0.3333333333333333 0.026041666666666668 0.046296296296296294
4 0.44375 0.3333333333333333 0.026041666666666668 0.046296296296296294
4 0.4328125 0.33796296296296297 0.026041666666666668 0.046296296296296294
4 0.45260416666666664 0.3398148148148148 0.026041666666666668 0.046296296296296294
4 0.39479166666666665 0.34629629629629627 0.026041666666666668 0.046296296296296294
4 0.44479166666666664 0.3472222222222222 0.026041666666666668 0.046296296296296294
4 0.5072916666666667 0.3490740740740741 0.026041666666666668 0.046296296296296294
4 0.37864583333333335 0.35462962962962963 0.026041666666666668 0.046296296296296294
4 0.65 0.3537037037037037 0.026041666666666668 0.046296296296296294
4 0.4078125 0.36944444444444446 0.026041666666666668 0.046296296296296294
4 0.46458333333333335 0.36666666666666664 0.026041666666666668 0.046296296296296294
4 0.5078125 0.36666666666666664 0.026041666666666668 0.046296296296296294
4 0.6494791666666667 0.36944444444444446 0.026041666666666668 0.046296296296296294
4 0.5161458333333333 0.38796296296296295 0.026041666666666668 0.046296296296296294
4 0.43697916666666664 0.3925925925925926 0.026041666666666668 0.046296296296296294
4 0.49375 0.39166666666666666 0.026041666666666668 0.046296296296296294
2 0.21614583333333334 0.40185185185185185 0.026041666666666668 0.046296296296296294
4 0.4859375 0.4101851851851852 0.026041666666666668 0.046296296296296294
4 0.5078125 0.41203703703703703 0.026041666666666668 0.046296296296296294
4 0.6583333333333333 0.412962962962963 0.026041666666666668 0.046296296296296294
2 0.19947916666666668 0.41759259259259257 0.026041666666666668 0.046296296296296294
4 0.65 0.42407407407407405 0.026041666666666668 0.046296296296296294
3 0.678125 0.42407407407407405 0.026041666666666668 0.046296296296296294
3 0.69375 0.4305555555555556 0.026041666666666668 0.046296296296296294
4 0.5276041666666667 0.44166666666666665 0.026041666666666668 0.046296296296296294
4 0.6536458333333334 0.44351851851851853 0.026041666666666668 0.046296296296296294
4 0.6614583333333334 0.4425925925925926 0.026041666666666668 0.046296296296296294
4 0.5088541666666667 0.44814814814814813 0.026041666666666668 0.046296296296296294
4 0.5213541666666667 0.4527777777777778 0.026041666666666668 0.046296296296296294
3 0.66875 0.45092592592592595 0.026041666666666668 0.046296296296296294
3 0.6833333333333333 0.44907407407407407 0.026041666666666668 0.046296296296296294
3 0.7 0.44537037037037036 0.026041666666666668 0.046296296296296294
3 0.7109375 0.44814814814814813 0.026041666666666668 0.046296296296296294
4 0.653125 0.4583333333333333 0.026041666666666668 0.046296296296296294
4 0.4161458333333333 0.4666666666666667 0.026041666666666668 0.046296296296296294
4 0.5401041666666667 0.46574074074074073 0.026041666666666668 0.046296296296296294
4 0.6536458333333334 0.4648148148148148 0.026041666666666668 0.046296296296296294
4 0.5208333333333334 0.4722222222222222 0.026041666666666668 0.046296296296296294
3 0.6869791666666667 0.4740740740740741 0.026041666666666668 0.046296296296296294
4 0.5 0.47962962962962963 0.026041666666666668 0.046296296296296294
4 0.5208333333333334 0.4962962962962963 0.026041666666666668 0.046296296296296294
4 0.5869791666666667 0.49722222222222223 0.026041666666666668 0.046296296296296294
3 0.6744791666666666 0.4962962962962963 0.026041666666666668 0.046296296296296294
4 0.6083333333333333 0.5064814814814815 0.026041666666666668 0.046296296296296294
4 0.6114583333333333 0.5037037037037037 0.026041666666666668 0.046296296296296294
3 0.6859375 0.5009259259259259 0.026041666666666668 0.046296296296296294
4 0.5046875 0.5194444444444445 0.026041666666666668 0.046296296296296294
4 0.5203125 0.5194444444444445 0.026041666666666668 0.046296296296296294
3 0.703125 0.5148148148148148 0.026041666666666668 0.046296296296296294
4 0.6239583333333333 0.5259259259259259 0.026041666666666668 0.046296296296296294
3 0.7197916666666667 0.5361111111111111 0.026041666666666668 0.046296296296296294
4 0.5213541666666667 0.5444444444444444 0.026041666666666668 0.046296296296296294
4 0.6083333333333333 0.5416666666666666 0.026041666666666668 0.046296296296296294
3 0.6744791666666666 0.5527777777777778 0.026041666666666668 0.046296296296296294
3 0.7375 0.5583333333333333 0.026041666666666668 0.046296296296296294
4 0.5197916666666667 0.5648148148148148 0.026041666666666668 0.046296296296296294
3 0.7578125 0.5638888888888889 0.026041666666666668 0.046296296296296294
3 0.7166666666666667 0.575 0.026041666666666668 0.046296296296296294
4 0.46770833333333334 0.5796296296296296 0.026041666666666668 0.046296296296296294
4 0.6609375 0.5796296296296296 0.026041666666666668 0.046296296296296294
3 0.7625 0.5824074074074074 0.026041666666666668 0.046296296296296294
3 0.7697916666666667 0.5833333333333334 0.026041666666666668 0.046296296296296294
4 0.5130208333333334 0.5879629629629629 0.026041666666666668 0.046296296296296294
4 0.4119791666666667 0.5972222222222222 0.026041666666666668 0.046296296296296294
4 0.4515625 0.6064814814814815 0.026041666666666668 0.046296296296296294
4 0.6572916666666667 0.6175925925925926 0.026041666666666668 0.046296296296296294
3 0.7541666666666667 0.6185185185185185 0.026041666666666668 0.046296296296296294
4 0.40208333333333335 0.6268518518518519 0.026041666666666668 0.046296296296296294
3 0.7255208333333333 0.6333333333333333 0.026041666666666668 0.046296296296296294
1 0.8994791666666667 0.7444444444444445 0.026041666666666668 0.046296296296296294
1 0.884375 0.7537037037037037 0.026041666666666668 0.046296296296296294
1 0.6473958333333333 0.7527777777777778 0.026041666666666668 0.046296296296296294
1 0.8302083333333333 0.7638888888888888 0.026041666666666668 0.046296296296296294
1 0.7296875 0.7981481481481482 0.026041666666666668 0.046296296296296294
1 0.1921875 0.799074074074074 0.026041666666666668 0.046296296296296294
1 0.6505208333333333 0.8166666666666667 0.026041666666666668 0.046296296296296294
1 0.15364583333333334 0.8287037037037037 0.026041666666666668 0.046296296296296294
1 0.8744791666666667 0.8342592592592593 0.026041666666666668 0.046296296296296294
1 0.8234375 0.8472222222222222 0.026041666666666668 0.046296296296296294
1 0.584375 0.85 0.026041666666666668 0.046296296296296294
1 0.13697916666666668 0.8851851851851852 0.026041666666666668 0.046296296296296294
1 0.4 0.8833333333333333 0.026041666666666668 0.046296296296296294
1 0.4359375 0.8916666666666667 0.026041666666666668 0.046296296296296294
1 0.4661458333333333 0.9009259259259259 0.026041666666666668 0.046296296296296294
1 0.8119791666666667 0.9111111111111111 0.026041666666666668 0.046296296296296294
1 0.51875 0.8935185185185185 0.026041666666666668 0.046296296296296294
1 0.24270833333333333 0.9157407407407407 0.026041666666666668 0.046296296296296294
1 0.2734375 0.9166666666666666 0.026041666666666668 0.046296296296296294
1 0.2046875 0.9398148148148148 0.026041666666666668 0.046296296296296294
1 0.7375 0.9472222222222222 0.026041666666666668 0.046296296296296294
1 0.11354166666666667 0.962037037037037 0.026041666666666668 0.046296296296296294
1 0.9770833333333333 0.9601851851851851 0.026041666666666668 0.046296296296296294
1 0.035416666666666666 0.9842592592592593 0.026041666666666668 0.046296296296296294
4 0.37916666666666665 0.6092592592592593 0.026041666666666668 0.046296296296296294
4 0.378125 0.42407407407407405 0.026041666666666668 0.046296296296296294
2 0.215625 0.43703703703703706 0.026041666666666668 0.046296296296296294
2 0.17916666666666667 0.4166666666666667 0.026041666666666668 0.046296296296296294
1 0.590625 0.6833333333333333 0.026041666666666668 0.046296296296296294
4 0.5645833333333333 0.6592592592592592 0.026041666666666668 0.046296296296296294
1 0.5791666666666667 0.6722222222222223 0.026041666666666668 0.046296296296296294
4 0.6114583333333333 0.6370370370370371 0.026041666666666668 0.046296296296296294
4 0.6197916666666666 0.6148148148148148 0.026041666666666668 0.046296296296296294
4 0.634375 0.5925925925925926 0.026041666666666668 0.046296296296296294
4 0.6354166666666666 0.55 0.026041666666666668 0.046296296296296294
4 0.6072916666666667 0.5981481481481481 0.026041666666666668 0.046296296296296294
4 0.6177083333333333 0.5685185185185185 0.026041666666666668 0.046296296296296294
3 0.765625 0.6407407407407407 0.026041666666666668 0.046296296296296294
1 0.7802083333333333 0.6703703703703704 0.026041666666666668 0.046296296296296294
1 0.83125 0.8685185185185185 0.026041666666666668 0.046296296296296294
1 0.8604166666666667 0.8907407407407407 0.026041666666666668 0.046296296296296294
1 0.8760416666666667 0.937037037037037 0.026041666666666668 0.046296296296296294
4 0.42916666666666664 0.6462962962962963 0.026041666666666668 0.046296296296296294
4 0.5239583333333333 0.6259259259259259 0.026041666666666668 0.046296296296296294
