0 0.4708333333333333 0.09537037037037037 0.026041666666666668 0.046296296296296294
0 0.47760416666666666 0.0962962962962963 0.026041666666666668 0.046296296296296294
0 0.48333333333333334 0.10555555555555556 0.026041666666666668 0.046296296296296294
0 0.4630208333333333 0.12129629629629629 0.026041666666666668 0.046296296296296294
0 0.490625 0.12222222222222222 0.026041666666666668 0.046296296296296294
0 0.4515625 0.12777777777777777 0.026041666666666668 0.046296296296296294
0 0.4421875 0.13425925925925927 0.026041666666666668 0.046296296296296294
0 0.44895833333333335 0.13703703703703704 0.026041666666666668 0.046296296296296294
0 0.4713541666666667 0.13703703703703704 0.026041666666666668 0.046296296296296294
0 0.4708333333333333 0.14444444444444443 0.026041666666666668 0.046296296296296294
0 0.4505208333333333 0.1537037037037037 0.026041666666666668 0.046296296296296294
0 0.44479166666666664 0.16666666666666666 0.026041666666666668 0.046296296296296294
0 0.4317708333333333 0.17407407407407408 0.026041666666666668 0.046296296296296294
0 0.49947916666666664 0.18333333333333332 0.026041666666666668 0.046296296296296294
0 0.5083333333333333 0.18518518518518517 0.026041666666666668 0.046296296296296294
0 0.47239583333333335 0.2222222222222222 0.026041666666666668 0.046296296296296294
0 0.43802083333333336 0.24814814814814815 0.026041666666666668 0.046296296296296294
0 0.4953125 0.262037037037037 0.026041666666666668 0.046296296296296294
0 0.4875 0.26851851851851855 0.026041666666666668 0.046296296296296294
0 0.49114583333333334 0.27037037037037037 0.026041666666666668 0.046296296296296294
0 0.49947916666666664 0.2759259259259259 0.026041666666666668 0.046296296296296294
0 0.41822916666666665 0.2935185185185185 0.026041666666666668 0.046296296296296294
0 0.49114583333333334 0.2953703703703704 0.026041666666666668 0.046296296296296294
0 0.5041666666666667 0.2935185185185185 0.026041666666666668 0.046296296296296294
0 0.6875 0.29259259259259257 0.026041666666666668 0.046296296296296294
0 0.4359375 0.30925925925925923 0.026041666666666668 0.046296296296296294
0 0.4630208333333333 0.30092592592592593 0.026041666666666668 0.046296296296296294
0 0.5244791666666667 0.3111111111111111 0.026041666666666668 0.046296296296296294
0 0.4244791666666667 0.31666666666666665 0.026041666666666668 0.046296296296296294
0 0.4484375 0.31666666666666665 0.026041666666666668 0.046296296296296294
0 0.490625 0.3148148148148148 0.026041666666666668 0.046296296296296294
0 0.5119791666666667 0.31666666666666665 0.026041666666666668 0.046296296296296294
0 0.7072916666666667 0.3148148148148148 0.026041666666666668 0.046296296296296294
0 0.5401041666666667 0.32407407407407407 0.026041666666666668 0.046296296296296294
0 0.43645833333333334 0.3287037037037037 0.026041666666666668 0.046296296296296294
0 0.5083333333333333 0.33240740740740743 0.026041666666666668 0.046296296296296294
4 0.44479166666666664 0.35185185185185186 0.026041666666666668 0.046296296296296294
4 0.375 0.35462962962962963 0.026041666666666668 0.046296296296296294
4 0.37916666666666665 0.3574074074074074 0.026041666666666668 0.046296296296296294
4 0.38697916666666665 0.35462962962962963 0.026041666666666668 0.046296296296296294
4 0.5119791666666667 0.35648148148148145 0.026041666666666668 0.046296296296296294
4 0.39895833333333336 0.362962962962963 0.026041666666666668 0.046296296296296294
4 0.4375 0.3648148148148148 0.026041666666666668 0.046296296296296294
4 0.37395833333333334 0.37407407407407406 0.026041666666666668 0.046296296296296294
2 0.22135416666666666 0.3787037037037037 0.026041666666666668 0.046296296296296294
4 0.3953125 0.37962962962962965 0.026041666666666668 0.046296296296296294
4 0.40729166666666666 0.37777777777777777 0.026041666666666668 0.046296296296296294
4 0.5151041666666667 0.3861111111111111 0.026041666666666668 0.046296296296296294
4 0.46770833333333334 0.3925925925925926 0.026041666666666668 0.046296296296296294
4 0.5286458333333334 0.3972222222222222 0.026041666666666668 0.046296296296296294
4 0.4328125 0.40185185185185185 0.026041666666666668 0.046296296296296294
4 0.4578125 0.3972222222222222 0.026041666666666668 0.046296296296296294
4 0.503125 0.4046296296296296 0.026041666666666668 0.046296296296296294
3 0.6697916666666667 0.40185185185185185 0.026041666666666668 0.046296296296296294
4 0.38645833333333335 0.4101851851851852 0.026041666666666668 0.046296296296296294
4 0.44166666666666665 0.4101851851851852 0.026041666666666668 0.046296296296296294
4 0.48125 0.40925925925925927 0.026041666666666668 0.046296296296296294
4 0.5208333333333334 0.4101851851851852 0.026041666666666668 0.046296296296296294
4 0.65 0.4074074074074074 0.026041666666666668 0.046296296296296294
3 0.7036458333333333 0.4074074074074074 0.026041666666666668 0.046296296296296294
2 0.16614583333333333 0.4166666666666667 0.026041666666666668 0.046296296296296294
4 0.5036458333333333 0.4166666666666667 0.026041666666666668 0.046296296296296294
4 0.6619791666666667 0.4203703703703704 0.026041666666666668 0.046296296296296294
4 0.37916666666666665 0.42592592592592593 0.026041666666666668 0.046296296296296294
4 0.4864583333333333 0.42407407407407405 0.026041666666666668 0.046296296296296294
3 0.6776041666666667 0.42685185185185187 0.026041666666666668 0.046296296296296294
4 0.4036458333333333 0.43333333333333335 0.026041666666666668 0.046296296296296294
4 0.42135416666666664 0.43425925925925923 0.026041666666666668 0.046296296296296294
4 0.43385416666666665 0.43425925925925923 0.026041666666666668 0.046296296296296294
4 0.4734375 0.43333333333333335 0.026041666666666668 0.046296296296296294
4 0.5104166666666666 0.44074074074074077 0.026041666666666668 0.046296296296296294
3 0.678125 0.44166666666666665 0.026041666666666668 0.046296296296296294
4 0.6567708333333333 0.44722222222222224 0.026041666666666668 0.046296296296296294
3 0.6692708333333334 0.45185185185185184 0.026041666666666668 0.046296296296296294
4 0.3984375 0.4564814814814815 0.026041666666666668 0.046296296296296294
4 0.4546875 0.45555555555555555 0.026041666666666668 0.046296296296296294
3 0.6875 0.4601851851851852 0.026041666666666668 0.046296296296296294
4 0.38697916666666665 0.4648148148148148 0.026041666666666668 0.046296296296296294
4 0.534375 0.46111111111111114 0.026041666666666668 0.046296296296296294
4 0.6651041666666667 0.4675925925925926 0.026041666666666668 0.046296296296296294
4 0.415625 0.4740740740740741 0.026041666666666668 0.046296296296296294
4 0.4630208333333333 0.47129629629629627 0.026041666666666668 0.046296296296296294
4 0.4036458333333333 0.48148148148148145 0.026041666666666668 0.046296296296296294
4 0.6546875 0.4787037037037037 0.026041666666666668 0.046296296296296294
4 0.665625 0.48148148148148145 0.026041666666666668 0.046296296296296294
4 0.5348958333333333 0.48518518518518516 0.026041666666666668 0.046296296296296294
4 0.6427083333333333 0.4981481481481482 0.026041666666666668 0.046296296296296294
4 0.37916666666666665 0.5046296296296297 0.026041666666666668 0.046296296296296294
4 0.39479166666666665 0.5027777777777778 0.026041666666666668 0.046296296296296294
4 0.44947916666666665 0.5037037037037037 0.026041666666666668 0.046296296296296294
4 0.46145833333333336 0.5018518518518519 0.026041666666666668 0.046296296296296294
4 0.5036458333333333 0.5009259259259259 0.026041666666666668 0.046296296296296294
3 0.6729166666666667 0.5055555555555555 0.026041666666666668 0.046296296296296294
4 0.40520833333333334 0.5185185185185185 0.026041666666666668 0.046296296296296294
4 0.6114583333333333 0.5194444444444445 0.026041666666666668 0.046296296296296294
4 0.6328125 0.5157407407407407 0.026041666666666668 0.046296296296296294
4 0.6411458333333333 0.5166666666666667 0.026041666666666668 0.046296296296296294
3 0.7041666666666667 0.5185185185185185 0.026041666666666668 0.046296296296296294
4 0.4453125 0.5268518518518519 0.026041666666666668 0.046296296296296294
3 0.6692708333333334 0.525 0.026041666666666668 0.046296296296296294
3 0.7161458333333334 0.5268518518518519 0.026041666666666668 0.046296296296296294
4 0.5953125 0.5314814814814814 0.026041666666666668 0.046296296296296294
4 0.503125 0.5407407407407407 0.026041666666666668 0.046296296296296294
4 0.6078125 0.5416666666666666 0.026041666666666668 0.046296296296296294
3 0.6776041666666667 0.5425925925925926 0.026041666666666668 0.046296296296296294
4 0.4239583333333333 0.5564814814814815 0.026041666666666668 0.046296296296296294
4 0.5119791666666667 0.5731481481481482 0.026041666666666668 0.046296296296296294
4 0.5380208333333333 0.5740740740740741 0.026041666666666668 0.046296296296296294
4 0.5953125 0.5722222222222222 0.026041666666666668 0.046296296296296294
3 0.7317708333333334 0.5712962962962963 0.026041666666666668 0.046296296296296294
3 0.7609375 0.5712962962962963 0.026041666666666668 0.046296296296296294
4 0.5739583333333333 0.5768518518518518 0.026041666666666668 0.046296296296296294
4 0.4708333333333333 0.6037037037037037 0.026041666666666668 0.046296296296296294
4 0.5098958333333333 0.6129629629629629 0.026041666666666668 0.046296296296296294
4 0.5442708333333334 0.6138888888888889 0.026041666666666668 0.046296296296296294
4 0.42552083333333335 0.6175925925925926 0.026041666666666668 0.046296296296296294
3 0.7119791666666667 0.6259259259259259 0.026041666666666668 0.046296296296296294
2 0.19635416666666666 0.6398148148148148 0.026041666666666668 0.046296296296296294
4 0.43333333333333335 0.6574074074074074 0.026041666666666668 0.046296296296296294
4 0.5796875 0.6592592592592592 0.026041666666666668 0.046296296296296294
4 0.6276041666666666 0.6527777777777778 0.026041666666666668 0.046296296296296294
3 0.7776041666666667 0.6666666666666666 0.026041666666666668 0.046296296296296294
1 0.45416666666666666 0.6731481481481482 0.026041666666666668 0.046296296296296294
1 0.5182291666666666 0.6824074074074075 0.026041666666666668 0.046296296296296294
1 0.5651041666666666 0.6759259259259259 0.026041666666666668 0.046296296296296294
1 0.4041666666666667 0.6907407407407408 0.026041666666666668 0.046296296296296294
1 0.653125 0.7111111111111111 0.026041666666666668 0.046296296296296294
1 0.7786458333333334 0.7148148148148148 0.026041666666666668 0.046296296296296294
1 0.6791666666666667 0.7212962962962963 0.026041666666666668 0.046296296296296294
1 0.5161458333333333 0.7277777777777777 0.026041666666666668 0.046296296296296294
1 0.7171875 0.7620370370370371 0.026041666666666668 0.046296296296296294
1 0.8291666666666667 0.7472222222222222 0.026041666666666668 0.046296296296296294
1 0.5442708333333334 0.762962962962963 0.026041666666666668 0.046296296296296294
1 0.971875 0.7666666666666667 0.026041666666666668 0.046296296296296294
1 0.7583333333333333 0.8074074074074075 0.026041666666666668 0.046296296296296294
1 0.3260416666666667 0.8175925925925925 0.026041666666666668 0.046296296296296294
1 0.8661458333333333 0.8287037037037037 0.026041666666666668 0.046296296296296294
1 0.24427083333333333 0.8462962962962963 0.026041666666666668 0.046296296296296294
1 0.7958333333333333 0.8444444444444444 0.026041666666666668 0.046296296296296294
1 0.3921875 0.8648148148148148 0.026041666666666668 0.046296296296296294
1 0.6713541666666667 0.8759259259259259 0.026041666666666668 0.046296296296296294
1 0.45729166666666665 0.9083333333333333 0.026041666666666668 0.046296296296296294
1 0.6125 0.9157407407407407 0.026041666666666668 0.046296296296296294
1 0.7203125 0.9231481481481482 0.026041666666666668 0.046296296296296294
1 0.9161458333333333 0.9185185185185185 0.026041666666666668 0.046296296296296294
1 0.40677083333333336 0.9277777777777778 0.026041666666666668 0.046296296296296294
1 0.9630208333333333 0.9416666666666667 0.026041666666666668 0.046296296296296294
1 0.5208333333333334 0.975 0.026041666666666668 0.046296296296296294
1 0.8911458333333333 0.9842592592592593 0.026041666666666668 0.046296296296296294
1 0.69375 0.9953703703703703 0.026041666666666668 0.046296296296296294
2 0.19166666666666668 0.4185185185185185 0.026041666666666668 0.046296296296296294
2 0.17708333333333334 0.4166666666666667 0.026041666666666668 0.046296296296296294
3 0.7541666666666667 0.6277777777777778 0.026041666666666668 0.046296296296296294
3 0.76875 0.587037037037037 0.026041666666666668 0.046296296296296294
1 0.6791666666666667 0.762962962962963 0.026041666666666668 0.046296296296296294
1 0.8291666666666667 0.8592592592592593 0.026041666666666668 0.046296296296296294
1 0.83125 0.8333333333333334 0.026041666666666668 0.046296296296296294
1 0.8916666666666667 0.7203703703703703 0.026041666666666668 0.046296296296296294
1 0.9416666666666667 0.9740740740740741 0.026041666666666668 0.046296296296296294
4 0.5729166666666666 0.6092592592592593 0.026041666666666668 0.046296296296296294
4 0.6229166666666667 0.587037037037037 0.026041666666666668 0.046296296296296294
4 0.46875 0.6666666666666666 0.026041666666666668 0.046296296296296294
4 0.5979166666666667 0.6518518518518519 0.026041666666666668 0.046296296296296294
