0 0.4708333333333333 0.09537037037037037 0.026041666666666668 0.046296296296296294
0 0.478125 0.09907407407407408 0.026041666666666668 0.046296296296296294
0 0.4869791666666667 0.10462962962962963 0.026041666666666668 0.046296296296296294
0 0.46979166666666666 0.11481481481481481 0.026041666666666668 0.046296296296296294
0 0.47552083333333334 0.11388888888888889 0.026041666666666668 0.046296296296296294
0 0.48385416666666664 0.12777777777777777 0.026041666666666668 0.046296296296296294
0 0.4895833333333333 0.12777777777777777 0.026041666666666668 0.046296296296296294
0 0.4427083333333333 0.13333333333333333 0.026041666666666668 0.046296296296296294
0 0.44947916666666665 0.13333333333333333 0.026041666666666668 0.046296296296296294
0 0.46197916666666666 0.13425925925925927 0.026041666666666668 0.046296296296296294
0 0.43697916666666664 0.14537037037037037 0.026041666666666668 0.046296296296296294
0 0.459375 0.15185185185185185 0.026041666666666668 0.046296296296296294
0 0.4791666666666667 0.15185185185185185 0.026041666666666668 0.046296296296296294
0 0.4875 0.1527777777777778 0.026041666666666668 0.046296296296296294
0 0.49166666666666664 0.17407407407407408 0.026041666666666668 0.046296296296296294
0 0.5026041666666666 0.17407407407407408 0.026041666666666668 0.046296296296296294
0 0.5067708333333333 0.17592592592592593 0.026041666666666668 0.046296296296296294
0 0.49114583333333334 0.20833333333333334 0.026041666666666668 0.046296296296296294
0 0.4171875 0.22962962962962963 0.026041666666666668 0.046296296296296294
0 0.44375 0.23055555555555557 0.026041666666666668 0.046296296296296294
0 0.46510416666666665 0.22685185185185186 0.026041666666666668 0.046296296296296294
0 0.42135416666666664 0.2388888888888889 0.026041666666666668 0.046296296296296294
0 0.49114583333333334 0.2388888888888889 0.026041666666666668 0.046296296296296294
0 0.4828125 0.24537037037037038 0.026041666666666668 0.046296296296296294
0 0.49895833333333334 0.24537037037037038 0.026041666666666668 0.046296296296296294
0 0.4953125 0.25555555555555554 0.026041666666666668 0.046296296296296294
0 0.4119791666666667 0.26296296296296295 0.026041666666666668 0.046296296296296294
0 0.703125 0.2611111111111111 0.026041666666666668 0.046296296296296294
0 0.4953125 0.2777777777777778 0.026041666666666668 0.046296296296296294
0 0.5026041666666666 0.27685185185185185 0.026041666666666668 0.046296296296296294
0 0.5286458333333334 0.28425925925925927 0.026041666666666668 0.046296296296296294
0 0.4609375 0.2916666666666667 0.026041666666666668 0.046296296296296294
0 0.49947916666666664 0.3 0.026041666666666668 0.046296296296296294
0 0.5078125 0.30185185185185187 0.026041666666666668 0.046296296296296294
0 0.5140625 0.30462962962962964 0.026041666666666668 0.046296296296296294
0 0.5203125 0.30185185185185187 0.026041666666666668 0.046296296296296294
0 0.4166666666666667 0.30648148148148147 0.026041666666666668 0.046296296296296294
0 0.440625 0.30648148148148147 0.026041666666666668 0.046296296296296294
0 0.42864583333333334 0.31574074074074077 0.026041666666666668 0.046296296296296294
0 0.5119791666666667 0.3277777777777778 0.026041666666666668 0.046296296296296294
4 0.4239583333333333 0.33425925925925926 0.026041666666666668 0.046296296296296294
0 0.428125 0.3296296296296296 0.026041666666666668 0.046296296296296294
0 0.44635416666666666 0.33055555555555555 0.026041666666666668 0.046296296296296294
0 0.465625 0.3287037037037037 0.026041666666666668 0.046296296296296294
0 0.4765625 0.3296296296296296 0.026041666666666668 0.046296296296296294
4 0.6598958333333333 0.337037037037037 0.026041666666666668 0.046296296296296294
4 0.4161458333333333 0.34814814814814815 0.026041666666666668 0.046296296296296294
4 0.44114583333333335 0.34814814814814815 0.026041666666666668 0.046296296296296294
4 0.4546875 0.34814814814814815 0.026041666666666668 0.046296296296296294
4 0.49895833333333334 0.34814814814814815 0.026041666666666668 0.046296296296296294
4 0.5125 0.34814814814814815 0.026041666666666668 0.046296296296296294
4 0.38229166666666664 0.3537037037037037 0.026041666666666668 0.046296296296296294
4 0.4036458333333333 0.35462962962962963 0.026041666666666668 0.046296296296296294
4 0.4192708333333333 0.3638888888888889 0.026041666666666668 0.046296296296296294
4 0.4078125 0.37222222222222223 0.026041666666666668 0.046296296296296294
4 0.5171875 0.37222222222222223 0.026041666666666668 0.046296296296296294
2 0.22083333333333333 0.3787037037037037 0.026041666666666668 0.046296296296296294
4 0.38333333333333336 0.37962962962962965 0.026041666666666668 0.046296296296296294
4 0.4036458333333333 0.37777777777777777 0.026041666666666668 0.046296296296296294
4 0.415625 0.37962962962962965 0.026041666666666668 0.046296296296296294
4 0.4234375 0.37962962962962965 0.026041666666666668 0.046296296296296294
4 0.37916666666666665 0.3888888888888889 0.026041666666666668 0.046296296296296294
4 0.39895833333333336 0.38981481481481484 0.026041666666666668 0.046296296296296294
4 0.4276041666666667 0.39444444444444443 0.026041666666666668 0.046296296296296294
4 0.515625 0.39444444444444443 0.026041666666666668 0.046296296296296294
2 0.17395833333333333 0.4027777777777778 0.026041666666666668 0.046296296296296294
4 0.4078125 0.4009259259259259 0.026041666666666668 0.046296296296296294
4 0.42083333333333334 0.4027777777777778 0.026041666666666668 0.046296296296296294
2 0.1890625 0.4083333333333333 0.026041666666666668 0.046296296296296294
2 0.2078125 0.4083333333333333 0.026041666666666668 0.046296296296296294
4 0.39166666666666666 0.4083333333333333 0.026041666666666668 0.046296296296296294
4 0.42916666666666664 0.40925925925925927 0.026041666666666668 0.046296296296296294
4 0.6515625 0.4074074074074074 0.026041666666666668 0.046296296296296294
4 0.3953125 0.4203703703703704 0.026041666666666668 0.046296296296296294
3 0.6708333333333333 0.42685185185185187 0.026041666666666668 0.046296296296296294
4 0.3734375 0.43425925925925923 0.026041666666666668 0.046296296296296294
4 0.415625 0.4444444444444444 0.026041666666666668 0.046296296296296294
4 0.5114583333333333 0.4398148148148148 0.026041666666666668 0.046296296296296294
3 0.7057291666666666 0.4398148148148148 0.026041666666666668 0.046296296296296294
4 0.4078125 0.45 0.026041666666666668 0.046296296296296294
3 0.7072916666666667 0.4444444444444444 0.026041666666666668 0.046296296296296294
4 0.41041666666666665 0.4583333333333333 0.026041666666666668 0.046296296296296294
4 0.5192708333333333 0.4564814814814815 0.026041666666666668 0.046296296296296294
4 0.6645833333333333 0.4537037037037037 0.026041666666666668 0.046296296296296294
3 0.6755208333333333 0.45092592592592595 0.026041666666666668 0.046296296296296294
4 0.46510416666666665 0.4583333333333333 0.026041666666666668 0.046296296296296294
4 0.49583333333333335 0.4703703703703704 0.026041666666666668 0.046296296296296294
3 0.6859375 0.4703703703703704 0.026041666666666668 0.046296296296296294
4 0.49947916666666664 0.47962962962962963 0.026041666666666668 0.046296296296296294
4 0.61875 0.4787037037037037 0.026041666666666668 0.046296296296296294
4 0.4390625 0.48703703703703705 0.026041666666666668 0.046296296296296294
4 0.5286458333333334 0.48703703703703705 0.026041666666666668 0.046296296296296294
4 0.38697916666666665 0.4962962962962963 0.026041666666666668 0.046296296296296294
4 0.6171875 0.4962962962962963 0.026041666666666668 0.046296296296296294
3 0.6822916666666666 0.4962962962962963 0.026041666666666668 0.046296296296296294
4 0.4 0.5064814814814815 0.026041666666666668 0.046296296296296294
4 0.6083333333333333 0.5046296296296297 0.026041666666666668 0.046296296296296294
4 0.6276041666666666 0.5018518518518519 0.026041666666666668 0.046296296296296294
4 0.38385416666666666 0.5120370370370371 0.026041666666666668 0.046296296296296294
4 0.39114583333333336 0.5111111111111111 0.026041666666666668 0.046296296296296294
4 0.6479166666666667 0.5111111111111111 0.026041666666666668 0.046296296296296294
4 0.6286458333333333 0.5185185185185185 0.026041666666666668 0.046296296296296294
4 0.6484375 0.5259259259259259 0.026041666666666668 0.046296296296296294
4 0.665625 0.5268518518518519 0.026041666666666668 0.046296296296296294
3 0.7197916666666667 0.5259259259259259 0.026041666666666668 0.046296296296296294
4 0.5375 0.5324074074074074 0.026041666666666668 0.046296296296296294
4 0.39010416666666664 0.5407407407407407 0.026041666666666668 0.046296296296296294
4 0.5453125 0.5416666666666666 0.026041666666666668 0.046296296296296294
4 0.5947916666666667 0.5388888888888889 0.026041666666666668 0.046296296296296294
4 0.4822916666666667 0.5462962962962963 0.026041666666666668 0.046296296296296294
4 0.6197916666666666 0.5518518518518518 0.026041666666666668 0.046296296296296294
4 0.4036458333333333 0.5564814814814815 0.026041666666666668 0.046296296296296294
4 0.6166666666666667 0.5731481481481482 0.026041666666666668 0.046296296296296294
3 0.7625 0.587037037037037 0.026041666666666668 0.046296296296296294
4 0.6635416666666667 0.5981481481481481 0.026041666666666668 0.046296296296296294
4 0.45729166666666665 0.6203703703703703 0.026041666666666668 0.046296296296296294
4 0.6041666666666666 0.6287037037037037 0.026041666666666668 0.046296296296296294
4 0.5984375 0.6435185185185185 0.026041666666666668 0.046296296296296294
4 0.43333333333333335 0.649074074074074 0.026041666666666668 0.046296296296296294
3 0.7208333333333333 0.6564814814814814 0.026041666666666668 0.046296296296296294
1 0.5864583333333333 0.6722222222222223 0.026041666666666668 0.046296296296296294
1 0.5744791666666667 0.6777777777777778 0.026041666666666668 0.046296296296296294
1 0.4947916666666667 0.6888888888888889 0.026041666666666668 0.046296296296296294
1 0.7234375 0.6916666666666667 0.026041666666666668 0.046296296296296294
1 0.5229166666666667 0.7277777777777777 0.026041666666666668 0.046296296296296294
1 0.5609375 0.7324074074074074 0.026041666666666668 0.046296296296296294
1 0.8822916666666667 0.7481481481481481 0.026041666666666668 0.046296296296296294
1 0.621875 0.799074074074074 0.026041666666666668 0.046296296296296294
1 0.8197916666666667 0.8296296296296296 0.026041666666666668 0.046296296296296294
1 0.5963541666666666 0.8462962962962963 0.026041666666666668 0.046296296296296294
1 0.9791666666666666 0.8472222222222222 0.026041666666666668 0.046296296296296294
1 0.7505208333333333 0.8740740740740741 0.026041666666666668 0.046296296296296294
1 0.8244791666666667 0.9287037037037037 0.026041666666666668 0.046296296296296294
1 0.1515625 0.9314814814814815 0.026041666666666668 0.046296296296296294
1 0.8864583333333333 0.8018518518518518 0.026041666666666668 0.046296296296296294
1 0.990625 0.8629629629629629 0.026041666666666668 0.046296296296296294
1 0.9760416666666667 0.9388888888888889 0.026041666666666668 0.046296296296296294
1 0.6729166666666667 0.7777777777777778 0.026041666666666668 0.046296296296296294
1 0.6666666666666666 0.6759259259259259 0.026041666666666668 0.046296296296296294
1 0.7708333333333334 0.674074074074074 0.026041666666666668 0.046296296296296294
3 0.7489583333333333 0.6222222222222222 0.026041666666666668 0.046296296296296294
3 0.753125 0.5203703703703704 0.026041666666666668 0.046296296296296294
4 0.40729166666666666 0.6611111111111111 0.026041666666666668 0.046296296296296294
1 0.23854166666666668 0.75 0.026041666666666668 0.046296296296296294
2 0.16979166666666667 0.4388888888888889 0.026041666666666668 0.046296296296296294
4 0.571875 0.55 0.026041666666666668 0.046296296296296294
4 0.453125 0.5259259259259259 0.026041666666666668 0.046296296296296294
4 0.5291666666666667 0.5092592592592593 0.026041666666666668 0.046296296296296294
3 0.709375 0.575925925925926 0.026041666666666668 0.046296296296296294
3 0.70625 0.5388888888888889 0.026041666666666668 0.046296296296296294
3 0.6927083333333334 0.4981481481481482 0.026041666666666668 0.046296296296296294
0 0.696875 0.32407407407407407 0.026041666666666668 0.046296296296296294
4 0.55 0.3814814814814815 0.026041666666666668 0.046296296296296294
