0 0.46979166666666666 0.11296296296296296 0.026041666666666668 0.046296296296296294
0 0.4822916666666667 0.12222222222222222 0.026041666666666668 0.046296296296296294
0 0.49114583333333334 0.12037037037037036 0.026041666666666668 0.046296296296296294
0 0.4713541666666667 0.12962962962962962 0.026041666666666668 0.046296296296296294
0 0.4630208333333333 0.1361111111111111 0.026041666666666668 0.046296296296296294
0 0.4864583333333333 0.1388888888888889 0.026041666666666668 0.046296296296296294
0 0.4588541666666667 0.14629629629629629 0.026041666666666668 0.046296296296296294
0 0.4739583333333333 0.14537037037037037 0.026041666666666668 0.046296296296296294
0 0.4869791666666667 0.1685185185185185 0.026041666666666668 0.046296296296296294
0 0.503125 0.1685185185185185 0.026041666666666668 0.046296296296296294
0 0.43125 0.17314814814814813 0.026041666666666668 0.046296296296296294
0 0.44895833333333335 0.1814814814814815 0.026041666666666668 0.046296296296296294
0 0.4578125 0.18333333333333332 0.026041666666666668 0.046296296296296294
0 0.49895833333333334 0.18333333333333332 0.026041666666666668 0.046296296296296294
0 0.4630208333333333 0.2 0.026041666666666668 0.046296296296296294
0 0.46822916666666664 0.22870370370370371 0.026041666666666668 0.046296296296296294
0 0.4864583333333333 0.22407407407407406 0.026041666666666668 0.046296296296296294
0 0.4276041666666667 0.24351851851851852 0.026041666666666668 0.046296296296296294
0 0.49114583333333334 0.24444444444444444 0.026041666666666668 0.046296296296296294
0 0.41770833333333335 0.25277777777777777 0.026041666666666668 0.046296296296296294
0 0.5067708333333333 0.25277777777777777 0.026041666666666668 0.046296296296296294
0 0.4239583333333333 0.2657407407407407 0.026041666666666668 0.046296296296296294
0 0.453125 0.25925925925925924 0.026041666666666668 0.046296296296296294
0 0.5109375 0.26666666666666666 0.026041666666666668 0.046296296296296294
0 0.5229166666666667 0.2712962962962963 0.026041666666666668 0.046296296296296294
0 0.5411458333333333 0.26666666666666666 0.026041666666666668 0.046296296296296294
0 0.465625 0.2796296296296296 0.026041666666666668 0.046296296296296294
0 0.5286458333333334 0.2777777777777778 0.026041666666666668 0.046296296296296294
0 0.44166666666666665 0.2861111111111111 0.026041666666666668 0.046296296296296294
0 0.4739583333333333 0.2851851851851852 0.026041666666666668 0.046296296296296294
0 0.5161458333333333 0.2861111111111111 0.026041666666666668 0.046296296296296294
0 0.6953125 0.28703703703703703 0.026041666666666668 0.046296296296296294
0 0.415625 0.2898148148148148 0.026041666666666668 0.046296296296296294
0 0.4661458333333333 0.29259259259259257 0.026041666666666668 0.046296296296296294
0 0.4359375 0.30185185185185187 0.026041666666666668 0.046296296296296294
0 0.46197916666666666 0.3037037037037037 0.026041666666666668 0.046296296296296294
0 0.4953125 0.30092592592592593 0.026041666666666668 0.046296296296296294
0 0.5192708333333333 0.3037037037037037 0.026041666666666668 0.046296296296296294
0 0.4739583333333333 0.30833333333333335 0.026041666666666668 0.046296296296296294
0 0.42083333333333334 0.31574074074074077 0.026041666666666668 0.046296296296296294
0 0.49114583333333334 0.31851851851851853 0.026041666666666668 0.046296296296296294
0 0.4984375 0.31666666666666665 0.026041666666666668 0.046296296296296294
0 0.7072916666666667 0.3148148148148148 0.026041666666666668 0.046296296296296294
0 0.478125 0.32592592592592595 0.026041666666666668 0.046296296296296294
0 0.4375 0.3296296296296296 0.026041666666666668 0.046296296296296294
0 0.4453125 0.33240740740740743 0.026041666666666668 0.046296296296296294
0 0.453125 0.33240740740740743 0.026041666666666668 0.046296296296296294
0 0.46510416666666665 0.3296296296296296 0.026041666666666668 0.046296296296296294
0 0.5041666666666667 0.33055555555555555 0.026041666666666668 0.046296296296296294
4 0.5328125 0.3351851851851852 0.026041666666666668 0.046296296296296294
4 0.5109375 0.3398148148148148 0.026041666666666668 0.046296296296296294
4 0.5244791666666667 0.3398148148148148 0.026041666666666668 0.046296296296296294
4 0.44583333333333336 0.35 0.026041666666666668 0.046296296296296294
4 0.4708333333333333 0.34629629629629627 0.026041666666666668 0.046296296296296294
4 0.4739583333333333 0.34629629629629627 0.026041666666666668 0.046296296296296294
4 0.4953125 0.34814814814814815 0.026041666666666668 0.046296296296296294
4 0.5369791666666667 0.3472222222222222 0.026041666666666668 0.046296296296296294
4 0.4453125 0.35555555555555557 0.026041666666666668 0.046296296296296294
4 0.375 0.37777777777777777 0.026041666666666668 0.046296296296296294
4 0.38333333333333336 0.3787037037037037 0.026041666666666668 0.046296296296296294
4 0.5078125 0.3787037037037037 0.026041666666666668 0.046296296296296294
4 0.515625 0.3787037037037037 0.026041666666666668 0.046296296296296294
4 0.490625 0.3925925925925926 0.026041666666666668 0.046296296296296294
4 0.6572916666666667 0.3962962962962963 0.026041666666666668 0.046296296296296294
4 0.5161458333333333 0.4046296296296296 0.026041666666666668 0.046296296296296294
4 0.5364583333333334 0.4027777777777778 0.026041666666666668 0.046296296296296294
2 0.19427083333333334 0.4083333333333333 0.026041666666666668 0.046296296296296294
4 0.38645833333333335 0.412962962962963 0.026041666666666668 0.046296296296296294
4 0.4046875 0.4027777777777778 0.026041666666666668 0.046296296296296294
4 0.4432291666666667 0.4074074074074074 0.026041666666666668 0.046296296296296294
4 0.5239583333333333 0.4101851851851852 0.026041666666666668 0.046296296296296294
3 0.7036458333333333 0.40555555555555556 0.026041666666666668 0.046296296296296294
4 0.42864583333333334 0.41759259259259257 0.026041666666666668 0.046296296296296294
4 0.5161458333333333 0.4185185185185185 0.026041666666666668 0.046296296296296294
4 0.6505208333333333 0.41574074074074074 0.026041666666666668 0.046296296296296294
4 0.6578125 0.41759259259259257 0.026041666666666668 0.046296296296296294
3 0.6776041666666667 0.42685185185185187 0.026041666666666668 0.046296296296296294
3 0.6713541666666667 0.43425925925925923 0.026041666666666668 0.046296296296296294
4 0.42916666666666664 0.44166666666666665 0.026041666666666668 0.046296296296296294
4 0.5088541666666667 0.44166666666666665 0.026041666666666668 0.046296296296296294
4 0.6541666666666667 0.44814814814814813 0.026041666666666668 0.046296296296296294
3 0.6697916666666667 0.45185185185185184 0.026041666666666668 0.046296296296296294
3 0.6921875 0.44907407407407407 0.026041666666666668 0.046296296296296294
4 0.49895833333333334 0.4546296296296296 0.026041666666666668 0.046296296296296294
4 0.5109375 0.45555555555555555 0.026041666666666668 0.046296296296296294
3 0.6828125 0.4564814814814815 0.026041666666666668 0.046296296296296294
3 0.715625 0.45555555555555555 0.026041666666666668 0.046296296296296294
4 0.4322916666666667 0.46296296296296297 0.026041666666666668 0.046296296296296294
4 0.5182291666666666 0.4648148148148148 0.026041666666666668 0.046296296296296294
3 0.6671875 0.46574074074074073 0.026041666666666668 0.046296296296296294
4 0.4161458333333333 0.4777777777777778 0.026041666666666668 0.046296296296296294
4 0.5078125 0.47962962962962963 0.026041666666666668 0.046296296296296294
4 0.6078125 0.4759259259259259 0.026041666666666668 0.046296296296296294
3 0.6713541666666667 0.47962962962962963 0.026041666666666668 0.046296296296296294
4 0.409375 0.4888888888888889 0.026041666666666668 0.046296296296296294
4 0.628125 0.48703703703703705 0.026041666666666668 0.046296296296296294
4 0.653125 0.48703703703703705 0.026041666666666668 0.046296296296296294
4 0.46927083333333336 0.49444444444444446 0.026041666666666668 0.046296296296296294
4 0.6489583333333333 0.49907407407407406 0.026041666666666668 0.046296296296296294
3 0.675 0.4962962962962963 0.026041666666666668 0.046296296296296294
4 0.6286458333333333 0.5055555555555555 0.026041666666666668 0.046296296296296294
3 0.6692708333333334 0.5083333333333333 0.026041666666666668 0.046296296296296294
4 0.44114583333333335 0.5101851851851852 0.026041666666666668 0.046296296296296294
4 0.46927083333333336 0.5083333333333333 0.026041666666666668 0.046296296296296294
4 0.5083333333333333 0.5111111111111111 0.026041666666666668 0.046296296296296294
4 0.4552083333333333 0.5212962962962963 0.026041666666666668 0.046296296296296294
3 0.7067708333333333 0.5203703703703704 0.026041666666666668 0.046296296296296294
4 0.4005208333333333 0.5231481481481481 0.026041666666666668 0.046296296296296294
4 0.49947916666666664 0.5277777777777778 0.026041666666666668 0.046296296296296294
4 0.665625 0.5268518518518519 0.026041666666666668 0.046296296296296294
4 0.5255208333333333 0.5370370370370371 0.026041666666666668 0.046296296296296294
3 0.728125 0.5314814814814814 0.026041666666666668 0.046296296296296294
4 0.44895833333333335 0.5425925925925926 0.026041666666666668 0.046296296296296294
4 0.5984375 0.5416666666666666 0.026041666666666668 0.046296296296296294
4 0.4713541666666667 0.5481481481481482 0.026041666666666668 0.046296296296296294
4 0.6208333333333333 0.5462962962962963 0.026041666666666668 0.046296296296296294
4 0.5489583333333333 0.5574074074074075 0.026041666666666668 0.046296296296296294
4 0.5817708333333333 0.5564814814814815 0.026041666666666668 0.046296296296296294
3 0.7161458333333334 0.5592592592592592 0.026041666666666668 0.046296296296296294
3 0.7354166666666667 0.5638888888888889 0.026041666666666668 0.046296296296296294
3 0.753125 0.5638888888888889 0.026041666666666668 0.046296296296296294
4 0.4578125 0.5740740740740741 0.026041666666666668 0.046296296296296294
4 0.4817708333333333 0.5731481481481482 0.026041666666666668 0.046296296296296294
4 0.5067708333333333 0.5712962962962963 0.026041666666666668 0.046296296296296294
3 0.6776041666666667 0.5740740740740741 0.026041666666666668 0.046296296296296294
3 0.765625 0.575 0.026041666666666668 0.046296296296296294
4 0.3875 0.5833333333333334 0.026041666666666668 0.046296296296296294
4 0.4036458333333333 0.5833333333333334 0.026041666666666668 0.046296296296296294
4 0.5229166666666667 0.5805555555555556 0.026041666666666668 0.046296296296296294
4 0.5609375 0.5796296296296296 0.026041666666666668 0.046296296296296294
3 0.6942708333333333 0.5796296296296296 0.026041666666666668 0.046296296296296294
3 0.7244791666666667 0.5824074074074074 0.026041666666666668 0.046296296296296294
4 0.45729166666666665 0.5935185185185186 0.026041666666666668 0.046296296296296294
4 0.440625 0.6055555555555555 0.026041666666666668 0.046296296296296294
4 0.40260416666666665 0.6083333333333333 0.026041666666666668 0.046296296296296294
4 0.42135416666666664 0.6129629629629629 0.026041666666666668 0.046296296296296294
3 0.7208333333333333 0.612037037037037 0.026041666666666668 0.046296296296296294
4 0.5286458333333334 0.6194444444444445 0.026041666666666668 0.046296296296296294
4 0.5921875 0.6194444444444445 0.026041666666666668 0.046296296296296294
4 0.4744791666666667 0.6240740740740741 0.026041666666666668 0.046296296296296294
4 0.6427083333333333 0.6212962962962963 0.026041666666666668 0.046296296296296294
2 0.215625 0.6509259259259259 0.026041666666666668 0.046296296296296294
4 0.44114583333333335 0.6509259259259259 0.026041666666666668 0.046296296296296294
4 0.5671875 0.649074074074074 0.026041666666666668 0.046296296296296294
2 0.17447916666666666 0.6592592592592592 0.026041666666666668 0.046296296296296294
4 0.6270833333333333 0.6527777777777778 0.026041666666666668 0.046296296296296294
2 0.14166666666666666 0.662962962962963 0.026041666666666668 0.046296296296296294
1 0.6989583333333333 0.6731481481481482 0.026041666666666668 0.046296296296296294
1 0.4791666666666667 0.6925925925925925 0.026041666666666668 0.046296296296296294
1 0.5953125 0.6962962962962963 0.026041666666666668 0.046296296296296294
1 0.1796875 0.7055555555555556 0.026041666666666668 0.046296296296296294
1 0.22083333333333333 0.7064814814814815 0.026041666666666668 0.046296296296296294
1 0.6286458333333333 0.7064814814814815 0.026041666666666668 0.046296296296296294
1 0.884375 0.7453703703703703 0.026041666666666668 0.046296296296296294
1 0.19375 0.7657407407407407 0.026041666666666668 0.046296296296296294
1 0.5510416666666667 0.7666666666666667 0.026041666666666668 0.046296296296296294
1 0.8614583333333333 0.8055555555555556 0.026041666666666668 0.046296296296296294
1 0.1375 0.8111111111111111 0.026041666666666668 0.046296296296296294
1 0.765625 0.812962962962963 0.026041666666666668 0.046296296296296294
1 0.7958333333333333 0.8425925925925926 0.026041666666666668 0.046296296296296294
1 0.528125 0.9268518518518518 0.026041666666666668 0.046296296296296294
1 0.9265625 0.924074074074074 0.026041666666666668 0.046296296296296294
1 0.4666666666666667 0.9388888888888889 0.026041666666666668 0.046296296296296294
1 0.5880208333333333 0.937037037037037 0.026041666666666668 0.046296296296296294
1 0.06041666666666667 0.9592592592592593 0.026041666666666668 0.046296296296296294
1 0.9614583333333333 0.9435185185185185 0.026041666666666668 0.046296296296296294
1 0.12708333333333333 0.9703703703703703 0.026041666666666668 0.046296296296296294
2 0.17604166666666668 0.4666666666666667 0.026041666666666668 0.046296296296296294
2 0.22395833333333334 0.46296296296296297 0.026041666666666668 0.046296296296296294
2 0.18333333333333332 0.42407407407407405 0.026041666666666668 0.046296296296296294
2 0.16875 0.42777777777777776 0.026041666666666668 0.046296296296296294
1 0.4666666666666667 0.7074074074074074 0.026041666666666668 0.046296296296296294
1 0.4552083333333333 0.7407407407407407 0.026041666666666668 0.046296296296296294
1 0.5229166666666667 0.9833333333333333 0.026041666666666668 0.046296296296296294
1 0.559375 0.9833333333333333 0.026041666666666668 0.046296296296296294
1 0.875 0.837037037037037 0.026041666666666668 0.046296296296296294
1 0.83125 0.8 0.026041666666666668 0.046296296296296294
1 0.840625 0.8981481481481481 0.026041666666666668 0.046296296296296294
1 0.8270833333333333 0.9407407407407408 0.026041666666666668 0.046296296296296294
1 0.9885416666666667 0.8388888888888889 0.026041666666666668 0.046296296296296294
0 0.665625 0.2611111111111111 0.026041666666666668 0.046296296296296294
3 0.7416666666666667 0.5833333333333334 0.026041666666666668 0.046296296296296294
1 0.715625 0.7685185185185185 0.026041666666666668 0.046296296296296294
1 0.7416666666666667 0.7148148148148148 0.026041666666666668 0.046296296296296294
1 0.7802083333333333 0.674074074074074 0.026041666666666668 0.046296296296296294
1 0.6791666666666667 0.6851851851851852 0.026041666666666668 0.046296296296296294
3 0.6822916666666666 0.6611111111111111 0.026041666666666668 0.046296296296296294
1 0.590625 0.7574074074074074 0.026041666666666668 0.046296296296296294
4 0.5229166666666667 0.6425925925925926 0.026041666666666668 0.046296296296296294
1 0.503125 0.6685185185185185 0.026041666666666668 0.046296296296296294
4 0.4895833333333333 0.6462962962962963 0.026041666666666668 0.046296296296296294
4 0.375 0.55 0.026041666666666668 0.046296296296296294
1 0.33229166666666665 0.75 0.026041666666666668 0.046296296296296294
