0 0.4708333333333333 0.09444444444444444 0.026041666666666668 0.046296296296296294
0 0.4786458333333333 0.12314814814814815 0.026041666666666668 0.046296296296296294
0 0.49114583333333334 0.12222222222222222 0.026041666666666668 0.046296296296296294
0 0.45 0.13240740740740742 0.026041666666666668 0.046296296296296294
0 0.45729166666666665 0.13148148148148148 0.026041666666666668 0.046296296296296294
0 0.4625 0.13425925925925927 0.026041666666666668 0.046296296296296294
0 0.4713541666666667 0.1361111111111111 0.026041666666666668 0.046296296296296294
0 0.4401041666666667 0.14444444444444443 0.026041666666666668 0.046296296296296294
0 0.4734375 0.14537037037037037 0.026041666666666668 0.046296296296296294
0 0.4859375 0.14537037037037037 0.026041666666666668 0.046296296296296294
0 0.4583333333333333 0.1527777777777778 0.026041666666666668 0.046296296296296294
0 0.46510416666666665 0.15092592592592594 0.026041666666666668 0.046296296296296294
0 0.4786458333333333 0.1537037037037037 0.026041666666666668 0.046296296296296294
0 0.4947916666666667 0.1527777777777778 0.026041666666666668 0.046296296296296294
0 0.440625 0.16203703703703703 0.026041666666666668 0.046296296296296294
0 0.490625 0.16111111111111112 0.026041666666666668 0.046296296296296294
0 0.459375 0.17037037037037037 0.026041666666666668 0.046296296296296294
0 0.4671875 0.1685185185185185 0.026041666666666668 0.046296296296296294
0 0.45416666666666666 0.17685185185185184 0.026041666666666668 0.046296296296296294
0 0.5015625 0.17407407407407408 0.026041666666666668 0.046296296296296294
0 0.4296875 0.21944444444444444 0.026041666666666668 0.046296296296296294
0 0.4192708333333333 0.23703703703703705 0.026041666666666668 0.046296296296296294
0 0.4234375 0.23796296296296296 0.026041666666666668 0.046296296296296294
0 0.434375 0.2351851851851852 0.026041666666666668 0.046296296296296294
0 0.4765625 0.23333333333333334 0.026041666666666668 0.046296296296296294
0 0.503125 0.23703703703703705 0.026041666666666668 0.046296296296296294
0 0.50625 0.23703703703703705 0.026041666666666668 0.046296296296296294
0 0.4166666666666667 0.2462962962962963 0.026041666666666668 0.046296296296296294
0 0.4708333333333333 0.24444444444444444 0.026041666666666668 0.046296296296296294
0 0.42135416666666664 0.25555555555555554 0.026041666666666668 0.046296296296296294
0 0.4786458333333333 0.25092592592592594 0.026041666666666668 0.046296296296296294
0 0.4864583333333333 0.2518518518518518 0.026041666666666668 0.046296296296296294
0 0.5151041666666667 0.2537037037037037 0.026041666666666668 0.046296296296296294
0 0.5036458333333333 0.262037037037037 0.026041666666666668 0.046296296296296294
0 0.47760416666666666 0.26944444444444443 0.026041666666666668 0.046296296296296294
0 0.4901041666666667 0.26851851851851855 0.026041666666666668 0.046296296296296294
0 0.49895833333333334 0.2777777777777778 0.026041666666666668 0.046296296296296294
0 0.515625 0.27870370370370373 0.026041666666666668 0.046296296296296294
0 0.7026041666666667 0.275 0.026041666666666668 0.046296296296296294
0 0.4432291666666667 0.2833333333333333 0.026041666666666668 0.046296296296296294
0 0.6973958333333333 0.28703703703703703 0.026041666666666668 0.046296296296296294
0 0.4703125 0.29259259259259257 0.026041666666666668 0.046296296296296294
0 0.4822916666666667 0.29444444444444445 0.026041666666666668 0.046296296296296294
0 0.509375 0.30185185185185187 0.026041666666666668 0.046296296296296294
0 0.5151041666666667 0.30092592592592593 0.026041666666666668 0.046296296296296294
0 0.4317708333333333 0.30833333333333335 0.026041666666666668 0.046296296296296294
0 0.4786458333333333 0.3111111111111111 0.026041666666666668 0.046296296296296294
0 0.49895833333333334 0.3074074074074074 0.026041666666666668 0.046296296296296294
0 0.42135416666666664 0.31851851851851853 0.026041666666666668 0.046296296296296294
0 0.4322916666666667 0.31574074074074077 0.026041666666666668 0.046296296296296294
0 0.45364583333333336 0.3175925925925926 0.026041666666666668 0.046296296296296294
0 0.5286458333333334 0.31666666666666665 0.026041666666666668 0.046296296296296294
0 0.5161458333333333 0.32314814814814813 0.026041666666666668 0.046296296296296294
4 0.4453125 0.33425925925925926 0.026041666666666668 0.046296296296296294
4 0.4578125 0.3333333333333333 0.026041666666666668 0.046296296296296294
4 0.415625 0.3425925925925926 0.026041666666666668 0.046296296296296294
4 0.4859375 0.33796296296296297 0.026041666666666668 0.046296296296296294
4 0.44479166666666664 0.3472222222222222 0.026041666666666668 0.046296296296296294
4 0.5072916666666667 0.35185185185185186 0.026041666666666668 0.046296296296296294
4 0.403125 0.35462962962962963 0.026041666666666668 0.046296296296296294
4 0.41510416666666666 0.35555555555555557 0.026041666666666668 0.046296296296296294
4 0.49947916666666664 0.3537037037037037 0.026041666666666668 0.046296296296296294
4 0.5338541666666666 0.35462962962962963 0.026041666666666668 0.046296296296296294
4 0.37395833333333334 0.36203703703703705 0.026041666666666668 0.046296296296296294
4 0.38645833333333335 0.3638888888888889 0.026041666666666668 0.046296296296296294
4 0.4609375 0.3648148148148148 0.026041666666666668 0.046296296296296294
3 0.6786458333333333 0.3638888888888889 0.026041666666666668 0.046296296296296294
4 0.4119791666666667 0.37037037037037035 0.026041666666666668 0.046296296296296294
4 0.4239583333333333 0.37037037037037035 0.026041666666666668 0.046296296296296294
2 0.16614583333333333 0.3787037037037037 0.026041666666666668 0.046296296296296294
4 0.4505208333333333 0.37777777777777777 0.026041666666666668 0.046296296296296294
4 0.49947916666666664 0.37592592592592594 0.026041666666666668 0.046296296296296294
4 0.5197916666666667 0.38055555555555554 0.026041666666666668 0.046296296296296294
4 0.65 0.3787037037037037 0.026041666666666668 0.046296296296296294
4 0.48333333333333334 0.387037037037037 0.026041666666666668 0.046296296296296294
4 0.6557291666666667 0.39537037037037037 0.026041666666666668 0.046296296296296294
4 0.5151041666666667 0.4046296296296296 0.026041666666666668 0.046296296296296294
2 0.19947916666666668 0.4083333333333333 0.026041666666666668 0.046296296296296294
2 0.178125 0.4166666666666667 0.026041666666666668 0.046296296296296294
4 0.4661458333333333 0.41574074074074074 0.026041666666666668 0.046296296296296294
4 0.6536458333333334 0.4166666666666667 0.026041666666666668 0.046296296296296294
4 0.4828125 0.42407407407407405 0.026041666666666668 0.046296296296296294
4 0.4942708333333333 0.42407407407407405 0.026041666666666668 0.046296296296296294
2 0.1703125 0.4351851851851852 0.026041666666666668 0.046296296296296294
4 0.37395833333333334 0.4324074074074074 0.026041666666666668 0.046296296296296294
4 0.5203125 0.4398148148148148 0.026041666666666668 0.046296296296296294
4 0.6614583333333334 0.44074074074074077 0.026041666666666668 0.046296296296296294
4 0.5078125 0.44814814814814813 0.026041666666666668 0.046296296296296294
3 0.7072916666666667 0.44537037037037036 0.026041666666666668 0.046296296296296294
4 0.44479166666666664 0.4527777777777778 0.026041666666666668 0.046296296296296294
4 0.665625 0.45555555555555555 0.026041666666666668 0.046296296296296294
3 0.6822916666666666 0.45555555555555555 0.026041666666666668 0.046296296296296294
4 0.4244791666666667 0.4685185185185185 0.026041666666666668 0.046296296296296294
4 0.5 0.4666666666666667 0.026041666666666668 0.046296296296296294
4 0.4609375 0.4722222222222222 0.026041666666666668 0.046296296296296294
3 0.678125 0.47129629629629627 0.026041666666666668 0.046296296296296294
2 0.16458333333333333 0.4787037037037037 0.026041666666666668 0.046296296296296294
2 0.21979166666666666 0.48055555555555557 0.026041666666666668 0.046296296296296294
4 0.5244791666666667 0.48055555555555557 0.026041666666666668 0.046296296296296294
4 0.628125 0.48518518518518516 0.026041666666666668 0.046296296296296294
3 0.6869791666666667 0.48518518518518516 0.026041666666666668 0.046296296296296294
4 0.5234375 0.49444444444444446 0.026041666666666668 0.046296296296296294
4 0.5833333333333334 0.5046296296296297 0.026041666666666668 0.046296296296296294
3 0.6953125 0.5027777777777778 0.026041666666666668 0.046296296296296294
4 0.5348958333333333 0.5166666666666667 0.026041666666666668 0.046296296296296294
4 0.5953125 0.5194444444444445 0.026041666666666668 0.046296296296296294
4 0.6359375 0.5166666666666667 0.026041666666666668 0.046296296296296294
3 0.6953125 0.5175925925925926 0.026041666666666668 0.046296296296296294
4 0.503125 0.5296296296296297 0.026041666666666668 0.046296296296296294
4 0.5510416666666667 0.5268518518518519 0.026041666666666668 0.046296296296296294
4 0.6291666666666667 0.5388888888888889 0.026041666666666668 0.046296296296296294
4 0.5786458333333333 0.5407407407407407 0.026041666666666668 0.046296296296296294
3 0.7234375 0.5370370370370371 0.026041666666666668 0.046296296296296294
4 0.6416666666666667 0.5481481481481482 0.026041666666666668 0.046296296296296294
4 0.6114583333333333 0.5638888888888889 0.026041666666666668 0.046296296296296294
3 0.7604166666666666 0.562037037037037 0.026041666666666668 0.046296296296296294
4 0.4744791666666667 0.5722222222222222 0.026041666666666668 0.046296296296296294
4 0.6380208333333334 0.5703703703703704 0.026041666666666668 0.046296296296296294
3 0.6869791666666667 0.5722222222222222 0.026041666666666668 0.046296296296296294
4 0.3958333333333333 0.5879629629629629 0.026041666666666668 0.046296296296296294
3 0.76875 0.5879629629629629 0.026041666666666668 0.046296296296296294
3 0.7411458333333333 0.6027777777777777 0.026041666666666668 0.046296296296296294
3 0.7166666666666667 0.6268518518518519 0.026041666666666668 0.046296296296296294
3 0.7619791666666667 0.625 0.026041666666666668 0.046296296296296294
3 0.753125 0.6666666666666666 0.026041666666666668 0.046296296296296294
3 0.7697916666666667 0.6648148148148149 0.026041666666666668 0.046296296296296294
1 0.5828125 0.6777777777777778 0.026041666666666668 0.046296296296296294
1 0.7453125 0.6916666666666667 0.026041666666666668 0.046296296296296294
1 0.5604166666666667 0.7101851851851851 0.026041666666666668 0.046296296296296294
1 0.6479166666666667 0.7268518518518519 0.026041666666666668 0.046296296296296294
1 0.5328125 0.7416666666666667 0.026041666666666668 0.046296296296296294
1 0.8828125 0.7453703703703703 0.026041666666666668 0.046296296296296294
1 0.3645833333333333 0.7944444444444444 0.026041666666666668 0.046296296296296294
1 0.4796875 0.8009259259259259 0.026041666666666668 0.046296296296296294
1 0.38229166666666664 0.8222222222222222 0.026041666666666668 0.046296296296296294
1 0.7651041666666667 0.8351851851851851 0.026041666666666668 0.046296296296296294
1 0.9786458333333333 0.8481481481481481 0.026041666666666668 0.046296296296296294
1 0.8171875 0.9203703703703704 0.026041666666666668 0.046296296296296294
1 0.9729166666666667 0.9398148148148148 0.026041666666666668 0.046296296296296294
1 0.8666666666666667 0.8185185185185185 0.026041666666666668 0.046296296296296294
1 0.990625 0.8759259259259259 0.026041666666666668 0.046296296296296294
1 0.8270833333333333 0.8777777777777778 0.026041666666666668 0.046296296296296294
1 0.8260416666666667 0.8277777777777777 0.026041666666666668 0.046296296296296294
1 0.7302083333333333 0.7129629629629629 0.026041666666666668 0.046296296296296294
4 0.49375 0.6333333333333333 0.026041666666666668 0.046296296296296294
4 0.4 0.6370370370370371 0.026041666666666668 0.046296296296296294
4 0.55 0.6129629629629629 0.026041666666666668 0.046296296296296294
1 0.6229166666666667 0.6814814814814815 0.026041666666666668 0.046296296296296294
4 0.4875 0.5166666666666667 0.026041666666666668 0.046296296296296294
4 0.4479166666666667 0.5425925925925926 0.026041666666666668 0.046296296296296294
4 0.39479166666666665 0.4444444444444444 0.026041666666666668 0.046296296296296294
4 0.41875 0.3907407407407407 0.026041666666666668 0.046296296296296294
2 0.21875 0.4 0.026041666666666668 0.046296296296296294
