0 0.47552083333333334 0.09814814814814815 0.026041666666666668 0.046296296296296294
0 0.48385416666666664 0.09907407407407408 0.026041666666666668 0.046296296296296294
0 0.4875 0.09907407407407408 0.026041666666666668 0.046296296296296294
0 0.4703125 0.11481481481481481 0.026041666666666668 0.046296296296296294
0 0.4552083333333333 0.11574074074074074 0.026041666666666668 0.046296296296296294
0 0.478125 0.12314814814814815 0.026041666666666668 0.046296296296296294
0 0.45416666666666666 0.13333333333333333 0.026041666666666668 0.046296296296296294
0 0.4630208333333333 0.13796296296296295 0.026041666666666668 0.046296296296296294
0 0.4921875 0.13703703703703704 0.026041666666666668 0.046296296296296294
0 0.4359375 0.14444444444444443 0.026041666666666668 0.046296296296296294
0 0.4375 0.15555555555555556 0.026041666666666668 0.046296296296296294
0 0.46145833333333336 0.15925925925925927 0.026041666666666668 0.046296296296296294
0 0.47760416666666666 0.16296296296296298 0.026041666666666668 0.046296296296296294
0 0.4322916666666667 0.175 0.026041666666666668 0.046296296296296294
0 0.46145833333333336 0.17314814814814813 0.026041666666666668 0.046296296296296294
0 0.49947916666666664 0.17777777777777778 0.026041666666666668 0.046296296296296294
0 0.47291666666666665 0.18518518518518517 0.026041666666666668 0.046296296296296294
0 0.490625 0.18425925925925926 0.026041666666666668 0.046296296296296294
0 0.5088541666666667 0.18055555555555555 0.026041666666666668 0.046296296296296294
0 0.4625 0.18981481481481483 0.026041666666666668 0.046296296296296294
0 0.49583333333333335 0.19814814814814816 0.026041666666666668 0.046296296296296294
0 0.5166666666666667 0.20092592592592592 0.026041666666666668 0.046296296296296294
0 0.503125 0.2074074074074074 0.026041666666666668 0.046296296296296294
0 0.43697916666666664 0.2222222222222222 0.026041666666666668 0.046296296296296294
0 0.5151041666666667 0.23055555555555557 0.026041666666666668 0.046296296296296294
0 0.4557291666666667 0.2351851851851852 0.026041666666666668 0.046296296296296294
0 0.47239583333333335 0.24166666666666667 0.026041666666666668 0.046296296296296294
0 0.5114583333333333 0.26296296296296295 0.026041666666666668 0.046296296296296294
0 0.5109375 0.27685185185185185 0.026041666666666668 0.046296296296296294
0 0.5333333333333333 0.27685185185185185 0.026041666666666668 0.046296296296296294
0 0.4453125 0.29074074074074074 0.026041666666666668 0.046296296296296294
0 0.5166666666666667 0.2935185185185185 0.026041666666666668 0.046296296296296294
0 0.6916666666666667 0.2916666666666667 0.026041666666666668 0.046296296296296294
0 0.48125 0.29814814814814816 0.026041666666666668 0.046296296296296294
0 0.49895833333333334 0.3 0.026041666666666668 0.046296296296296294
0 0.5114583333333333 0.29907407407407405 0.026041666666666668 0.046296296296296294
0 0.528125 0.30185185185185187 0.026041666666666668 0.046296296296296294
0 0.7 0.3101851851851852 0.026041666666666668 0.046296296296296294
0 0.42083333333333334 0.31574074074074077 0.026041666666666668 0.046296296296296294
0 0.49947916666666664 0.3148148148148148 0.026041666666666668 0.046296296296296294
0 0.5166666666666667 0.3148148148148148 0.026041666666666668 0.046296296296296294
0 0.7088541666666667 0.3148148148148148 0.026041666666666668 0.046296296296296294
0 0.465625 0.32407407407407407 0.026041666666666668 0.046296296296296294
0 0.5114583333333333 0.325 0.026041666666666668 0.046296296296296294
0 0.5286458333333334 0.32037037037037036 0.026041666666666668 0.046296296296296294
0 0.4244791666666667 0.33055555555555555 0.026041666666666668 0.046296296296296294
0 0.4390625 0.3287037037037037 0.026041666666666668 0.046296296296296294
0 0.4739583333333333 0.3314814814814815 0.026041666666666668 0.046296296296296294
0 0.4942708333333333 0.33240740740740743 0.026041666666666668 0.046296296296296294
0 0.55 0.33240740740740743 0.026041666666666668 0.046296296296296294
4 0.42135416666666664 0.34074074074074073 0.026041666666666668 0.046296296296296294
4 0.50625 0.3416666666666667 0.026041666666666668 0.046296296296296294
4 0.3796875 0.35185185185185186 0.026041666666666668 0.046296296296296294
4 0.38697916666666665 0.3537037037037037 0.026041666666666668 0.046296296296296294
4 0.46197916666666666 0.35462962962962963 0.026041666666666668 0.046296296296296294
4 0.490625 0.35555555555555557 0.026041666666666668 0.046296296296296294
4 0.5067708333333333 0.35462962962962963 0.026041666666666668 0.046296296296296294
4 0.4083333333333333 0.36944444444444446 0.026041666666666668 0.046296296296296294
4 0.4166666666666667 0.36944444444444446 0.026041666666666668 0.046296296296296294
4 0.39166666666666666 0.37592592592592594 0.026041666666666668 0.046296296296296294
4 0.5151041666666667 0.37962962962962965 0.026041666666666668 0.046296296296296294
4 0.5041666666666667 0.387037037037037 0.026041666666666668 0.046296296296296294
4 0.6552083333333333 0.3907407407407407 0.026041666666666668 0.046296296296296294
4 0.4953125 0.39351851851851855 0.026041666666666668 0.046296296296296294
2 0.21302083333333333 0.4009259259259259 0.026041666666666668 0.046296296296296294
4 0.6494791666666667 0.40370370370370373 0.026041666666666668 0.046296296296296294
2 0.17395833333333333 0.4185185185185185 0.026041666666666668 0.046296296296296294
2 0.19895833333333332 0.41759259259259257 0.026041666666666668 0.046296296296296294
4 0.403125 0.43333333333333335 0.026041666666666668 0.046296296296296294
4 0.4864583333333333 0.43333333333333335 0.026041666666666668 0.046296296296296294
4 0.5166666666666667 0.4351851851851852 0.026041666666666668 0.046296296296296294
4 0.6546875 0.4351851851851852 0.026041666666666668 0.046296296296296294
4 0.6619791666666667 0.4351851851851852 0.026041666666666668 0.046296296296296294
3 0.6901041666666666 0.4305555555555556 0.026041666666666668 0.046296296296296294
4 0.4359375 0.4398148148148148 0.026041666666666668 0.046296296296296294
4 0.5072916666666667 0.44074074074074077 0.026041666666666668 0.046296296296296294
4 0.525 0.4398148148148148 0.026041666666666668 0.046296296296296294
3 0.6708333333333333 0.44074074074074077 0.026041666666666668 0.046296296296296294
3 0.7067708333333333 0.44166666666666665 0.026041666666666668 0.046296296296296294
4 0.46979166666666666 0.44814814814814813 0.026041666666666668 0.046296296296296294
4 0.6578125 0.4564814814814815 0.026041666666666668 0.046296296296296294
3 0.6786458333333333 0.46574074074074073 0.026041666666666668 0.046296296296296294
3 0.6895833333333333 0.4740740740740741 0.026041666666666668 0.046296296296296294
4 0.5197916666666667 0.4787037037037037 0.026041666666666668 0.046296296296296294
4 0.6119791666666666 0.48055555555555557 0.026041666666666668 0.046296296296296294
4 0.6375 0.47962962962962963 0.026041666666666668 0.046296296296296294
4 0.39947916666666666 0.4861111111111111 0.026041666666666668 0.046296296296296294
3 0.6791666666666667 0.4861111111111111 0.026041666666666668 0.046296296296296294
4 0.6125 0.4962962962962963 0.026041666666666668 0.046296296296296294
3 0.6880208333333333 0.5037037037037037 0.026041666666666668 0.046296296296296294
4 0.4203125 0.5111111111111111 0.026041666666666668 0.046296296296296294
4 0.5197916666666667 0.5111111111111111 0.026041666666666668 0.046296296296296294
3 0.6911458333333333 0.5185185185185185 0.026041666666666668 0.046296296296296294
4 0.6197916666666666 0.524074074074074 0.026041666666666668 0.046296296296296294
3 0.7182291666666667 0.5259259259259259 0.026041666666666668 0.046296296296296294
3 0.6802083333333333 0.5351851851851852 0.026041666666666668 0.046296296296296294
3 0.6994791666666667 0.5342592592592592 0.026041666666666668 0.046296296296296294
4 0.5119791666666667 0.5416666666666666 0.026041666666666668 0.046296296296296294
4 0.4635416666666667 0.5425925925925926 0.026041666666666668 0.046296296296296294
4 0.6197916666666666 0.55 0.026041666666666668 0.046296296296296294
4 0.6401041666666667 0.549074074074074 0.026041666666666668 0.046296296296296294
4 0.6536458333333334 0.55 0.026041666666666668 0.046296296296296294
4 0.43333333333333335 0.5583333333333333 0.026041666666666668 0.046296296296296294
4 0.5213541666666667 0.5583333333333333 0.026041666666666668 0.046296296296296294
3 0.7328125 0.5648148148148148 0.026041666666666668 0.046296296296296294
3 0.7583333333333333 0.562037037037037 0.026041666666666668 0.046296296296296294
4 0.6083333333333333 0.5740740740740741 0.026041666666666668 0.046296296296296294
4 0.6598958333333333 0.5805555555555556 0.026041666666666668 0.046296296296296294
4 0.5072916666666667 0.5944444444444444 0.026041666666666668 0.046296296296296294
4 0.6364583333333333 0.5990740740740741 0.026041666666666668 0.046296296296296294
4 0.6052083333333333 0.6027777777777777 0.026041666666666668 0.046296296296296294
4 0.6119791666666666 0.6027777777777777 0.026041666666666668 0.046296296296296294
4 0.5286458333333334 0.6111111111111112 0.026041666666666668 0.046296296296296294
4 0.6489583333333333 0.6212962962962963 0.026041666666666668 0.046296296296296294
4 0.5786458333333333 0.6361111111111111 0.026041666666666668 0.046296296296296294
3 0.7244791666666667 0.6314814814814815 0.026041666666666668 0.046296296296296294
4 0.6411458333333333 0.6444444444444445 0.026041666666666668 0.046296296296296294
3 0.7677083333333333 0.65 0.026041666666666668 0.046296296296296294
4 0.5520833333333334 0.6546296296296297 0.026041666666666668 0.046296296296296294
3 0.678125 0.6648148148148149 0.026041666666666668 0.046296296296296294
1 0.20364583333333333 0.6722222222222223 0.026041666666666668 0.046296296296296294
1 0.4869791666666667 0.7 0.026041666666666668 0.046296296296296294
1 0.8807291666666667 0.7453703703703703 0.026041666666666668 0.046296296296296294
1 0.17291666666666666 0.7675925925925926 0.026041666666666668 0.046296296296296294
1 0.8364583333333333 0.7620370370370371 0.026041666666666668 0.046296296296296294
1 0.15520833333333334 0.8074074074074075 0.026041666666666668 0.046296296296296294
1 0.8255208333333334 0.8407407407407408 0.026041666666666668 0.046296296296296294
1 0.878125 0.8351851851851851 0.026041666666666668 0.046296296296296294
1 0.7708333333333334 0.8398148148148148 0.026041666666666668 0.046296296296296294
1 0.609375 0.8805555555555555 0.026041666666666668 0.046296296296296294
1 0.46510416666666665 0.8962962962962963 0.026041666666666668 0.046296296296296294
1 0.5328125 0.8972222222222223 0.026041666666666668 0.046296296296296294
1 0.440625 0.899074074074074 0.026041666666666668 0.046296296296296294
1 0.24479166666666666 0.925 0.026041666666666668 0.046296296296296294
1 0.2671875 0.9296296296296296 0.026041666666666668 0.046296296296296294
1 0.2755208333333333 0.9592592592592593 0.026041666666666668 0.046296296296296294
1 0.4317708333333333 0.9675925925925926 0.026041666666666668 0.046296296296296294
1 0.9765625 0.9666666666666667 0.026041666666666668 0.046296296296296294
1 0.10104166666666667 0.9712962962962963 0.026041666666666668 0.046296296296296294
1 0.14375 0.8574074074074074 0.026041666666666668 0.046296296296296294
2 0.15729166666666666 0.5018518518518519 0.026041666666666668 0.046296296296296294
1 0.4041666666666667 0.7981481481481482 0.026041666666666668 0.046296296296296294
1 0.38229166666666664 0.7074074074074074 0.026041666666666668 0.046296296296296294
1 0.390625 0.9333333333333333 0.026041666666666668 0.046296296296296294
4 0.46145833333333336 0.5981481481481481 0.026041666666666668 0.046296296296296294
4 0.39895833333333336 0.5407407407407407 0.026041666666666668 0.046296296296296294
4 0.38333333333333336 0.45925925925925926 0.026041666666666668 0.046296296296296294
4 0.503125 0.5092592592592593 0.026041666666666668 0.046296296296296294
4 0.5020833333333333 0.4888888888888889 0.026041666666666668 0.046296296296296294
4 0.6208333333333333 0.6518518518518519 0.026041666666666668 0.046296296296296294
1 0.7166666666666667 0.7092592592592593 0.026041666666666668 0.046296296296296294
1 0.665625 0.7648148148148148 0.026041666666666668 0.046296296296296294
1 0.775 0.6703703703703704 0.026041666666666668 0.046296296296296294
3 0.759375 0.6166666666666667 0.026041666666666668 0.046296296296296294
3 0.771875 0.5777777777777777 0.026041666666666668 0.046296296296296294
1 0.9177083333333333 0.7648148148148148 0.026041666666666668 0.046296296296296294
1 0.8541666666666666 0.9055555555555556 0.026041666666666668 0.046296296296296294
1 0.828125 0.95 0.026041666666666668 0.046296296296296294
1 0.871875 0.9407407407407408 0.026041666666666668 0.046296296296296294
2 0.228125 0.6333333333333333 0.026041666666666668 0.046296296296296294
