0 0.47552083333333334 0.09907407407407408 0.026041666666666668 0.046296296296296294
0 0.4791666666666667 0.09722222222222222 0.026041666666666668 0.046296296296296294
0 0.4859375 0.09907407407407408 0.026041666666666668 0.046296296296296294
0 0.4713541666666667 0.10462962962962963 0.026041666666666668 0.046296296296296294
0 0.4822916666666667 0.10648148148148148 0.026041666666666668 0.046296296296296294
0 0.4828125 0.12129629629629629 0.026041666666666668 0.046296296296296294
0 0.49166666666666664 0.12129629629629629 0.026041666666666668 0.046296296296296294
0 0.4942708333333333 0.12314814814814815 0.026041666666666668 0.046296296296296294
0 0.44895833333333335 0.13240740740740742 0.026041666666666668 0.046296296296296294
0 0.4713541666666667 0.13703703703703704 0.026041666666666668 0.046296296296296294
0 0.4875 0.1398148148148148 0.026041666666666668 0.046296296296296294
0 0.44166666666666665 0.14537037037037037 0.026041666666666668 0.046296296296296294
0 0.45416666666666666 0.14166666666666666 0.026041666666666668 0.046296296296296294
0 0.46145833333333336 0.13796296296296295 0.026041666666666668 0.046296296296296294
0 0.4739583333333333 0.14444444444444443 0.026041666666666668 0.046296296296296294
0 0.4864583333333333 0.14629629629629629 0.026041666666666668 0.046296296296296294
0 0.4947916666666667 0.14444444444444443 0.026041666666666668 0.046296296296296294
0 0.46979166666666666 0.15833333333333333 0.026041666666666668 0.046296296296296294
0 0.49166666666666664 0.16203703703703703 0.026041666666666668 0.046296296296296294
0 0.48802083333333335 0.1787037037037037 0.026041666666666668 0.046296296296296294
0 0.47552083333333334 0.18333333333333332 0.026041666666666668 0.046296296296296294
0 0.48125 0.18518518518518517 0.026041666666666668 0.046296296296296294
0 0.4609375 0.19074074074074074 0.026041666666666668 0.046296296296296294
0 0.43697916666666664 0.19722222222222222 0.026041666666666668 0.046296296296296294
0 0.44947916666666665 0.1962962962962963 0.026041666666666668 0.046296296296296294
0 0.4119791666666667 0.24814814814814815 0.026041666666666668 0.046296296296296294
0 0.4401041666666667 0.25277777777777777 0.026041666666666668 0.046296296296296294
0 0.45677083333333335 0.2537037037037037 0.026041666666666668 0.046296296296296294
0 0.4375 0.26851851851851855 0.026041666666666668 0.046296296296296294
0 0.4708333333333333 0.27037037037037037 0.026041666666666668 0.046296296296296294
0 0.49895833333333334 0.275 0.026041666666666668 0.046296296296296294
0 0.5104166666666666 0.27685185185185185 0.026041666666666668 0.046296296296296294
0 0.5416666666666666 0.2777777777777778 0.026041666666666668 0.046296296296296294
0 0.4265625 0.29259259259259257 0.026041666666666668 0.046296296296296294
0 0.4453125 0.2935185185185185 0.026041666666666668 0.046296296296296294
0 0.49166666666666664 0.29814814814814816 0.026041666666666668 0.046296296296296294
0 0.5114583333333333 0.2935185185185185 0.026041666666666668 0.046296296296296294
0 0.6901041666666666 0.29259259259259257 0.026041666666666668 0.046296296296296294
0 0.4875 0.30185185185185187 0.026041666666666668 0.046296296296296294
0 0.4942708333333333 0.30092592592592593 0.026041666666666668 0.046296296296296294
0 0.4979166666666667 0.29907407407407405 0.026041666666666668 0.046296296296296294
0 0.515625 0.30277777777777776 0.026041666666666668 0.046296296296296294
0 0.5026041666666666 0.30925925925925923 0.026041666666666668 0.046296296296296294
0 0.43020833333333336 0.3148148148148148 0.026041666666666668 0.046296296296296294
0 0.465625 0.3175925925925926 0.026041666666666668 0.046296296296296294
0 0.5151041666666667 0.3175925925925926 0.026041666666666668 0.046296296296296294
0 0.7067708333333333 0.31203703703703706 0.026041666666666668 0.046296296296296294
0 0.45364583333333336 0.325 0.026041666666666668 0.046296296296296294
0 0.4822916666666667 0.32592592592592595 0.026041666666666668 0.046296296296296294
0 0.5 0.32222222222222224 0.026041666666666668 0.046296296296296294
0 0.5494791666666666 0.33240740740740743 0.026041666666666668 0.046296296296296294
4 0.4322916666666667 0.33796296296296297 0.026041666666666668 0.046296296296296294
4 0.44895833333333335 0.3388888888888889 0.026041666666666668 0.046296296296296294
4 0.5041666666666667 0.34074074074074073 0.026041666666666668 0.046296296296296294
4 0.396875 0.34814814814814815 0.026041666666666668 0.046296296296296294
4 0.40260416666666665 0.35555555555555557 0.026041666666666668 0.046296296296296294
4 0.45416666666666666 0.35462962962962963 0.026041666666666668 0.046296296296296294
4 0.4984375 0.35833333333333334 0.026041666666666668 0.046296296296296294
4 0.37864583333333335 0.3638888888888889 0.026041666666666668 0.046296296296296294
3 0.7072916666666667 0.3712962962962963 0.026041666666666668 0.046296296296296294
4 0.39010416666666664 0.37592592592592594 0.026041666666666668 0.046296296296296294
4 0.40729166666666666 0.387037037037037 0.026041666666666668 0.046296296296296294
4 0.3958333333333333 0.39351851851851855 0.026041666666666668 0.046296296296296294
4 0.4328125 0.39351851851851855 0.026041666666666668 0.046296296296296294
4 0.5072916666666667 0.39351851851851855 0.026041666666666668 0.046296296296296294
4 0.5098958333333333 0.3907407407407407 0.026041666666666668 0.046296296296296294
4 0.6588541666666666 0.39444444444444443 0.026041666666666668 0.046296296296296294
2 0.1703125 0.4009259259259259 0.026041666666666668 0.046296296296296294
2 0.21041666666666667 0.4 0.026041666666666668 0.046296296296296294
4 0.5151041666666667 0.4027777777777778 0.026041666666666668 0.046296296296296294
4 0.6505208333333333 0.40185185185185185 0.026041666666666668 0.046296296296296294
4 0.6619791666666667 0.4009259259259259 0.026041666666666668 0.046296296296296294
2 0.19427083333333334 0.4083333333333333 0.026041666666666668 0.046296296296296294
4 0.4401041666666667 0.40925925925925927 0.026041666666666668 0.046296296296296294
2 0.1796875 0.41574074074074074 0.026041666666666668 0.046296296296296294
4 0.3796875 0.4185185185185185 0.026041666666666668 0.046296296296296294
4 0.4864583333333333 0.4185185185185185 0.026041666666666668 0.046296296296296294
4 0.6614583333333334 0.41759259259259257 0.026041666666666668 0.046296296296296294
4 0.4036458333333333 0.42685185185185187 0.026041666666666668 0.046296296296296294
4 0.45364583333333336 0.425 0.026041666666666668 0.046296296296296294
4 0.3828125 0.43425925925925923 0.026041666666666668 0.046296296296296294
4 0.43385416666666665 0.43425925925925923 0.026041666666666668 0.046296296296296294
4 0.4822916666666667 0.4361111111111111 0.026041666666666668 0.046296296296296294
4 0.5161458333333333 0.4351851851851852 0.026041666666666668 0.046296296296296294
4 0.65 0.4398148148148148 0.026041666666666668 0.046296296296296294
2 0.18229166666666666 0.44814814814814813 0.026041666666666668 0.046296296296296294
4 0.390625 0.44907407407407407 0.026041666666666668 0.046296296296296294
4 0.44166666666666665 0.44722222222222224 0.026041666666666668 0.046296296296296294
4 0.46145833333333336 0.44907407407407407 0.026041666666666668 0.046296296296296294
4 0.5234375 0.45092592592592595 0.026041666666666668 0.046296296296296294
3 0.7026041666666667 0.44814814814814813 0.026041666666666668 0.046296296296296294
4 0.4234375 0.45740740740740743 0.026041666666666668 0.046296296296296294
4 0.659375 0.4564814814814815 0.026041666666666668 0.046296296296296294
4 0.3953125 0.4648148148148148 0.026041666666666668 0.046296296296296294
3 0.6817708333333333 0.4648148148148148 0.026041666666666668 0.046296296296296294
4 0.525 0.4685185185185185 0.026041666666666668 0.046296296296296294
4 0.5328125 0.46944444444444444 0.026041666666666668 0.046296296296296294
4 0.378125 0.4777777777777778 0.026041666666666668 0.046296296296296294
4 0.5119791666666667 0.4777777777777778 0.026041666666666668 0.046296296296296294
4 0.6328125 0.48148148148148145 0.026041666666666668 0.046296296296296294
4 0.5 0.487962962962963 0.026041666666666668 0.046296296296296294
4 0.425 0.49166666666666664 0.026041666666666668 0.046296296296296294
3 0.6692708333333334 0.4981481481481482 0.026041666666666668 0.046296296296296294
4 0.6125 0.5037037037037037 0.026041666666666668 0.046296296296296294
3 0.6911458333333333 0.5055555555555555 0.026041666666666668 0.046296296296296294
4 0.5213541666666667 0.5185185185185185 0.026041666666666668 0.046296296296296294
4 0.6041666666666666 0.5185185185185185 0.026041666666666668 0.046296296296296294
3 0.6833333333333333 0.5203703703703704 0.026041666666666668 0.046296296296296294
4 0.6239583333333333 0.5259259259259259 0.026041666666666668 0.046296296296296294
3 0.6703125 0.525 0.026041666666666668 0.046296296296296294
3 0.7229166666666667 0.5268518518518519 0.026041666666666668 0.046296296296296294
4 0.6036458333333333 0.5388888888888889 0.026041666666666668 0.046296296296296294
4 0.6291666666666667 0.5435185185185185 0.026041666666666668 0.046296296296296294
3 0.7515625 0.5537037037037037 0.026041666666666668 0.046296296296296294
3 0.7692708333333333 0.5555555555555556 0.026041666666666668 0.046296296296296294
4 0.5223958333333333 0.5712962962962963 0.026041666666666668 0.046296296296296294
4 0.6255208333333333 0.5638888888888889 0.026041666666666668 0.046296296296296294
3 0.7364583333333333 0.562962962962963 0.026041666666666668 0.046296296296296294
4 0.659375 0.5768518518518518 0.026041666666666668 0.046296296296296294
4 0.609375 0.5861111111111111 0.026041666666666668 0.046296296296296294
4 0.6307291666666667 0.5888888888888889 0.026041666666666668 0.046296296296296294
4 0.5177083333333333 0.6037037037037037 0.026041666666666668 0.046296296296296294
4 0.6515625 0.612037037037037 0.026041666666666668 0.046296296296296294
3 0.6947916666666667 0.6361111111111111 0.026041666666666668 0.046296296296296294
4 0.5776041666666667 0.637962962962963 0.026041666666666668 0.046296296296296294
3 0.7541666666666667 0.6444444444444445 0.026041666666666668 0.046296296296296294
1 0.775 0.6722222222222223 0.026041666666666668 0.046296296296296294
1 0.4479166666666667 0.6777777777777778 0.026041666666666668 0.046296296296296294
1 0.5416666666666666 0.7111111111111111 0.026041666666666668 0.046296296296296294
1 0.7166666666666667 0.7240740740740741 0.026041666666666668 0.046296296296296294
1 0.515625 0.7287037037037037 0.026041666666666668 0.046296296296296294
1 0.8859375 0.7527777777777778 0.026041666666666668 0.046296296296296294
1 0.8286458333333333 0.7564814814814815 0.026041666666666668 0.046296296296296294
1 0.16979166666666667 0.7722222222222223 0.026041666666666668 0.046296296296296294
1 0.8963541666666667 0.774074074074074 0.026041666666666668 0.046296296296296294
1 0.4625 0.7898148148148149 0.026041666666666668 0.046296296296296294
1 0.6822916666666666 0.7962962962962963 0.026041666666666668 0.046296296296296294
1 0.8244791666666667 0.8388888888888889 0.026041666666666668 0.046296296296296294
1 0.6453125 0.837037037037037 0.026041666666666668 0.046296296296296294
1 0.027083333333333334 0.862037037037037 0.026041666666666668 0.046296296296296294
1 0.16145833333333334 0.8740740740740741 0.026041666666666668 0.046296296296296294
1 0.12395833333333334 0.8981481481481481 0.026041666666666668 0.046296296296296294
1 0.440625 0.899074074074074 0.026041666666666668 0.046296296296296294
1 0.99375 0.9101851851851852 0.026041666666666668 0.046296296296296294
1 0.28072916666666664 0.9194444444444444 0.026041666666666668 0.046296296296296294
1 0.0546875 0.937037037037037 0.026041666666666668 0.046296296296296294
1 0.10833333333333334 0.9388888888888889 0.026041666666666668 0.046296296296296294
1 0.17916666666666667 0.9472222222222222 0.026041666666666668 0.046296296296296294
1 0.4083333333333333 0.9351851851851852 0.026041666666666668 0.046296296296296294
1 0.09010416666666667 0.9537037037037037 0.026041666666666668 0.046296296296296294
1 0.971875 0.9462962962962963 0.026041666666666668 0.046296296296296294
1 0.234375 0.9444444444444444 0.026041666666666668 0.046296296296296294
1 0.0328125 0.9712962962962963 0.026041666666666668 0.046296296296296294
1 0.07916666666666666 0.7444444444444445 0.026041666666666668 0.046296296296296294
1 0.0875 0.8277777777777777 0.026041666666666668 0.046296296296296294
1 0.09270833333333334 0.9037037037037037 0.026041666666666668 0.046296296296296294
1 0.30833333333333335 0.9518518518518518 0.026041666666666668 0.046296296296296294
1 0.47291666666666665 0.9185185185185185 0.026041666666666668 0.046296296296296294
1 0.8322916666666667 0.8666666666666667 0.026041666666666668 0.046296296296296294
1 0.8260416666666667 0.9314814814814815 0.026041666666666668 0.046296296296296294
1 0.8072916666666666 0.9462962962962963 0.026041666666666668 0.046296296296296294
4 0.4510416666666667 0.5055555555555555 0.026041666666666668 0.046296296296296294
4 0.37916666666666665 0.6018518518518519 0.026041666666666668 0.046296296296296294
4 0.37395833333333334 0.5203703703703704 0.026041666666666668 0.046296296296296294
4 0.48125 0.6203703703703703 0.026041666666666668 0.046296296296296294
4 0.46041666666666664 0.5907407407407408 0.026041666666666668 0.046296296296296294
4 0.534375 0.6277777777777778 0.026041666666666668 0.046296296296296294
4 0.6135416666666667 0.6462962962962963 0.026041666666666668 0.046296296296296294
3 0.7635416666666667 0.5851851851851851 0.026041666666666668 0.046296296296296294
1 0.5822916666666667 0.9 0.026041666666666668 0.046296296296296294
4 0.40625 0.48703703703703705 0.026041666666666668 0.046296296296296294
0 0.48333333333333334 0.2222222222222222 0.026041666666666668 0.046296296296296294
1 0.8166666666666667 0.9018518518518519 0.026041666666666668 0.046296296296296294
