0 0.48385416666666664 0.12037037037037036 0.026041666666666668 0.046296296296296294
0 0.49114583333333334 0.12037037037037036 0.026041666666666668 0.046296296296296294
0 0.4703125 0.13055555555555556 0.026041666666666668 0.046296296296296294
0 0.4546875 0.13425925925925927 0.026041666666666668 0.046296296296296294
0 0.46197916666666666 0.13703703703703704 0.026041666666666668 0.046296296296296294
0 0.44114583333333335 0.15092592592592594 0.026041666666666668 0.046296296296296294
0 0.4609375 0.15462962962962962 0.026041666666666668 0.046296296296296294
0 0.4479166666666667 0.16018518518518518 0.026041666666666668 0.046296296296296294
0 0.4739583333333333 0.16111111111111112 0.026041666666666668 0.046296296296296294
0 0.49114583333333334 0.16944444444444445 0.026041666666666668 0.046296296296296294
0 0.43125 0.17592592592592593 0.026041666666666668 0.046296296296296294
0 0.5010416666666667 0.17592592592592593 0.026041666666666668 0.046296296296296294
0 0.515625 0.17592592592592593 0.026041666666666668 0.046296296296296294
0 0.47760416666666666 0.1824074074074074 0.026041666666666668 0.046296296296296294
0 0.496875 0.18425925925925926 0.026041666666666668 0.046296296296296294
0 0.5041666666666667 0.18425925925925926 0.026041666666666668 0.046296296296296294
0 0.5130208333333334 0.18425925925925926 0.026041666666666668 0.046296296296296294
0 0.48072916666666665 0.19907407407407407 0.026041666666666668 0.046296296296296294
0 0.48802083333333335 0.19814814814814816 0.026041666666666668 0.046296296296296294
0 0.4578125 0.21388888888888888 0.026041666666666668 0.046296296296296294
0 0.4453125 0.23055555555555557 0.026041666666666668 0.046296296296296294
0 0.478125 0.23055555555555557 0.026041666666666668 0.046296296296296294
0 0.4661458333333333 0.25925925925925924 0.026041666666666668 0.046296296296296294
0 0.48072916666666665 0.2657407407407407 0.026041666666666668 0.046296296296296294
0 0.4921875 0.2740740740740741 0.026041666666666668 0.046296296296296294
0 0.465625 0.2824074074074074 0.026041666666666668 0.046296296296296294
0 0.49322916666666666 0.28425925925925927 0.026041666666666668 0.046296296296296294
0 0.5046875 0.2851851851851852 0.026041666666666668 0.046296296296296294
0 0.6947916666666667 0.28703703703703703 0.026041666666666668 0.046296296296296294
0 0.4578125 0.29444444444444445 0.026041666666666668 0.046296296296296294
0 0.4354166666666667 0.30277777777777776 0.026041666666666668 0.046296296296296294
0 0.4739583333333333 0.30092592592592593 0.026041666666666668 0.046296296296296294
0 0.4901041666666667 0.30092592592592593 0.026041666666666668 0.046296296296296294
0 0.503125 0.30092592592592593 0.026041666666666668 0.046296296296296294
0 0.5119791666666667 0.3 0.026041666666666668 0.046296296296296294
0 0.51875 0.30185185185185187 0.026041666666666668 0.046296296296296294
0 0.4239583333333333 0.31296296296296294 0.026041666666666668 0.046296296296296294
0 0.4739583333333333 0.3148148148148148 0.026041666666666668 0.046296296296296294
0 0.4947916666666667 0.31851851851851853 0.026041666666666668 0.046296296296296294
0 0.5020833333333333 0.31851851851851853 0.026041666666666668 0.046296296296296294
0 0.5489583333333333 0.3175925925925926 0.026041666666666668 0.046296296296296294
0 0.7067708333333333 0.31296296296296294 0.026041666666666668 0.046296296296296294
0 0.43645833333333334 0.3277777777777778 0.026041666666666668 0.046296296296296294
0 0.475 0.33240740740740743 0.026041666666666668 0.046296296296296294
4 0.5109375 0.3333333333333333 0.026041666666666668 0.046296296296296294
4 0.45 0.3388888888888889 0.026041666666666668 0.046296296296296294
4 0.45989583333333334 0.3388888888888889 0.026041666666666668 0.046296296296296294
4 0.5276041666666667 0.3398148148148148 0.026041666666666668 0.046296296296296294
4 0.540625 0.34074074074074073 0.026041666666666668 0.046296296296296294
4 0.44427083333333334 0.3509259259259259 0.026041666666666668 0.046296296296296294
4 0.4786458333333333 0.35 0.026041666666666668 0.046296296296296294
4 0.5005208333333333 0.3472222222222222 0.026041666666666668 0.046296296296296294
4 0.3828125 0.35462962962962963 0.026041666666666668 0.046296296296296294
4 0.5067708333333333 0.35555555555555557 0.026041666666666668 0.046296296296296294
4 0.5213541666666667 0.36018518518518516 0.026041666666666668 0.046296296296296294
4 0.5421875 0.3574074074074074 0.026041666666666668 0.046296296296296294
4 0.403125 0.36203703703703705 0.026041666666666668 0.046296296296296294
4 0.409375 0.362962962962963 0.026041666666666668 0.046296296296296294
4 0.415625 0.36203703703703705 0.026041666666666668 0.046296296296296294
4 0.4453125 0.3638888888888889 0.026041666666666668 0.046296296296296294
4 0.45625 0.3638888888888889 0.026041666666666668 0.046296296296296294
4 0.4744791666666667 0.36574074074074076 0.026041666666666668 0.046296296296296294
4 0.38645833333333335 0.37222222222222223 0.026041666666666668 0.046296296296296294
4 0.49895833333333334 0.37222222222222223 0.026041666666666668 0.046296296296296294
4 0.3729166666666667 0.38055555555555554 0.026041666666666668 0.046296296296296294
4 0.44583333333333336 0.37962962962962965 0.026041666666666668 0.046296296296296294
4 0.4828125 0.37962962962962965 0.026041666666666668 0.046296296296296294
4 0.39166666666666666 0.3861111111111111 0.026041666666666668 0.046296296296296294
4 0.5166666666666667 0.38425925925925924 0.026041666666666668 0.046296296296296294
4 0.37447916666666664 0.39537037037037037 0.026041666666666668 0.046296296296296294
4 0.38333333333333336 0.3962962962962963 0.026041666666666668 0.046296296296296294
4 0.46979166666666666 0.39537037037037037 0.026041666666666668 0.046296296296296294
4 0.4942708333333333 0.3972222222222222 0.026041666666666668 0.046296296296296294
4 0.5296875 0.39166666666666666 0.026041666666666668 0.046296296296296294
4 0.5364583333333334 0.39351851851851855 0.026041666666666668 0.046296296296296294
4 0.3921875 0.4 0.026041666666666668 0.046296296296296294
4 0.440625 0.40370370370370373 0.026041666666666668 0.046296296296296294
4 0.5104166666666666 0.4009259259259259 0.026041666666666668 0.046296296296296294
4 0.6578125 0.40370370370370373 0.026041666666666668 0.046296296296296294
2 0.20572916666666666 0.4064814814814815 0.026041666666666668 0.046296296296296294
4 0.37552083333333336 0.41203703703703703 0.026041666666666668 0.046296296296296294
4 0.3796875 0.4111111111111111 0.026041666666666668 0.046296296296296294
4 0.434375 0.40925925925925927 0.026041666666666668 0.046296296296296294
4 0.5229166666666667 0.4101851851851852 0.026041666666666668 0.046296296296296294
4 0.6505208333333333 0.4074074074074074 0.026041666666666668 0.046296296296296294
3 0.703125 0.4074074074074074 0.026041666666666668 0.046296296296296294
2 0.19479166666666667 0.41759259259259257 0.026041666666666668 0.046296296296296294
4 0.6572916666666667 0.41574074074074074 0.026041666666666668 0.046296296296296294
4 0.43802083333333336 0.42592592592592593 0.026041666666666668 0.046296296296296294
3 0.68125 0.42407407407407405 0.026041666666666668 0.046296296296296294
4 0.46979166666666666 0.43333333333333335 0.026041666666666668 0.046296296296296294
4 0.5338541666666666 0.43333333333333335 0.026041666666666668 0.046296296296296294
3 0.6703125 0.43425925925925923 0.026041666666666668 0.046296296296296294
4 0.43802083333333336 0.44166666666666665 0.026041666666666668 0.046296296296296294
4 0.5046875 0.45 0.026041666666666668 0.046296296296296294
4 0.653125 0.45 0.026041666666666668 0.046296296296296294
4 0.665625 0.4638888888888889 0.026041666666666668 0.046296296296296294
4 0.4239583333333333 0.4722222222222222 0.026041666666666668 0.046296296296296294
4 0.5114583333333333 0.4703703703703704 0.026041666666666668 0.046296296296296294
4 0.4942708333333333 0.48148148148148145 0.026041666666666668 0.046296296296296294
4 0.37864583333333335 0.4888888888888889 0.026041666666666668 0.046296296296296294
4 0.5161458333333333 0.4888888888888889 0.026041666666666668 0.046296296296296294
4 0.6458333333333334 0.48703703703703705 0.026041666666666668 0.046296296296296294
3 0.6703125 0.4861111111111111 0.026041666666666668 0.046296296296296294
3 0.6744791666666666 0.5018518518518519 0.026041666666666668 0.046296296296296294
4 0.4947916666666667 0.5111111111111111 0.026041666666666668 0.046296296296296294
4 0.5114583333333333 0.5138888888888888 0.026041666666666668 0.046296296296296294
4 0.625 0.5101851851851852 0.026041666666666668 0.046296296296296294
3 0.6947916666666667 0.5203703703703704 0.026041666666666668 0.046296296296296294
4 0.5119791666666667 0.5268518518518519 0.026041666666666668 0.046296296296296294
4 0.6135416666666667 0.5277777777777778 0.026041666666666668 0.046296296296296294
4 0.6333333333333333 0.5268518518518519 0.026041666666666668 0.046296296296296294
3 0.6703125 0.5333333333333333 0.026041666666666668 0.046296296296296294
3 0.7276041666666667 0.5287037037037037 0.026041666666666668 0.046296296296296294
4 0.4703125 0.5416666666666666 0.026041666666666668 0.046296296296296294
4 0.5953125 0.5407407407407407 0.026041666666666668 0.046296296296296294
4 0.6072916666666667 0.5444444444444444 0.026041666666666668 0.046296296296296294
4 0.39791666666666664 0.5435185185185185 0.026041666666666668 0.046296296296296294
4 0.5322916666666667 0.55 0.026041666666666668 0.046296296296296294
4 0.5619791666666667 0.5509259259259259 0.026041666666666668 0.046296296296296294
4 0.5875 0.5601851851851852 0.026041666666666668 0.046296296296296294
3 0.7520833333333333 0.5583333333333333 0.026041666666666668 0.046296296296296294
4 0.45364583333333336 0.5666666666666667 0.026041666666666668 0.046296296296296294
4 0.4744791666666667 0.5638888888888889 0.026041666666666668 0.046296296296296294
4 0.5510416666666667 0.5657407407407408 0.026041666666666668 0.046296296296296294
3 0.7390625 0.5601851851851852 0.026041666666666668 0.046296296296296294
4 0.5822916666666667 0.5805555555555556 0.026041666666666668 0.046296296296296294
4 0.6036458333333333 0.5796296296296296 0.026041666666666668 0.046296296296296294
4 0.453125 0.5861111111111111 0.026041666666666668 0.046296296296296294
4 0.528125 0.5898148148148148 0.026041666666666668 0.046296296296296294
4 0.4859375 0.5972222222222222 0.026041666666666668 0.046296296296296294
4 0.44114583333333335 0.6027777777777777 0.026041666666666668 0.046296296296296294
4 0.6302083333333334 0.6046296296296296 0.026041666666666668 0.046296296296296294
3 0.7364583333333333 0.6037037037037037 0.026041666666666668 0.046296296296296294
4 0.4875 0.612037037037037 0.026041666666666668 0.046296296296296294
4 0.5203125 0.6194444444444445 0.026041666666666668 0.046296296296296294
4 0.5744791666666667 0.6175925925925926 0.026041666666666668 0.046296296296296294
4 0.525 0.6361111111111111 0.026041666666666668 0.046296296296296294
3 0.7286458333333333 0.6361111111111111 0.026041666666666668 0.046296296296296294
4 0.5901041666666667 0.649074074074074 0.026041666666666668 0.046296296296296294
4 0.6291666666666667 0.6481481481481481 0.026041666666666668 0.046296296296296294
1 0.45260416666666664 0.6675925925925926 0.026041666666666668 0.046296296296296294
1 0.39375 0.6685185185185185 0.026041666666666668 0.046296296296296294
1 0.7015625 0.6675925925925926 0.026041666666666668 0.046296296296296294
1 0.6614583333333334 0.6824074074074075 0.026041666666666668 0.046296296296296294
1 0.47604166666666664 0.7148148148148148 0.026041666666666668 0.046296296296296294
1 0.5796875 0.7518518518518519 0.026041666666666668 0.046296296296296294
1 0.8833333333333333 0.7416666666666667 0.026041666666666668 0.046296296296296294
1 0.5072916666666667 0.7611111111111111 0.026041666666666668 0.046296296296296294
1 0.9541666666666667 0.7583333333333333 0.026041666666666668 0.046296296296296294
1 0.8994791666666667 0.7657407407407407 0.026041666666666668 0.046296296296296294
1 0.7859375 0.8037037037037037 0.026041666666666668 0.046296296296296294
1 0.8010416666666667 0.8444444444444444 0.026041666666666668 0.046296296296296294
1 0.825 0.8675925925925926 0.026041666666666668 0.046296296296296294
1 0.11927083333333334 0.8703703703703703 0.026041666666666668 0.046296296296296294
1 0.5703125 0.9175925925925926 0.026041666666666668 0.046296296296296294
1 0.32864583333333336 0.9231481481481482 0.026041666666666668 0.046296296296296294
1 0.9328125 0.924074074074074 0.026041666666666668 0.046296296296296294
1 0.5333333333333333 0.9388888888888889 0.026041666666666668 0.046296296296296294
1 0.8244791666666667 0.9444444444444444 0.026041666666666668 0.046296296296296294
1 0.1 0.9564814814814815 0.026041666666666668 0.046296296296296294
1 0.5822916666666667 0.9527777777777777 0.026041666666666668 0.046296296296296294
1 0.4635416666666667 0.9527777777777777 0.026041666666666668 0.046296296296296294
1 0.9604166666666667 0.9453703703703704 0.026041666666666668 0.046296296296296294
1 0.2828125 0.975 0.026041666666666668 0.046296296296296294
1 0.6239583333333333 0.9731481481481481 0.026041666666666668 0.046296296296296294
1 0.9427083333333334 0.9777777777777777 0.026041666666666668 0.046296296296296294
1 0.5317708333333333 0.9879629629629629 0.026041666666666668 0.046296296296296294
1 0.13958333333333334 0.7185185185185186 0.026041666666666668 0.046296296296296294
1 0.16354166666666667 0.8055555555555556 0.026041666666666668 0.046296296296296294
1 0.346875 0.8 0.026041666666666668 0.046296296296296294
2 0.17708333333333334 0.4777777777777778 0.026041666666666668 0.046296296296296294
2 0.22395833333333334 0.4722222222222222 0.026041666666666668 0.046296296296296294
4 0.5416666666666666 0.6388888888888888 0.026041666666666668 0.046296296296296294
1 0.43854166666666666 0.6944444444444444 0.026041666666666668 0.046296296296296294
1 0.39895833333333336 0.7166666666666667 0.026041666666666668 0.046296296296296294
1 0.7208333333333333 0.725925925925926 0.026041666666666668 0.046296296296296294
1 0.6645833333333333 0.737037037037037 0.026041666666666668 0.046296296296296294
3 0.7645833333333333 0.5814814814814815 0.026041666666666668 0.046296296296296294
1 0.7833333333333333 0.6759259259259259 0.026041666666666668 0.046296296296296294
0 0.6510416666666666 0.24814814814814815 0.026041666666666668 0.046296296296296294
4 0.44895833333333335 0.48518518518518516 0.026041666666666668 0.046296296296296294
4 0.4375 0.5166666666666667 0.026041666666666668 0.046296296296296294
4 0.43020833333333336 0.5685185185185185 0.026041666666666668 0.046296296296296294
1 0.5416666666666666 0.6777777777777778 0.026041666666666668 0.046296296296296294
4 0.6625 0.6370370370370371 0.026041666666666668 0.046296296296296294
3 0.6760416666666667 0.6351851851851852 0.026041666666666668 0.046296296296296294
