0 0.49114583333333334 0.09722222222222222 0.026041666666666668 0.046296296296296294
0 0.4822916666666667 0.10555555555555556 0.026041666666666668 0.046296296296296294
0 0.46145833333333336 0.12129629629629629 0.026041666666666668 0.046296296296296294
0 0.4895833333333333 0.12222222222222222 0.026041666666666668 0.046296296296296294
0 0.4557291666666667 0.12777777777777777 0.026041666666666668 0.046296296296296294
0 0.4421875 0.13518518518518519 0.026041666666666668 0.046296296296296294
0 0.4484375 0.13703703703703704 0.026041666666666668 0.046296296296296294
0 0.46510416666666665 0.1361111111111111 0.026041666666666668 0.046296296296296294
0 0.4901041666666667 0.1388888888888889 0.026041666666666668 0.046296296296296294
0 0.4296875 0.14166666666666666 0.026041666666666668 0.046296296296296294
0 0.4588541666666667 0.14537037037037037 0.026041666666666668 0.046296296296296294
0 0.47291666666666665 0.14537037037037037 0.026041666666666668 0.046296296296296294
0 0.43802083333333336 0.15462962962962962 0.026041666666666668 0.046296296296296294
0 0.4708333333333333 0.1527777777777778 0.026041666666666668 0.046296296296296294
0 0.47708333333333336 0.1537037037037037 0.026041666666666668 0.046296296296296294
0 0.459375 0.1685185185185185 0.026041666666666668 0.046296296296296294
0 0.4828125 0.18333333333333332 0.026041666666666668 0.046296296296296294
0 0.5135416666666667 0.18425925925925926 0.026041666666666668 0.046296296296296294
0 0.46145833333333336 0.19074074074074074 0.026041666666666668 0.046296296296296294
0 0.49895833333333334 0.2212962962962963 0.026041666666666668 0.046296296296296294
0 0.47291666666666665 0.22777777777777777 0.026041666666666668 0.046296296296296294
0 0.515625 0.23055555555555557 0.026041666666666668 0.046296296296296294
0 0.5385416666666667 0.2657407407407407 0.026041666666666668 0.046296296296296294
0 0.5041666666666667 0.27870370370370373 0.026041666666666668 0.046296296296296294
0 0.44479166666666664 0.2824074074074074 0.026041666666666668 0.046296296296296294
0 0.45625 0.2833333333333333 0.026041666666666668 0.046296296296296294
0 0.45 0.2962962962962963 0.026041666666666668 0.046296296296296294
0 0.4921875 0.29259259259259257 0.026041666666666668 0.046296296296296294
0 0.5083333333333333 0.2935185185185185 0.026041666666666668 0.046296296296296294
0 0.459375 0.29907407407407405 0.026041666666666668 0.046296296296296294
0 0.465625 0.30185185185185187 0.026041666666666668 0.046296296296296294
0 0.48385416666666664 0.2972222222222222 0.026041666666666668 0.046296296296296294
0 0.5130208333333334 0.30277777777777776 0.026041666666666668 0.046296296296296294
0 0.6666666666666666 0.3055555555555556 0.026041666666666668 0.046296296296296294
0 0.421875 0.3138888888888889 0.026041666666666668 0.046296296296296294
0 0.428125 0.3148148148148148 0.026041666666666668 0.046296296296296294
0 0.4828125 0.31851851851851853 0.026041666666666668 0.046296296296296294
0 0.5072916666666667 0.3175925925925926 0.026041666666666668 0.046296296296296294
0 0.7015625 0.3138888888888889 0.026041666666666668 0.046296296296296294
0 0.4453125 0.32407407407407407 0.026041666666666668 0.046296296296296294
0 0.46197916666666666 0.32407407407407407 0.026041666666666668 0.046296296296296294
0 0.4703125 0.32407407407407407 0.026041666666666668 0.046296296296296294
0 0.515625 0.3212962962962963 0.026041666666666668 0.046296296296296294
4 0.45260416666666664 0.3333333333333333 0.026041666666666668 0.046296296296296294
4 0.4239583333333333 0.3425925925925926 0.026041666666666668 0.046296296296296294
4 0.46510416666666665 0.33796296296296297 0.026041666666666668 0.046296296296296294
4 0.41770833333333335 0.35 0.026041666666666668 0.046296296296296294
4 0.453125 0.3453703703703704 0.026041666666666668 0.046296296296296294
4 0.5020833333333333 0.3509259259259259 0.026041666666666668 0.046296296296296294
4 0.39010416666666664 0.35462962962962963 0.026041666666666668 0.046296296296296294
4 0.403125 0.35462962962962963 0.026041666666666668 0.046296296296296294
4 0.440625 0.3574074074074074 0.026041666666666668 0.046296296296296294
4 0.37395833333333334 0.3638888888888889 0.026041666666666668 0.046296296296296294
4 0.4578125 0.362962962962963 0.026041666666666668 0.046296296296296294
4 0.5036458333333333 0.3638888888888889 0.026041666666666668 0.046296296296296294
4 0.37395833333333334 0.3712962962962963 0.026041666666666668 0.046296296296296294
4 0.4161458333333333 0.36944444444444446 0.026041666666666668 0.046296296296296294
2 0.2203125 0.37962962962962965 0.026041666666666668 0.046296296296296294
4 0.425 0.37777777777777777 0.026041666666666668 0.046296296296296294
4 0.43697916666666664 0.37962962962962965 0.026041666666666668 0.046296296296296294
4 0.478125 0.3787037037037037 0.026041666666666668 0.046296296296296294
4 0.5114583333333333 0.3824074074074074 0.026041666666666668 0.046296296296296294
4 0.38697916666666665 0.3888888888888889 0.026041666666666668 0.046296296296296294
2 0.21197916666666666 0.39351851851851855 0.026041666666666668 0.046296296296296294
4 0.6546875 0.3990740740740741 0.026041666666666668 0.046296296296296294
3 0.6755208333333333 0.39166666666666666 0.026041666666666668 0.046296296296296294
2 0.17447916666666666 0.40185185185185185 0.026041666666666668 0.046296296296296294
2 0.19479166666666667 0.4009259259259259 0.026041666666666668 0.046296296296296294
4 0.48020833333333335 0.39814814814814814 0.026041666666666668 0.046296296296296294
4 0.5 0.40370370370370373 0.026041666666666668 0.046296296296296294
4 0.653125 0.4046296296296296 0.026041666666666668 0.046296296296296294
4 0.4036458333333333 0.4083333333333333 0.026041666666666668 0.046296296296296294
4 0.5072916666666667 0.4101851851851852 0.026041666666666668 0.046296296296296294
4 0.43697916666666664 0.4166666666666667 0.026041666666666668 0.046296296296296294
4 0.6541666666666667 0.4185185185185185 0.026041666666666668 0.046296296296296294
4 0.45260416666666664 0.42592592592592593 0.026041666666666668 0.046296296296296294
4 0.490625 0.4324074074074074 0.026041666666666668 0.046296296296296294
4 0.65 0.4388888888888889 0.026041666666666668 0.046296296296296294
4 0.5083333333333333 0.45 0.026041666666666668 0.046296296296296294
4 0.5234375 0.44907407407407407 0.026041666666666668 0.046296296296296294
3 0.7020833333333333 0.44814814814814813 0.026041666666666668 0.046296296296296294
4 0.665625 0.4564814814814815 0.026041666666666668 0.046296296296296294
3 0.678125 0.4537037037037037 0.026041666666666668 0.046296296296296294
4 0.525 0.46296296296296297 0.026041666666666668 0.046296296296296294
4 0.659375 0.4648148148148148 0.026041666666666668 0.046296296296296294
3 0.6869791666666667 0.4638888888888889 0.026041666666666668 0.046296296296296294
4 0.5338541666666666 0.475 0.026041666666666668 0.046296296296296294
4 0.5255208333333333 0.48518518518518516 0.026041666666666668 0.046296296296296294
4 0.6192708333333333 0.487962962962963 0.026041666666666668 0.046296296296296294
4 0.5083333333333333 0.4981481481481482 0.026041666666666668 0.046296296296296294
4 0.6083333333333333 0.4962962962962963 0.026041666666666668 0.046296296296296294
3 0.6776041666666667 0.4981481481481482 0.026041666666666668 0.046296296296296294
4 0.503125 0.5166666666666667 0.026041666666666668 0.046296296296296294
4 0.5994791666666667 0.5194444444444445 0.026041666666666668 0.046296296296296294
3 0.6713541666666667 0.5194444444444445 0.026041666666666668 0.046296296296296294
4 0.6229166666666667 0.5277777777777778 0.026041666666666668 0.046296296296296294
3 0.6817708333333333 0.5277777777777778 0.026041666666666668 0.046296296296296294
3 0.7328125 0.5333333333333333 0.026041666666666668 0.046296296296296294
4 0.603125 0.5407407407407407 0.026041666666666668 0.046296296296296294
4 0.6291666666666667 0.5453703703703704 0.026041666666666668 0.046296296296296294
4 0.4166666666666667 0.5555555555555556 0.026041666666666668 0.046296296296296294
3 0.7526041666666666 0.5648148148148148 0.026041666666666668 0.046296296296296294
4 0.625 0.5722222222222222 0.026041666666666668 0.046296296296296294
4 0.5161458333333333 0.5833333333333334 0.026041666666666668 0.046296296296296294
4 0.6088541666666667 0.5796296296296296 0.026041666666666668 0.046296296296296294
4 0.6286458333333333 0.5824074074074074 0.026041666666666668 0.046296296296296294
4 0.659375 0.5787037037037037 0.026041666666666668 0.046296296296296294
4 0.6114583333333333 0.5944444444444444 0.026041666666666668 0.046296296296296294
4 0.39166666666666666 0.5898148148148148 0.026041666666666668 0.046296296296296294
4 0.4671875 0.5990740740740741 0.026041666666666668 0.046296296296296294
4 0.50625 0.6101851851851852 0.026041666666666668 0.046296296296296294
4 0.6286458333333333 0.6138888888888889 0.026041666666666668 0.046296296296296294
4 0.5364583333333334 0.6185185185185185 0.026041666666666668 0.046296296296296294
4 0.5489583333333333 0.6425925925925926 0.026041666666666668 0.046296296296296294
4 0.5864583333333333 0.6620370370370371 0.026041666666666668 0.046296296296296294
1 0.48385416666666664 0.6898148148148148 0.026041666666666668 0.046296296296296294
1 0.4234375 0.6981481481481482 0.026041666666666668 0.046296296296296294
1 0.7286458333333333 0.7111111111111111 0.026041666666666668 0.046296296296296294
1 0.5447916666666667 0.7185185185185186 0.026041666666666668 0.046296296296296294
1 0.8390625 0.7166666666666667 0.026041666666666668 0.046296296296296294
1 0.4822916666666667 0.7444444444444445 0.026041666666666668 0.046296296296296294
1 0.4765625 0.75 0.026041666666666668 0.046296296296296294
1 0.5057291666666667 0.7759259259259259 0.026041666666666668 0.046296296296296294
1 0.6041666666666666 0.7935185185185185 0.026041666666666668 0.046296296296296294
1 0.6796875 0.7972222222222223 0.026041666666666668 0.046296296296296294
1 0.11145833333333334 0.8212962962962963 0.026041666666666668 0.046296296296296294
1 0.6338541666666667 0.837037037037037 0.026041666666666668 0.046296296296296294
1 0.8244791666666667 0.8407407407407408 0.026041666666666668 0.046296296296296294
1 0.04635416666666667 0.8435185185185186 0.026041666666666668 0.046296296296296294
1 0.5791666666666667 0.8435185185185186 0.026041666666666668 0.046296296296296294
1 0.09947916666666666 0.8629629629629629 0.026041666666666668 0.046296296296296294
1 0.8291666666666667 0.8611111111111112 0.026041666666666668 0.046296296296296294
1 0.14427083333333332 0.8675925925925926 0.026041666666666668 0.046296296296296294
1 0.2921875 0.8898148148148148 0.026041666666666668 0.046296296296296294
1 0.8458333333333333 0.8953703703703704 0.026041666666666668 0.046296296296296294
1 0.0067708333333333336 0.9009259259259259 0.026041666666666668 0.046296296296296294
1 0.19479166666666667 0.8981481481481481 0.026041666666666668 0.046296296296296294
1 0.078125 0.9092592592592592 0.026041666666666668 0.046296296296296294
1 0.43802083333333336 0.8953703703703704 0.026041666666666668 0.046296296296296294
1 0.9932291666666667 0.9111111111111111 0.026041666666666668 0.046296296296296294
1 0.225 0.9138888888888889 0.026041666666666668 0.046296296296296294
1 0.2875 0.9222222222222223 0.026041666666666668 0.046296296296296294
1 0.2546875 0.9231481481481482 0.026041666666666668 0.046296296296296294
1 0.7880208333333333 0.9407407407407408 0.026041666666666668 0.046296296296296294
1 0.17447916666666666 0.9629629629629629 0.026041666666666668 0.046296296296296294
1 0.2828125 0.9685185185185186 0.026041666666666668 0.046296296296296294
1 0.8885416666666667 0.825925925925926 0.026041666666666668 0.046296296296296294
1 0.8875 0.7481481481481481 0.026041666666666668 0.046296296296296294
1 0.834375 0.9425925925925925 0.026041666666666668 0.046296296296296294
1 0.7270833333333333 0.7925925925925926 0.026041666666666668 0.046296296296296294
1 0.7760416666666666 0.6685185185185185 0.026041666666666668 0.046296296296296294
3 0.7520833333333333 0.6314814814814815 0.026041666666666668 0.046296296296296294
3 0.7270833333333333 0.5833333333333334 0.026041666666666668 0.046296296296296294
4 0.6625 0.6185185185185185 0.026041666666666668 0.046296296296296294
4 0.625 0.6537037037037037 0.026041666666666668 0.046296296296296294
4 0.584375 0.6425925925925926 0.026041666666666668 0.046296296296296294
1 0.5520833333333334 0.7833333333333333 0.026041666666666668 0.046296296296296294
1 0.35 0.7444444444444445 0.026041666666666668 0.046296296296296294
1 0.12083333333333333 0.9055555555555556 0.026041666666666668 0.046296296296296294
1 0.04895833333333333 0.9314814814814815 0.026041666666666668 0.046296296296296294
2 0.18229166666666666 0.4537037037037037 0.026041666666666668 0.046296296296296294
0 0.69375 0.29444444444444445 0.026041666666666668 0.046296296296296294
1 0.40208333333333335 0.7981481481481482 0.026041666666666668 0.046296296296296294
4 0.4239583333333333 0.46111111111111114 0.026041666666666668 0.046296296296296294
4 0.5322916666666667 0.5574074074074075 0.026041666666666668 0.046296296296296294
4 0.5208333333333334 0.5351851851851852 0.026041666666666668 0.046296296296296294
1 0.971875 0.9518518518518518 0.026041666666666668 0.046296296296296294
