0 0.4869791666666667 0.09166666666666666 0.026041666666666668 0.046296296296296294
0 0.4708333333333333 0.0962962962962963 0.026041666666666668 0.046296296296296294
0 0.4796875 0.1 0.026041666666666668 0.046296296296296294
0 0.4822916666666667 0.10740740740740741 0.026041666666666668 0.046296296296296294
0 0.4786458333333333 0.12222222222222222 0.026041666666666668 0.046296296296296294
0 0.48333333333333334 0.12129629629629629 0.026041666666666668 0.046296296296296294
0 0.490625 0.12314814814814815 0.026041666666666668 0.046296296296296294
0 0.4588541666666667 0.1259259259259259 0.026041666666666668 0.046296296296296294
0 0.4421875 0.13425925925925927 0.026041666666666668 0.046296296296296294
0 0.4505208333333333 0.13425925925925927 0.026041666666666668 0.046296296296296294
0 0.453125 0.13703703703703704 0.026041666666666668 0.046296296296296294
0 0.4708333333333333 0.13796296296296295 0.026041666666666668 0.046296296296296294
0 0.43020833333333336 0.1425925925925926 0.026041666666666668 0.046296296296296294
0 0.440625 0.14351851851851852 0.026041666666666668 0.046296296296296294
0 0.4635416666666667 0.14444444444444443 0.026041666666666668 0.046296296296296294
0 0.4296875 0.15833333333333333 0.026041666666666668 0.046296296296296294
0 0.43385416666666665 0.17685185185185184 0.026041666666666668 0.046296296296296294
0 0.48385416666666664 0.17592592592592593 0.026041666666666668 0.046296296296296294
0 0.47604166666666664 0.1824074074074074 0.026041666666666668 0.046296296296296294
0 0.49635416666666665 0.20092592592592592 0.026041666666666668 0.046296296296296294
0 0.5166666666666667 0.21481481481481482 0.026041666666666668 0.046296296296296294
0 0.478125 0.22870370370370371 0.026041666666666668 0.046296296296296294
0 0.5067708333333333 0.22962962962962963 0.026041666666666668 0.046296296296296294
0 0.46510416666666665 0.2351851851851852 0.026041666666666668 0.046296296296296294
0 0.478125 0.24444444444444444 0.026041666666666668 0.046296296296296294
0 0.5067708333333333 0.2537037037037037 0.026041666666666668 0.046296296296296294
0 0.5041666666666667 0.26296296296296295 0.026041666666666668 0.046296296296296294
0 0.515625 0.26944444444444443 0.026041666666666668 0.046296296296296294
0 0.49895833333333334 0.27870370370370373 0.026041666666666668 0.046296296296296294
0 0.5192708333333333 0.2814814814814815 0.026041666666666668 0.046296296296296294
0 0.5338541666666666 0.2759259259259259 0.026041666666666668 0.046296296296296294
0 0.5416666666666666 0.27870370370370373 0.026041666666666668 0.046296296296296294
0 0.5114583333333333 0.2851851851851852 0.026041666666666668 0.046296296296296294
0 0.546875 0.28703703703703703 0.026041666666666668 0.046296296296296294
0 0.4822916666666667 0.29259259259259257 0.026041666666666668 0.046296296296296294
0 0.6916666666666667 0.29259259259259257 0.026041666666666668 0.046296296296296294
0 0.4984375 0.29814814814814816 0.026041666666666668 0.046296296296296294
0 0.5151041666666667 0.3101851851851852 0.026041666666666668 0.046296296296296294
0 0.5 0.31666666666666665 0.026041666666666668 0.046296296296296294
0 0.5083333333333333 0.31666666666666665 0.026041666666666668 0.046296296296296294
0 0.7005208333333334 0.31666666666666665 0.026041666666666668 0.046296296296296294
0 0.4661458333333333 0.32037037037037036 0.026041666666666668 0.046296296296296294
0 0.4953125 0.32685185185185184 0.026041666666666668 0.046296296296296294
0 0.44479166666666664 0.33240740740740743 0.026041666666666668 0.046296296296296294
0 0.4739583333333333 0.3314814814814815 0.026041666666666668 0.046296296296296294
4 0.4546875 0.33796296296296297 0.026041666666666668 0.046296296296296294
4 0.49583333333333335 0.34074074074074073 0.026041666666666668 0.046296296296296294
4 0.5072916666666667 0.3398148148148148 0.026041666666666668 0.046296296296296294
4 0.440625 0.35 0.026041666666666668 0.046296296296296294
4 0.44895833333333335 0.34814814814814815 0.026041666666666668 0.046296296296296294
4 0.4 0.35648148148148145 0.026041666666666668 0.046296296296296294
4 0.4244791666666667 0.35462962962962963 0.026041666666666668 0.046296296296296294
4 0.378125 0.3648148148148148 0.026041666666666668 0.046296296296296294
4 0.45625 0.36203703703703705 0.026041666666666668 0.046296296296296294
4 0.5067708333333333 0.362962962962963 0.026041666666666668 0.046296296296296294
4 0.5140625 0.3712962962962963 0.026041666666666668 0.046296296296296294
2 0.21979166666666666 0.37962962962962965 0.026041666666666668 0.046296296296296294
4 0.4375 0.3768518518518518 0.026041666666666668 0.046296296296296294
4 0.4786458333333333 0.3768518518518518 0.026041666666666668 0.046296296296296294
4 0.5270833333333333 0.387037037037037 0.026041666666666668 0.046296296296296294
4 0.3854166666666667 0.39351851851851855 0.026041666666666668 0.046296296296296294
4 0.5151041666666667 0.39444444444444443 0.026041666666666668 0.046296296296296294
4 0.43645833333333334 0.4009259259259259 0.026041666666666668 0.046296296296296294
4 0.6520833333333333 0.40185185185185185 0.026041666666666668 0.046296296296296294
4 0.4234375 0.4111111111111111 0.026041666666666668 0.046296296296296294
4 0.4953125 0.4101851851851852 0.026041666666666668 0.046296296296296294
4 0.6640625 0.41203703703703703 0.026041666666666668 0.046296296296296294
4 0.4401041666666667 0.4166666666666667 0.026041666666666668 0.046296296296296294
4 0.5291666666666667 0.4166666666666667 0.026041666666666668 0.046296296296296294
4 0.4239583333333333 0.425 0.026041666666666668 0.046296296296296294
4 0.6536458333333334 0.42407407407407405 0.026041666666666668 0.046296296296296294
4 0.42864583333333334 0.43425925925925923 0.026041666666666668 0.046296296296296294
4 0.5166666666666667 0.4324074074074074 0.026041666666666668 0.046296296296296294
3 0.690625 0.4324074074074074 0.026041666666666668 0.046296296296296294
4 0.47552083333333334 0.4425925925925926 0.026041666666666668 0.046296296296296294
4 0.5067708333333333 0.44074074074074077 0.026041666666666668 0.046296296296296294
4 0.5192708333333333 0.4425925925925926 0.026041666666666668 0.046296296296296294
4 0.6666666666666666 0.4425925925925926 0.026041666666666668 0.046296296296296294
3 0.6984375 0.4388888888888889 0.026041666666666668 0.046296296296296294
4 0.43385416666666665 0.45 0.026041666666666668 0.046296296296296294
4 0.4666666666666667 0.44814814814814813 0.026041666666666668 0.046296296296296294
4 0.3953125 0.4583333333333333 0.026041666666666668 0.046296296296296294
4 0.4869791666666667 0.4564814814814815 0.026041666666666668 0.046296296296296294
4 0.5197916666666667 0.4546296296296296 0.026041666666666668 0.046296296296296294
4 0.5369791666666667 0.4564814814814815 0.026041666666666668 0.046296296296296294
4 0.6546875 0.4564814814814815 0.026041666666666668 0.046296296296296294
3 0.675 0.4648148148148148 0.026041666666666668 0.046296296296296294
3 0.6859375 0.4648148148148148 0.026041666666666668 0.046296296296296294
4 0.5041666666666667 0.47314814814814815 0.026041666666666668 0.046296296296296294
4 0.6536458333333334 0.4722222222222222 0.026041666666666668 0.046296296296296294
4 0.3958333333333333 0.47962962962962963 0.026041666666666668 0.046296296296296294
4 0.46875 0.4777777777777778 0.026041666666666668 0.046296296296296294
3 0.6744791666666666 0.47962962962962963 0.026041666666666668 0.046296296296296294
4 0.4322916666666667 0.4861111111111111 0.026041666666666668 0.046296296296296294
4 0.4901041666666667 0.48703703703703705 0.026041666666666668 0.046296296296296294
4 0.6130208333333333 0.4898148148148148 0.026041666666666668 0.046296296296296294
4 0.6291666666666667 0.4981481481481482 0.026041666666666668 0.046296296296296294
3 0.6989583333333333 0.49722222222222223 0.026041666666666668 0.046296296296296294
4 0.46458333333333335 0.5009259259259259 0.026041666666666668 0.046296296296296294
4 0.6119791666666666 0.5027777777777778 0.026041666666666668 0.046296296296296294
4 0.6630208333333333 0.5046296296296297 0.026041666666666668 0.046296296296296294
3 0.6817708333333333 0.5083333333333333 0.026041666666666668 0.046296296296296294
3 0.6989583333333333 0.5101851851851852 0.026041666666666668 0.046296296296296294
4 0.4505208333333333 0.5175925925925926 0.026041666666666668 0.046296296296296294
4 0.5953125 0.5185185185185185 0.026041666666666668 0.046296296296296294
4 0.3953125 0.5268518518518519 0.026041666666666668 0.046296296296296294
4 0.6239583333333333 0.5259259259259259 0.026041666666666668 0.046296296296296294
4 0.6567708333333333 0.525 0.026041666666666668 0.046296296296296294
3 0.6703125 0.5268518518518519 0.026041666666666668 0.046296296296296294
4 0.39739583333333334 0.5481481481481482 0.026041666666666668 0.046296296296296294
4 0.6145833333333334 0.5481481481481482 0.026041666666666668 0.046296296296296294
4 0.6296875 0.55 0.026041666666666668 0.046296296296296294
4 0.6010416666666667 0.5712962962962963 0.026041666666666668 0.046296296296296294
4 0.640625 0.5925925925925926 0.026041666666666668 0.046296296296296294
4 0.5447916666666667 0.5990740740740741 0.026041666666666668 0.046296296296296294
4 0.6583333333333333 0.5916666666666667 0.026041666666666668 0.046296296296296294
4 0.515625 0.6046296296296296 0.026041666666666668 0.046296296296296294
4 0.4317708333333333 0.6083333333333333 0.026041666666666668 0.046296296296296294
4 0.6473958333333333 0.6129629629629629 0.026041666666666668 0.046296296296296294
4 0.525 0.6203703703703703 0.026041666666666668 0.046296296296296294
4 0.5401041666666667 0.6324074074074074 0.026041666666666668 0.046296296296296294
4 0.5755208333333334 0.6370370370370371 0.026041666666666668 0.046296296296296294
2 0.2109375 0.6462962962962963 0.026041666666666668 0.046296296296296294
2 0.22239583333333332 0.662962962962963 0.026041666666666668 0.046296296296296294
3 0.7427083333333333 0.6592592592592592 0.026041666666666668 0.046296296296296294
3 0.7708333333333334 0.6648148148148149 0.026041666666666668 0.046296296296296294
1 0.7380208333333333 0.6777777777777778 0.026041666666666668 0.046296296296296294
1 0.1875 0.6898148148148148 0.026041666666666668 0.046296296296296294
1 0.7166666666666667 0.7055555555555556 0.026041666666666668 0.046296296296296294
1 0.6572916666666667 0.7129629629629629 0.026041666666666668 0.046296296296296294
1 0.5458333333333333 0.7212962962962963 0.026041666666666668 0.046296296296296294
1 0.8822916666666667 0.7472222222222222 0.026041666666666668 0.046296296296296294
1 0.9166666666666666 0.7555555555555555 0.026041666666666668 0.046296296296296294
1 0.8239583333333333 0.7620370370370371 0.026041666666666668 0.046296296296296294
1 0.7427083333333333 0.7981481481481482 0.026041666666666668 0.046296296296296294
1 0.8260416666666667 0.825925925925926 0.026041666666666668 0.046296296296296294
1 0.8744791666666667 0.8361111111111111 0.026041666666666668 0.046296296296296294
1 0.7796875 0.8305555555555556 0.026041666666666668 0.046296296296296294
1 0.8427083333333333 0.8611111111111112 0.026041666666666668 0.046296296296296294
1 0.221875 0.8907407407407407 0.026041666666666668 0.046296296296296294
1 0.4395833333333333 0.8944444444444445 0.026041666666666668 0.046296296296296294
1 0.4671875 0.9064814814814814 0.026041666666666668 0.046296296296296294
1 0.3703125 0.9175925925925926 0.026041666666666668 0.046296296296296294
1 0.09166666666666666 0.9305555555555556 0.026041666666666668 0.046296296296296294
1 0.8244791666666667 0.9453703703703704 0.026041666666666668 0.046296296296296294
1 0.8760416666666667 0.9629629629629629 0.026041666666666668 0.046296296296296294
1 0.9661458333333334 0.95 0.026041666666666668 0.046296296296296294
1 0.5890625 0.9601851851851851 0.026041666666666668 0.046296296296296294
1 0.9401041666666666 0.9953703703703703 0.026041666666666668 0.046296296296296294
2 0.22916666666666666 0.6240740740740741 0.026041666666666668 0.046296296296296294
2 0.20729166666666668 0.4166666666666667 0.026041666666666668 0.046296296296296294
2 0.18125 0.4351851851851852 0.026041666666666668 0.046296296296296294
4 0.45416666666666666 0.6185185185185185 0.026041666666666668 0.046296296296296294
4 0.37916666666666665 0.6018518518518519 0.026041666666666668 0.046296296296296294
4 0.3885416666666667 0.5574074074074075 0.026041666666666668 0.046296296296296294
3 0.7625 0.5740740740740741 0.026041666666666668 0.046296296296296294
3 0.7489583333333333 0.5648148148148148 0.026041666666666668 0.046296296296296294
3 0.7354166666666667 0.5462962962962963 0.026041666666666668 0.046296296296296294
3 0.7291666666666666 0.5666666666666667 0.026041666666666668 0.046296296296296294
1 0.8458333333333333 0.9055555555555556 0.026041666666666668 0.046296296296296294
1 0.7 0.9685185185185186 0.026041666666666668 0.046296296296296294
4 0.6229166666666667 0.6222222222222222 0.026041666666666668 0.046296296296296294
4 0.5979166666666667 0.6296296296296297 0.026041666666666668 0.046296296296296294
4 0.5114583333333333 0.5074074074074074 0.026041666666666668 0.046296296296296294
4 0.521875 0.5462962962962963 0.026041666666666668 0.046296296296296294
