0 0.4713541666666667 0.09537037037037037 0.026041666666666668 0.046296296296296294
0 0.48333333333333334 0.10555555555555556 0.026041666666666668 0.046296296296296294
0 0.4708333333333333 0.11296296296296296 0.026041666666666668 0.046296296296296294
0 0.47760416666666666 0.12314814814814815 0.026041666666666668 0.046296296296296294
0 0.49114583333333334 0.12222222222222222 0.026041666666666668 0.046296296296296294
0 0.4708333333333333 0.13148148148148148 0.026041666666666668 0.046296296296296294
0 0.44114583333333335 0.13148148148148148 0.026041666666666668 0.046296296296296294
0 0.478125 0.13518518518518519 0.026041666666666668 0.046296296296296294
0 0.4947916666666667 0.1361111111111111 0.026041666666666668 0.046296296296296294
0 0.45416666666666666 0.1425925925925926 0.026041666666666668 0.046296296296296294
0 0.4625 0.14444444444444443 0.026041666666666668 0.046296296296296294
0 0.4661458333333333 0.1537037037037037 0.026041666666666668 0.046296296296296294
0 0.44114583333333335 0.175 0.026041666666666668 0.046296296296296294
0 0.4578125 0.17592592592592593 0.026041666666666668 0.046296296296296294
0 0.4786458333333333 0.1824074074074074 0.026041666666666668 0.046296296296296294
0 0.440625 0.1935185185185185 0.026041666666666668 0.046296296296296294
0 0.42916666666666664 0.19907407407407407 0.026041666666666668 0.046296296296296294
0 0.4901041666666667 0.20833333333333334 0.026041666666666668 0.046296296296296294
0 0.46979166666666666 0.21296296296296297 0.026041666666666668 0.046296296296296294
0 0.4192708333333333 0.225 0.026041666666666668 0.046296296296296294
0 0.4869791666666667 0.22314814814814815 0.026041666666666668 0.046296296296296294
0 0.43645833333333334 0.22962962962962963 0.026041666666666668 0.046296296296296294
0 0.4197916666666667 0.2351851851851852 0.026041666666666668 0.046296296296296294
0 0.5197916666666667 0.2351851851851852 0.026041666666666668 0.046296296296296294
0 0.48802083333333335 0.2462962962962963 0.026041666666666668 0.046296296296296294
0 0.5114583333333333 0.2462962962962963 0.026041666666666668 0.046296296296296294
0 0.49583333333333335 0.2611111111111111 0.026041666666666668 0.046296296296296294
0 0.7026041666666667 0.2601851851851852 0.026041666666666668 0.046296296296296294
0 0.4828125 0.26851851851851855 0.026041666666666668 0.046296296296296294
0 0.5369791666666667 0.26481481481481484 0.026041666666666668 0.046296296296296294
0 0.46979166666666666 0.2740740740740741 0.026041666666666668 0.046296296296296294
0 0.5026041666666666 0.2777777777777778 0.026041666666666668 0.046296296296296294
0 0.44947916666666665 0.2833333333333333 0.026041666666666668 0.046296296296296294
0 0.4578125 0.2833333333333333 0.026041666666666668 0.046296296296296294
0 0.47760416666666666 0.28425925925925927 0.026041666666666668 0.046296296296296294
0 0.4984375 0.2935185185185185 0.026041666666666668 0.046296296296296294
0 0.5109375 0.2953703703703704 0.026041666666666668 0.046296296296296294
0 0.4739583333333333 0.30277777777777776 0.026041666666666668 0.046296296296296294
0 0.5244791666666667 0.30277777777777776 0.026041666666666668 0.046296296296296294
0 0.44114583333333335 0.3074074074074074 0.026041666666666668 0.046296296296296294
0 0.45 0.30925925925925923 0.026041666666666668 0.046296296296296294
0 0.4557291666666667 0.3074074074074074 0.026041666666666668 0.046296296296296294
0 0.428125 0.31574074074074077 0.026041666666666668 0.046296296296296294
0 0.503125 0.31574074074074077 0.026041666666666668 0.046296296296296294
0 0.5166666666666667 0.3175925925925926 0.026041666666666668 0.046296296296296294
0 0.5104166666666666 0.3287037037037037 0.026041666666666668 0.046296296296296294
0 0.42083333333333334 0.33240740740740743 0.026041666666666668 0.046296296296296294
0 0.4609375 0.33240740740740743 0.026041666666666668 0.046296296296296294
0 0.4817708333333333 0.3314814814814815 0.026041666666666668 0.046296296296296294
4 0.5036458333333333 0.3333333333333333 0.026041666666666668 0.046296296296296294
4 0.4125 0.3416666666666667 0.026041666666666668 0.046296296296296294
4 0.44895833333333335 0.3388888888888889 0.026041666666666668 0.046296296296296294
4 0.5114583333333333 0.3398148148148148 0.026041666666666668 0.046296296296296294
4 0.5177083333333333 0.3472222222222222 0.026041666666666668 0.046296296296296294
4 0.37447916666666664 0.35555555555555557 0.026041666666666668 0.046296296296296294
4 0.38697916666666665 0.35648148148148145 0.026041666666666668 0.046296296296296294
4 0.4046875 0.3574074074074074 0.026041666666666668 0.046296296296296294
4 0.4276041666666667 0.35833333333333334 0.026041666666666668 0.046296296296296294
4 0.45416666666666666 0.35462962962962963 0.026041666666666668 0.046296296296296294
4 0.49947916666666664 0.35462962962962963 0.026041666666666668 0.046296296296296294
3 0.66875 0.3527777777777778 0.026041666666666668 0.046296296296296294
4 0.4203125 0.36574074074074076 0.026041666666666668 0.046296296296296294
4 0.4661458333333333 0.3611111111111111 0.026041666666666668 0.046296296296296294
4 0.5203125 0.3712962962962963 0.026041666666666668 0.046296296296296294
4 0.4078125 0.3787037037037037 0.026041666666666668 0.046296296296296294
4 0.41458333333333336 0.37962962962962965 0.026041666666666668 0.046296296296296294
4 0.4234375 0.3787037037037037 0.026041666666666668 0.046296296296296294
4 0.38177083333333334 0.3907407407407407 0.026041666666666668 0.046296296296296294
4 0.3984375 0.387037037037037 0.026041666666666668 0.046296296296296294
4 0.5171875 0.3861111111111111 0.026041666666666668 0.046296296296296294
4 0.4078125 0.39537037037037037 0.026041666666666668 0.046296296296296294
4 0.4328125 0.39537037037037037 0.026041666666666668 0.046296296296296294
4 0.54375 0.39537037037037037 0.026041666666666668 0.046296296296296294
2 0.19791666666666666 0.3972222222222222 0.026041666666666668 0.046296296296296294
4 0.4192708333333333 0.40185185185185185 0.026041666666666668 0.046296296296296294
4 0.6494791666666667 0.4009259259259259 0.026041666666666668 0.046296296296296294
4 0.41458333333333336 0.4101851851851852 0.026041666666666668 0.046296296296296294
4 0.5203125 0.41203703703703703 0.026041666666666668 0.046296296296296294
4 0.37916666666666665 0.41759259259259257 0.026041666666666668 0.046296296296296294
4 0.39479166666666665 0.41944444444444445 0.026041666666666668 0.046296296296296294
4 0.5036458333333333 0.4203703703703704 0.026041666666666668 0.046296296296296294
4 0.3828125 0.42592592592592593 0.026041666666666668 0.046296296296296294
4 0.5213541666666667 0.42592592592592593 0.026041666666666668 0.046296296296296294
4 0.6536458333333334 0.42592592592592593 0.026041666666666668 0.046296296296296294
4 0.4114583333333333 0.4361111111111111 0.026041666666666668 0.046296296296296294
3 0.6692708333333334 0.44074074074074077 0.026041666666666668 0.046296296296296294
3 0.7067708333333333 0.43703703703703706 0.026041666666666668 0.046296296296296294
4 0.40260416666666665 0.44722222222222224 0.026041666666666668 0.046296296296296294
4 0.5208333333333334 0.44722222222222224 0.026041666666666668 0.046296296296296294
3 0.6901041666666666 0.44722222222222224 0.026041666666666668 0.046296296296296294
4 0.3854166666666667 0.4583333333333333 0.026041666666666668 0.046296296296296294
4 0.5036458333333333 0.4546296296296296 0.026041666666666668 0.046296296296296294
3 0.675 0.4546296296296296 0.026041666666666668 0.046296296296296294
3 0.6828125 0.4583333333333333 0.026041666666666668 0.046296296296296294
4 0.4109375 0.46574074074074073 0.026041666666666668 0.046296296296296294
4 0.37447916666666664 0.47314814814814815 0.026041666666666668 0.046296296296296294
4 0.47760416666666666 0.47314814814814815 0.026041666666666668 0.046296296296296294
4 0.5213541666666667 0.47314814814814815 0.026041666666666668 0.046296296296296294
4 0.38645833333333335 0.4824074074074074 0.026041666666666668 0.046296296296296294
4 0.446875 0.475 0.026041666666666668 0.046296296296296294
4 0.4671875 0.4777777777777778 0.026041666666666668 0.046296296296296294
4 0.5036458333333333 0.4777777777777778 0.026041666666666668 0.046296296296296294
4 0.6213541666666667 0.47685185185185186 0.026041666666666668 0.046296296296296294
3 0.6947916666666667 0.4777777777777778 0.026041666666666668 0.046296296296296294
4 0.375 0.487962962962963 0.026041666666666668 0.046296296296296294
4 0.43802083333333336 0.48703703703703705 0.026041666666666668 0.046296296296296294
4 0.4421875 0.48703703703703705 0.026041666666666668 0.046296296296296294
4 0.5921875 0.48703703703703705 0.026041666666666668 0.046296296296296294
4 0.6244791666666667 0.49166666666666664 0.026041666666666668 0.046296296296296294
4 0.3958333333333333 0.49722222222222223 0.026041666666666668 0.046296296296296294
4 0.5109375 0.49537037037037035 0.026041666666666668 0.046296296296296294
4 0.6005208333333333 0.49074074074074076 0.026041666666666668 0.046296296296296294
3 0.6833333333333333 0.49537037037037035 0.026041666666666668 0.046296296296296294
4 0.4739583333333333 0.5027777777777778 0.026041666666666668 0.046296296296296294
4 0.5270833333333333 0.5027777777777778 0.026041666666666668 0.046296296296296294
4 0.6213541666666667 0.5203703703703704 0.026041666666666668 0.046296296296296294
4 0.628125 0.5194444444444445 0.026041666666666668 0.046296296296296294
3 0.7098958333333333 0.5203703703703704 0.026041666666666668 0.046296296296296294
3 0.7390625 0.5148148148148148 0.026041666666666668 0.046296296296296294
4 0.4630208333333333 0.5231481481481481 0.026041666666666668 0.046296296296296294
4 0.5395833333333333 0.5268518518518519 0.026041666666666668 0.046296296296296294
4 0.665625 0.5268518518518519 0.026041666666666668 0.046296296296296294
4 0.39427083333333335 0.5333333333333333 0.026041666666666668 0.046296296296296294
4 0.603125 0.5398148148148149 0.026041666666666668 0.046296296296296294
4 0.4010416666666667 0.55 0.026041666666666668 0.046296296296296294
4 0.6192708333333333 0.55 0.026041666666666668 0.046296296296296294
4 0.3828125 0.5592592592592592 0.026041666666666668 0.046296296296296294
4 0.54375 0.5583333333333333 0.026041666666666668 0.046296296296296294
4 0.55625 0.5564814814814815 0.026041666666666668 0.046296296296296294
4 0.5859375 0.5518518518518518 0.026041666666666668 0.046296296296296294
3 0.7244791666666667 0.5555555555555556 0.026041666666666668 0.046296296296296294
3 0.7572916666666667 0.5648148148148148 0.026041666666666668 0.046296296296296294
3 0.7416666666666667 0.5722222222222222 0.026041666666666668 0.046296296296296294
4 0.6489583333333333 0.575 0.026041666666666668 0.046296296296296294
4 0.5322916666666667 0.587037037037037 0.026041666666666668 0.046296296296296294
4 0.5739583333333333 0.5898148148148148 0.026041666666666668 0.046296296296296294
4 0.39895833333333336 0.612037037037037 0.026041666666666668 0.046296296296296294
3 0.7713541666666667 0.6101851851851852 0.026041666666666668 0.046296296296296294
4 0.4109375 0.6287037037037037 0.026041666666666668 0.046296296296296294
4 0.5989583333333334 0.6287037037037037 0.026041666666666668 0.046296296296296294
4 0.5989583333333334 0.6481481481481481 0.026041666666666668 0.046296296296296294
3 0.7380208333333333 0.6509259259259259 0.026041666666666668 0.046296296296296294
1 0.7713541666666667 0.675 0.026041666666666668 0.046296296296296294
1 0.4953125 0.7305555555555555 0.026041666666666668 0.046296296296296294
1 0.8833333333333333 0.7481481481481481 0.026041666666666668 0.046296296296296294
1 0.3692708333333333 0.7592592592592593 0.026041666666666668 0.046296296296296294
1 0.4171875 0.7490740740740741 0.026041666666666668 0.046296296296296294
1 0.6166666666666667 0.7833333333333333 0.026041666666666668 0.046296296296296294
1 0.5786458333333333 0.7861111111111111 0.026041666666666668 0.046296296296296294
1 0.8635416666666667 0.8009259259259259 0.026041666666666668 0.046296296296296294
1 0.825 0.8351851851851851 0.026041666666666668 0.046296296296296294
1 0.9791666666666666 0.8481481481481481 0.026041666666666668 0.046296296296296294
1 0.4125 0.8685185185185185 0.026041666666666668 0.046296296296296294
1 0.7869791666666667 0.8759259259259259 0.026041666666666668 0.046296296296296294
1 0.4828125 0.8814814814814815 0.026041666666666668 0.046296296296296294
1 0.5244791666666667 0.8972222222222223 0.026041666666666668 0.046296296296296294
1 0.81875 0.9083333333333333 0.026041666666666668 0.046296296296296294
1 0.9692708333333333 0.9435185185185185 0.026041666666666668 0.046296296296296294
1 0.3385416666666667 0.9166666666666666 0.026041666666666668 0.046296296296296294
1 0.7541666666666667 0.8740740740740741 0.026041666666666668 0.046296296296296294
1 0.9927083333333333 0.8574074074074074 0.026041666666666668 0.046296296296296294
3 0.753125 0.6277777777777778 0.026041666666666668 0.046296296296296294
2 0.175 0.4185185185185185 0.026041666666666668 0.046296296296296294
4 0.4479166666666667 0.6240740740740741 0.026041666666666668 0.046296296296296294
4 0.48541666666666666 0.6555555555555556 0.026041666666666668 0.046296296296296294
4 0.46979166666666666 0.6018518518518519 0.026041666666666668 0.046296296296296294
4 0.49583333333333335 0.5962962962962963 0.026041666666666668 0.046296296296296294
