0 0.4703125 0.09351851851851851 0.026041666666666668 0.046296296296296294
0 0.4786458333333333 0.0962962962962963 0.026041666666666668 0.046296296296296294
0 0.475 0.10740740740740741 0.026041666666666668 0.046296296296296294
0 0.4828125 0.10462962962962963 0.026041666666666668 0.046296296296296294
0 0.46979166666666666 0.11203703703703703 0.026041666666666668 0.046296296296296294
0 0.48333333333333334 0.12129629629629629 0.026041666666666668 0.046296296296296294
0 0.490625 0.12129629629629629 0.026041666666666668 0.046296296296296294
0 0.4713541666666667 0.12685185185185185 0.026041666666666668 0.046296296296296294
0 0.4796875 0.13055555555555556 0.026041666666666668 0.046296296296296294
0 0.4953125 0.12962962962962962 0.026041666666666668 0.046296296296296294
0 0.46197916666666666 0.13796296296296295 0.026041666666666668 0.046296296296296294
0 0.47552083333333334 0.1425925925925926 0.026041666666666668 0.046296296296296294
0 0.4630208333333333 0.15 0.026041666666666668 0.046296296296296294
0 0.4796875 0.16111111111111112 0.026041666666666668 0.046296296296296294
0 0.48333333333333334 0.16203703703703703 0.026041666666666668 0.046296296296296294
0 0.4953125 0.16574074074074074 0.026041666666666668 0.046296296296296294
0 0.45364583333333336 0.1824074074074074 0.026041666666666668 0.046296296296296294
0 0.48541666666666666 0.2064814814814815 0.026041666666666668 0.046296296296296294
0 0.44166666666666665 0.2212962962962963 0.026041666666666668 0.046296296296296294
0 0.4869791666666667 0.2222222222222222 0.026041666666666668 0.046296296296296294
0 0.49895833333333334 0.22314814814814815 0.026041666666666668 0.046296296296296294
0 0.421875 0.23981481481481481 0.026041666666666668 0.046296296296296294
0 0.42864583333333334 0.23703703703703705 0.026041666666666668 0.046296296296296294
0 0.45677083333333335 0.2462962962962963 0.026041666666666668 0.046296296296296294
0 0.5119791666666667 0.24722222222222223 0.026041666666666668 0.046296296296296294
0 0.43802083333333336 0.25462962962962965 0.026041666666666668 0.046296296296296294
0 0.4875 0.25277777777777777 0.026041666666666668 0.046296296296296294
0 0.49947916666666664 0.2564814814814815 0.026041666666666668 0.046296296296296294
0 0.703125 0.25925925925925924 0.026041666666666668 0.046296296296296294
0 0.4317708333333333 0.26851851851851855 0.026041666666666668 0.046296296296296294
0 0.49583333333333335 0.27037037037037037 0.026041666666666668 0.046296296296296294
0 0.4161458333333333 0.2759259259259259 0.026041666666666668 0.046296296296296294
0 0.453125 0.27870370370370373 0.026041666666666668 0.046296296296296294
0 0.4817708333333333 0.275 0.026041666666666668 0.046296296296296294
0 0.5078125 0.2861111111111111 0.026041666666666668 0.046296296296296294
0 0.4395833333333333 0.2898148148148148 0.026041666666666668 0.046296296296296294
0 0.49895833333333334 0.29074074074074074 0.026041666666666668 0.046296296296296294
0 0.4708333333333333 0.29907407407407405 0.026041666666666668 0.046296296296296294
0 0.48072916666666665 0.29907407407407405 0.026041666666666668 0.046296296296296294
0 0.44166666666666665 0.3037037037037037 0.026041666666666668 0.046296296296296294
0 0.45 0.3074074074074074 0.026041666666666668 0.046296296296296294
0 0.45729166666666665 0.3101851851851852 0.026041666666666668 0.046296296296296294
0 0.4947916666666667 0.3074074074074074 0.026041666666666668 0.046296296296296294
0 0.50625 0.30648148148148147 0.026041666666666668 0.046296296296296294
0 0.5197916666666667 0.3111111111111111 0.026041666666666668 0.046296296296296294
0 0.4875 0.31851851851851853 0.026041666666666668 0.046296296296296294
0 0.4453125 0.32407407407407407 0.026041666666666668 0.046296296296296294
0 0.5192708333333333 0.325 0.026041666666666668 0.046296296296296294
0 0.4479166666666667 0.3314814814814815 0.026041666666666668 0.046296296296296294
0 0.46197916666666666 0.33240740740740743 0.026041666666666668 0.046296296296296294
4 0.5041666666666667 0.3333333333333333 0.026041666666666668 0.046296296296296294
4 0.4114583333333333 0.35 0.026041666666666668 0.046296296296296294
4 0.4578125 0.3509259259259259 0.026041666666666668 0.046296296296296294
4 0.4984375 0.35 0.026041666666666668 0.046296296296296294
4 0.4036458333333333 0.3574074074074074 0.026041666666666668 0.046296296296296294
4 0.4265625 0.35555555555555557 0.026041666666666668 0.046296296296296294
4 0.446875 0.35462962962962963 0.026041666666666668 0.046296296296296294
4 0.5114583333333333 0.35462962962962963 0.026041666666666668 0.046296296296296294
3 0.6697916666666667 0.35555555555555557 0.026041666666666668 0.046296296296296294
4 0.42135416666666664 0.3638888888888889 0.026041666666666668 0.046296296296296294
4 0.4046875 0.37222222222222223 0.026041666666666668 0.046296296296296294
4 0.440625 0.36944444444444446 0.026041666666666668 0.046296296296296294
4 0.5151041666666667 0.37037037037037035 0.026041666666666668 0.046296296296296294
4 0.4078125 0.37962962962962965 0.026041666666666668 0.046296296296296294
4 0.4161458333333333 0.37962962962962965 0.026041666666666668 0.046296296296296294
4 0.4239583333333333 0.3888888888888889 0.026041666666666668 0.046296296296296294
2 0.190625 0.39166666666666666 0.026041666666666668 0.046296296296296294
2 0.215625 0.39351851851851855 0.026041666666666668 0.046296296296296294
4 0.40729166666666666 0.39537037037037037 0.026041666666666668 0.046296296296296294
4 0.4328125 0.3972222222222222 0.026041666666666668 0.046296296296296294
4 0.5208333333333334 0.4027777777777778 0.026041666666666668 0.046296296296296294
2 0.19166666666666668 0.4083333333333333 0.026041666666666668 0.046296296296296294
2 0.20416666666666666 0.40925925925925927 0.026041666666666668 0.046296296296296294
4 0.3734375 0.4064814814814815 0.026041666666666668 0.046296296296296294
4 0.4125 0.4111111111111111 0.026041666666666668 0.046296296296296294
4 0.39895833333333336 0.4185185185185185 0.026041666666666668 0.046296296296296294
4 0.5161458333333333 0.41944444444444445 0.026041666666666668 0.046296296296296294
4 0.6494791666666667 0.41944444444444445 0.026041666666666668 0.046296296296296294
4 0.38229166666666664 0.4222222222222222 0.026041666666666668 0.046296296296296294
4 0.41510416666666666 0.4324074074074074 0.026041666666666668 0.046296296296296294
4 0.6494791666666667 0.4324074074074074 0.026041666666666668 0.046296296296296294
4 0.515625 0.44074074074074077 0.026041666666666668 0.046296296296296294
3 0.7052083333333333 0.4388888888888889 0.026041666666666668 0.046296296296296294
4 0.3859375 0.44907407407407407 0.026041666666666668 0.046296296296296294
4 0.440625 0.44722222222222224 0.026041666666666668 0.046296296296296294
4 0.6640625 0.4444444444444444 0.026041666666666668 0.046296296296296294
3 0.684375 0.4462962962962963 0.026041666666666668 0.046296296296296294
4 0.39895833333333336 0.4583333333333333 0.026041666666666668 0.046296296296296294
4 0.46927083333333336 0.4546296296296296 0.026041666666666668 0.046296296296296294
4 0.5286458333333334 0.4583333333333333 0.026041666666666668 0.046296296296296294
4 0.37916666666666665 0.4685185185185185 0.026041666666666668 0.046296296296296294
4 0.4817708333333333 0.4601851851851852 0.026041666666666668 0.046296296296296294
4 0.5161458333333333 0.46111111111111114 0.026041666666666668 0.046296296296296294
3 0.6744791666666666 0.4638888888888889 0.026041666666666668 0.046296296296296294
4 0.5208333333333334 0.4759259259259259 0.026041666666666668 0.046296296296296294
4 0.6208333333333333 0.47685185185185186 0.026041666666666668 0.046296296296296294
4 0.4203125 0.48703703703703705 0.026041666666666668 0.046296296296296294
3 0.69375 0.4898148148148148 0.026041666666666668 0.046296296296296294
4 0.465625 0.49444444444444446 0.026041666666666668 0.046296296296296294
4 0.48854166666666665 0.49166666666666664 0.026041666666666668 0.046296296296296294
4 0.6010416666666667 0.49537037037037035 0.026041666666666668 0.046296296296296294
4 0.39947916666666666 0.5037037037037037 0.026041666666666668 0.046296296296296294
4 0.5145833333333333 0.5037037037037037 0.026041666666666668 0.046296296296296294
4 0.628125 0.5 0.026041666666666668 0.046296296296296294
4 0.3796875 0.5111111111111111 0.026041666666666668 0.046296296296296294
4 0.38645833333333335 0.5111111111111111 0.026041666666666668 0.046296296296296294
3 0.7510416666666667 0.5101851851851852 0.026041666666666668 0.046296296296296294
4 0.5270833333333333 0.5148148148148148 0.026041666666666668 0.046296296296296294
3 0.690625 0.5185185185185185 0.026041666666666668 0.046296296296296294
4 0.42864583333333334 0.5277777777777778 0.026041666666666668 0.046296296296296294
3 0.6708333333333333 0.5259259259259259 0.026041666666666668 0.046296296296296294
4 0.5401041666666667 0.5314814814814814 0.026041666666666668 0.046296296296296294
3 0.725 0.5351851851851852 0.026041666666666668 0.046296296296296294
4 0.475 0.5416666666666666 0.026041666666666668 0.046296296296296294
4 0.49166666666666664 0.5416666666666666 0.026041666666666668 0.046296296296296294
4 0.6015625 0.5398148148148149 0.026041666666666668 0.046296296296296294
4 0.415625 0.5518518518518518 0.026041666666666668 0.046296296296296294
4 0.6234375 0.5462962962962963 0.026041666666666668 0.046296296296296294
4 0.428125 0.5546296296296296 0.026041666666666668 0.046296296296296294
4 0.4484375 0.5583333333333333 0.026041666666666668 0.046296296296296294
4 0.5427083333333333 0.5555555555555556 0.026041666666666668 0.046296296296296294
3 0.7244791666666667 0.5583333333333333 0.026041666666666668 0.046296296296296294
4 0.5635416666666667 0.5574074074074075 0.026041666666666668 0.046296296296296294
4 0.634375 0.5731481481481482 0.026041666666666668 0.046296296296296294
4 0.4791666666666667 0.5777777777777777 0.026041666666666668 0.046296296296296294
4 0.5114583333333333 0.5898148148148148 0.026041666666666668 0.046296296296296294
3 0.7208333333333333 0.5879629629629629 0.026041666666666668 0.046296296296296294
3 0.7666666666666667 0.5879629629629629 0.026041666666666668 0.046296296296296294
3 0.6708333333333333 0.6064814814814815 0.026041666666666668 0.046296296296296294
4 0.42552083333333335 0.6175925925925926 0.026041666666666668 0.046296296296296294
4 0.5291666666666667 0.6361111111111111 0.026041666666666668 0.046296296296296294
4 0.6041666666666666 0.6361111111111111 0.026041666666666668 0.046296296296296294
3 0.6828125 0.6398148148148148 0.026041666666666668 0.046296296296296294
3 0.740625 0.6555555555555556 0.026041666666666668 0.046296296296296294
1 0.7703125 0.6787037037037037 0.026041666666666668 0.046296296296296294
1 0.8864583333333333 0.7444444444444445 0.026041666666666668 0.046296296296296294
1 0.6151041666666667 0.7564814814814815 0.026041666666666668 0.046296296296296294
1 0.571875 0.8018518518518518 0.026041666666666668 0.046296296296296294
1 0.8307291666666666 0.8287037037037037 0.026041666666666668 0.046296296296296294
1 0.42864583333333334 0.8240740740740741 0.026041666666666668 0.046296296296296294
1 0.9776041666666667 0.8453703703703703 0.026041666666666668 0.046296296296296294
1 0.634375 0.8425925925925926 0.026041666666666668 0.046296296296296294
1 0.7578125 0.875 0.026041666666666668 0.046296296296296294
1 0.8833333333333333 0.8703703703703703 0.026041666666666668 0.046296296296296294
1 0.4640625 0.9138888888888889 0.026041666666666668 0.046296296296296294
1 0.8171875 0.912962962962963 0.026041666666666668 0.046296296296296294
1 0.9682291666666667 0.9444444444444444 0.026041666666666668 0.046296296296296294
1 0.378125 0.9601851851851851 0.026041666666666668 0.046296296296296294
1 0.7078125 0.9777777777777777 0.026041666666666668 0.046296296296296294
1 0.65 0.9935185185185185 0.026041666666666668 0.046296296296296294
1 0.075 0.7166666666666667 0.026041666666666668 0.046296296296296294
1 0.8697916666666666 0.8055555555555556 0.026041666666666668 0.046296296296296294
1 0.9947916666666666 0.8685185185185185 0.026041666666666668 0.046296296296296294
2 0.17291666666666666 0.43148148148148147 0.026041666666666668 0.046296296296296294
4 0.5635416666666667 0.6222222222222222 0.026041666666666668 0.046296296296296294
4 0.5958333333333333 0.5648148148148148 0.026041666666666668 0.046296296296296294
4 0.39895833333333336 0.5888888888888889 0.026041666666666668 0.046296296296296294
4 0.46458333333333335 0.40925925925925927 0.026041666666666668 0.046296296296296294
4 0.5020833333333333 0.37407407407407406 0.026041666666666668 0.046296296296296294
