0 0.475 0.09814814814814815 0.026041666666666668 0.046296296296296294
0 0.48333333333333334 0.09814814814814815 0.026041666666666668 0.046296296296296294
0 0.46979166666666666 0.12129629629629629 0.026041666666666668 0.046296296296296294
0 0.478125 0.12129629629629629 0.026041666666666668 0.046296296296296294
0 0.48385416666666664 0.11944444444444445 0.026041666666666668 0.046296296296296294
0 0.49114583333333334 0.12314814814814815 0.026041666666666668 0.046296296296296294
0 0.46197916666666666 0.13055555555555556 0.026041666666666668 0.046296296296296294
0 0.4421875 0.13240740740740742 0.026041666666666668 0.046296296296296294
0 0.45 0.13518518518518519 0.026041666666666668 0.046296296296296294
0 0.453125 0.13518518518518519 0.026041666666666668 0.046296296296296294
0 0.47239583333333335 0.13703703703703704 0.026041666666666668 0.046296296296296294
0 0.4791666666666667 0.13703703703703704 0.026041666666666668 0.046296296296296294
0 0.490625 0.13796296296296295 0.026041666666666668 0.046296296296296294
0 0.4666666666666667 0.14629629629629629 0.026041666666666668 0.046296296296296294
0 0.4390625 0.15555555555555556 0.026041666666666668 0.046296296296296294
0 0.46197916666666666 0.16203703703703703 0.026041666666666668 0.046296296296296294
0 0.475 0.1685185185185185 0.026041666666666668 0.046296296296296294
0 0.42916666666666664 0.17592592592592593 0.026041666666666668 0.046296296296296294
0 0.4817708333333333 0.17777777777777778 0.026041666666666668 0.046296296296296294
0 0.4666666666666667 0.19074074074074074 0.026041666666666668 0.046296296296296294
0 0.4744791666666667 0.20185185185185187 0.026041666666666668 0.046296296296296294
0 0.4713541666666667 0.22037037037037038 0.026041666666666668 0.046296296296296294
0 0.47760416666666666 0.225 0.026041666666666668 0.046296296296296294
0 0.4953125 0.21944444444444444 0.026041666666666668 0.046296296296296294
0 0.5036458333333333 0.22870370370370371 0.026041666666666668 0.046296296296296294
0 0.5145833333333333 0.24722222222222223 0.026041666666666668 0.046296296296296294
0 0.503125 0.25925925925925924 0.026041666666666668 0.046296296296296294
0 0.5151041666666667 0.262037037037037 0.026041666666666668 0.046296296296296294
0 0.4984375 0.27870370370370373 0.026041666666666668 0.046296296296296294
0 0.5333333333333333 0.275 0.026041666666666668 0.046296296296296294
0 0.5463541666666667 0.2796296296296296 0.026041666666666668 0.046296296296296294
0 0.5109375 0.28703703703703703 0.026041666666666668 0.046296296296296294
0 0.6916666666666667 0.2851851851851852 0.026041666666666668 0.046296296296296294
0 0.4703125 0.30092592592592593 0.026041666666666668 0.046296296296296294
0 0.49947916666666664 0.30185185185185187 0.026041666666666668 0.046296296296296294
0 0.4171875 0.3074074074074074 0.026041666666666668 0.046296296296296294
0 0.425 0.3074074074074074 0.026041666666666668 0.046296296296296294
0 0.515625 0.30925925925925923 0.026041666666666668 0.046296296296296294
0 0.44427083333333334 0.3138888888888889 0.026041666666666668 0.046296296296296294
0 0.47708333333333336 0.3138888888888889 0.026041666666666668 0.046296296296296294
0 0.7083333333333334 0.3148148148148148 0.026041666666666668 0.046296296296296294
0 0.49375 0.32222222222222224 0.026041666666666668 0.046296296296296294
4 0.4197916666666667 0.3333333333333333 0.026041666666666668 0.046296296296296294
0 0.4432291666666667 0.33055555555555555 0.026041666666666668 0.046296296296296294
4 0.4666666666666667 0.3333333333333333 0.026041666666666668 0.046296296296296294
0 0.5291666666666667 0.3314814814814815 0.026041666666666668 0.046296296296296294
4 0.4322916666666667 0.3388888888888889 0.026041666666666668 0.046296296296296294
4 0.45364583333333336 0.3388888888888889 0.026041666666666668 0.046296296296296294
4 0.5036458333333333 0.3398148148148148 0.026041666666666668 0.046296296296296294
4 0.5510416666666667 0.3416666666666667 0.026041666666666668 0.046296296296296294
4 0.44427083333333334 0.34629629629629627 0.026041666666666668 0.046296296296296294
4 0.4828125 0.3490740740740741 0.026041666666666668 0.046296296296296294
4 0.4703125 0.3537037037037037 0.026041666666666668 0.046296296296296294
4 0.440625 0.37222222222222223 0.026041666666666668 0.046296296296296294
4 0.5161458333333333 0.3712962962962963 0.026041666666666668 0.046296296296296294
4 0.4203125 0.37777777777777777 0.026041666666666668 0.046296296296296294
4 0.4328125 0.37962962962962965 0.026041666666666668 0.046296296296296294
4 0.5276041666666667 0.387037037037037 0.026041666666666668 0.046296296296296294
4 0.45208333333333334 0.39444444444444443 0.026041666666666668 0.046296296296296294
4 0.5203125 0.39444444444444443 0.026041666666666668 0.046296296296296294
4 0.6583333333333333 0.3962962962962963 0.026041666666666668 0.046296296296296294
4 0.4078125 0.40370370370370373 0.026041666666666668 0.046296296296296294
4 0.4354166666666667 0.4009259259259259 0.026041666666666668 0.046296296296296294
4 0.5072916666666667 0.4009259259259259 0.026041666666666668 0.046296296296296294
4 0.46927083333333336 0.4101851851851852 0.026041666666666668 0.046296296296296294
2 0.19947916666666668 0.4166666666666667 0.026041666666666668 0.046296296296296294
4 0.515625 0.41944444444444445 0.026041666666666668 0.046296296296296294
4 0.6625 0.4185185185185185 0.026041666666666668 0.046296296296296294
4 0.4890625 0.425 0.026041666666666668 0.046296296296296294
4 0.6552083333333333 0.42777777777777776 0.026041666666666668 0.046296296296296294
2 0.18177083333333333 0.43333333333333335 0.026041666666666668 0.046296296296296294
4 0.43333333333333335 0.43148148148148147 0.026041666666666668 0.046296296296296294
4 0.5083333333333333 0.4324074074074074 0.026041666666666668 0.046296296296296294
3 0.6916666666666667 0.4351851851851852 0.026041666666666668 0.046296296296296294
4 0.4088541666666667 0.44166666666666665 0.026041666666666668 0.046296296296296294
4 0.5083333333333333 0.44166666666666665 0.026041666666666668 0.046296296296296294
4 0.5140625 0.4425925925925926 0.026041666666666668 0.046296296296296294
4 0.6666666666666666 0.4388888888888889 0.026041666666666668 0.046296296296296294
3 0.6994791666666667 0.4425925925925926 0.026041666666666668 0.046296296296296294
4 0.440625 0.45092592592592595 0.026041666666666668 0.046296296296296294
4 0.465625 0.44907407407407407 0.026041666666666668 0.046296296296296294
4 0.3963541666666667 0.4583333333333333 0.026041666666666668 0.046296296296296294
4 0.4817708333333333 0.4583333333333333 0.026041666666666668 0.046296296296296294
3 0.6864583333333333 0.45740740740740743 0.026041666666666668 0.046296296296296294
4 0.4322916666666667 0.4638888888888889 0.026041666666666668 0.046296296296296294
4 0.5208333333333334 0.4648148148148148 0.026041666666666668 0.046296296296296294
4 0.6526041666666667 0.4648148148148148 0.026041666666666668 0.046296296296296294
3 0.6697916666666667 0.46296296296296297 0.026041666666666668 0.046296296296296294
4 0.4166666666666667 0.4703703703703704 0.026041666666666668 0.046296296296296294
4 0.4703125 0.47129629629629627 0.026041666666666668 0.046296296296296294
4 0.5078125 0.47129629629629627 0.026041666666666668 0.046296296296296294
3 0.675 0.48148148148148145 0.026041666666666668 0.046296296296296294
4 0.4828125 0.4861111111111111 0.026041666666666668 0.046296296296296294
4 0.6234375 0.4962962962962963 0.026041666666666668 0.046296296296296294
3 0.6979166666666666 0.4962962962962963 0.026041666666666668 0.046296296296296294
4 0.5109375 0.5027777777777778 0.026041666666666668 0.046296296296296294
4 0.6130208333333333 0.5009259259259259 0.026041666666666668 0.046296296296296294
4 0.403125 0.5083333333333333 0.026041666666666668 0.046296296296296294
4 0.45729166666666665 0.5101851851851852 0.026041666666666668 0.046296296296296294
3 0.6786458333333333 0.5101851851851852 0.026041666666666668 0.046296296296296294
3 0.6984375 0.5101851851851852 0.026041666666666668 0.046296296296296294
4 0.5963541666666666 0.5175925925925926 0.026041666666666668 0.046296296296296294
3 0.6708333333333333 0.5277777777777778 0.026041666666666668 0.046296296296296294
4 0.425 0.5342592592592592 0.026041666666666668 0.046296296296296294
4 0.6208333333333333 0.5324074074074074 0.026041666666666668 0.046296296296296294
3 0.7328125 0.5416666666666666 0.026041666666666668 0.046296296296296294
4 0.5244791666666667 0.5592592592592592 0.026041666666666668 0.046296296296296294
4 0.6286458333333333 0.5574074074074075 0.026041666666666668 0.046296296296296294
3 0.6697916666666667 0.5546296296296296 0.026041666666666668 0.046296296296296294
4 0.59375 0.562962962962963 0.026041666666666668 0.046296296296296294
3 0.7447916666666666 0.562962962962963 0.026041666666666668 0.046296296296296294
4 0.38958333333333334 0.5694444444444444 0.026041666666666668 0.046296296296296294
4 0.44583333333333336 0.5824074074074074 0.026041666666666668 0.046296296296296294
4 0.6197916666666666 0.5833333333333334 0.026041666666666668 0.046296296296296294
3 0.7578125 0.5805555555555556 0.026041666666666668 0.046296296296296294
4 0.5125 0.5879629629629629 0.026041666666666668 0.046296296296296294
4 0.6364583333333333 0.5879629629629629 0.026041666666666668 0.046296296296296294
4 0.40677083333333336 0.5944444444444444 0.026041666666666668 0.046296296296296294
4 0.5166666666666667 0.6046296296296296 0.026041666666666668 0.046296296296296294
4 0.6125 0.6046296296296296 0.026041666666666668 0.046296296296296294
4 0.3776041666666667 0.6111111111111112 0.026041666666666668 0.046296296296296294
4 0.3932291666666667 0.6129629629629629 0.026041666666666668 0.046296296296296294
4 0.49114583333333334 0.6092592592592593 0.026041666666666668 0.046296296296296294
4 0.6421875 0.6194444444444445 0.026041666666666668 0.046296296296296294
3 0.7463541666666667 0.6351851851851852 0.026041666666666668 0.046296296296296294
4 0.5401041666666667 0.6370370370370371 0.026041666666666668 0.046296296296296294
4 0.609375 0.6435185185185185 0.026041666666666668 0.046296296296296294
3 0.7192708333333333 0.6648148148148149 0.026041666666666668 0.046296296296296294
3 0.7713541666666667 0.6657407407407407 0.026041666666666668 0.046296296296296294
1 0.4192708333333333 0.6768518518518518 0.026041666666666668 0.046296296296296294
1 0.471875 0.725925925925926 0.026041666666666668 0.046296296296296294
1 0.20260416666666667 0.7407407407407407 0.026041666666666668 0.046296296296296294
1 0.8776041666666666 0.7481481481481481 0.026041666666666668 0.046296296296296294
1 0.903125 0.7546296296296297 0.026041666666666668 0.046296296296296294
1 0.5895833333333333 0.7731481481481481 0.026041666666666668 0.046296296296296294
1 0.7411458333333333 0.7935185185185185 0.026041666666666668 0.046296296296296294
1 0.19947916666666668 0.8379629629629629 0.026041666666666668 0.046296296296296294
1 0.7760416666666666 0.8268518518518518 0.026041666666666668 0.046296296296296294
1 0.8119791666666667 0.8361111111111111 0.026041666666666668 0.046296296296296294
1 0.8739583333333333 0.8407407407407408 0.026041666666666668 0.046296296296296294
1 0.8416666666666667 0.8537037037037037 0.026041666666666668 0.046296296296296294
1 0.5932291666666667 0.8740740740740741 0.026041666666666668 0.046296296296296294
1 0.43385416666666665 0.8907407407407407 0.026041666666666668 0.046296296296296294
1 0.22135416666666666 0.912962962962963 0.026041666666666668 0.046296296296296294
1 0.46979166666666666 0.912962962962963 0.026041666666666668 0.046296296296296294
1 0.06510416666666667 0.9175925925925926 0.026041666666666668 0.046296296296296294
1 0.9651041666666667 0.9555555555555556 0.026041666666666668 0.046296296296296294
1 0.5442708333333334 0.9629629629629629 0.026041666666666668 0.046296296296296294
1 0.4947916666666667 0.9666666666666667 0.026041666666666668 0.046296296296296294
2 0.22604166666666667 0.6259259259259259 0.026041666666666668 0.046296296296296294
1 0.571875 0.9481481481481482 0.026041666666666668 0.046296296296296294
1 0.834375 0.7574074074074074 0.026041666666666668 0.046296296296296294
1 0.8302083333333333 0.9462962962962963 0.026041666666666668 0.046296296296296294
1 0.875 0.9462962962962963 0.026041666666666668 0.046296296296296294
1 0.8614583333333333 0.8981481481481481 0.026041666666666668 0.046296296296296294
1 0.721875 0.7185185185185186 0.026041666666666668 0.046296296296296294
3 0.6864583333333333 0.5814814814814815 0.026041666666666668 0.046296296296296294
3 0.7322916666666667 0.5666666666666667 0.026041666666666668 0.046296296296296294
3 0.775 0.5851851851851851 0.026041666666666668 0.046296296296296294
4 0.646875 0.35185185185185186 0.026041666666666668 0.046296296296296294
1 0.58125 0.687037037037037 0.026041666666666668 0.046296296296296294
4 0.575 0.6407407407407407 0.026041666666666668 0.046296296296296294
1 0.44479166666666664 0.6888888888888889 0.026041666666666668 0.046296296296296294
