0 0.4713541666666667 0.09537037037037037 0.026041666666666668 0.046296296296296294
0 0.475 0.09814814814814815 0.026041666666666668 0.046296296296296294
0 0.4953125 0.09722222222222222 0.026041666666666668 0.046296296296296294
0 0.4828125 0.10648148148148148 0.026041666666666668 0.046296296296296294
0 0.4703125 0.11296296296296296 0.026041666666666668 0.046296296296296294
0 0.4552083333333333 0.11944444444444445 0.026041666666666668 0.046296296296296294
0 0.4630208333333333 0.1287037037037037 0.026041666666666668 0.046296296296296294
0 0.46979166666666666 0.1287037037037037 0.026041666666666668 0.046296296296296294
0 0.484375 0.1287037037037037 0.026041666666666668 0.046296296296296294
0 0.4901041666666667 0.13055555555555556 0.026041666666666668 0.046296296296296294
0 0.44114583333333335 0.13425925925925927 0.026041666666666668 0.046296296296296294
0 0.42916666666666664 0.14629629629629629 0.026041666666666668 0.046296296296296294
0 0.46197916666666666 0.14444444444444443 0.026041666666666668 0.046296296296296294
0 0.4739583333333333 0.14629629629629629 0.026041666666666668 0.046296296296296294
0 0.49114583333333334 0.1537037037037037 0.026041666666666668 0.046296296296296294
0 0.46770833333333334 0.16111111111111112 0.026041666666666668 0.046296296296296294
0 0.4875 0.1712962962962963 0.026041666666666668 0.046296296296296294
0 0.465625 0.2 0.026041666666666668 0.046296296296296294
0 0.4875 0.2064814814814815 0.026041666666666668 0.046296296296296294
0 0.4578125 0.23148148148148148 0.026041666666666668 0.046296296296296294
0 0.5 0.22962962962962963 0.026041666666666668 0.046296296296296294
0 0.49166666666666664 0.2388888888888889 0.026041666666666668 0.046296296296296294
0 0.490625 0.24722222222222223 0.026041666666666668 0.046296296296296294
0 0.4125 0.2518518518518518 0.026041666666666668 0.046296296296296294
0 0.4244791666666667 0.25462962962962965 0.026041666666666668 0.046296296296296294
0 0.4666666666666667 0.25833333333333336 0.026041666666666668 0.046296296296296294
0 0.703125 0.2601851851851852 0.026041666666666668 0.046296296296296294
0 0.43333333333333335 0.2759259259259259 0.026041666666666668 0.046296296296296294
0 0.4161458333333333 0.2861111111111111 0.026041666666666668 0.046296296296296294
0 0.4942708333333333 0.28425925925925927 0.026041666666666668 0.046296296296296294
0 0.5104166666666666 0.2833333333333333 0.026041666666666668 0.046296296296296294
0 0.42864583333333334 0.2953703703703704 0.026041666666666668 0.046296296296296294
0 0.5109375 0.29259259259259257 0.026041666666666668 0.046296296296296294
0 0.5276041666666667 0.2916666666666667 0.026041666666666668 0.046296296296296294
0 0.4244791666666667 0.30277777777777776 0.026041666666666668 0.046296296296296294
0 0.43697916666666664 0.30648148148148147 0.026041666666666668 0.046296296296296294
0 0.44166666666666665 0.3074074074074074 0.026041666666666668 0.046296296296296294
0 0.44947916666666665 0.3101851851851852 0.026041666666666668 0.046296296296296294
0 0.45625 0.3101851851851852 0.026041666666666668 0.046296296296296294
0 0.5161458333333333 0.3111111111111111 0.026041666666666668 0.046296296296296294
0 0.425 0.3175925925925926 0.026041666666666668 0.046296296296296294
0 0.4817708333333333 0.31666666666666665 0.026041666666666668 0.046296296296296294
0 0.6609375 0.31574074074074077 0.026041666666666668 0.046296296296296294
0 0.5036458333333333 0.32407407407407407 0.026041666666666668 0.046296296296296294
0 0.6947916666666667 0.31851851851851853 0.026041666666666668 0.046296296296296294
0 0.44479166666666664 0.3287037037037037 0.026041666666666668 0.046296296296296294
0 0.45677083333333335 0.33055555555555555 0.026041666666666668 0.046296296296296294
0 0.4713541666666667 0.3314814814814815 0.026041666666666668 0.046296296296296294
4 0.47760416666666666 0.33425925925925926 0.026041666666666668 0.046296296296296294
4 0.5119791666666667 0.33425925925925926 0.026041666666666668 0.046296296296296294
4 0.4203125 0.34074074074074073 0.026041666666666668 0.046296296296296294
4 0.44166666666666665 0.34629629629629627 0.026041666666666668 0.046296296296296294
4 0.453125 0.3490740740740741 0.026041666666666668 0.046296296296296294
4 0.5 0.3472222222222222 0.026041666666666668 0.046296296296296294
4 0.5130208333333334 0.3490740740740741 0.026041666666666668 0.046296296296296294
4 0.38229166666666664 0.3574074074074074 0.026041666666666668 0.046296296296296294
4 0.4036458333333333 0.35648148148148145 0.026041666666666668 0.046296296296296294
4 0.5151041666666667 0.35833333333333334 0.026041666666666668 0.046296296296296294
4 0.5166666666666667 0.36944444444444446 0.026041666666666668 0.046296296296296294
4 0.37916666666666665 0.38055555555555554 0.026041666666666668 0.046296296296296294
4 0.403125 0.375 0.026041666666666668 0.046296296296296294
4 0.38697916666666665 0.3851851851851852 0.026041666666666668 0.046296296296296294
4 0.39791666666666664 0.387037037037037 0.026041666666666668 0.046296296296296294
4 0.4161458333333333 0.38425925925925924 0.026041666666666668 0.046296296296296294
4 0.42291666666666666 0.3861111111111111 0.026041666666666668 0.046296296296296294
4 0.40729166666666666 0.4046296296296296 0.026041666666666668 0.046296296296296294
4 0.43125 0.4009259259259259 0.026041666666666668 0.046296296296296294
2 0.18385416666666668 0.40925925925925927 0.026041666666666668 0.046296296296296294
2 0.1890625 0.40555555555555556 0.026041666666666668 0.046296296296296294
2 0.2109375 0.4074074074074074 0.026041666666666668 0.046296296296296294
4 0.39166666666666666 0.4111111111111111 0.026041666666666668 0.046296296296296294
4 0.4 0.4101851851851852 0.026041666666666668 0.046296296296296294
4 0.38229166666666664 0.41759259259259257 0.026041666666666668 0.046296296296296294
4 0.5114583333333333 0.41759259259259257 0.026041666666666668 0.046296296296296294
2 0.17239583333333333 0.42592592592592593 0.026041666666666668 0.046296296296296294
2 0.20052083333333334 0.42592592592592593 0.026041666666666668 0.046296296296296294
4 0.4239583333333333 0.42777777777777776 0.026041666666666668 0.046296296296296294
3 0.66875 0.42592592592592593 0.026041666666666668 0.046296296296296294
4 0.39479166666666665 0.43425925925925923 0.026041666666666668 0.046296296296296294
4 0.521875 0.43333333333333335 0.026041666666666668 0.046296296296296294
3 0.6697916666666667 0.43703703703703706 0.026041666666666668 0.046296296296296294
3 0.7072916666666667 0.4398148148148148 0.026041666666666668 0.046296296296296294
4 0.37447916666666664 0.44722222222222224 0.026041666666666668 0.046296296296296294
4 0.378125 0.44814814814814813 0.026041666666666668 0.046296296296296294
4 0.384375 0.44722222222222224 0.026041666666666668 0.046296296296296294
4 0.390625 0.44907407407407407 0.026041666666666668 0.046296296296296294
4 0.3984375 0.44722222222222224 0.026041666666666668 0.046296296296296294
4 0.5078125 0.4462962962962963 0.026041666666666668 0.046296296296296294
4 0.4708333333333333 0.45925925925925926 0.026041666666666668 0.046296296296296294
4 0.665625 0.45740740740740743 0.026041666666666668 0.046296296296296294
3 0.6765625 0.4564814814814815 0.026041666666666668 0.046296296296296294
4 0.375 0.4648148148148148 0.026041666666666668 0.046296296296296294
4 0.3828125 0.46296296296296297 0.026041666666666668 0.046296296296296294
4 0.4109375 0.4638888888888889 0.026041666666666668 0.046296296296296294
4 0.5166666666666667 0.4638888888888889 0.026041666666666668 0.046296296296296294
3 0.7203125 0.4666666666666667 0.026041666666666668 0.046296296296296294
3 0.6958333333333333 0.4722222222222222 0.026041666666666668 0.046296296296296294
4 0.38697916666666665 0.48055555555555557 0.026041666666666668 0.046296296296296294
4 0.5041666666666667 0.4824074074074074 0.026041666666666668 0.046296296296296294
3 0.6734375 0.47962962962962963 0.026041666666666668 0.046296296296296294
4 0.5921875 0.48518518518518516 0.026041666666666668 0.046296296296296294
4 0.6 0.48703703703703705 0.026041666666666668 0.046296296296296294
4 0.6052083333333333 0.487962962962963 0.026041666666666668 0.046296296296296294
4 0.4625 0.49444444444444446 0.026041666666666668 0.046296296296296294
4 0.5333333333333333 0.49722222222222223 0.026041666666666668 0.046296296296296294
4 0.6125 0.4935185185185185 0.026041666666666668 0.046296296296296294
4 0.6322916666666667 0.49722222222222223 0.026041666666666668 0.046296296296296294
3 0.6833333333333333 0.49537037037037035 0.026041666666666668 0.046296296296296294
3 0.7161458333333334 0.49722222222222223 0.026041666666666668 0.046296296296296294
4 0.6041666666666666 0.5064814814814815 0.026041666666666668 0.046296296296296294
4 0.6208333333333333 0.5018518518518519 0.026041666666666668 0.046296296296296294
3 0.7041666666666667 0.5037037037037037 0.026041666666666668 0.046296296296296294
4 0.3875 0.5138888888888888 0.026041666666666668 0.046296296296296294
3 0.6958333333333333 0.5120370370370371 0.026041666666666668 0.046296296296296294
4 0.5614583333333333 0.5185185185185185 0.026041666666666668 0.046296296296296294
4 0.4276041666666667 0.5268518518518519 0.026041666666666668 0.046296296296296294
4 0.6286458333333333 0.5287037037037037 0.026041666666666668 0.046296296296296294
4 0.6661458333333333 0.5259259259259259 0.026041666666666668 0.046296296296296294
3 0.7203125 0.5277777777777778 0.026041666666666668 0.046296296296296294
4 0.4166666666666667 0.5370370370370371 0.026041666666666668 0.046296296296296294
4 0.5286458333333334 0.5333333333333333 0.026041666666666668 0.046296296296296294
4 0.5828125 0.5333333333333333 0.026041666666666668 0.046296296296296294
4 0.3921875 0.5425925925925926 0.026041666666666668 0.046296296296296294
4 0.5395833333333333 0.5388888888888889 0.026041666666666668 0.046296296296296294
4 0.5828125 0.537962962962963 0.026041666666666668 0.046296296296296294
4 0.38385416666666666 0.55 0.026041666666666668 0.046296296296296294
4 0.565625 0.5453703703703704 0.026041666666666668 0.046296296296296294
4 0.6119791666666666 0.5518518518518518 0.026041666666666668 0.046296296296296294
3 0.715625 0.5509259259259259 0.026041666666666668 0.046296296296296294
3 0.7322916666666667 0.5712962962962963 0.026041666666666668 0.046296296296296294
4 0.6114583333333333 0.5768518518518518 0.026041666666666668 0.046296296296296294
3 0.6770833333333334 0.5796296296296296 0.026041666666666668 0.046296296296296294
3 0.7713541666666667 0.5805555555555556 0.026041666666666668 0.046296296296296294
4 0.5354166666666667 0.5944444444444444 0.026041666666666668 0.046296296296296294
4 0.4901041666666667 0.5962962962962963 0.026041666666666668 0.046296296296296294
4 0.6645833333333333 0.6333333333333333 0.026041666666666668 0.046296296296296294
3 0.7494791666666667 0.6296296296296297 0.026041666666666668 0.046296296296296294
3 0.7130208333333333 0.6518518518518519 0.026041666666666668 0.046296296296296294
1 0.65 0.6787037037037037 0.026041666666666668 0.046296296296296294
1 0.7666666666666667 0.6759259259259259 0.026041666666666668 0.046296296296296294
1 0.5140625 0.7833333333333333 0.026041666666666668 0.046296296296296294
1 0.8963541666666667 0.7916666666666666 0.026041666666666668 0.046296296296296294
1 0.5609375 0.7981481481481482 0.026041666666666668 0.046296296296296294
1 0.8015625 0.812037037037037 0.026041666666666668 0.046296296296296294
1 0.8234375 0.8388888888888889 0.026041666666666668 0.046296296296296294
1 0.6109375 0.8333333333333334 0.026041666666666668 0.046296296296296294
1 0.6328125 0.8351851851851851 0.026041666666666668 0.046296296296296294
1 0.9776041666666667 0.8453703703703703 0.026041666666666668 0.046296296296296294
1 0.7505208333333333 0.8777777777777778 0.026041666666666668 0.046296296296296294
1 0.8208333333333333 0.8842592592592593 0.026041666666666668 0.046296296296296294
1 0.8260416666666667 0.9222222222222223 0.026041666666666668 0.046296296296296294
1 0.9791666666666666 0.9398148148148148 0.026041666666666668 0.046296296296296294
1 0.884375 0.7351851851851852 0.026041666666666668 0.046296296296296294
1 0.9916666666666667 0.8629629629629629 0.026041666666666668 0.046296296296296294
3 0.75625 0.512962962962963 0.026041666666666668 0.046296296296296294
4 0.6375 0.6092592592592593 0.026041666666666668 0.046296296296296294
4 0.525 0.5814814814814815 0.026041666666666668 0.046296296296296294
4 0.4114583333333333 0.44074074074074077 0.026041666666666668 0.046296296296296294
4 0.47708333333333336 0.37592592592592594 0.026041666666666668 0.046296296296296294
4 0.6479166666666667 0.3962962962962963 0.026041666666666668 0.046296296296296294
