0 0.47552083333333334 0.09907407407407408 0.026041666666666668 0.046296296296296294
0 0.48020833333333335 0.09907407407407408 0.026041666666666668 0.046296296296296294
0 0.4869791666666667 0.1 0.026041666666666668 0.046296296296296294
0 0.4828125 0.10648148148148148 0.026041666666666668 0.046296296296296294
0 0.47760416666666666 0.13148148148148148 0.026041666666666668 0.046296296296296294
0 0.4427083333333333 0.13425925925925927 0.026041666666666668 0.046296296296296294
0 0.44947916666666665 0.13333333333333333 0.026041666666666668 0.046296296296296294
0 0.4552083333333333 0.13518518518518519 0.026041666666666668 0.046296296296296294
0 0.4625 0.13518518518518519 0.026041666666666668 0.046296296296296294
0 0.48802083333333335 0.1388888888888889 0.026041666666666668 0.046296296296296294
0 0.46197916666666666 0.14629629629629629 0.026041666666666668 0.046296296296296294
0 0.43645833333333334 0.1537037037037037 0.026041666666666668 0.046296296296296294
0 0.4708333333333333 0.1537037037037037 0.026041666666666668 0.046296296296296294
0 0.44947916666666665 0.15833333333333333 0.026041666666666668 0.046296296296296294
0 0.46145833333333336 0.16111111111111112 0.026041666666666668 0.046296296296296294
0 0.44427083333333334 0.1685185185185185 0.026041666666666668 0.046296296296296294
0 0.4328125 0.17407407407407408 0.026041666666666668 0.046296296296296294
0 0.46145833333333336 0.17777777777777778 0.026041666666666668 0.046296296296296294
0 0.48802083333333335 0.17685185185185184 0.026041666666666668 0.046296296296296294
0 0.49947916666666664 0.17407407407407408 0.026041666666666668 0.046296296296296294
0 0.43854166666666666 0.18333333333333332 0.026041666666666668 0.046296296296296294
0 0.47552083333333334 0.19074074074074074 0.026041666666666668 0.046296296296296294
0 0.5010416666666667 0.19074074074074074 0.026041666666666668 0.046296296296296294
0 0.5114583333333333 0.19074074074074074 0.026041666666666668 0.046296296296296294
0 0.48333333333333334 0.20555555555555555 0.026041666666666668 0.046296296296296294
0 0.4864583333333333 0.2175925925925926 0.026041666666666668 0.046296296296296294
0 0.5026041666666666 0.21666666666666667 0.026041666666666668 0.046296296296296294
0 0.4203125 0.22870370370370371 0.026041666666666668 0.046296296296296294
0 0.475 0.23148148148148148 0.026041666666666668 0.046296296296296294
0 0.4864583333333333 0.22870370370370371 0.026041666666666668 0.046296296296296294
0 0.5026041666666666 0.22962962962962963 0.026041666666666668 0.046296296296296294
0 0.5 0.2462962962962963 0.026041666666666668 0.046296296296296294
0 0.5072916666666667 0.2462962962962963 0.026041666666666668 0.046296296296296294
0 0.5125 0.2537037037037037 0.026041666666666668 0.046296296296296294
0 0.46979166666666666 0.262037037037037 0.026041666666666668 0.046296296296296294
0 0.49114583333333334 0.262037037037037 0.026041666666666668 0.046296296296296294
0 0.503125 0.2611111111111111 0.026041666666666668 0.046296296296296294
0 0.4828125 0.26944444444444443 0.026041666666666668 0.046296296296296294
0 0.515625 0.26944444444444443 0.026041666666666668 0.046296296296296294
0 0.5473958333333333 0.26851851851851855 0.026041666666666668 0.046296296296296294
0 0.4359375 0.275 0.026041666666666668 0.046296296296296294
0 0.4479166666666667 0.27314814814814814 0.026041666666666668 0.046296296296296294
0 0.465625 0.2861111111111111 0.026041666666666668 0.046296296296296294
0 0.48333333333333334 0.28425925925925927 0.026041666666666668 0.046296296296296294
0 0.5114583333333333 0.2861111111111111 0.026041666666666668 0.046296296296296294
0 0.49166666666666664 0.29444444444444445 0.026041666666666668 0.046296296296296294
0 0.5276041666666667 0.2935185185185185 0.026041666666666668 0.046296296296296294
0 0.6911458333333333 0.2935185185185185 0.026041666666666668 0.046296296296296294
0 0.4244791666666667 0.3 0.026041666666666668 0.046296296296296294
0 0.47760416666666666 0.29907407407407405 0.026041666666666668 0.046296296296296294
0 0.5109375 0.3 0.026041666666666668 0.046296296296296294
0 0.4869791666666667 0.30925925925925923 0.026041666666666668 0.046296296296296294
0 0.5494791666666666 0.30925925925925923 0.026041666666666668 0.046296296296296294
0 0.46770833333333334 0.31666666666666665 0.026041666666666668 0.046296296296296294
0 0.5119791666666667 0.3148148148148148 0.026041666666666668 0.046296296296296294
0 0.7072916666666667 0.31203703703703706 0.026041666666666668 0.046296296296296294
0 0.4265625 0.325 0.026041666666666668 0.046296296296296294
0 0.44479166666666664 0.3314814814814815 0.026041666666666668 0.046296296296296294
4 0.45364583333333336 0.33425925925925926 0.026041666666666668 0.046296296296296294
0 0.5119791666666667 0.3314814814814815 0.026041666666666668 0.046296296296296294
4 0.4171875 0.3388888888888889 0.026041666666666668 0.046296296296296294
4 0.5041666666666667 0.3416666666666667 0.026041666666666668 0.046296296296296294
4 0.55 0.3398148148148148 0.026041666666666668 0.046296296296296294
4 0.42083333333333334 0.35 0.026041666666666668 0.046296296296296294
4 0.5005208333333333 0.35555555555555557 0.026041666666666668 0.046296296296296294
4 0.5067708333333333 0.35648148148148145 0.026041666666666668 0.046296296296296294
4 0.37447916666666664 0.362962962962963 0.026041666666666668 0.046296296296296294
4 0.45729166666666665 0.362962962962963 0.026041666666666668 0.046296296296296294
4 0.5078125 0.37037037037037035 0.026041666666666668 0.046296296296296294
2 0.215625 0.37962962962962965 0.026041666666666668 0.046296296296296294
4 0.38229166666666664 0.3851851851851852 0.026041666666666668 0.046296296296296294
4 0.490625 0.38796296296296295 0.026041666666666668 0.046296296296296294
4 0.6494791666666667 0.3851851851851852 0.026041666666666668 0.046296296296296294
4 0.39114583333333336 0.39166666666666666 0.026041666666666668 0.046296296296296294
4 0.4114583333333333 0.3962962962962963 0.026041666666666668 0.046296296296296294
4 0.44479166666666664 0.3925925925925926 0.026041666666666668 0.046296296296296294
4 0.5078125 0.39351851851851855 0.026041666666666668 0.046296296296296294
4 0.6661458333333333 0.39351851851851855 0.026041666666666668 0.046296296296296294
4 0.6614583333333334 0.4027777777777778 0.026041666666666668 0.046296296296296294
2 0.1859375 0.40925925925925927 0.026041666666666668 0.046296296296296294
4 0.4005208333333333 0.40925925925925927 0.026041666666666668 0.046296296296296294
3 0.7046875 0.4074074074074074 0.026041666666666668 0.046296296296296294
2 0.2078125 0.4148148148148148 0.026041666666666668 0.046296296296296294
4 0.4869791666666667 0.4203703703703704 0.026041666666666668 0.046296296296296294
4 0.6505208333333333 0.4148148148148148 0.026041666666666668 0.046296296296296294
4 0.46927083333333336 0.42314814814814816 0.026041666666666668 0.046296296296296294
4 0.6651041666666667 0.425 0.026041666666666668 0.046296296296296294
2 0.18645833333333334 0.43425925925925923 0.026041666666666668 0.046296296296296294
2 0.21302083333333333 0.43425925925925923 0.026041666666666668 0.046296296296296294
4 0.4161458333333333 0.4324074074074074 0.026041666666666668 0.046296296296296294
4 0.5072916666666667 0.43425925925925923 0.026041666666666668 0.046296296296296294
4 0.5192708333333333 0.43148148148148147 0.026041666666666668 0.046296296296296294
3 0.6911458333333333 0.4305555555555556 0.026041666666666668 0.046296296296296294
4 0.40260416666666665 0.44074074074074077 0.026041666666666668 0.046296296296296294
4 0.6536458333333334 0.44074074074074077 0.026041666666666668 0.046296296296296294
3 0.6729166666666667 0.4398148148148148 0.026041666666666668 0.046296296296296294
4 0.459375 0.45092592592592595 0.026041666666666668 0.046296296296296294
4 0.5026041666666666 0.44814814814814813 0.026041666666666668 0.046296296296296294
4 0.528125 0.44907407407407407 0.026041666666666668 0.046296296296296294
3 0.6911458333333333 0.44814814814814813 0.026041666666666668 0.046296296296296294
4 0.38333333333333336 0.4546296296296296 0.026041666666666668 0.046296296296296294
4 0.6619791666666667 0.45740740740740743 0.026041666666666668 0.046296296296296294
4 0.44583333333333336 0.4638888888888889 0.026041666666666668 0.046296296296296294
3 0.6911458333333333 0.46574074074074073 0.026041666666666668 0.046296296296296294
3 0.6708333333333333 0.4722222222222222 0.026041666666666668 0.046296296296296294
3 0.715625 0.4740740740740741 0.026041666666666668 0.046296296296296294
4 0.39166666666666666 0.47962962962962963 0.026041666666666668 0.046296296296296294
4 0.6244791666666667 0.4787037037037037 0.026041666666666668 0.046296296296296294
4 0.6364583333333333 0.48148148148148145 0.026041666666666668 0.046296296296296294
4 0.653125 0.4888888888888889 0.026041666666666668 0.046296296296296294
3 0.6947916666666667 0.49166666666666664 0.026041666666666668 0.046296296296296294
4 0.503125 0.4925925925925926 0.026041666666666668 0.046296296296296294
4 0.6255208333333333 0.49166666666666664 0.026041666666666668 0.046296296296296294
3 0.66875 0.4925925925925926 0.026041666666666668 0.046296296296296294
4 0.628125 0.5055555555555555 0.026041666666666668 0.046296296296296294
4 0.6489583333333333 0.5055555555555555 0.026041666666666668 0.046296296296296294
3 0.68125 0.5027777777777778 0.026041666666666668 0.046296296296296294
4 0.6041666666666666 0.5092592592592593 0.026041666666666668 0.046296296296296294
4 0.6161458333333333 0.512962962962963 0.026041666666666668 0.046296296296296294
3 0.690625 0.5175925925925926 0.026041666666666668 0.046296296296296294
4 0.5182291666666666 0.5277777777777778 0.026041666666666668 0.046296296296296294
4 0.590625 0.524074074074074 0.026041666666666668 0.046296296296296294
4 0.609375 0.5287037037037037 0.026041666666666668 0.046296296296296294
3 0.6697916666666667 0.525 0.026041666666666668 0.046296296296296294
4 0.4270833333333333 0.5296296296296297 0.026041666666666668 0.046296296296296294
3 0.7161458333333334 0.5342592592592592 0.026041666666666668 0.046296296296296294
4 0.5078125 0.5416666666666666 0.026041666666666668 0.046296296296296294
4 0.5192708333333333 0.55 0.026041666666666668 0.046296296296296294
4 0.6078125 0.5564814814814815 0.026041666666666668 0.046296296296296294
3 0.7328125 0.5574074074074075 0.026041666666666668 0.046296296296296294
4 0.6229166666666667 0.5648148148148148 0.026041666666666668 0.046296296296296294
3 0.7625 0.562962962962963 0.026041666666666668 0.046296296296296294
4 0.5057291666666667 0.5805555555555556 0.026041666666666668 0.046296296296296294
4 0.6119791666666666 0.5805555555555556 0.026041666666666668 0.046296296296296294
3 0.7369791666666666 0.5777777777777777 0.026041666666666668 0.046296296296296294
4 0.6489583333333333 0.5925925925925926 0.026041666666666668 0.046296296296296294
4 0.6078125 0.5981481481481481 0.026041666666666668 0.046296296296296294
4 0.5109375 0.6037037037037037 0.026041666666666668 0.046296296296296294
4 0.6494791666666667 0.612037037037037 0.026041666666666668 0.046296296296296294
4 0.5359375 0.6203703703703703 0.026041666666666668 0.046296296296296294
4 0.5744791666666667 0.6351851851851852 0.026041666666666668 0.046296296296296294
4 0.5953125 0.6351851851851852 0.026041666666666668 0.046296296296296294
4 0.39739583333333334 0.6472222222222223 0.026041666666666668 0.046296296296296294
4 0.44947916666666665 0.6657407407407407 0.026041666666666668 0.046296296296296294
4 0.5572916666666666 0.6601851851851852 0.026041666666666668 0.046296296296296294
1 0.21979166666666666 0.675 0.026041666666666668 0.046296296296296294
1 0.6630208333333333 0.6731481481481482 0.026041666666666668 0.046296296296296294
1 0.5109375 0.6731481481481482 0.026041666666666668 0.046296296296296294
1 0.5416666666666666 0.687037037037037 0.026041666666666668 0.046296296296296294
1 0.20208333333333334 0.7148148148148148 0.026041666666666668 0.046296296296296294
1 0.7791666666666667 0.7194444444444444 0.026041666666666668 0.046296296296296294
1 0.18802083333333333 0.7620370370370371 0.026041666666666668 0.046296296296296294
1 0.8802083333333334 0.75 0.026041666666666668 0.046296296296296294
1 0.828125 0.7564814814814815 0.026041666666666668 0.046296296296296294
1 0.953125 0.7657407407407407 0.026041666666666668 0.046296296296296294
1 0.49114583333333334 0.7592592592592593 0.026041666666666668 0.046296296296296294
1 0.34739583333333335 0.7916666666666666 0.026041666666666668 0.046296296296296294
1 0.7390625 0.7907407407407407 0.026041666666666668 0.046296296296296294
1 0.690625 0.8018518518518518 0.026041666666666668 0.046296296296296294
1 0.37447916666666664 0.8148148148148148 0.026041666666666668 0.046296296296296294
1 0.2994791666666667 0.8462962962962963 0.026041666666666668 0.046296296296296294
1 0.8786458333333333 0.8425925925925926 0.026041666666666668 0.046296296296296294
1 0.7911458333333333 0.8481481481481481 0.026041666666666668 0.046296296296296294
1 0.8296875 0.8611111111111112 0.026041666666666668 0.046296296296296294
1 0.4666666666666667 0.8722222222222222 0.026041666666666668 0.046296296296296294
1 0.12760416666666666 0.8833333333333333 0.026041666666666668 0.046296296296296294
1 0.3453125 0.8972222222222223 0.026041666666666668 0.046296296296296294
1 0.4239583333333333 0.8861111111111111 0.026041666666666668 0.046296296296296294
1 0.8911458333333333 0.9166666666666666 0.026041666666666668 0.046296296296296294
1 0.3697916666666667 0.9287037037037037 0.026041666666666668 0.046296296296296294
1 0.9661458333333334 0.9435185185185185 0.026041666666666668 0.046296296296296294
1 0.9244791666666666 0.9537037037037037 0.026041666666666668 0.046296296296296294
1 0.8588541666666667 0.9583333333333334 0.026041666666666668 0.046296296296296294
1 0.18645833333333334 0.8592592592592593 0.026041666666666668 0.046296296296296294
1 0.6395833333333333 0.7351851851851852 0.026041666666666668 0.046296296296296294
1 0.8291666666666667 0.8333333333333334 0.026041666666666668 0.046296296296296294
3 0.775 0.6648148148148149 0.026041666666666668 0.046296296296296294
3 0.7729166666666667 0.5777777777777777 0.026041666666666668 0.046296296296296294
3 0.7010416666666667 0.5888888888888889 0.026041666666666668 0.046296296296296294
3 0.6927083333333334 0.587037037037037 0.026041666666666668 0.046296296296296294
4 0.4583333333333333 0.5574074074074075 0.026041666666666668 0.046296296296296294
4 0.378125 0.5462962962962963 0.026041666666666668 0.046296296296296294
1 0.6625 0.7518518518518519 0.026041666666666668 0.046296296296296294
1 0.6739583333333333 0.7907407407407407 0.026041666666666668 0.046296296296296294
