0 0.475 0.08888888888888889 0.026041666666666668 0.046296296296296294
0 0.484375 0.09907407407407408 0.026041666666666668 0.046296296296296294
0 0.4822916666666667 0.12222222222222222 0.026041666666666668 0.046296296296296294
0 0.49583333333333335 0.12314814814814815 0.026041666666666668 0.046296296296296294
0 0.4583333333333333 0.12777777777777777 0.026041666666666668 0.046296296296296294
0 0.4427083333333333 0.13333333333333333 0.026041666666666668 0.046296296296296294
0 0.45 0.13425925925925927 0.026041666666666668 0.046296296296296294
0 0.46197916666666666 0.13518518518518519 0.026041666666666668 0.046296296296296294
0 0.48802083333333335 0.1388888888888889 0.026041666666666668 0.046296296296296294
0 0.4713541666666667 0.14351851851851852 0.026041666666666668 0.046296296296296294
0 0.4739583333333333 0.14722222222222223 0.026041666666666668 0.046296296296296294
0 0.478125 0.1425925925925926 0.026041666666666668 0.046296296296296294
0 0.4953125 0.14351851851851852 0.026041666666666668 0.046296296296296294
0 0.42916666666666664 0.15925925925925927 0.026041666666666668 0.046296296296296294
0 0.44895833333333335 0.15925925925925927 0.026041666666666668 0.046296296296296294
0 0.4864583333333333 0.16203703703703703 0.026041666666666668 0.046296296296296294
0 0.43333333333333335 0.17407407407407408 0.026041666666666668 0.046296296296296294
0 0.44947916666666665 0.17407407407407408 0.026041666666666668 0.046296296296296294
0 0.5 0.17407407407407408 0.026041666666666668 0.046296296296296294
0 0.43854166666666666 0.1824074074074074 0.026041666666666668 0.046296296296296294
0 0.4703125 0.18333333333333332 0.026041666666666668 0.046296296296296294
0 0.4822916666666667 0.18518518518518517 0.026041666666666668 0.046296296296296294
0 0.45729166666666665 0.18981481481481483 0.026041666666666668 0.046296296296296294
0 0.4322916666666667 0.20185185185185187 0.026041666666666668 0.046296296296296294
0 0.48333333333333334 0.19722222222222222 0.026041666666666668 0.046296296296296294
0 0.4244791666666667 0.20555555555555555 0.026041666666666668 0.046296296296296294
0 0.478125 0.2212962962962963 0.026041666666666668 0.046296296296296294
0 0.42864583333333334 0.23055555555555557 0.026041666666666668 0.046296296296296294
0 0.46041666666666664 0.23055555555555557 0.026041666666666668 0.046296296296296294
0 0.5057291666666667 0.22777777777777777 0.026041666666666668 0.046296296296296294
0 0.4828125 0.23796296296296296 0.026041666666666668 0.046296296296296294
0 0.4479166666666667 0.24166666666666667 0.026041666666666668 0.046296296296296294
0 0.45364583333333336 0.25555555555555554 0.026041666666666668 0.046296296296296294
0 0.4828125 0.25092592592592594 0.026041666666666668 0.046296296296296294
0 0.4979166666666667 0.25555555555555554 0.026041666666666668 0.046296296296296294
0 0.515625 0.26851851851851855 0.026041666666666668 0.046296296296296294
0 0.5411458333333333 0.2657407407407407 0.026041666666666668 0.046296296296296294
0 0.4875 0.2777777777777778 0.026041666666666668 0.046296296296296294
0 0.4953125 0.2777777777777778 0.026041666666666668 0.046296296296296294
0 0.5036458333333333 0.2851851851851852 0.026041666666666668 0.046296296296296294
0 0.425 0.29444444444444445 0.026041666666666668 0.046296296296296294
0 0.475 0.2916666666666667 0.026041666666666668 0.046296296296296294
0 0.6942708333333333 0.2916666666666667 0.026041666666666668 0.046296296296296294
0 0.478125 0.30185185185185187 0.026041666666666668 0.046296296296296294
0 0.5203125 0.30277777777777776 0.026041666666666668 0.046296296296296294
0 0.4192708333333333 0.3111111111111111 0.026041666666666668 0.046296296296296294
0 0.5458333333333333 0.3101851851851852 0.026041666666666668 0.046296296296296294
0 0.4317708333333333 0.31574074074074077 0.026041666666666668 0.046296296296296294
0 0.45677083333333335 0.31574074074074077 0.026041666666666668 0.046296296296296294
0 0.503125 0.3175925925925926 0.026041666666666668 0.046296296296296294
0 0.7020833333333333 0.31203703703703706 0.026041666666666668 0.046296296296296294
0 0.4453125 0.3314814814814815 0.026041666666666668 0.046296296296296294
0 0.5078125 0.3314814814814815 0.026041666666666668 0.046296296296296294
4 0.45364583333333336 0.3388888888888889 0.026041666666666668 0.046296296296296294
4 0.4046875 0.3472222222222222 0.026041666666666668 0.046296296296296294
4 0.37395833333333334 0.35555555555555557 0.026041666666666668 0.046296296296296294
4 0.378125 0.3574074074074074 0.026041666666666668 0.046296296296296294
4 0.390625 0.3574074074074074 0.026041666666666668 0.046296296296296294
4 0.4375 0.35833333333333334 0.026041666666666668 0.046296296296296294
4 0.44895833333333335 0.3574074074074074 0.026041666666666668 0.046296296296296294
4 0.390625 0.36944444444444446 0.026041666666666668 0.046296296296296294
4 0.46510416666666665 0.36944444444444446 0.026041666666666668 0.046296296296296294
4 0.37447916666666664 0.38055555555555554 0.026041666666666668 0.046296296296296294
4 0.403125 0.3787037037037037 0.026041666666666668 0.046296296296296294
4 0.43020833333333336 0.3851851851851852 0.026041666666666668 0.046296296296296294
4 0.4375 0.387037037037037 0.026041666666666668 0.046296296296296294
4 0.4734375 0.387037037037037 0.026041666666666668 0.046296296296296294
4 0.5020833333333333 0.3861111111111111 0.026041666666666668 0.046296296296296294
4 0.5239583333333333 0.38796296296296295 0.026041666666666668 0.046296296296296294
4 0.528125 0.3888888888888889 0.026041666666666668 0.046296296296296294
4 0.4901041666666667 0.39537037037037037 0.026041666666666668 0.046296296296296294
3 0.6703125 0.40185185185185185 0.026041666666666668 0.046296296296296294
2 0.19010416666666666 0.4064814814814815 0.026041666666666668 0.046296296296296294
4 0.5041666666666667 0.40925925925925927 0.026041666666666668 0.046296296296296294
3 0.7026041666666667 0.40925925925925927 0.026041666666666668 0.046296296296296294
4 0.43802083333333336 0.41574074074074074 0.026041666666666668 0.046296296296296294
4 0.44479166666666664 0.4185185185185185 0.026041666666666668 0.046296296296296294
4 0.465625 0.41759259259259257 0.026041666666666668 0.046296296296296294
4 0.48125 0.41759259259259257 0.026041666666666668 0.046296296296296294
4 0.6526041666666667 0.4166666666666667 0.026041666666666668 0.046296296296296294
4 0.3828125 0.42685185185185187 0.026041666666666668 0.046296296296296294
4 0.40729166666666666 0.425 0.026041666666666668 0.046296296296296294
4 0.4583333333333333 0.42685185185185187 0.026041666666666668 0.046296296296296294
3 0.6703125 0.42407407407407405 0.026041666666666668 0.046296296296296294
2 0.17447916666666666 0.43333333333333335 0.026041666666666668 0.046296296296296294
4 0.46979166666666666 0.43333333333333335 0.026041666666666668 0.046296296296296294
4 0.5010416666666667 0.43148148148148147 0.026041666666666668 0.046296296296296294
4 0.5197916666666667 0.43425925925925923 0.026041666666666668 0.046296296296296294
3 0.6994791666666667 0.4361111111111111 0.026041666666666668 0.046296296296296294
4 0.3953125 0.44166666666666665 0.026041666666666668 0.046296296296296294
4 0.44114583333333335 0.44074074074074077 0.026041666666666668 0.046296296296296294
4 0.44947916666666665 0.44074074074074077 0.026041666666666668 0.046296296296296294
3 0.6744791666666666 0.4398148148148148 0.026041666666666668 0.046296296296296294
4 0.41510416666666666 0.44907407407407407 0.026041666666666668 0.046296296296296294
4 0.43385416666666665 0.45 0.026041666666666668 0.046296296296296294
4 0.5036458333333333 0.44537037037037036 0.026041666666666668 0.046296296296296294
4 0.5109375 0.45 0.026041666666666668 0.046296296296296294
3 0.68125 0.45 0.026041666666666668 0.046296296296296294
4 0.5046875 0.46574074074074073 0.026041666666666668 0.046296296296296294
3 0.6744791666666666 0.4666666666666667 0.026041666666666668 0.046296296296296294
3 0.678125 0.48148148148148145 0.026041666666666668 0.046296296296296294
4 0.6286458333333333 0.49074074074074076 0.026041666666666668 0.046296296296296294
4 0.409375 0.4935185185185185 0.026041666666666668 0.046296296296296294
4 0.5072916666666667 0.4962962962962963 0.026041666666666668 0.046296296296296294
4 0.665625 0.49537037037037035 0.026041666666666668 0.046296296296296294
4 0.503125 0.5018518518518519 0.026041666666666668 0.046296296296296294
4 0.6125 0.5027777777777778 0.026041666666666668 0.046296296296296294
4 0.425 0.5101851851851852 0.026041666666666668 0.046296296296296294
4 0.4703125 0.5111111111111111 0.026041666666666668 0.046296296296296294
4 0.4713541666666667 0.5203703703703704 0.026041666666666668 0.046296296296296294
4 0.6078125 0.5212962962962963 0.026041666666666668 0.046296296296296294
4 0.5921875 0.5287037037037037 0.026041666666666668 0.046296296296296294
4 0.5994791666666667 0.5259259259259259 0.026041666666666668 0.046296296296296294
3 0.6697916666666667 0.525 0.026041666666666668 0.046296296296296294
4 0.6197916666666666 0.5333333333333333 0.026041666666666668 0.046296296296296294
4 0.41302083333333334 0.5407407407407407 0.026041666666666668 0.046296296296296294
3 0.725 0.537962962962963 0.026041666666666668 0.046296296296296294
3 0.6875 0.5509259259259259 0.026041666666666668 0.046296296296296294
4 0.5208333333333334 0.5564814814814815 0.026041666666666668 0.046296296296296294
3 0.7151041666666667 0.5574074074074075 0.026041666666666668 0.046296296296296294
4 0.6333333333333333 0.562962962962963 0.026041666666666668 0.046296296296296294
3 0.7026041666666667 0.5638888888888889 0.026041666666666668 0.046296296296296294
3 0.7359375 0.562037037037037 0.026041666666666668 0.046296296296296294
3 0.7520833333333333 0.5657407407407408 0.026041666666666668 0.046296296296296294
4 0.6005208333333333 0.575 0.026041666666666668 0.046296296296296294
4 0.5041666666666667 0.5768518518518518 0.026041666666666668 0.046296296296296294
4 0.6364583333333333 0.5888888888888889 0.026041666666666668 0.046296296296296294
3 0.765625 0.5879629629629629 0.026041666666666668 0.046296296296296294
4 0.6041666666666666 0.5981481481481481 0.026041666666666668 0.046296296296296294
4 0.6661458333333333 0.5925925925925926 0.026041666666666668 0.046296296296296294
3 0.684375 0.5944444444444444 0.026041666666666668 0.046296296296296294
3 0.7364583333333333 0.5981481481481481 0.026041666666666668 0.046296296296296294
4 0.5151041666666667 0.6037037037037037 0.026041666666666668 0.046296296296296294
4 0.4578125 0.6138888888888889 0.026041666666666668 0.046296296296296294
4 0.6489583333333333 0.6185185185185185 0.026041666666666668 0.046296296296296294
4 0.5703125 0.6351851851851852 0.026041666666666668 0.046296296296296294
4 0.5963541666666666 0.6361111111111111 0.026041666666666668 0.046296296296296294
4 0.42239583333333336 0.6518518518518519 0.026041666666666668 0.046296296296296294
4 0.5307291666666667 0.6333333333333333 0.026041666666666668 0.046296296296296294
3 0.7708333333333334 0.6666666666666666 0.026041666666666668 0.046296296296296294
1 0.5526041666666667 0.674074074074074 0.026041666666666668 0.046296296296296294
1 0.65625 0.675 0.026041666666666668 0.046296296296296294
1 0.7822916666666667 0.7203703703703703 0.026041666666666668 0.046296296296296294
1 0.5869791666666667 0.737037037037037 0.026041666666666668 0.046296296296296294
1 0.490625 0.7342592592592593 0.026041666666666668 0.046296296296296294
1 0.6161458333333333 0.7490740740740741 0.026041666666666668 0.046296296296296294
1 0.66875 0.75 0.026041666666666668 0.046296296296296294
1 0.559375 0.7537037037037037 0.026041666666666668 0.046296296296296294
1 0.8822916666666667 0.7462962962962963 0.026041666666666668 0.046296296296296294
1 0.83125 0.7509259259259259 0.026041666666666668 0.046296296296296294
1 0.534375 0.7712962962962963 0.026041666666666668 0.046296296296296294
1 0.5015625 0.775 0.026041666666666668 0.046296296296296294
1 0.534375 0.7842592592592592 0.026041666666666668 0.046296296296296294
1 0.7447916666666666 0.7972222222222223 0.026041666666666668 0.046296296296296294
1 0.18854166666666666 0.8314814814814815 0.026041666666666668 0.046296296296296294
1 0.40520833333333334 0.8240740740740741 0.026041666666666668 0.046296296296296294
1 0.5859375 0.8342592592592593 0.026041666666666668 0.046296296296296294
1 0.7817708333333333 0.825 0.026041666666666668 0.046296296296296294
1 0.8755208333333333 0.8351851851851851 0.026041666666666668 0.046296296296296294
1 0.3140625 0.8462962962962963 0.026041666666666668 0.046296296296296294
1 0.22395833333333334 0.850925925925926 0.026041666666666668 0.046296296296296294
1 0.6541666666666667 0.8796296296296297 0.026041666666666668 0.046296296296296294
1 0.15104166666666666 0.8759259259259259 0.026041666666666668 0.046296296296296294
1 0.4401041666666667 0.8925925925925926 0.026041666666666668 0.046296296296296294
1 0.7536458333333333 0.9092592592592592 0.026041666666666668 0.046296296296296294
1 0.3463541666666667 0.9055555555555556 0.026041666666666668 0.046296296296296294
1 0.6291666666666667 0.9027777777777778 0.026041666666666668 0.046296296296296294
1 0.38177083333333334 0.9231481481481482 0.026041666666666668 0.046296296296296294
1 0.8541666666666666 0.9629629629629629 0.026041666666666668 0.046296296296296294
1 0.9 0.9611111111111111 0.026041666666666668 0.046296296296296294
1 0.9630208333333333 0.9472222222222222 0.026041666666666668 0.046296296296296294
1 0.10625 0.975925925925926 0.026041666666666668 0.046296296296296294
2 0.19270833333333334 0.4351851851851852 0.026041666666666668 0.046296296296296294
2 0.2125 0.40370370370370373 0.026041666666666668 0.046296296296296294
1 0.509375 0.8574074074074074 0.026041666666666668 0.046296296296296294
1 0.47708333333333336 0.8759259259259259 0.026041666666666668 0.046296296296296294
1 0.37916666666666665 0.7074074074074074 0.026041666666666668 0.046296296296296294
1 0.825 0.8277777777777777 0.026041666666666668 0.046296296296296294
1 0.8260416666666667 0.8814814814814815 0.026041666666666668 0.046296296296296294
4 0.6520833333333333 0.6574074074074074 0.026041666666666668 0.046296296296296294
4 0.6114583333333333 0.6111111111111112 0.026041666666666668 0.046296296296296294
4 0.44583333333333336 0.47962962962962963 0.026041666666666668 0.046296296296296294
4 0.38333333333333336 0.55 0.026041666666666668 0.046296296296296294
3 0.7052083333333333 0.5166666666666667 0.026041666666666668 0.046296296296296294
