0 0.471875 0.09537037037037037 0.026041666666666668 0.046296296296296294
0 0.49114583333333334 0.09814814814814815 0.026041666666666668 0.046296296296296294
0 0.48333333333333334 0.10555555555555556 0.026041666666666668 0.046296296296296294
0 0.4828125 0.12037037037037036 0.026041666666666668 0.046296296296296294
0 0.490625 0.12314814814814815 0.026041666666666668 0.046296296296296294
0 0.4625 0.13055555555555556 0.026041666666666668 0.046296296296296294
0 0.47708333333333336 0.12962962962962962 0.026041666666666668 0.046296296296296294
0 0.4546875 0.13703703703703704 0.026041666666666668 0.046296296296296294
0 0.4713541666666667 0.1361111111111111 0.026041666666666668 0.046296296296296294
0 0.48385416666666664 0.13796296296296295 0.026041666666666668 0.046296296296296294
0 0.4901041666666667 0.13796296296296295 0.026041666666666668 0.046296296296296294
0 0.4375 0.1425925925925926 0.026041666666666668 0.046296296296296294
0 0.44895833333333335 0.14537037037037037 0.026041666666666668 0.046296296296296294
0 0.4583333333333333 0.14629629629629629 0.026041666666666668 0.046296296296296294
0 0.46510416666666665 0.14444444444444443 0.026041666666666668 0.046296296296296294
0 0.47760416666666666 0.1537037037037037 0.026041666666666668 0.046296296296296294
0 0.4505208333333333 0.16018518518518518 0.026041666666666668 0.046296296296296294
0 0.4583333333333333 0.15925925925925927 0.026041666666666668 0.046296296296296294
0 0.46979166666666666 0.15925925925925927 0.026041666666666668 0.046296296296296294
0 0.4822916666666667 0.16018518518518518 0.026041666666666668 0.046296296296296294
0 0.4947916666666667 0.15925925925925927 0.026041666666666668 0.046296296296296294
0 0.49947916666666664 0.175 0.026041666666666668 0.046296296296296294
0 0.46145833333333336 0.18981481481481483 0.026041666666666668 0.046296296296296294
0 0.46145833333333336 0.20462962962962963 0.026041666666666668 0.046296296296296294
0 0.4744791666666667 0.2064814814814815 0.026041666666666668 0.046296296296296294
0 0.46927083333333336 0.225 0.026041666666666668 0.046296296296296294
0 0.5166666666666667 0.22870370370370371 0.026041666666666668 0.046296296296296294
0 0.4239583333333333 0.23981481481481481 0.026041666666666668 0.046296296296296294
0 0.47760416666666666 0.27037037037037037 0.026041666666666668 0.046296296296296294
0 0.5 0.275 0.026041666666666668 0.046296296296296294
0 0.5072916666666667 0.2796296296296296 0.026041666666666668 0.046296296296296294
0 0.4625 0.2851851851851852 0.026041666666666668 0.046296296296296294
0 0.4666666666666667 0.2833333333333333 0.026041666666666668 0.046296296296296294
0 0.47708333333333336 0.2824074074074074 0.026041666666666668 0.046296296296296294
0 0.4421875 0.29074074074074074 0.026041666666666668 0.046296296296296294
0 0.44427083333333334 0.29259259259259257 0.026041666666666668 0.046296296296296294
0 0.49270833333333336 0.2916666666666667 0.026041666666666668 0.046296296296296294
0 0.49947916666666664 0.29074074074074074 0.026041666666666668 0.046296296296296294
0 0.5026041666666666 0.2953703703703704 0.026041666666666668 0.046296296296296294
0 0.5119791666666667 0.2935185185185185 0.026041666666666668 0.046296296296296294
0 0.6947916666666667 0.29444444444444445 0.026041666666666668 0.046296296296296294
0 0.47760416666666666 0.29907407407407405 0.026041666666666668 0.046296296296296294
0 0.4828125 0.29907407407407405 0.026041666666666668 0.046296296296296294
0 0.4895833333333333 0.29907407407407405 0.026041666666666668 0.046296296296296294
0 0.5125 0.29907407407407405 0.026041666666666668 0.046296296296296294
0 0.4703125 0.30833333333333335 0.026041666666666668 0.046296296296296294
0 0.428125 0.3175925925925926 0.026041666666666668 0.046296296296296294
0 0.4744791666666667 0.32037037037037036 0.026041666666666668 0.046296296296296294
0 0.49947916666666664 0.3175925925925926 0.026041666666666668 0.046296296296296294
0 0.5151041666666667 0.3175925925925926 0.026041666666666668 0.046296296296296294
0 0.7067708333333333 0.31203703703703706 0.026041666666666668 0.046296296296296294
0 0.453125 0.325 0.026041666666666668 0.046296296296296294
0 0.5442708333333334 0.3314814814814815 0.026041666666666668 0.046296296296296294
0 0.5494791666666666 0.3314814814814815 0.026041666666666668 0.046296296296296294
4 0.4484375 0.3416666666666667 0.026041666666666668 0.046296296296296294
4 0.45729166666666665 0.3398148148148148 0.026041666666666668 0.046296296296296294
4 0.5041666666666667 0.3398148148148148 0.026041666666666668 0.046296296296296294
4 0.4197916666666667 0.35 0.026041666666666668 0.046296296296296294
4 0.4322916666666667 0.34629629629629627 0.026041666666666668 0.046296296296296294
4 0.4786458333333333 0.34814814814814815 0.026041666666666668 0.046296296296296294
4 0.38697916666666665 0.35648148148148145 0.026041666666666668 0.046296296296296294
4 0.4046875 0.3537037037037037 0.026041666666666668 0.046296296296296294
4 0.4109375 0.35648148148148145 0.026041666666666668 0.046296296296296294
4 0.37916666666666665 0.36574074074074076 0.026041666666666668 0.046296296296296294
4 0.3880208333333333 0.3648148148148148 0.026041666666666668 0.046296296296296294
4 0.4401041666666667 0.3611111111111111 0.026041666666666668 0.046296296296296294
4 0.45729166666666665 0.3611111111111111 0.026041666666666668 0.046296296296296294
4 0.65 0.3638888888888889 0.026041666666666668 0.046296296296296294
3 0.7041666666666667 0.3638888888888889 0.026041666666666668 0.046296296296296294
4 0.4119791666666667 0.37037037037037035 0.026041666666666668 0.046296296296296294
4 0.440625 0.3768518518518518 0.026041666666666668 0.046296296296296294
3 0.678125 0.37962962962962965 0.026041666666666668 0.046296296296296294
4 0.4203125 0.38796296296296295 0.026041666666666668 0.046296296296296294
4 0.5046875 0.39351851851851855 0.026041666666666668 0.046296296296296294
4 0.5114583333333333 0.39814814814814814 0.026041666666666668 0.046296296296296294
4 0.6546875 0.39444444444444443 0.026041666666666668 0.046296296296296294
2 0.21041666666666667 0.4 0.026041666666666668 0.046296296296296294
4 0.665625 0.40185185185185185 0.026041666666666668 0.046296296296296294
4 0.4244791666666667 0.4101851851851852 0.026041666666666668 0.046296296296296294
4 0.45364583333333336 0.4101851851851852 0.026041666666666668 0.046296296296296294
4 0.4979166666666667 0.4111111111111111 0.026041666666666668 0.046296296296296294
4 0.6489583333333333 0.4101851851851852 0.026041666666666668 0.046296296296296294
4 0.6645833333333333 0.40925925925925927 0.026041666666666668 0.046296296296296294
4 0.42135416666666664 0.4203703703703704 0.026041666666666668 0.046296296296296294
4 0.4354166666666667 0.4185185185185185 0.026041666666666668 0.046296296296296294
4 0.4869791666666667 0.41574074074074074 0.026041666666666668 0.046296296296296294
4 0.5072916666666667 0.4185185185185185 0.026041666666666668 0.046296296296296294
4 0.665625 0.4185185185185185 0.026041666666666668 0.046296296296296294
4 0.39166666666666666 0.425 0.026041666666666668 0.046296296296296294
4 0.44895833333333335 0.42592592592592593 0.026041666666666668 0.046296296296296294
4 0.4953125 0.425 0.026041666666666668 0.046296296296296294
4 0.6552083333333333 0.42592592592592593 0.026041666666666668 0.046296296296296294
3 0.6760416666666667 0.4287037037037037 0.026041666666666668 0.046296296296296294
4 0.5125 0.43333333333333335 0.026041666666666668 0.046296296296296294
4 0.6578125 0.4351851851851852 0.026041666666666668 0.046296296296296294
3 0.6671875 0.43333333333333335 0.026041666666666668 0.046296296296296294
4 0.4088541666666667 0.44074074074074077 0.026041666666666668 0.046296296296296294
4 0.6494791666666667 0.44166666666666665 0.026041666666666668 0.046296296296296294
4 0.521875 0.4537037037037037 0.026041666666666668 0.046296296296296294
4 0.6489583333333333 0.45740740740740743 0.026041666666666668 0.046296296296296294
4 0.665625 0.4564814814814815 0.026041666666666668 0.046296296296296294
3 0.6770833333333334 0.46296296296296297 0.026041666666666668 0.046296296296296294
4 0.5296875 0.47129629629629627 0.026041666666666668 0.046296296296296294
4 0.5177083333333333 0.47962962962962963 0.026041666666666668 0.046296296296296294
4 0.6317708333333333 0.47962962962962963 0.026041666666666668 0.046296296296296294
4 0.6494791666666667 0.47962962962962963 0.026041666666666668 0.046296296296296294
4 0.5041666666666667 0.49444444444444446 0.026041666666666668 0.046296296296296294
4 0.6 0.49537037037037035 0.026041666666666668 0.046296296296296294
4 0.6109375 0.4962962962962963 0.026041666666666668 0.046296296296296294
3 0.6703125 0.49722222222222223 0.026041666666666668 0.046296296296296294
3 0.6828125 0.5037037037037037 0.026041666666666668 0.046296296296296294
4 0.5125 0.5175925925925926 0.026041666666666668 0.046296296296296294
4 0.6036458333333333 0.5203703703703704 0.026041666666666668 0.046296296296296294
3 0.7041666666666667 0.5185185185185185 0.026041666666666668 0.046296296296296294
4 0.6239583333333333 0.5268518518518519 0.026041666666666668 0.046296296296296294
3 0.6671875 0.5259259259259259 0.026041666666666668 0.046296296296296294
3 0.7291666666666666 0.5342592592592592 0.026041666666666668 0.046296296296296294
4 0.5296875 0.5416666666666666 0.026041666666666668 0.046296296296296294
4 0.6296875 0.5425925925925926 0.026041666666666668 0.046296296296296294
4 0.603125 0.5481481481481482 0.026041666666666668 0.046296296296296294
4 0.5161458333333333 0.5564814814814815 0.026041666666666668 0.046296296296296294
3 0.7708333333333334 0.5574074074074075 0.026041666666666668 0.046296296296296294
4 0.6239583333333333 0.5657407407407408 0.026041666666666668 0.046296296296296294
4 0.6072916666666667 0.5814814814814815 0.026041666666666668 0.046296296296296294
4 0.659375 0.575925925925926 0.026041666666666668 0.046296296296296294
4 0.6333333333333333 0.5898148148148148 0.026041666666666668 0.046296296296296294
4 0.6072916666666667 0.5962962962962963 0.026041666666666668 0.046296296296296294
4 0.5151041666666667 0.6037037037037037 0.026041666666666668 0.046296296296296294
4 0.6526041666666667 0.6129629629629629 0.026041666666666668 0.046296296296296294
4 0.42916666666666664 0.6314814814814815 0.026041666666666668 0.046296296296296294
4 0.48125 0.625 0.026041666666666668 0.046296296296296294
4 0.578125 0.6425925925925926 0.026041666666666668 0.046296296296296294
1 0.5864583333333333 0.6675925925925926 0.026041666666666668 0.046296296296296294
1 0.4479166666666667 0.674074074074074 0.026041666666666668 0.046296296296296294
1 0.5338541666666666 0.7194444444444444 0.026041666666666668 0.046296296296296294
1 0.8859375 0.7518518518518519 0.026041666666666668 0.046296296296296294
1 0.3734375 0.7611111111111111 0.026041666666666668 0.046296296296296294
1 0.8260416666666667 0.7601851851851852 0.026041666666666668 0.046296296296296294
1 0.13125 0.7796296296296297 0.026041666666666668 0.046296296296296294
1 0.11979166666666667 0.8194444444444444 0.026041666666666668 0.046296296296296294
1 0.6854166666666667 0.8157407407407408 0.026041666666666668 0.046296296296296294
1 0.06666666666666667 0.8287037037037037 0.026041666666666668 0.046296296296296294
1 0.8244791666666667 0.8407407407407408 0.026041666666666668 0.046296296296296294
1 0.35520833333333335 0.8388888888888889 0.026041666666666668 0.046296296296296294
1 0.20625 0.85 0.026041666666666668 0.046296296296296294
1 0.39427083333333335 0.85 0.026041666666666668 0.046296296296296294
1 0.6984375 0.8472222222222222 0.026041666666666668 0.046296296296296294
1 0.09635416666666667 0.862037037037037 0.026041666666666668 0.046296296296296294
1 0.5510416666666667 0.8592592592592593 0.026041666666666668 0.046296296296296294
1 0.8286458333333333 0.862037037037037 0.026041666666666668 0.046296296296296294
1 0.128125 0.8685185185185185 0.026041666666666668 0.046296296296296294
1 0.0109375 0.8712962962962963 0.026041666666666668 0.046296296296296294
1 0.6010416666666667 0.862037037037037 0.026041666666666668 0.046296296296296294
1 0.8036458333333333 0.8833333333333333 0.026041666666666668 0.046296296296296294
1 0.4401041666666667 0.8925925925925926 0.026041666666666668 0.046296296296296294
1 0.08333333333333333 0.9009259259259259 0.026041666666666668 0.046296296296296294
1 0.134375 0.9009259259259259 0.026041666666666668 0.046296296296296294
1 0.05260416666666667 0.9305555555555556 0.026041666666666668 0.046296296296296294
1 0.44166666666666665 0.9259259259259259 0.026041666666666668 0.046296296296296294
1 0.24322916666666666 0.9324074074074075 0.026041666666666668 0.046296296296296294
1 0.2890625 0.9305555555555556 0.026041666666666668 0.046296296296296294
1 0.1796875 0.95 0.026041666666666668 0.046296296296296294
1 0.036458333333333336 0.9740740740740741 0.026041666666666668 0.046296296296296294
1 0.058333333333333334 0.9814814814814815 0.026041666666666668 0.046296296296296294
1 0.35989583333333336 0.975 0.026041666666666668 0.046296296296296294
1 0.290625 0.9833333333333333 0.026041666666666668 0.046296296296296294
1 0.11041666666666666 0.9388888888888889 0.026041666666666668 0.046296296296296294
1 0.46770833333333334 0.9 0.026041666666666668 0.046296296296296294
1 0.8291666666666667 0.924074074074074 0.026041666666666668 0.046296296296296294
1 0.7822916666666667 0.924074074074074 0.026041666666666668 0.046296296296296294
3 0.7708333333333334 0.6648148148148149 0.026041666666666668 0.046296296296296294
3 0.759375 0.6425925925925926 0.026041666666666668 0.046296296296296294
3 0.7552083333333334 0.5611111111111111 0.026041666666666668 0.046296296296296294
3 0.7354166666666667 0.5648148148148148 0.026041666666666668 0.046296296296296294
1 0.721875 0.7296296296296296 0.026041666666666668 0.046296296296296294
4 0.6083333333333333 0.65 0.026041666666666668 0.046296296296296294
4 0.6270833333333333 0.6222222222222222 0.026041666666666668 0.046296296296296294
1 0.4822916666666667 0.7055555555555556 0.026041666666666668 0.046296296296296294
1 0.47291666666666665 0.7592592592592593 0.026041666666666668 0.046296296296296294
4 0.5354166666666667 0.6277777777777778 0.026041666666666668 0.046296296296296294
1 0.38125 0.6722222222222223 0.026041666666666668 0.046296296296296294
2 0.19270833333333334 0.40925925925925927 0.026041666666666668 0.046296296296296294
2 0.171875 0.4203703703703704 0.026041666666666668 0.046296296296296294
3 0.7052083333333333 0.44814814814814813 0.026041666666666668 0.046296296296296294
0 0.65 0.30185185185185187 0.026041666666666668 0.046296296296296294
1 0.8822916666666667 0.8148148148148148 0.026041666666666668 0.046296296296296294
4 0.4427083333333333 0.4537037037037037 0.026041666666666668 0.046296296296296294
1 0.971875 0.9518518518518518 0.026041666666666668 0.046296296296296294
