0 0.4708333333333333 0.09444444444444444 0.026041666666666668 0.046296296296296294
0 0.4713541666666667 0.10462962962962963 0.026041666666666668 0.046296296296296294
0 0.48385416666666664 0.10462962962962963 0.026041666666666668 0.046296296296296294
0 0.4921875 0.12222222222222222 0.026041666666666668 0.046296296296296294
0 0.4708333333333333 0.1287037037037037 0.026041666666666668 0.046296296296296294
0 0.4791666666666667 0.1287037037037037 0.026041666666666668 0.046296296296296294
0 0.4546875 0.13240740740740742 0.026041666666666668 0.046296296296296294
0 0.46197916666666666 0.13518518518518519 0.026041666666666668 0.046296296296296294
0 0.4401041666666667 0.14166666666666666 0.026041666666666668 0.046296296296296294
0 0.44635416666666666 0.14444444444444443 0.026041666666666668 0.046296296296296294
0 0.47552083333333334 0.14537037037037037 0.026041666666666668 0.046296296296296294
0 0.4625 0.15185185185185185 0.026041666666666668 0.046296296296296294
0 0.4869791666666667 0.15555555555555556 0.026041666666666668 0.046296296296296294
0 0.44947916666666665 0.16018518518518518 0.026041666666666668 0.046296296296296294
0 0.43072916666666666 0.17222222222222222 0.026041666666666668 0.046296296296296294
0 0.44375 0.175 0.026041666666666668 0.046296296296296294
0 0.5005208333333333 0.175 0.026041666666666668 0.046296296296296294
0 0.5083333333333333 0.18425925925925926 0.026041666666666668 0.046296296296296294
0 0.4817708333333333 0.1925925925925926 0.026041666666666668 0.046296296296296294
0 0.4942708333333333 0.1925925925925926 0.026041666666666668 0.046296296296296294
0 0.47604166666666664 0.21388888888888888 0.026041666666666668 0.046296296296296294
0 0.490625 0.21481481481481482 0.026041666666666668 0.046296296296296294
0 0.4578125 0.22962962962962963 0.026041666666666668 0.046296296296296294
0 0.5078125 0.22870370370370371 0.026041666666666668 0.046296296296296294
0 0.421875 0.2361111111111111 0.026041666666666668 0.046296296296296294
0 0.50625 0.24166666666666667 0.026041666666666668 0.046296296296296294
0 0.5151041666666667 0.25555555555555554 0.026041666666666668 0.046296296296296294
0 0.44895833333333335 0.25925925925925924 0.026041666666666668 0.046296296296296294
0 0.5020833333333333 0.26296296296296295 0.026041666666666668 0.046296296296296294
0 0.49166666666666664 0.26666666666666666 0.026041666666666668 0.046296296296296294
0 0.5359375 0.2657407407407407 0.026041666666666668 0.046296296296296294
0 0.45677083333333335 0.27685185185185185 0.026041666666666668 0.046296296296296294
0 0.5213541666666667 0.2777777777777778 0.026041666666666668 0.046296296296296294
0 0.49114583333333334 0.2824074074074074 0.026041666666666668 0.046296296296296294
0 0.4171875 0.2916666666666667 0.026041666666666668 0.046296296296296294
0 0.5083333333333333 0.2953703703703704 0.026041666666666668 0.046296296296296294
0 0.4192708333333333 0.30185185185185187 0.026041666666666668 0.046296296296296294
0 0.43697916666666664 0.29907407407407405 0.026041666666666668 0.046296296296296294
0 0.46875 0.30092592592592593 0.026041666666666668 0.046296296296296294
0 0.49947916666666664 0.3 0.026041666666666668 0.046296296296296294
0 0.5291666666666667 0.3 0.026041666666666668 0.046296296296296294
0 0.5104166666666666 0.31203703703703706 0.026041666666666668 0.046296296296296294
0 0.4484375 0.31851851851851853 0.026041666666666668 0.046296296296296294
0 0.5041666666666667 0.3175925925925926 0.026041666666666668 0.046296296296296294
0 0.7067708333333333 0.3138888888888889 0.026041666666666668 0.046296296296296294
0 0.4635416666666667 0.32222222222222224 0.026041666666666668 0.046296296296296294
0 0.47552083333333334 0.32037037037037036 0.026041666666666668 0.046296296296296294
0 0.5125 0.325 0.026041666666666668 0.046296296296296294
0 0.44895833333333335 0.33240740740740743 0.026041666666666668 0.046296296296296294
4 0.4953125 0.3333333333333333 0.026041666666666668 0.046296296296296294
4 0.4166666666666667 0.33796296296296297 0.026041666666666668 0.046296296296296294
4 0.4276041666666667 0.33796296296296297 0.026041666666666668 0.046296296296296294
4 0.4348958333333333 0.34074074074074073 0.026041666666666668 0.046296296296296294
4 0.44479166666666664 0.3472222222222222 0.026041666666666668 0.046296296296296294
4 0.49166666666666664 0.3490740740740741 0.026041666666666668 0.046296296296296294
4 0.5208333333333334 0.34814814814814815 0.026041666666666668 0.046296296296296294
4 0.37916666666666665 0.35462962962962963 0.026041666666666668 0.046296296296296294
4 0.3859375 0.35462962962962963 0.026041666666666668 0.046296296296296294
4 0.4 0.35833333333333334 0.026041666666666668 0.046296296296296294
4 0.43802083333333336 0.3537037037037037 0.026041666666666668 0.046296296296296294
4 0.37552083333333336 0.3638888888888889 0.026041666666666668 0.046296296296296294
4 0.509375 0.3648148148148148 0.026041666666666668 0.046296296296296294
4 0.5151041666666667 0.3648148148148148 0.026041666666666668 0.046296296296296294
4 0.4328125 0.37222222222222223 0.026041666666666668 0.046296296296296294
2 0.22135416666666666 0.3768518518518518 0.026041666666666668 0.046296296296296294
4 0.4244791666666667 0.3768518518518518 0.026041666666666668 0.046296296296296294
4 0.5239583333333333 0.38055555555555554 0.026041666666666668 0.046296296296296294
2 0.19375 0.38425925925925924 0.026041666666666668 0.046296296296296294
4 0.5119791666666667 0.38796296296296295 0.026041666666666668 0.046296296296296294
4 0.6661458333333333 0.4027777777777778 0.026041666666666668 0.046296296296296294
4 0.44895833333333335 0.4111111111111111 0.026041666666666668 0.046296296296296294
4 0.6489583333333333 0.4064814814814815 0.026041666666666668 0.046296296296296294
3 0.7041666666666667 0.4064814814814815 0.026041666666666668 0.046296296296296294
2 0.17760416666666667 0.41759259259259257 0.026041666666666668 0.046296296296296294
4 0.5234375 0.42314814814814816 0.026041666666666668 0.046296296296296294
4 0.6625 0.42592592592592593 0.026041666666666668 0.046296296296296294
3 0.6708333333333333 0.4222222222222222 0.026041666666666668 0.046296296296296294
3 0.6822916666666666 0.425 0.026041666666666668 0.046296296296296294
4 0.40260416666666665 0.4398148148148148 0.026041666666666668 0.046296296296296294
3 0.6744791666666666 0.44166666666666665 0.026041666666666668 0.046296296296296294
4 0.4171875 0.4537037037037037 0.026041666666666668 0.046296296296296294
4 0.6578125 0.45555555555555555 0.026041666666666668 0.046296296296296294
4 0.39895833333333336 0.46944444444444444 0.026041666666666668 0.046296296296296294
4 0.4203125 0.4722222222222222 0.026041666666666668 0.046296296296296294
4 0.43697916666666664 0.4703703703703704 0.026041666666666668 0.046296296296296294
4 0.6661458333333333 0.4740740740740741 0.026041666666666668 0.046296296296296294
4 0.45729166666666665 0.47962962962962963 0.026041666666666668 0.046296296296296294
4 0.653125 0.4824074074074074 0.026041666666666668 0.046296296296296294
4 0.6317708333333333 0.4842592592592593 0.026041666666666668 0.046296296296296294
3 0.6744791666666666 0.487962962962963 0.026041666666666668 0.046296296296296294
4 0.4161458333333333 0.5037037037037037 0.026041666666666668 0.046296296296296294
4 0.49947916666666664 0.5046296296296297 0.026041666666666668 0.046296296296296294
4 0.515625 0.5037037037037037 0.026041666666666668 0.046296296296296294
3 0.6916666666666667 0.5037037037037037 0.026041666666666668 0.046296296296296294
4 0.6041666666666666 0.5092592592592593 0.026041666666666668 0.046296296296296294
4 0.6135416666666667 0.5120370370370371 0.026041666666666668 0.046296296296296294
4 0.6322916666666667 0.5083333333333333 0.026041666666666668 0.046296296296296294
3 0.7171875 0.5138888888888888 0.026041666666666668 0.046296296296296294
3 0.6942708333333333 0.5194444444444445 0.026041666666666668 0.046296296296296294
4 0.4125 0.5296296296296297 0.026041666666666668 0.046296296296296294
4 0.4328125 0.5268518518518519 0.026041666666666668 0.046296296296296294
3 0.6692708333333334 0.524074074074074 0.026041666666666668 0.046296296296296294
4 0.4666666666666667 0.5333333333333333 0.026041666666666668 0.046296296296296294
4 0.59375 0.5324074074074074 0.026041666666666668 0.046296296296296294
3 0.7203125 0.5361111111111111 0.026041666666666668 0.046296296296296294
4 0.39895833333333336 0.5407407407407407 0.026041666666666668 0.046296296296296294
4 0.5114583333333333 0.5407407407407407 0.026041666666666668 0.046296296296296294
4 0.4322916666666667 0.5509259259259259 0.026041666666666668 0.046296296296296294
4 0.490625 0.55 0.026041666666666668 0.046296296296296294
4 0.528125 0.55 0.026041666666666668 0.046296296296296294
4 0.390625 0.5666666666666667 0.026041666666666668 0.046296296296296294
4 0.46927083333333336 0.5657407407407408 0.026041666666666668 0.046296296296296294
4 0.6338541666666667 0.5648148148148148 0.026041666666666668 0.046296296296296294
3 0.7364583333333333 0.5657407407407408 0.026041666666666668 0.046296296296296294
3 0.74375 0.5648148148148148 0.026041666666666668 0.046296296296296294
4 0.6109375 0.5712962962962963 0.026041666666666668 0.046296296296296294
4 0.43072916666666666 0.5879629629629629 0.026041666666666668 0.046296296296296294
4 0.45677083333333335 0.5888888888888889 0.026041666666666668 0.046296296296296294
4 0.49895833333333334 0.5898148148148148 0.026041666666666668 0.046296296296296294
4 0.5708333333333333 0.5898148148148148 0.026041666666666668 0.046296296296296294
4 0.596875 0.5898148148148148 0.026041666666666668 0.046296296296296294
4 0.43854166666666666 0.5972222222222222 0.026041666666666668 0.046296296296296294
4 0.4713541666666667 0.5953703703703703 0.026041666666666668 0.046296296296296294
4 0.5791666666666667 0.5944444444444444 0.026041666666666668 0.046296296296296294
4 0.5666666666666667 0.6064814814814815 0.026041666666666668 0.046296296296296294
3 0.7322916666666667 0.6027777777777777 0.026041666666666668 0.046296296296296294
4 0.51875 0.6129629629629629 0.026041666666666668 0.046296296296296294
4 0.6192708333333333 0.612037037037037 0.026041666666666668 0.046296296296296294
4 0.5369791666666667 0.6222222222222222 0.026041666666666668 0.046296296296296294
4 0.590625 0.6157407407407407 0.026041666666666668 0.046296296296296294
4 0.6609375 0.6231481481481481 0.026041666666666668 0.046296296296296294
4 0.44114583333333335 0.6351851851851852 0.026041666666666668 0.046296296296296294
4 0.39895833333333336 0.6481481481481481 0.026041666666666668 0.046296296296296294
4 0.44114583333333335 0.65 0.026041666666666668 0.046296296296296294
1 0.7755208333333333 0.6675925925925926 0.026041666666666668 0.046296296296296294
1 0.5192708333333333 0.6731481481481482 0.026041666666666668 0.046296296296296294
1 0.5505208333333333 0.675 0.026041666666666668 0.046296296296296294
1 0.4864583333333333 0.7074074074074074 0.026041666666666668 0.046296296296296294
1 0.2 0.7175925925925926 0.026041666666666668 0.046296296296296294
1 0.5171875 0.7194444444444444 0.026041666666666668 0.046296296296296294
1 0.453125 0.7287037037037037 0.026041666666666668 0.046296296296296294
1 0.6729166666666667 0.7240740740740741 0.026041666666666668 0.046296296296296294
1 0.9067708333333333 0.7212962962962963 0.026041666666666668 0.046296296296296294
1 0.6098958333333333 0.737037037037037 0.026041666666666668 0.046296296296296294
1 0.8869791666666667 0.7509259259259259 0.026041666666666668 0.046296296296296294
1 0.6354166666666666 0.7398148148148148 0.026041666666666668 0.046296296296296294
1 0.8359375 0.7472222222222222 0.026041666666666668 0.046296296296296294
1 0.9838541666666667 0.7796296296296297 0.026041666666666668 0.046296296296296294
1 0.7536458333333333 0.8111111111111111 0.026041666666666668 0.046296296296296294
1 0.2520833333333333 0.8231481481481482 0.026041666666666668 0.046296296296296294
1 0.8666666666666667 0.8277777777777777 0.026041666666666668 0.046296296296296294
1 0.46197916666666666 0.8675925925925926 0.026041666666666668 0.046296296296296294
1 0.790625 0.8555555555555555 0.026041666666666668 0.046296296296296294
1 0.6833333333333333 0.875 0.026041666666666668 0.046296296296296294
1 0.4244791666666667 0.8916666666666667 0.026041666666666668 0.046296296296296294
1 0.896875 0.9055555555555556 0.026041666666666668 0.046296296296296294
1 0.34479166666666666 0.9574074074074074 0.026041666666666668 0.046296296296296294
1 0.9348958333333334 0.9601851851851851 0.026041666666666668 0.046296296296296294
1 0.21145833333333333 0.7851851851851852 0.026041666666666668 0.046296296296296294
3 0.7614583333333333 0.5888888888888889 0.026041666666666668 0.046296296296296294
3 0.775 0.562962962962963 0.026041666666666668 0.046296296296296294
0 0.6875 0.29444444444444445 0.026041666666666668 0.046296296296296294
1 0.7791666666666667 0.7148148148148148 0.026041666666666668 0.046296296296296294
3 0.7135416666666666 0.5962962962962963 0.026041666666666668 0.046296296296296294
3 0.6854166666666667 0.6166666666666667 0.026041666666666668 0.046296296296296294
3 0.7177083333333333 0.5518518518518518 0.026041666666666668 0.046296296296296294
1 0.540625 0.6925925925925925 0.026041666666666668 0.046296296296296294
