0 0.4713541666666667 0.09444444444444444 0.026041666666666668 0.046296296296296294
0 0.478125 0.1 0.026041666666666668 0.046296296296296294
0 0.4828125 0.10462962962962963 0.026041666666666668 0.046296296296296294
0 0.490625 0.12129629629629629 0.026041666666666668 0.046296296296296294
0 0.4713541666666667 0.1287037037037037 0.026041666666666668 0.046296296296296294
0 0.478125 0.12777777777777777 0.026041666666666668 0.046296296296296294
0 0.4421875 0.13333333333333333 0.026041666666666668 0.046296296296296294
0 0.44635416666666666 0.13333333333333333 0.026041666666666668 0.046296296296296294
0 0.45416666666666666 0.13240740740740742 0.026041666666666668 0.046296296296296294
0 0.46197916666666666 0.13518518518518519 0.026041666666666668 0.046296296296296294
0 0.4739583333333333 0.1388888888888889 0.026041666666666668 0.046296296296296294
0 0.4828125 0.13518518518518519 0.026041666666666668 0.046296296296296294
0 0.43645833333333334 0.14537037037037037 0.026041666666666668 0.046296296296296294
0 0.5 0.14722222222222223 0.026041666666666668 0.046296296296296294
0 0.4583333333333333 0.15185185185185185 0.026041666666666668 0.046296296296296294
0 0.4791666666666667 0.15092592592592594 0.026041666666666668 0.046296296296296294
0 0.4864583333333333 0.1537037037037037 0.026041666666666668 0.046296296296296294
0 0.4375 0.16018518518518518 0.026041666666666668 0.046296296296296294
0 0.5036458333333333 0.17407407407407408 0.026041666666666668 0.046296296296296294
0 0.5072916666666667 0.17592592592592593 0.026041666666666668 0.046296296296296294
0 0.5083333333333333 0.1925925925925926 0.026041666666666668 0.046296296296296294
0 0.4166666666666667 0.22870370370370371 0.026041666666666668 0.046296296296296294
0 0.4479166666666667 0.22777777777777777 0.026041666666666668 0.046296296296296294
0 0.4640625 0.22407407407407406 0.026041666666666668 0.046296296296296294
0 0.421875 0.24074074074074073 0.026041666666666668 0.046296296296296294
0 0.48125 0.2361111111111111 0.026041666666666668 0.046296296296296294
0 0.478125 0.24537037037037038 0.026041666666666668 0.046296296296296294
0 0.4875 0.24537037037037038 0.026041666666666668 0.046296296296296294
0 0.4979166666666667 0.24537037037037038 0.026041666666666668 0.046296296296296294
0 0.4953125 0.25833333333333336 0.026041666666666668 0.046296296296296294
0 0.41302083333333334 0.2611111111111111 0.026041666666666668 0.046296296296296294
0 0.4979166666666667 0.2611111111111111 0.026041666666666668 0.046296296296296294
0 0.703125 0.2601851851851852 0.026041666666666668 0.046296296296296294
0 0.4817708333333333 0.2759259259259259 0.026041666666666668 0.046296296296296294
0 0.49895833333333334 0.2777777777777778 0.026041666666666668 0.046296296296296294
0 0.45416666666666666 0.28425925925925927 0.026041666666666668 0.046296296296296294
0 0.5229166666666667 0.2833333333333333 0.026041666666666668 0.046296296296296294
0 0.528125 0.2851851851851852 0.026041666666666668 0.046296296296296294
0 0.49895833333333334 0.29074074074074074 0.026041666666666668 0.046296296296296294
0 0.5026041666666666 0.30092592592592593 0.026041666666666668 0.046296296296296294
0 0.5145833333333333 0.30185185185185187 0.026041666666666668 0.046296296296296294
0 0.440625 0.3055555555555556 0.026041666666666668 0.046296296296296294
0 0.4588541666666667 0.30925925925925923 0.026041666666666668 0.046296296296296294
0 0.49375 0.30925925925925923 0.026041666666666668 0.046296296296296294
0 0.5072916666666667 0.3101851851851852 0.026041666666666668 0.046296296296296294
0 0.4244791666666667 0.31666666666666665 0.026041666666666668 0.046296296296296294
0 0.5036458333333333 0.31666666666666665 0.026041666666666668 0.046296296296296294
0 0.45 0.32592592592592595 0.026041666666666668 0.046296296296296294
0 0.5119791666666667 0.32592592592592595 0.026041666666666668 0.046296296296296294
0 0.6947916666666667 0.32314814814814813 0.026041666666666668 0.046296296296296294
0 0.42083333333333334 0.33240740740740743 0.026041666666666668 0.046296296296296294
0 0.42864583333333334 0.3314814814814815 0.026041666666666668 0.046296296296296294
0 0.4401041666666667 0.3296296296296296 0.026041666666666668 0.046296296296296294
0 0.46145833333333336 0.33055555555555555 0.026041666666666668 0.046296296296296294
0 0.4765625 0.33055555555555555 0.026041666666666668 0.046296296296296294
0 0.5041666666666667 0.3314814814814815 0.026041666666666668 0.046296296296296294
4 0.49895833333333334 0.34814814814814815 0.026041666666666668 0.046296296296296294
4 0.5119791666666667 0.3472222222222222 0.026041666666666668 0.046296296296296294
4 0.37604166666666666 0.35462962962962963 0.026041666666666668 0.046296296296296294
4 0.3828125 0.35555555555555557 0.026041666666666668 0.046296296296296294
4 0.3958333333333333 0.35648148148148145 0.026041666666666668 0.046296296296296294
4 0.403125 0.35648148148148145 0.026041666666666668 0.046296296296296294
4 0.4192708333333333 0.35833333333333334 0.026041666666666668 0.046296296296296294
4 0.3776041666666667 0.37222222222222223 0.026041666666666668 0.046296296296296294
4 0.4083333333333333 0.3712962962962963 0.026041666666666668 0.046296296296296294
4 0.5130208333333334 0.37037037037037035 0.026041666666666668 0.046296296296296294
4 0.3963541666666667 0.3787037037037037 0.026041666666666668 0.046296296296296294
4 0.4036458333333333 0.37777777777777777 0.026041666666666668 0.046296296296296294
4 0.41458333333333336 0.37962962962962965 0.026041666666666668 0.046296296296296294
4 0.37864583333333335 0.387037037037037 0.026041666666666668 0.046296296296296294
4 0.3875 0.3861111111111111 0.026041666666666668 0.046296296296296294
4 0.4239583333333333 0.3861111111111111 0.026041666666666668 0.046296296296296294
4 0.4276041666666667 0.3925925925925926 0.026041666666666668 0.046296296296296294
4 0.5203125 0.39444444444444443 0.026041666666666668 0.046296296296296294
2 0.17395833333333333 0.40370370370370373 0.026041666666666668 0.046296296296296294
4 0.40729166666666666 0.40185185185185185 0.026041666666666668 0.046296296296296294
4 0.4203125 0.40370370370370373 0.026041666666666668 0.046296296296296294
2 0.20677083333333332 0.4064814814814815 0.026041666666666668 0.046296296296296294
4 0.39166666666666666 0.4074074074074074 0.026041666666666668 0.046296296296296294
4 0.42864583333333334 0.4101851851851852 0.026041666666666668 0.046296296296296294
4 0.515625 0.41203703703703703 0.026041666666666668 0.046296296296296294
4 0.378125 0.4212962962962963 0.026041666666666668 0.046296296296296294
4 0.3953125 0.41759259259259257 0.026041666666666668 0.046296296296296294
4 0.4328125 0.4185185185185185 0.026041666666666668 0.046296296296296294
4 0.6536458333333334 0.41944444444444445 0.026041666666666668 0.046296296296296294
4 0.5109375 0.4287037037037037 0.026041666666666668 0.046296296296296294
3 0.6703125 0.42685185185185187 0.026041666666666668 0.046296296296296294
4 0.39479166666666665 0.4324074074074074 0.026041666666666668 0.046296296296296294
4 0.415625 0.4351851851851852 0.026041666666666668 0.046296296296296294
4 0.50625 0.4444444444444444 0.026041666666666668 0.046296296296296294
3 0.6682291666666667 0.43703703703703706 0.026041666666666668 0.046296296296296294
3 0.70625 0.44074074074074077 0.026041666666666668 0.046296296296296294
4 0.378125 0.45555555555555555 0.026041666666666668 0.046296296296296294
4 0.40989583333333335 0.45925925925925926 0.026041666666666668 0.046296296296296294
4 0.5161458333333333 0.4564814814814815 0.026041666666666668 0.046296296296296294
4 0.6645833333333333 0.45555555555555555 0.026041666666666668 0.046296296296296294
3 0.6770833333333334 0.45185185185185184 0.026041666666666668 0.046296296296296294
4 0.378125 0.4648148148148148 0.026041666666666668 0.046296296296296294
4 0.38645833333333335 0.4740740740740741 0.026041666666666668 0.046296296296296294
4 0.4119791666666667 0.47314814814814815 0.026041666666666668 0.046296296296296294
4 0.4953125 0.46944444444444444 0.026041666666666668 0.046296296296296294
3 0.6890625 0.47129629629629627 0.026041666666666668 0.046296296296296294
4 0.43697916666666664 0.4787037037037037 0.026041666666666668 0.046296296296296294
4 0.4661458333333333 0.47129629629629627 0.026041666666666668 0.046296296296296294
4 0.6197916666666666 0.48055555555555557 0.026041666666666668 0.046296296296296294
4 0.5010416666666667 0.487962962962963 0.026041666666666668 0.046296296296296294
4 0.5328125 0.49074074074074076 0.026041666666666668 0.046296296296296294
4 0.596875 0.48703703703703705 0.026041666666666668 0.046296296296296294
4 0.6166666666666667 0.4898148148148148 0.026041666666666668 0.046296296296296294
3 0.6828125 0.487962962962963 0.026041666666666668 0.046296296296296294
4 0.37864583333333335 0.49537037037037035 0.026041666666666668 0.046296296296296294
4 0.38645833333333335 0.49537037037037035 0.026041666666666668 0.046296296296296294
4 0.39479166666666665 0.4935185185185185 0.026041666666666668 0.046296296296296294
4 0.4119791666666667 0.5018518518518519 0.026041666666666668 0.046296296296296294
4 0.6046875 0.5046296296296297 0.026041666666666668 0.046296296296296294
4 0.6276041666666666 0.5018518518518519 0.026041666666666668 0.046296296296296294
4 0.37864583333333335 0.5111111111111111 0.026041666666666668 0.046296296296296294
4 0.3880208333333333 0.5101851851851852 0.026041666666666668 0.046296296296296294
4 0.4 0.5111111111111111 0.026041666666666668 0.046296296296296294
3 0.690625 0.5092592592592593 0.026041666666666668 0.046296296296296294
4 0.628125 0.5185185185185185 0.026041666666666668 0.046296296296296294
4 0.665625 0.5259259259259259 0.026041666666666668 0.046296296296296294
3 0.7015625 0.5277777777777778 0.026041666666666668 0.046296296296296294
3 0.7197916666666667 0.5268518518518519 0.026041666666666668 0.046296296296296294
4 0.39166666666666666 0.5351851851851852 0.026041666666666668 0.046296296296296294
4 0.528125 0.5370370370370371 0.026041666666666668 0.046296296296296294
4 0.590625 0.5407407407407407 0.026041666666666668 0.046296296296296294
4 0.54375 0.5481481481481482 0.026041666666666668 0.046296296296296294
4 0.5682291666666667 0.5472222222222223 0.026041666666666668 0.046296296296296294
4 0.61875 0.549074074074074 0.026041666666666668 0.046296296296296294
4 0.4088541666666667 0.5574074074074075 0.026041666666666668 0.046296296296296294
4 0.48333333333333334 0.5555555555555556 0.026041666666666668 0.046296296296296294
4 0.6151041666666667 0.5731481481481482 0.026041666666666668 0.046296296296296294
3 0.6807291666666667 0.5777777777777777 0.026041666666666668 0.046296296296296294
4 0.4479166666666667 0.6212962962962963 0.026041666666666668 0.046296296296296294
4 0.6083333333333333 0.6305555555555555 0.026041666666666668 0.046296296296296294
4 0.5979166666666667 0.6435185185185185 0.026041666666666668 0.046296296296296294
4 0.43697916666666664 0.6518518518518519 0.026041666666666668 0.046296296296296294
3 0.7140625 0.6518518518518519 0.026041666666666668 0.046296296296296294
4 0.49375 0.6657407407407407 0.026041666666666668 0.046296296296296294
1 0.40572916666666664 0.674074074074074 0.026041666666666668 0.046296296296296294
1 0.6692708333333334 0.6787037037037037 0.026041666666666668 0.046296296296296294
1 0.578125 0.6842592592592592 0.026041666666666668 0.046296296296296294
1 0.5927083333333333 0.6851851851851852 0.026041666666666668 0.046296296296296294
1 0.7265625 0.6833333333333333 0.026041666666666668 0.046296296296296294
1 0.5526041666666667 0.6981481481481482 0.026041666666666668 0.046296296296296294
1 0.5322916666666667 0.7083333333333334 0.026041666666666668 0.046296296296296294
1 0.6661458333333333 0.7712962962962963 0.026041666666666668 0.046296296296296294
1 0.22604166666666667 0.7935185185185185 0.026041666666666668 0.046296296296296294
1 0.6177083333333333 0.8055555555555556 0.026041666666666668 0.046296296296296294
1 0.8197916666666667 0.8296296296296296 0.026041666666666668 0.046296296296296294
1 0.9765625 0.8518518518518519 0.026041666666666668 0.046296296296296294
1 0.9895833333333334 0.8527777777777777 0.026041666666666668 0.046296296296296294
1 0.61875 0.8546296296296296 0.026041666666666668 0.046296296296296294
1 0.7510416666666667 0.8768518518518519 0.026041666666666668 0.046296296296296294
1 0.825 0.9231481481481482 0.026041666666666668 0.046296296296296294
1 0.7729166666666667 0.6796296296296296 0.026041666666666668 0.046296296296296294
1 0.8947916666666667 0.8 0.026041666666666668 0.046296296296296294
1 0.8864583333333333 0.7425925925925926 0.026041666666666668 0.046296296296296294
1 0.9791666666666666 0.9388888888888889 0.026041666666666668 0.046296296296296294
3 0.7520833333333333 0.6240740740740741 0.026041666666666668 0.046296296296296294
3 0.7760416666666666 0.5796296296296296 0.026041666666666668 0.046296296296296294
3 0.7583333333333333 0.5111111111111111 0.026041666666666668 0.046296296296296294
4 0.6583333333333333 0.34629629629629627 0.026041666666666668 0.046296296296296294
4 0.4552083333333333 0.512962962962963 0.026041666666666668 0.046296296296296294
2 0.16875 0.4444444444444444 0.026041666666666668 0.046296296296296294
2 0.17916666666666667 0.42777777777777776 0.026041666666666668 0.046296296296296294
2 0.19166666666666668 0.4074074074074074 0.026041666666666668 0.046296296296296294
3 0.6958333333333333 0.5740740740740741 0.026041666666666668 0.046296296296296294
4 0.4739583333333333 0.512962962962963 0.026041666666666668 0.046296296296296294
