0 0.4713541666666667 0.09537037037037037 0.026041666666666668 0.046296296296296294
0 0.48333333333333334 0.09722222222222222 0.026041666666666668 0.046296296296296294
0 0.49166666666666664 0.12037037037037036 0.026041666666666668 0.046296296296296294
0 0.4708333333333333 0.12962962962962962 0.026041666666666668 0.046296296296296294
0 0.44895833333333335 0.13425925925925927 0.026041666666666668 0.046296296296296294
0 0.4546875 0.13518518518518519 0.026041666666666668 0.046296296296296294
0 0.46145833333333336 0.1388888888888889 0.026041666666666668 0.046296296296296294
0 0.4901041666666667 0.1388888888888889 0.026041666666666668 0.046296296296296294
0 0.44166666666666665 0.14537037037037037 0.026041666666666668 0.046296296296296294
0 0.4744791666666667 0.14537037037037037 0.026041666666666668 0.046296296296296294
0 0.4359375 0.15648148148148147 0.026041666666666668 0.046296296296296294
0 0.490625 0.1537037037037037 0.026041666666666668 0.046296296296296294
0 0.4630208333333333 0.16018518518518518 0.026041666666666668 0.046296296296296294
0 0.44635416666666666 0.1675925925925926 0.026041666666666668 0.046296296296296294
0 0.4953125 0.16666666666666666 0.026041666666666668 0.046296296296296294
0 0.43333333333333335 0.17222222222222222 0.026041666666666668 0.046296296296296294
0 0.46197916666666666 0.17685185185185184 0.026041666666666668 0.046296296296296294
0 0.4817708333333333 0.175 0.026041666666666668 0.046296296296296294
0 0.440625 0.18425925925925926 0.026041666666666668 0.046296296296296294
0 0.4625 0.1925925925925926 0.026041666666666668 0.046296296296296294
0 0.4708333333333333 0.20092592592592592 0.026041666666666668 0.046296296296296294
0 0.44635416666666666 0.2064814814814815 0.026041666666666668 0.046296296296296294
0 0.45625 0.20555555555555555 0.026041666666666668 0.046296296296296294
0 0.490625 0.20925925925925926 0.026041666666666668 0.046296296296296294
0 0.4947916666666667 0.22037037037037038 0.026041666666666668 0.046296296296296294
0 0.5119791666666667 0.22314814814814815 0.026041666666666668 0.046296296296296294
0 0.5208333333333334 0.22314814814814815 0.026041666666666668 0.046296296296296294
0 0.47239583333333335 0.22962962962962963 0.026041666666666668 0.046296296296296294
0 0.4765625 0.22870370370370371 0.026041666666666668 0.046296296296296294
0 0.5130208333333334 0.22962962962962963 0.026041666666666668 0.046296296296296294
0 0.5036458333333333 0.23796296296296296 0.026041666666666668 0.046296296296296294
0 0.41302083333333334 0.24537037037037038 0.026041666666666668 0.046296296296296294
0 0.4625 0.24814814814814815 0.026041666666666668 0.046296296296296294
0 0.4869791666666667 0.24722222222222223 0.026041666666666668 0.046296296296296294
0 0.4953125 0.24722222222222223 0.026041666666666668 0.046296296296296294
0 0.5072916666666667 0.2462962962962963 0.026041666666666668 0.046296296296296294
0 0.4895833333333333 0.26296296296296295 0.026041666666666668 0.046296296296296294
0 0.4666666666666667 0.2777777777777778 0.026041666666666668 0.046296296296296294
0 0.4734375 0.27870370370370373 0.026041666666666668 0.046296296296296294
0 0.49375 0.2759259259259259 0.026041666666666668 0.046296296296296294
0 0.50625 0.2777777777777778 0.026041666666666668 0.046296296296296294
0 0.5135416666666667 0.2851851851851852 0.026041666666666668 0.046296296296296294
0 0.475 0.29259259259259257 0.026041666666666668 0.046296296296296294
0 0.4828125 0.30185185185185187 0.026041666666666668 0.046296296296296294
0 0.4166666666666667 0.30462962962962964 0.026041666666666668 0.046296296296296294
0 0.4276041666666667 0.30462962962962964 0.026041666666666668 0.046296296296296294
0 0.43333333333333335 0.3037037037037037 0.026041666666666668 0.046296296296296294
0 0.440625 0.3055555555555556 0.026041666666666668 0.046296296296296294
0 0.46979166666666666 0.3101851851851852 0.026041666666666668 0.046296296296296294
0 0.428125 0.31666666666666665 0.026041666666666668 0.046296296296296294
0 0.45364583333333336 0.31851851851851853 0.026041666666666668 0.046296296296296294
0 0.48333333333333334 0.31666666666666665 0.026041666666666668 0.046296296296296294
0 0.5119791666666667 0.32592592592592595 0.026041666666666668 0.046296296296296294
0 0.528125 0.32314814814814813 0.026041666666666668 0.046296296296296294
4 0.42135416666666664 0.33425925925925926 0.026041666666666668 0.046296296296296294
0 0.44479166666666664 0.3277777777777778 0.026041666666666668 0.046296296296296294
0 0.4578125 0.3314814814814815 0.026041666666666668 0.046296296296296294
4 0.478125 0.3333333333333333 0.026041666666666668 0.046296296296296294
0 0.5213541666666667 0.33240740740740743 0.026041666666666668 0.046296296296296294
4 0.4328125 0.3398148148148148 0.026041666666666668 0.046296296296296294
4 0.4953125 0.3388888888888889 0.026041666666666668 0.046296296296296294
4 0.5276041666666667 0.33796296296296297 0.026041666666666668 0.046296296296296294
4 0.4083333333333333 0.35 0.026041666666666668 0.046296296296296294
4 0.44635416666666666 0.34629629629629627 0.026041666666666668 0.046296296296296294
4 0.453125 0.3490740740740741 0.026041666666666668 0.046296296296296294
4 0.515625 0.34814814814814815 0.026041666666666668 0.046296296296296294
4 0.375 0.35462962962962963 0.026041666666666668 0.046296296296296294
4 0.403125 0.35648148148148145 0.026041666666666668 0.046296296296296294
4 0.415625 0.3574074074074074 0.026041666666666668 0.046296296296296294
4 0.5078125 0.3574074074074074 0.026041666666666668 0.046296296296296294
4 0.3875 0.362962962962963 0.026041666666666668 0.046296296296296294
4 0.4828125 0.36203703703703705 0.026041666666666668 0.046296296296296294
4 0.5255208333333333 0.36574074074074076 0.026041666666666668 0.046296296296296294
4 0.415625 0.37037037037037035 0.026041666666666668 0.046296296296296294
4 0.49166666666666664 0.3712962962962963 0.026041666666666668 0.046296296296296294
4 0.5078125 0.37037037037037035 0.026041666666666668 0.046296296296296294
3 0.6786458333333333 0.3675925925925926 0.026041666666666668 0.046296296296296294
4 0.39947916666666666 0.38055555555555554 0.026041666666666668 0.046296296296296294
4 0.5161458333333333 0.3787037037037037 0.026041666666666668 0.046296296296296294
4 0.6505208333333333 0.37777777777777777 0.026041666666666668 0.046296296296296294
4 0.428125 0.3861111111111111 0.026041666666666668 0.046296296296296294
4 0.49895833333333334 0.38796296296296295 0.026041666666666668 0.046296296296296294
4 0.5208333333333334 0.38796296296296295 0.026041666666666668 0.046296296296296294
2 0.19375 0.3925925925925926 0.026041666666666668 0.046296296296296294
2 0.21302083333333333 0.3907407407407407 0.026041666666666668 0.046296296296296294
4 0.44479166666666664 0.3925925925925926 0.026041666666666668 0.046296296296296294
4 0.45677083333333335 0.39444444444444443 0.026041666666666668 0.046296296296296294
4 0.4786458333333333 0.39351851851851855 0.026041666666666668 0.046296296296296294
4 0.5166666666666667 0.4009259259259259 0.026041666666666668 0.046296296296296294
2 0.16614583333333333 0.4166666666666667 0.026041666666666668 0.046296296296296294
2 0.19166666666666668 0.4185185185185185 0.026041666666666668 0.046296296296296294
4 0.3859375 0.4185185185185185 0.026041666666666668 0.046296296296296294
4 0.45729166666666665 0.41759259259259257 0.026041666666666668 0.046296296296296294
4 0.4744791666666667 0.41759259259259257 0.026041666666666668 0.046296296296296294
4 0.41770833333333335 0.425 0.026041666666666668 0.046296296296296294
4 0.44427083333333334 0.44074074074074077 0.026041666666666668 0.046296296296296294
4 0.65 0.44074074074074077 0.026041666666666668 0.046296296296296294
4 0.6651041666666667 0.44814814814814813 0.026041666666666668 0.046296296296296294
3 0.7067708333333333 0.44537037037037036 0.026041666666666668 0.046296296296296294
4 0.49895833333333334 0.462037037037037 0.026041666666666668 0.046296296296296294
4 0.6609375 0.46111111111111114 0.026041666666666668 0.046296296296296294
3 0.6770833333333334 0.4638888888888889 0.026041666666666668 0.046296296296296294
3 0.6864583333333333 0.475 0.026041666666666668 0.046296296296296294
4 0.4078125 0.47962962962962963 0.026041666666666668 0.046296296296296294
4 0.5328125 0.4824074074074074 0.026041666666666668 0.046296296296296294
4 0.428125 0.487962962962963 0.026041666666666668 0.046296296296296294
4 0.6291666666666667 0.487962962962963 0.026041666666666668 0.046296296296296294
4 0.45416666666666666 0.49722222222222223 0.026041666666666668 0.046296296296296294
3 0.6786458333333333 0.4935185185185185 0.026041666666666668 0.046296296296296294
3 0.6859375 0.49537037037037035 0.026041666666666668 0.046296296296296294
4 0.42864583333333334 0.5009259259259259 0.026041666666666668 0.046296296296296294
4 0.5317708333333333 0.5027777777777778 0.026041666666666668 0.046296296296296294
4 0.6369791666666667 0.5111111111111111 0.026041666666666668 0.046296296296296294
3 0.6911458333333333 0.5092592592592593 0.026041666666666668 0.046296296296296294
4 0.6104166666666667 0.5231481481481481 0.026041666666666668 0.046296296296296294
4 0.5203125 0.5324074074074074 0.026041666666666668 0.046296296296296294
3 0.6671875 0.5342592592592592 0.026041666666666668 0.046296296296296294
4 0.61875 0.5407407407407407 0.026041666666666668 0.046296296296296294
3 0.7203125 0.5351851851851852 0.026041666666666668 0.046296296296296294
4 0.5203125 0.5481481481481482 0.026041666666666668 0.046296296296296294
2 0.13489583333333333 0.5537037037037037 0.026041666666666668 0.046296296296296294
4 0.6380208333333334 0.5648148148148148 0.026041666666666668 0.046296296296296294
3 0.7578125 0.5638888888888889 0.026041666666666668 0.046296296296296294
3 0.7286458333333333 0.5657407407407408 0.026041666666666668 0.046296296296296294
4 0.3807291666666667 0.575 0.026041666666666668 0.046296296296296294
4 0.5864583333333333 0.5879629629629629 0.026041666666666668 0.046296296296296294
4 0.5671875 0.5944444444444444 0.026041666666666668 0.046296296296296294
3 0.7541666666666667 0.6037037037037037 0.026041666666666668 0.046296296296296294
4 0.43333333333333335 0.6166666666666667 0.026041666666666668 0.046296296296296294
3 0.7291666666666666 0.6194444444444445 0.026041666666666668 0.046296296296296294
3 0.7630208333333334 0.6259259259259259 0.026041666666666668 0.046296296296296294
3 0.775 0.6666666666666666 0.026041666666666668 0.046296296296296294
1 0.184375 0.6907407407407408 0.026041666666666668 0.046296296296296294
1 0.6598958333333333 0.7111111111111111 0.026041666666666668 0.046296296296296294
1 0.5395833333333333 0.7138888888888889 0.026041666666666668 0.046296296296296294
1 0.225 0.7583333333333333 0.026041666666666668 0.046296296296296294
1 0.4822916666666667 0.7546296296296297 0.026041666666666668 0.046296296296296294
1 0.69375 0.7861111111111111 0.026041666666666668 0.046296296296296294
1 0.7645833333333333 0.8342592592592593 0.026041666666666668 0.046296296296296294
1 0.8239583333333333 0.8379629629629629 0.026041666666666668 0.046296296296296294
1 0.975 0.8462962962962963 0.026041666666666668 0.046296296296296294
1 0.9953125 0.8601851851851852 0.026041666666666668 0.046296296296296294
1 0.6411458333333333 0.8629629629629629 0.026041666666666668 0.046296296296296294
1 0.8286458333333333 0.8666666666666667 0.026041666666666668 0.046296296296296294
1 0.9625 0.9157407407407407 0.026041666666666668 0.046296296296296294
1 0.815625 0.9175925925925926 0.026041666666666668 0.046296296296296294
1 0.965625 0.9444444444444444 0.026041666666666668 0.046296296296296294
1 0.2947916666666667 0.987037037037037 0.026041666666666668 0.046296296296296294
1 0.9401041666666666 0.9851851851851852 0.026041666666666668 0.046296296296296294
1 0.23229166666666667 0.6833333333333333 0.026041666666666668 0.046296296296296294
1 0.875 0.8240740740740741 0.026041666666666668 0.046296296296296294
1 0.6479166666666667 0.6685185185185185 0.026041666666666668 0.046296296296296294
3 0.690625 0.6425925925925926 0.026041666666666668 0.046296296296296294
3 0.7708333333333334 0.587037037037037 0.026041666666666668 0.046296296296296294
0 0.6895833333333333 0.2962962962962963 0.026041666666666668 0.046296296296296294
