0 0.4822916666666667 0.10648148148148148 0.026041666666666668 0.046296296296296294
0 0.4828125 0.12129629629629629 0.026041666666666668 0.046296296296296294
0 0.4708333333333333 0.12962962962962962 0.026041666666666668 0.046296296296296294
0 0.490625 0.12962962962962962 0.026041666666666668 0.046296296296296294
0 0.4421875 0.13333333333333333 0.026041666666666668 0.046296296296296294
0 0.45 0.13425925925925927 0.026041666666666668 0.046296296296296294
0 0.4583333333333333 0.13425925925925927 0.026041666666666668 0.046296296296296294
0 0.46145833333333336 0.13425925925925927 0.026041666666666668 0.046296296296296294
0 0.48333333333333334 0.1388888888888889 0.026041666666666668 0.046296296296296294
0 0.43645833333333334 0.1537037037037037 0.026041666666666668 0.046296296296296294
0 0.4625 0.15092592592592594 0.026041666666666668 0.046296296296296294
0 0.4744791666666667 0.15462962962962962 0.026041666666666668 0.046296296296296294
0 0.4890625 0.16018518518518518 0.026041666666666668 0.046296296296296294
0 0.46979166666666666 0.1675925925925926 0.026041666666666668 0.046296296296296294
0 0.43333333333333335 0.175 0.026041666666666668 0.046296296296296294
0 0.42552083333333335 0.2388888888888889 0.026041666666666668 0.046296296296296294
0 0.5026041666666666 0.24074074074074073 0.026041666666666668 0.046296296296296294
0 0.46145833333333336 0.24537037037037038 0.026041666666666668 0.046296296296296294
0 0.4921875 0.24537037037037038 0.026041666666666668 0.046296296296296294
0 0.49895833333333334 0.24722222222222223 0.026041666666666668 0.046296296296296294
0 0.48333333333333334 0.2564814814814815 0.026041666666666668 0.046296296296296294
0 0.515625 0.2537037037037037 0.026041666666666668 0.046296296296296294
0 0.4203125 0.2638888888888889 0.026041666666666668 0.046296296296296294
0 0.49114583333333334 0.2611111111111111 0.026041666666666668 0.046296296296296294
0 0.6546875 0.262037037037037 0.026041666666666668 0.046296296296296294
0 0.5 0.26944444444444443 0.026041666666666668 0.046296296296296294
0 0.5088541666666667 0.26944444444444443 0.026041666666666668 0.046296296296296294
0 0.49947916666666664 0.2777777777777778 0.026041666666666668 0.046296296296296294
0 0.4114583333333333 0.2861111111111111 0.026041666666666668 0.046296296296296294
0 0.42552083333333335 0.28425925925925927 0.026041666666666668 0.046296296296296294
0 0.45729166666666665 0.29259259259259257 0.026041666666666668 0.046296296296296294
0 0.47708333333333336 0.29259259259259257 0.026041666666666668 0.046296296296296294
0 0.5416666666666666 0.29444444444444445 0.026041666666666668 0.046296296296296294
0 0.6864583333333333 0.2916666666666667 0.026041666666666668 0.046296296296296294
0 0.4354166666666667 0.3074074074074074 0.026041666666666668 0.046296296296296294
0 0.44427083333333334 0.3101851851851852 0.026041666666666668 0.046296296296296294
0 0.5286458333333334 0.31666666666666665 0.026041666666666668 0.046296296296296294
0 0.4197916666666667 0.325 0.026041666666666668 0.046296296296296294
0 0.4734375 0.3212962962962963 0.026041666666666668 0.046296296296296294
0 0.50625 0.325 0.026041666666666668 0.046296296296296294
0 0.5213541666666667 0.32407407407407407 0.026041666666666668 0.046296296296296294
0 0.5239583333333333 0.32685185185185184 0.026041666666666668 0.046296296296296294
4 0.4510416666666667 0.3333333333333333 0.026041666666666668 0.046296296296296294
0 0.46145833333333336 0.3314814814814815 0.026041666666666668 0.046296296296296294
0 0.4947916666666667 0.33055555555555555 0.026041666666666668 0.046296296296296294
4 0.42083333333333334 0.33796296296296297 0.026041666666666668 0.046296296296296294
4 0.43125 0.3388888888888889 0.026041666666666668 0.046296296296296294
4 0.46510416666666665 0.34074074074074073 0.026041666666666668 0.046296296296296294
4 0.4791666666666667 0.3398148148148148 0.026041666666666668 0.046296296296296294
4 0.4869791666666667 0.3416666666666667 0.026041666666666668 0.046296296296296294
4 0.5083333333333333 0.3388888888888889 0.026041666666666668 0.046296296296296294
4 0.37916666666666665 0.3472222222222222 0.026041666666666668 0.046296296296296294
4 0.44479166666666664 0.3472222222222222 0.026041666666666668 0.046296296296296294
4 0.3734375 0.3537037037037037 0.026041666666666668 0.046296296296296294
4 0.4078125 0.35462962962962963 0.026041666666666668 0.046296296296296294
4 0.415625 0.35648148148148145 0.026041666666666668 0.046296296296296294
4 0.47239583333333335 0.3574074074074074 0.026041666666666668 0.046296296296296294
4 0.5125 0.35648148148148145 0.026041666666666668 0.046296296296296294
4 0.37916666666666665 0.3648148148148148 0.026041666666666668 0.046296296296296294
4 0.3880208333333333 0.362962962962963 0.026041666666666668 0.046296296296296294
4 0.39947916666666666 0.3611111111111111 0.026041666666666668 0.046296296296296294
4 0.5057291666666667 0.3648148148148148 0.026041666666666668 0.046296296296296294
4 0.49166666666666664 0.36944444444444446 0.026041666666666668 0.046296296296296294
4 0.49895833333333334 0.37407407407407406 0.026041666666666668 0.046296296296296294
3 0.6791666666666667 0.37037037037037035 0.026041666666666668 0.046296296296296294
4 0.4088541666666667 0.37777777777777777 0.026041666666666668 0.046296296296296294
4 0.5192708333333333 0.3787037037037037 0.026041666666666668 0.046296296296296294
4 0.6505208333333333 0.37777777777777777 0.026041666666666668 0.046296296296296294
4 0.42083333333333334 0.3861111111111111 0.026041666666666668 0.046296296296296294
4 0.49947916666666664 0.38796296296296295 0.026041666666666668 0.046296296296296294
4 0.6541666666666667 0.39351851851851855 0.026041666666666668 0.046296296296296294
2 0.21145833333333333 0.4009259259259259 0.026041666666666668 0.046296296296296294
2 0.190625 0.4101851851851852 0.026041666666666668 0.046296296296296294
4 0.5114583333333333 0.41944444444444445 0.026041666666666668 0.046296296296296294
4 0.6588541666666666 0.41944444444444445 0.026041666666666668 0.046296296296296294
2 0.16666666666666666 0.42592592592592593 0.026041666666666668 0.046296296296296294
4 0.6541666666666667 0.42777777777777776 0.026041666666666668 0.046296296296296294
4 0.4828125 0.43148148148148147 0.026041666666666668 0.046296296296296294
4 0.49583333333333335 0.43333333333333335 0.026041666666666668 0.046296296296296294
4 0.5046875 0.4351851851851852 0.026041666666666668 0.046296296296296294
4 0.6505208333333333 0.43333333333333335 0.026041666666666668 0.046296296296296294
2 0.20416666666666666 0.44351851851851853 0.026041666666666668 0.046296296296296294
4 0.5166666666666667 0.44351851851851853 0.026041666666666668 0.046296296296296294
4 0.4859375 0.44907407407407407 0.026041666666666668 0.046296296296296294
4 0.6583333333333333 0.44537037037037036 0.026041666666666668 0.046296296296296294
3 0.70625 0.4444444444444444 0.026041666666666668 0.046296296296296294
4 0.46510416666666665 0.45740740740740743 0.026041666666666668 0.046296296296296294
3 0.6875 0.45555555555555555 0.026041666666666668 0.046296296296296294
4 0.49895833333333334 0.4648148148148148 0.026041666666666668 0.046296296296296294
4 0.6661458333333333 0.462037037037037 0.026041666666666668 0.046296296296296294
4 0.5203125 0.4722222222222222 0.026041666666666668 0.046296296296296294
3 0.6828125 0.47129629629629627 0.026041666666666668 0.046296296296296294
4 0.5255208333333333 0.47962962962962963 0.026041666666666668 0.046296296296296294
4 0.5947916666666667 0.47962962962962963 0.026041666666666668 0.046296296296296294
4 0.46145833333333336 0.487962962962963 0.026041666666666668 0.046296296296296294
4 0.6291666666666667 0.487962962962963 0.026041666666666668 0.046296296296296294
4 0.5296875 0.49444444444444446 0.026041666666666668 0.046296296296296294
3 0.6942708333333333 0.49722222222222223 0.026041666666666668 0.046296296296296294
4 0.534375 0.5111111111111111 0.026041666666666668 0.046296296296296294
4 0.4875 0.5175925925925926 0.026041666666666668 0.046296296296296294
3 0.6911458333333333 0.5185185185185185 0.026041666666666668 0.046296296296296294
4 0.5369791666666667 0.5259259259259259 0.026041666666666668 0.046296296296296294
4 0.6651041666666667 0.5277777777777778 0.026041666666666668 0.046296296296296294
4 0.446875 0.5342592592592592 0.026041666666666668 0.046296296296296294
4 0.4708333333333333 0.5333333333333333 0.026041666666666668 0.046296296296296294
4 0.5598958333333334 0.537962962962963 0.026041666666666668 0.046296296296296294
3 0.7234375 0.5370370370370371 0.026041666666666668 0.046296296296296294
4 0.49895833333333334 0.5472222222222223 0.026041666666666668 0.046296296296296294
4 0.5848958333333333 0.5462962962962963 0.026041666666666668 0.046296296296296294
4 0.5369791666666667 0.5638888888888889 0.026041666666666668 0.046296296296296294
3 0.7375 0.562962962962963 0.026041666666666668 0.046296296296296294
3 0.7578125 0.5638888888888889 0.026041666666666668 0.046296296296296294
4 0.4791666666666667 0.5712962962962963 0.026041666666666668 0.046296296296296294
4 0.6328125 0.5675925925925925 0.026041666666666668 0.046296296296296294
3 0.765625 0.5824074074074074 0.026041666666666668 0.046296296296296294
4 0.3953125 0.5879629629629629 0.026041666666666668 0.046296296296296294
3 0.7619791666666667 0.6194444444444445 0.026041666666666668 0.046296296296296294
2 0.21666666666666667 0.6231481481481481 0.026041666666666668 0.046296296296296294
3 0.690625 0.6361111111111111 0.026041666666666668 0.046296296296296294
4 0.6505208333333333 0.6638888888888889 0.026041666666666668 0.046296296296296294
1 0.7703125 0.674074074074074 0.026041666666666668 0.046296296296296294
1 0.8890625 0.7481481481481481 0.026041666666666668 0.046296296296296294
1 0.028125 0.8148148148148148 0.026041666666666668 0.046296296296296294
1 0.7609375 0.8351851851851851 0.026041666666666668 0.046296296296296294
1 0.825 0.8453703703703703 0.026041666666666668 0.046296296296296294
1 0.9791666666666666 0.8472222222222222 0.026041666666666668 0.046296296296296294
1 0.8333333333333334 0.8694444444444445 0.026041666666666668 0.046296296296296294
1 0.9953125 0.8666666666666667 0.026041666666666668 0.046296296296296294
1 0.815625 0.9138888888888889 0.026041666666666668 0.046296296296296294
1 0.9723958333333333 0.9398148148148148 0.026041666666666668 0.046296296296296294
1 0.484375 0.7481481481481481 0.026041666666666668 0.046296296296296294
4 0.4864583333333333 0.6388888888888888 0.026041666666666668 0.046296296296296294
1 0.6885416666666667 0.7018518518518518 0.026041666666666668 0.046296296296296294
1 0.871875 0.812962962962963 0.026041666666666668 0.046296296296296294
3 0.7427083333333333 0.6185185185185185 0.026041666666666668 0.046296296296296294
4 0.4479166666666667 0.5018518518518519 0.026041666666666668 0.046296296296296294
4 0.390625 0.49074074074074076 0.026041666666666668 0.046296296296296294
2 0.22083333333333333 0.48148148148148145 0.026041666666666668 0.046296296296296294
4 0.6166666666666667 0.5462962962962963 0.026041666666666668 0.046296296296296294
4 0.6229166666666667 0.512962962962963 0.026041666666666668 0.046296296296296294
