0 0.4703125 0.13055555555555556 0.026041666666666668 0.046296296296296294
0 0.46197916666666666 0.1361111111111111 0.026041666666666668 0.046296296296296294
0 0.4703125 0.13796296296296295 0.026041666666666668 0.046296296296296294
0 0.4869791666666667 0.1388888888888889 0.026041666666666668 0.046296296296296294
0 0.4786458333333333 0.14629629629629629 0.026041666666666668 0.046296296296296294
0 0.4625 0.1537037037037037 0.026041666666666668 0.046296296296296294
0 0.4708333333333333 0.16018518518518518 0.026041666666666668 0.046296296296296294
0 0.49895833333333334 0.16203703703703703 0.026041666666666668 0.046296296296296294
0 0.4583333333333333 0.16574074074074074 0.026041666666666668 0.046296296296296294
0 0.48385416666666664 0.16944444444444445 0.026041666666666668 0.046296296296296294
0 0.4317708333333333 0.17314814814814813 0.026041666666666668 0.046296296296296294
0 0.47552083333333334 0.18703703703703703 0.026041666666666668 0.046296296296296294
0 0.4822916666666667 0.18888888888888888 0.026041666666666668 0.046296296296296294
0 0.4828125 0.20462962962962963 0.026041666666666668 0.046296296296296294
0 0.48802083333333335 0.20555555555555555 0.026041666666666668 0.046296296296296294
0 0.434375 0.22870370370370371 0.026041666666666668 0.046296296296296294
0 0.45677083333333335 0.22870370370370371 0.026041666666666668 0.046296296296296294
0 0.4703125 0.23796296296296296 0.026041666666666668 0.046296296296296294
0 0.4484375 0.26296296296296295 0.026041666666666668 0.046296296296296294
0 0.45729166666666665 0.27685185185185185 0.026041666666666668 0.046296296296296294
0 0.4864583333333333 0.2740740740740741 0.026041666666666668 0.046296296296296294
0 0.4921875 0.275 0.026041666666666668 0.046296296296296294
0 0.4713541666666667 0.2824074074074074 0.026041666666666668 0.046296296296296294
0 0.478125 0.28055555555555556 0.026041666666666668 0.046296296296296294
0 0.49895833333333334 0.2833333333333333 0.026041666666666668 0.046296296296296294
0 0.5052083333333334 0.2833333333333333 0.026041666666666668 0.046296296296296294
0 0.5380208333333333 0.2851851851851852 0.026041666666666668 0.046296296296296294
0 0.6953125 0.2861111111111111 0.026041666666666668 0.046296296296296294
0 0.4328125 0.2916666666666667 0.026041666666666668 0.046296296296296294
0 0.4453125 0.29259259259259257 0.026041666666666668 0.046296296296296294
0 0.45729166666666665 0.2898148148148148 0.026041666666666668 0.046296296296296294
0 0.5067708333333333 0.29259259259259257 0.026041666666666668 0.046296296296296294
0 0.5109375 0.29259259259259257 0.026041666666666668 0.046296296296296294
0 0.43385416666666665 0.30092592592592593 0.026041666666666668 0.046296296296296294
0 0.4875 0.3 0.026041666666666668 0.046296296296296294
0 0.4984375 0.30092592592592593 0.026041666666666668 0.046296296296296294
0 0.41302083333333334 0.3055555555555556 0.026041666666666668 0.046296296296296294
0 0.5317708333333333 0.3074074074074074 0.026041666666666668 0.046296296296296294
0 0.46197916666666666 0.3175925925925926 0.026041666666666668 0.046296296296296294
0 0.4984375 0.3148148148148148 0.026041666666666668 0.046296296296296294
0 0.7067708333333333 0.3148148148148148 0.026041666666666668 0.046296296296296294
0 0.4328125 0.32314814814814813 0.026041666666666668 0.046296296296296294
0 0.45729166666666665 0.3314814814814815 0.026041666666666668 0.046296296296296294
0 0.5078125 0.3314814814814815 0.026041666666666668 0.046296296296296294
4 0.44479166666666664 0.3388888888888889 0.026041666666666668 0.046296296296296294
4 0.4703125 0.3388888888888889 0.026041666666666668 0.046296296296296294
4 0.45416666666666666 0.3490740740740741 0.026041666666666668 0.046296296296296294
4 0.48854166666666665 0.34814814814814815 0.026041666666666668 0.046296296296296294
4 0.3703125 0.35555555555555557 0.026041666666666668 0.046296296296296294
4 0.4114583333333333 0.3527777777777778 0.026041666666666668 0.046296296296296294
4 0.5197916666666667 0.3537037037037037 0.026041666666666668 0.046296296296296294
4 0.40677083333333336 0.3648148148148148 0.026041666666666668 0.046296296296296294
4 0.39947916666666666 0.37962962962962965 0.026041666666666668 0.046296296296296294
4 0.4901041666666667 0.3768518518518518 0.026041666666666668 0.046296296296296294
4 0.5078125 0.37777777777777777 0.026041666666666668 0.046296296296296294
4 0.653125 0.37777777777777777 0.026041666666666668 0.046296296296296294
4 0.5171875 0.3851851851851852 0.026041666666666668 0.046296296296296294
3 0.7255208333333333 0.3851851851851852 0.026041666666666668 0.046296296296296294
2 0.19427083333333334 0.3925925925925926 0.026041666666666668 0.046296296296296294
4 0.5296875 0.39537037037037037 0.026041666666666668 0.046296296296296294
3 0.68125 0.39166666666666666 0.026041666666666668 0.046296296296296294
4 0.6536458333333334 0.40370370370370373 0.026041666666666668 0.046296296296296294
2 0.20104166666666667 0.4064814814814815 0.026041666666666668 0.046296296296296294
4 0.6630208333333333 0.412962962962963 0.026041666666666668 0.046296296296296294
2 0.17083333333333334 0.4166666666666667 0.026041666666666668 0.046296296296296294
4 0.3984375 0.41944444444444445 0.026041666666666668 0.046296296296296294
4 0.4119791666666667 0.41759259259259257 0.026041666666666668 0.046296296296296294
4 0.6609375 0.4212962962962963 0.026041666666666668 0.046296296296296294
3 0.6796875 0.42777777777777776 0.026041666666666668 0.046296296296296294
4 0.3921875 0.4351851851851852 0.026041666666666668 0.046296296296296294
3 0.6744791666666666 0.4444444444444444 0.026041666666666668 0.046296296296296294
3 0.7020833333333333 0.44074074074074077 0.026041666666666668 0.046296296296296294
4 0.5119791666666667 0.44814814814814813 0.026041666666666668 0.046296296296296294
4 0.49947916666666664 0.47129629629629627 0.026041666666666668 0.046296296296296294
3 0.6791666666666667 0.47314814814814815 0.026041666666666668 0.046296296296296294
4 0.3796875 0.4898148148148148 0.026041666666666668 0.046296296296296294
4 0.5057291666666667 0.487962962962963 0.026041666666666668 0.046296296296296294
4 0.6489583333333333 0.48703703703703705 0.026041666666666668 0.046296296296296294
4 0.4109375 0.49166666666666664 0.026041666666666668 0.046296296296296294
3 0.678125 0.4935185185185185 0.026041666666666668 0.046296296296296294
4 0.4984375 0.5018518518518519 0.026041666666666668 0.046296296296296294
3 0.6890625 0.5101851851851852 0.026041666666666668 0.046296296296296294
3 0.7020833333333333 0.512962962962963 0.026041666666666668 0.046296296296296294
4 0.6364583333333333 0.5166666666666667 0.026041666666666668 0.046296296296296294
4 0.6302083333333334 0.5287037037037037 0.026041666666666668 0.046296296296296294
4 0.4744791666666667 0.5324074074074074 0.026041666666666668 0.046296296296296294
3 0.6791666666666667 0.5351851851851852 0.026041666666666668 0.046296296296296294
3 0.71875 0.5314814814814814 0.026041666666666668 0.046296296296296294
3 0.7328125 0.5324074074074074 0.026041666666666668 0.046296296296296294
4 0.5161458333333333 0.5416666666666666 0.026041666666666668 0.046296296296296294
4 0.5541666666666667 0.5444444444444444 0.026041666666666668 0.046296296296296294
4 0.4786458333333333 0.5555555555555556 0.026041666666666668 0.046296296296296294
4 0.5338541666666666 0.5527777777777778 0.026041666666666668 0.046296296296296294
4 0.6322916666666667 0.5537037037037037 0.026041666666666668 0.046296296296296294
3 0.740625 0.5601851851851852 0.026041666666666668 0.046296296296296294
3 0.7572916666666667 0.5638888888888889 0.026041666666666668 0.046296296296296294
4 0.5703125 0.5796296296296296 0.026041666666666668 0.046296296296296294
4 0.5260416666666666 0.5916666666666667 0.026041666666666668 0.046296296296296294
4 0.3828125 0.5953703703703703 0.026041666666666668 0.046296296296296294
4 0.44114583333333335 0.5935185185185186 0.026041666666666668 0.046296296296296294
4 0.42083333333333334 0.6037037037037037 0.026041666666666668 0.046296296296296294
4 0.5270833333333333 0.6083333333333333 0.026041666666666668 0.046296296296296294
4 0.5953125 0.6046296296296296 0.026041666666666668 0.046296296296296294
4 0.5078125 0.6203703703703703 0.026041666666666668 0.046296296296296294
4 0.45260416666666664 0.6342592592592593 0.026041666666666668 0.046296296296296294
4 0.6046875 0.6333333333333333 0.026041666666666668 0.046296296296296294
4 0.39895833333333336 0.6666666666666666 0.026041666666666668 0.046296296296296294
1 0.6755208333333333 0.6833333333333333 0.026041666666666668 0.046296296296296294
1 0.7026041666666667 0.6768518518518518 0.026041666666666668 0.046296296296296294
1 0.55 0.7 0.026041666666666668 0.046296296296296294
1 0.6213541666666667 0.7055555555555556 0.026041666666666668 0.046296296296296294
1 0.40208333333333335 0.7083333333333334 0.026041666666666668 0.046296296296296294
1 0.5729166666666666 0.7101851851851851 0.026041666666666668 0.046296296296296294
1 0.4479166666666667 0.737037037037037 0.026041666666666668 0.046296296296296294
1 0.6328125 0.7287037037037037 0.026041666666666668 0.046296296296296294
1 0.19739583333333333 0.7518518518518519 0.026041666666666668 0.046296296296296294
1 0.8854166666666666 0.7537037037037037 0.026041666666666668 0.046296296296296294
1 0.15729166666666666 0.7925925925925926 0.026041666666666668 0.046296296296296294
1 0.9203125 0.8342592592592593 0.026041666666666668 0.046296296296296294
1 0.4265625 0.8388888888888889 0.026041666666666668 0.046296296296296294
1 0.7598958333333333 0.8342592592592593 0.026041666666666668 0.046296296296296294
1 0.7901041666666667 0.85 0.026041666666666668 0.046296296296296294
1 0.5739583333333333 0.8722222222222222 0.026041666666666668 0.046296296296296294
1 0.8416666666666667 0.8814814814814815 0.026041666666666668 0.046296296296296294
1 0.078125 0.9009259259259259 0.026041666666666668 0.046296296296296294
1 0.18125 0.8962962962962963 0.026041666666666668 0.046296296296296294
1 0.49375 0.8916666666666667 0.026041666666666668 0.046296296296296294
1 0.3375 0.9120370370370371 0.026041666666666668 0.046296296296296294
1 0.6927083333333334 0.9194444444444444 0.026041666666666668 0.046296296296296294
1 0.10520833333333333 0.9481481481481482 0.026041666666666668 0.046296296296296294
1 0.9661458333333334 0.9453703703703704 0.026041666666666668 0.046296296296296294
1 0.39166666666666666 0.9583333333333334 0.026041666666666668 0.046296296296296294
1 0.3484375 0.9842592592592593 0.026041666666666668 0.046296296296296294
2 0.171875 0.47962962962962963 0.026041666666666668 0.046296296296296294
1 0.19791666666666666 0.6981481481481482 0.026041666666666668 0.046296296296296294
1 0.8885416666666667 0.9648148148148148 0.026041666666666668 0.046296296296296294
1 0.921875 0.9777777777777777 0.026041666666666668 0.046296296296296294
1 0.9635416666666666 0.9740740740740741 0.026041666666666668 0.046296296296296294
1 0.9604166666666667 0.7555555555555555 0.026041666666666668 0.046296296296296294
1 0.8625 0.837037037037037 0.026041666666666668 0.046296296296296294
3 0.721875 0.6666666666666666 0.026041666666666668 0.046296296296296294
3 0.7364583333333333 0.6592592592592592 0.026041666666666668 0.046296296296296294
3 0.7520833333333333 0.6277777777777778 0.026041666666666668 0.046296296296296294
1 0.47604166666666664 0.6833333333333333 0.026041666666666668 0.046296296296296294
1 0.490625 0.7166666666666667 0.026041666666666668 0.046296296296296294
1 0.509375 0.674074074074074 0.026041666666666668 0.046296296296296294
4 0.5229166666666667 0.6351851851851852 0.026041666666666668 0.046296296296296294
4 0.6083333333333333 0.55 0.026041666666666668 0.046296296296296294
4 0.6 0.5722222222222222 0.026041666666666668 0.046296296296296294
1 0.43020833333333336 0.9 0.026041666666666668 0.046296296296296294
2 0.20208333333333334 0.4759259259259259 0.026041666666666668 0.046296296296296294
