0 0.4708333333333333 0.09444444444444444 0.026041666666666668 0.046296296296296294
0 0.4786458333333333 0.0962962962962963 0.026041666666666668 0.046296296296296294
0 0.48802083333333335 0.10462962962962963 0.026041666666666668 0.046296296296296294
0 0.4822916666666667 0.12037037037037036 0.026041666666666668 0.046296296296296294
0 0.4953125 0.12222222222222222 0.026041666666666668 0.046296296296296294
0 0.44583333333333336 0.125 0.026041666666666668 0.046296296296296294
0 0.4708333333333333 0.12962962962962962 0.026041666666666668 0.046296296296296294
0 0.45625 0.1361111111111111 0.026041666666666668 0.046296296296296294
0 0.46197916666666666 0.1361111111111111 0.026041666666666668 0.046296296296296294
0 0.490625 0.13703703703703704 0.026041666666666668 0.046296296296296294
0 0.475 0.14629629629629629 0.026041666666666668 0.046296296296296294
0 0.4375 0.15462962962962962 0.026041666666666668 0.046296296296296294
0 0.4713541666666667 0.15185185185185185 0.026041666666666668 0.046296296296296294
0 0.44583333333333336 0.15925925925925927 0.026041666666666668 0.046296296296296294
0 0.4505208333333333 0.15833333333333333 0.026041666666666668 0.046296296296296294
0 0.49895833333333334 0.17407407407407408 0.026041666666666668 0.046296296296296294
0 0.5119791666666667 0.175 0.026041666666666668 0.046296296296296294
0 0.43385416666666665 0.18055555555555555 0.026041666666666668 0.046296296296296294
0 0.49947916666666664 0.18888888888888888 0.026041666666666668 0.046296296296296294
0 0.465625 0.20462962962962963 0.026041666666666668 0.046296296296296294
0 0.43697916666666664 0.24537037037037038 0.026041666666666668 0.046296296296296294
0 0.475 0.25925925925925924 0.026041666666666668 0.046296296296296294
0 0.4984375 0.26481481481481484 0.026041666666666668 0.046296296296296294
0 0.4901041666666667 0.26851851851851855 0.026041666666666668 0.046296296296296294
0 0.5369791666666667 0.2657407407407407 0.026041666666666668 0.046296296296296294
0 0.5489583333333333 0.2675925925925926 0.026041666666666668 0.046296296296296294
0 0.5296875 0.2777777777777778 0.026041666666666668 0.046296296296296294
0 0.4947916666666667 0.2833333333333333 0.026041666666666668 0.046296296296296294
0 0.546875 0.287962962962963 0.026041666666666668 0.046296296296296294
0 0.5026041666666666 0.29259259259259257 0.026041666666666668 0.046296296296296294
0 0.6911458333333333 0.2935185185185185 0.026041666666666668 0.046296296296296294
0 0.4192708333333333 0.30185185185185187 0.026041666666666668 0.046296296296296294
0 0.5057291666666667 0.30185185185185187 0.026041666666666668 0.046296296296296294
0 0.43645833333333334 0.30648148148148147 0.026041666666666668 0.046296296296296294
0 0.44895833333333335 0.31666666666666665 0.026041666666666668 0.046296296296296294
0 0.4864583333333333 0.3175925925925926 0.026041666666666668 0.046296296296296294
0 0.50625 0.31574074074074077 0.026041666666666668 0.046296296296296294
0 0.70625 0.31296296296296294 0.026041666666666668 0.046296296296296294
0 0.5192708333333333 0.3296296296296296 0.026041666666666668 0.046296296296296294
4 0.4354166666666667 0.3398148148148148 0.026041666666666668 0.046296296296296294
4 0.44895833333333335 0.3398148148148148 0.026041666666666668 0.046296296296296294
4 0.5026041666666666 0.33796296296296297 0.026041666666666668 0.046296296296296294
4 0.4114583333333333 0.34629629629629627 0.026041666666666668 0.046296296296296294
4 0.5416666666666666 0.3490740740740741 0.026041666666666668 0.046296296296296294
4 0.37916666666666665 0.35648148148148145 0.026041666666666668 0.046296296296296294
4 0.3828125 0.35648148148148145 0.026041666666666668 0.046296296296296294
4 0.38645833333333335 0.35555555555555557 0.026041666666666668 0.046296296296296294
4 0.39375 0.3574074074074074 0.026041666666666668 0.046296296296296294
4 0.44114583333333335 0.35648148148148145 0.026041666666666668 0.046296296296296294
4 0.415625 0.362962962962963 0.026041666666666668 0.046296296296296294
4 0.4328125 0.3611111111111111 0.026041666666666668 0.046296296296296294
4 0.46145833333333336 0.36203703703703705 0.026041666666666668 0.046296296296296294
4 0.48333333333333334 0.3685185185185185 0.026041666666666668 0.046296296296296294
4 0.37864583333333335 0.38055555555555554 0.026041666666666668 0.046296296296296294
4 0.44114583333333335 0.38055555555555554 0.026041666666666668 0.046296296296296294
4 0.49114583333333334 0.37962962962962965 0.026041666666666668 0.046296296296296294
4 0.5145833333333333 0.37962962962962965 0.026041666666666668 0.046296296296296294
4 0.4083333333333333 0.387037037037037 0.026041666666666668 0.046296296296296294
4 0.5114583333333333 0.387037037037037 0.026041666666666668 0.046296296296296294
4 0.5411458333333333 0.3824074074074074 0.026041666666666668 0.046296296296296294
4 0.440625 0.3962962962962963 0.026041666666666668 0.046296296296296294
4 0.4822916666666667 0.39537037037037037 0.026041666666666668 0.046296296296296294
3 0.6703125 0.3925925925925926 0.026041666666666668 0.046296296296296294
4 0.4578125 0.3990740740740741 0.026041666666666668 0.046296296296296294
4 0.465625 0.4027777777777778 0.026041666666666668 0.046296296296296294
4 0.5036458333333333 0.40555555555555556 0.026041666666666668 0.046296296296296294
4 0.5208333333333334 0.40925925925925927 0.026041666666666668 0.046296296296296294
4 0.6505208333333333 0.4074074074074074 0.026041666666666668 0.046296296296296294
3 0.7041666666666667 0.4064814814814815 0.026041666666666668 0.046296296296296294
3 0.7125 0.40925925925925927 0.026041666666666668 0.046296296296296294
2 0.17708333333333334 0.41574074074074074 0.026041666666666668 0.046296296296296294
4 0.4114583333333333 0.41759259259259257 0.026041666666666668 0.046296296296296294
4 0.49635416666666665 0.4203703703703704 0.026041666666666668 0.046296296296296294
4 0.5020833333333333 0.41759259259259257 0.026041666666666668 0.046296296296296294
4 0.6619791666666667 0.41759259259259257 0.026041666666666668 0.046296296296296294
4 0.440625 0.425 0.026041666666666668 0.046296296296296294
4 0.5197916666666667 0.42685185185185187 0.026041666666666668 0.046296296296296294
3 0.6828125 0.42592592592592593 0.026041666666666668 0.046296296296296294
4 0.42864583333333334 0.43333333333333335 0.026041666666666668 0.046296296296296294
4 0.4588541666666667 0.43425925925925923 0.026041666666666668 0.046296296296296294
4 0.4739583333333333 0.43425925925925923 0.026041666666666668 0.046296296296296294
3 0.6739583333333333 0.4351851851851852 0.026041666666666668 0.046296296296296294
4 0.6661458333333333 0.4425925925925926 0.026041666666666668 0.046296296296296294
3 0.6828125 0.44074074074074077 0.026041666666666668 0.046296296296296294
4 0.4197916666666667 0.44907407407407407 0.026041666666666668 0.046296296296296294
4 0.4317708333333333 0.45185185185185184 0.026041666666666668 0.046296296296296294
4 0.44947916666666665 0.44814814814814813 0.026041666666666668 0.046296296296296294
4 0.4734375 0.44814814814814813 0.026041666666666668 0.046296296296296294
4 0.5041666666666667 0.45555555555555555 0.026041666666666668 0.046296296296296294
4 0.6661458333333333 0.4564814814814815 0.026041666666666668 0.046296296296296294
3 0.6916666666666667 0.45740740740740743 0.026041666666666668 0.046296296296296294
4 0.3984375 0.46296296296296297 0.026041666666666668 0.046296296296296294
4 0.4328125 0.4648148148148148 0.026041666666666668 0.046296296296296294
4 0.38697916666666665 0.47314814814814815 0.026041666666666668 0.046296296296296294
4 0.4359375 0.47314814814814815 0.026041666666666668 0.046296296296296294
4 0.46510416666666665 0.4722222222222222 0.026041666666666668 0.046296296296296294
4 0.5130208333333334 0.4722222222222222 0.026041666666666668 0.046296296296296294
4 0.5197916666666667 0.4740740740740741 0.026041666666666668 0.046296296296296294
4 0.6536458333333334 0.475 0.026041666666666668 0.046296296296296294
4 0.48333333333333334 0.4861111111111111 0.026041666666666668 0.046296296296296294
4 0.4947916666666667 0.487962962962963 0.026041666666666668 0.046296296296296294
4 0.54375 0.4888888888888889 0.026041666666666668 0.046296296296296294
4 0.653125 0.487962962962963 0.026041666666666668 0.046296296296296294
4 0.5078125 0.4935185185185185 0.026041666666666668 0.046296296296296294
4 0.528125 0.49537037037037035 0.026041666666666668 0.046296296296296294
4 0.628125 0.49537037037037035 0.026041666666666668 0.046296296296296294
4 0.3958333333333333 0.512962962962963 0.026041666666666668 0.046296296296296294
4 0.6380208333333334 0.5120370370370371 0.026041666666666668 0.046296296296296294
3 0.6911458333333333 0.5111111111111111 0.026041666666666668 0.046296296296296294
4 0.43697916666666664 0.5175925925925926 0.026041666666666668 0.046296296296296294
4 0.4942708333333333 0.5203703703703704 0.026041666666666668 0.046296296296296294
4 0.5145833333333333 0.5194444444444445 0.026041666666666668 0.046296296296296294
4 0.6161458333333333 0.5212962962962963 0.026041666666666668 0.046296296296296294
3 0.6739583333333333 0.5203703703703704 0.026041666666666668 0.046296296296296294
4 0.46458333333333335 0.5259259259259259 0.026041666666666668 0.046296296296296294
4 0.5442708333333334 0.5287037037037037 0.026041666666666668 0.046296296296296294
4 0.6265625 0.5268518518518519 0.026041666666666668 0.046296296296296294
4 0.6463541666666667 0.5277777777777778 0.026041666666666668 0.046296296296296294
3 0.6958333333333333 0.5268518518518519 0.026041666666666668 0.046296296296296294
3 0.7203125 0.5268518518518519 0.026041666666666668 0.046296296296296294
4 0.5317708333333333 0.5361111111111111 0.026041666666666668 0.046296296296296294
4 0.5744791666666667 0.5416666666666666 0.026041666666666668 0.046296296296296294
4 0.5942708333333333 0.5361111111111111 0.026041666666666668 0.046296296296296294
4 0.603125 0.5435185185185185 0.026041666666666668 0.046296296296296294
4 0.5114583333333333 0.549074074074074 0.026041666666666668 0.046296296296296294
4 0.5630208333333333 0.5574074074074075 0.026041666666666668 0.046296296296296294
4 0.5328125 0.5648148148148148 0.026041666666666668 0.046296296296296294
3 0.7541666666666667 0.5648148148148148 0.026041666666666668 0.046296296296296294
4 0.603125 0.5712962962962963 0.026041666666666668 0.046296296296296294
3 0.6692708333333334 0.587037037037037 0.026041666666666668 0.046296296296296294
4 0.5447916666666667 0.5981481481481481 0.026041666666666668 0.046296296296296294
4 0.5697916666666667 0.6027777777777777 0.026041666666666668 0.046296296296296294
4 0.5958333333333333 0.6212962962962963 0.026041666666666668 0.046296296296296294
3 0.6802083333333333 0.6157407407407407 0.026041666666666668 0.046296296296296294
4 0.4276041666666667 0.6222222222222222 0.026041666666666668 0.046296296296296294
4 0.5822916666666667 0.6277777777777778 0.026041666666666668 0.046296296296296294
3 0.7583333333333333 0.625 0.026041666666666668 0.046296296296296294
4 0.48020833333333335 0.6351851851851852 0.026041666666666668 0.046296296296296294
3 0.7333333333333333 0.6342592592592593 0.026041666666666668 0.046296296296296294
4 0.5739583333333333 0.6546296296296297 0.026041666666666668 0.046296296296296294
4 0.6276041666666666 0.6620370370370371 0.026041666666666668 0.046296296296296294
3 0.7833333333333333 0.6638888888888889 0.026041666666666668 0.046296296296296294
1 0.7078125 0.6777777777777778 0.026041666666666668 0.046296296296296294
1 0.525 0.6842592592592592 0.026041666666666668 0.046296296296296294
1 0.45364583333333336 0.712037037037037 0.026041666666666668 0.046296296296296294
1 0.640625 0.7379629629629629 0.026041666666666668 0.046296296296296294
1 0.88125 0.7379629629629629 0.026041666666666668 0.046296296296296294
1 0.8322916666666667 0.7564814814814815 0.026041666666666668 0.046296296296296294
1 0.478125 0.775 0.026041666666666668 0.046296296296296294
1 0.915625 0.7861111111111111 0.026041666666666668 0.046296296296296294
1 0.7708333333333334 0.8064814814814815 0.026041666666666668 0.046296296296296294
1 0.2421875 0.8416666666666667 0.026041666666666668 0.046296296296296294
1 0.4765625 0.8527777777777777 0.026041666666666668 0.046296296296296294
1 0.8776041666666666 0.8481481481481481 0.026041666666666668 0.046296296296296294
1 0.7942708333333334 0.8537037037037037 0.026041666666666668 0.046296296296296294
1 0.8333333333333334 0.8675925925925926 0.026041666666666668 0.046296296296296294
1 0.9104166666666667 0.912962962962963 0.026041666666666668 0.046296296296296294
1 0.4359375 0.9287037037037037 0.026041666666666668 0.046296296296296294
1 0.5786458333333333 0.95 0.026041666666666668 0.046296296296296294
1 0.6822916666666666 0.9555555555555556 0.026041666666666668 0.046296296296296294
1 0.9625 0.9481481481481482 0.026041666666666668 0.046296296296296294
1 0.5515625 0.975 0.026041666666666668 0.046296296296296294
1 0.3963541666666667 0.9925925925925926 0.026041666666666668 0.046296296296296294
2 0.19479166666666667 0.4185185185185185 0.026041666666666668 0.046296296296296294
2 0.22291666666666668 0.40555555555555556 0.026041666666666668 0.046296296296296294
1 0.94375 0.9685185185185186 0.026041666666666668 0.046296296296296294
1 0.7145833333333333 0.7555555555555555 0.026041666666666668 0.046296296296296294
1 0.5739583333333333 0.6851851851851852 0.026041666666666668 0.046296296296296294
4 0.4739583333333333 0.6592592592592592 0.026041666666666668 0.046296296296296294
4 0.4114583333333333 0.5611111111111111 0.026041666666666668 0.046296296296296294
4 0.3875 0.5833333333333334 0.026041666666666668 0.046296296296296294
4 0.4041666666666667 0.48333333333333334 0.026041666666666668 0.046296296296296294
3 0.7729166666666667 0.5796296296296296 0.026041666666666668 0.046296296296296294
3 0.7333333333333333 0.5685185185185185 0.026041666666666668 0.046296296296296294
3 0.7104166666666667 0.5518518518518518 0.026041666666666668 0.046296296296296294
1 0.6802083333333333 0.6685185185185185 0.026041666666666668 0.046296296296296294
1 0.6614583333333334 0.6814814814814815 0.026041666666666668 0.046296296296296294
