0 0.4703125 0.09444444444444444 0.026041666666666668 0.046296296296296294
0 0.4828125 0.10462962962962963 0.026041666666666668 0.046296296296296294
0 0.4703125 0.11388888888888889 0.026041666666666668 0.046296296296296294
0 0.48333333333333334 0.12222222222222222 0.026041666666666668 0.046296296296296294
0 0.4708333333333333 0.1287037037037037 0.026041666666666668 0.046296296296296294
0 0.4895833333333333 0.12962962962962962 0.026041666666666668 0.046296296296296294
0 0.44166666666666665 0.13240740740740742 0.026041666666666668 0.046296296296296294
0 0.45416666666666666 0.13333333333333333 0.026041666666666668 0.046296296296296294
0 0.46145833333333336 0.13518518518518519 0.026041666666666668 0.046296296296296294
0 0.4744791666666667 0.1388888888888889 0.026041666666666668 0.046296296296296294
0 0.4864583333333333 0.1398148148148148 0.026041666666666668 0.046296296296296294
0 0.471875 0.14351851851851852 0.026041666666666668 0.046296296296296294
0 0.4828125 0.14351851851851852 0.026041666666666668 0.046296296296296294
0 0.49947916666666664 0.14444444444444443 0.026041666666666668 0.046296296296296294
0 0.4359375 0.15462962962962962 0.026041666666666668 0.046296296296296294
0 0.45416666666666666 0.16111111111111112 0.026041666666666668 0.046296296296296294
0 0.49166666666666664 0.16111111111111112 0.026041666666666668 0.046296296296296294
0 0.43385416666666665 0.22870370370370371 0.026041666666666668 0.046296296296296294
0 0.46510416666666665 0.22777777777777777 0.026041666666666668 0.046296296296296294
0 0.4822916666666667 0.22777777777777777 0.026041666666666668 0.046296296296296294
0 0.4197916666666667 0.2351851851851852 0.026041666666666668 0.046296296296296294
0 0.4822916666666667 0.24444444444444444 0.026041666666666668 0.046296296296296294
0 0.4942708333333333 0.25277777777777777 0.026041666666666668 0.046296296296296294
0 0.4661458333333333 0.27037037037037037 0.026041666666666668 0.046296296296296294
0 0.4822916666666667 0.26851851851851855 0.026041666666666668 0.046296296296296294
0 0.4484375 0.2740740740740741 0.026041666666666668 0.046296296296296294
0 0.503125 0.27685185185185185 0.026041666666666668 0.046296296296296294
0 0.5484375 0.27685185185185185 0.026041666666666668 0.046296296296296294
0 0.4947916666666667 0.2833333333333333 0.026041666666666668 0.046296296296296294
0 0.45625 0.29259259259259257 0.026041666666666668 0.046296296296296294
0 0.46875 0.29259259259259257 0.026041666666666668 0.046296296296296294
0 0.49583333333333335 0.30185185185185187 0.026041666666666668 0.046296296296296294
0 0.5109375 0.30185185185185187 0.026041666666666668 0.046296296296296294
0 0.525 0.30277777777777776 0.026041666666666668 0.046296296296296294
0 0.428125 0.3148148148148148 0.026041666666666668 0.046296296296296294
0 0.5026041666666666 0.32407407407407407 0.026041666666666668 0.046296296296296294
0 0.5244791666666667 0.325 0.026041666666666668 0.046296296296296294
4 0.4479166666666667 0.3333333333333333 0.026041666666666668 0.046296296296296294
0 0.4609375 0.3314814814814815 0.026041666666666668 0.046296296296296294
0 0.5109375 0.3314814814814815 0.026041666666666668 0.046296296296296294
4 0.44427083333333334 0.3398148148148148 0.026041666666666668 0.046296296296296294
3 0.70625 0.3351851851851852 0.026041666666666668 0.046296296296296294
4 0.3828125 0.35462962962962963 0.026041666666666668 0.046296296296296294
4 0.4041666666666667 0.35648148148148145 0.026041666666666668 0.046296296296296294
4 0.4125 0.3574074074074074 0.026041666666666668 0.046296296296296294
4 0.425 0.35462962962962963 0.026041666666666668 0.046296296296296294
4 0.453125 0.35648148148148145 0.026041666666666668 0.046296296296296294
4 0.4744791666666667 0.35555555555555557 0.026041666666666668 0.046296296296296294
4 0.5125 0.3527777777777778 0.026041666666666668 0.046296296296296294
4 0.65 0.3537037037037037 0.026041666666666668 0.046296296296296294
4 0.37447916666666664 0.362962962962963 0.026041666666666668 0.046296296296296294
4 0.4197916666666667 0.3638888888888889 0.026041666666666668 0.046296296296296294
4 0.4046875 0.37222222222222223 0.026041666666666668 0.046296296296296294
4 0.5203125 0.37407407407407406 0.026041666666666668 0.046296296296296294
4 0.6510416666666666 0.37037037037037035 0.026041666666666668 0.046296296296296294
4 0.4125 0.37777777777777777 0.026041666666666668 0.046296296296296294
4 0.4244791666666667 0.3787037037037037 0.026041666666666668 0.046296296296296294
4 0.4583333333333333 0.3768518518518518 0.026041666666666668 0.046296296296296294
4 0.3880208333333333 0.3851851851851852 0.026041666666666668 0.046296296296296294
4 0.3932291666666667 0.38981481481481484 0.026041666666666668 0.046296296296296294
4 0.4078125 0.39351851851851855 0.026041666666666668 0.046296296296296294
4 0.43333333333333335 0.39537037037037037 0.026041666666666668 0.046296296296296294
4 0.5125 0.39814814814814814 0.026041666666666668 0.046296296296296294
4 0.4203125 0.4027777777777778 0.026041666666666668 0.046296296296296294
4 0.390625 0.40925925925925927 0.026041666666666668 0.046296296296296294
4 0.6526041666666667 0.41944444444444445 0.026041666666666668 0.046296296296296294
4 0.37916666666666665 0.42777777777777776 0.026041666666666668 0.046296296296296294
4 0.4078125 0.42777777777777776 0.026041666666666668 0.046296296296296294
3 0.6692708333333334 0.42314814814814816 0.026041666666666668 0.046296296296296294
4 0.39895833333333336 0.44166666666666665 0.026041666666666668 0.046296296296296294
4 0.5135416666666667 0.44351851851851853 0.026041666666666668 0.046296296296296294
3 0.7067708333333333 0.44166666666666665 0.026041666666666668 0.046296296296296294
4 0.39427083333333335 0.4583333333333333 0.026041666666666668 0.046296296296296294
4 0.4109375 0.4564814814814815 0.026041666666666668 0.046296296296296294
4 0.5072916666666667 0.4583333333333333 0.026041666666666668 0.046296296296296294
3 0.6765625 0.4564814814814815 0.026041666666666668 0.046296296296296294
4 0.37395833333333334 0.4648148148148148 0.026041666666666668 0.046296296296296294
4 0.45260416666666664 0.462037037037037 0.026041666666666668 0.046296296296296294
4 0.39114583333333336 0.4740740740740741 0.026041666666666668 0.046296296296296294
4 0.41302083333333334 0.47129629629629627 0.026041666666666668 0.046296296296296294
4 0.503125 0.4740740740740741 0.026041666666666668 0.046296296296296294
3 0.6901041666666666 0.47314814814814815 0.026041666666666668 0.046296296296296294
4 0.38645833333333335 0.4842592592592593 0.026041666666666668 0.046296296296296294
4 0.47708333333333336 0.4787037037037037 0.026041666666666668 0.046296296296296294
4 0.6197916666666666 0.4777777777777778 0.026041666666666668 0.046296296296296294
3 0.6895833333333333 0.48148148148148145 0.026041666666666668 0.046296296296296294
4 0.37447916666666664 0.487962962962963 0.026041666666666668 0.046296296296296294
4 0.49583333333333335 0.48703703703703705 0.026041666666666668 0.046296296296296294
4 0.6 0.48703703703703705 0.026041666666666668 0.046296296296296294
4 0.6255208333333333 0.487962962962963 0.026041666666666668 0.046296296296296294
3 0.6791666666666667 0.48703703703703705 0.026041666666666668 0.046296296296296294
4 0.38177083333333334 0.4962962962962963 0.026041666666666668 0.046296296296296294
4 0.4 0.49537037037037035 0.026041666666666668 0.046296296296296294
3 0.6958333333333333 0.49722222222222223 0.026041666666666668 0.046296296296296294
4 0.6088541666666667 0.5055555555555555 0.026041666666666668 0.046296296296296294
4 0.6291666666666667 0.5 0.026041666666666668 0.046296296296296294
4 0.38333333333333336 0.5111111111111111 0.026041666666666668 0.046296296296296294
4 0.6479166666666667 0.5120370370370371 0.026041666666666668 0.046296296296296294
3 0.690625 0.5120370370370371 0.026041666666666668 0.046296296296296294
4 0.5307291666666667 0.5111111111111111 0.026041666666666668 0.046296296296296294
4 0.47552083333333334 0.5259259259259259 0.026041666666666668 0.046296296296296294
4 0.6661458333333333 0.5259259259259259 0.026041666666666668 0.046296296296296294
3 0.7161458333333334 0.525 0.026041666666666668 0.046296296296296294
4 0.39479166666666665 0.5324074074074074 0.026041666666666668 0.046296296296296294
4 0.4505208333333333 0.5333333333333333 0.026041666666666668 0.046296296296296294
4 0.5973958333333333 0.5370370370370371 0.026041666666666668 0.046296296296296294
4 0.5453125 0.5481481481481482 0.026041666666666668 0.046296296296296294
4 0.61875 0.5444444444444444 0.026041666666666668 0.046296296296296294
3 0.7369791666666666 0.549074074074074 0.026041666666666668 0.046296296296296294
4 0.4036458333333333 0.5583333333333333 0.026041666666666668 0.046296296296296294
3 0.6703125 0.5574074074074075 0.026041666666666668 0.046296296296296294
4 0.6328125 0.5666666666666667 0.026041666666666668 0.046296296296296294
4 0.428125 0.575 0.026041666666666668 0.046296296296296294
3 0.7494791666666667 0.5694444444444444 0.026041666666666668 0.046296296296296294
4 0.5229166666666667 0.575 0.026041666666666668 0.046296296296296294
4 0.42864583333333334 0.5907407407407408 0.026041666666666668 0.046296296296296294
4 0.4041666666666667 0.612037037037037 0.026041666666666668 0.046296296296296294
3 0.7520833333333333 0.6203703703703703 0.026041666666666668 0.046296296296296294
4 0.46041666666666664 0.65 0.026041666666666668 0.046296296296296294
3 0.7333333333333333 0.649074074074074 0.026041666666666668 0.046296296296296294
1 0.7713541666666667 0.675 0.026041666666666668 0.046296296296296294
1 0.4322916666666667 0.6861111111111111 0.026041666666666668 0.046296296296296294
1 0.5755208333333334 0.7055555555555556 0.026041666666666668 0.046296296296296294
1 0.45416666666666666 0.7574074074074074 0.026041666666666668 0.046296296296296294
1 0.5427083333333333 0.7490740740740741 0.026041666666666668 0.046296296296296294
1 0.6869791666666667 0.7916666666666666 0.026041666666666668 0.046296296296296294
1 0.8255208333333334 0.8324074074074074 0.026041666666666668 0.046296296296296294
1 0.9770833333333333 0.8425925925925926 0.026041666666666668 0.046296296296296294
1 0.6973958333333333 0.8472222222222222 0.026041666666666668 0.046296296296296294
1 0.5135416666666667 0.8759259259259259 0.026041666666666668 0.046296296296296294
1 0.7510416666666667 0.8777777777777778 0.026041666666666668 0.046296296296296294
1 0.42864583333333334 0.8907407407407407 0.026041666666666668 0.046296296296296294
1 0.825 0.9166666666666666 0.026041666666666668 0.046296296296296294
1 0.9703125 0.9342592592592592 0.026041666666666668 0.046296296296296294
1 0.17291666666666666 0.9694444444444444 0.026041666666666668 0.046296296296296294
1 0.890625 0.7166666666666667 0.026041666666666668 0.046296296296296294
1 0.9927083333333333 0.8611111111111112 0.026041666666666668 0.046296296296296294
2 0.215625 0.3814814814814815 0.026041666666666668 0.046296296296296294
2 0.19166666666666668 0.4111111111111111 0.026041666666666668 0.046296296296296294
2 0.175 0.4166666666666667 0.026041666666666668 0.046296296296296294
3 0.7614583333333333 0.5925925925925926 0.026041666666666668 0.046296296296296294
3 0.7583333333333333 0.5185185185185185 0.026041666666666668 0.046296296296296294
4 0.5020833333333333 0.6425925925925926 0.026041666666666668 0.046296296296296294
4 0.509375 0.5833333333333334 0.026041666666666668 0.046296296296296294
4 0.5791666666666667 0.562962962962963 0.026041666666666668 0.046296296296296294
4 0.5989583333333334 0.6462962962962963 0.026041666666666668 0.046296296296296294
4 0.603125 0.6259259259259259 0.026041666666666668 0.046296296296296294
1 0.5927083333333333 0.7222222222222222 0.026041666666666668 0.046296296296296294
1 0.5708333333333333 0.9740740740740741 0.026041666666666668 0.046296296296296294
