0 0.4708333333333333 0.09722222222222222 0.026041666666666668 0.046296296296296294
0 0.475 0.09907407407407408 0.026041666666666668 0.046296296296296294
0 0.48385416666666664 0.09814814814814815 0.026041666666666668 0.046296296296296294
0 0.48333333333333334 0.10555555555555556 0.026041666666666668 0.046296296296296294
0 0.484375 0.12129629629629629 0.026041666666666668 0.046296296296296294
0 0.49166666666666664 0.12222222222222222 0.026041666666666668 0.046296296296296294
0 0.43645833333333334 0.125 0.026041666666666668 0.046296296296296294
0 0.471875 0.12962962962962962 0.026041666666666668 0.046296296296296294
0 0.478125 0.13055555555555556 0.026041666666666668 0.046296296296296294
0 0.45416666666666666 0.1361111111111111 0.026041666666666668 0.046296296296296294
0 0.46145833333333336 0.13703703703703704 0.026041666666666668 0.046296296296296294
0 0.4708333333333333 0.14814814814814814 0.026041666666666668 0.046296296296296294
0 0.4583333333333333 0.15555555555555556 0.026041666666666668 0.046296296296296294
0 0.44947916666666665 0.16018518518518518 0.026041666666666668 0.046296296296296294
0 0.4786458333333333 0.16018518518518518 0.026041666666666668 0.046296296296296294
0 0.4453125 0.1675925925925926 0.026041666666666668 0.046296296296296294
0 0.43385416666666665 0.17222222222222222 0.026041666666666668 0.046296296296296294
0 0.45364583333333336 0.175 0.026041666666666668 0.046296296296296294
0 0.465625 0.17777777777777778 0.026041666666666668 0.046296296296296294
0 0.5005208333333333 0.17407407407407408 0.026041666666666668 0.046296296296296294
0 0.5083333333333333 0.18425925925925926 0.026041666666666668 0.046296296296296294
0 0.5010416666666667 0.19074074074074074 0.026041666666666668 0.046296296296296294
0 0.5078125 0.1935185185185185 0.026041666666666668 0.046296296296296294
0 0.45729166666666665 0.19814814814814816 0.026041666666666668 0.046296296296296294
0 0.5083333333333333 0.2074074074074074 0.026041666666666668 0.046296296296296294
0 0.4703125 0.22592592592592592 0.026041666666666668 0.046296296296296294
0 0.496875 0.2212962962962963 0.026041666666666668 0.046296296296296294
0 0.4578125 0.22777777777777777 0.026041666666666668 0.046296296296296294
0 0.4703125 0.23703703703703705 0.026041666666666668 0.046296296296296294
0 0.5125 0.2388888888888889 0.026041666666666668 0.046296296296296294
0 0.45416666666666666 0.2462962962962963 0.026041666666666668 0.046296296296296294
0 0.4942708333333333 0.24074074074074073 0.026041666666666668 0.046296296296296294
0 0.43645833333333334 0.25555555555555554 0.026041666666666668 0.046296296296296294
0 0.5057291666666667 0.2537037037037037 0.026041666666666668 0.046296296296296294
0 0.47760416666666666 0.25925925925925924 0.026041666666666668 0.046296296296296294
0 0.4578125 0.2712962962962963 0.026041666666666668 0.046296296296296294
0 0.49583333333333335 0.2638888888888889 0.026041666666666668 0.046296296296296294
0 0.5072916666666667 0.26851851851851855 0.026041666666666668 0.046296296296296294
0 0.5484375 0.2675925925925926 0.026041666666666668 0.046296296296296294
0 0.4734375 0.2777777777777778 0.026041666666666668 0.046296296296296294
0 0.4979166666666667 0.27870370370370373 0.026041666666666668 0.046296296296296294
0 0.4625 0.2833333333333333 0.026041666666666668 0.046296296296296294
0 0.4166666666666667 0.2935185185185185 0.026041666666666668 0.046296296296296294
0 0.44947916666666665 0.2935185185185185 0.026041666666666668 0.046296296296296294
0 0.46979166666666666 0.2935185185185185 0.026041666666666668 0.046296296296296294
0 0.6875 0.29259259259259257 0.026041666666666668 0.046296296296296294
0 0.43802083333333336 0.3 0.026041666666666668 0.046296296296296294
0 0.4421875 0.30277777777777776 0.026041666666666668 0.046296296296296294
0 0.4661458333333333 0.30185185185185187 0.026041666666666668 0.046296296296296294
0 0.48333333333333334 0.29907407407407405 0.026041666666666668 0.046296296296296294
0 0.4901041666666667 0.3111111111111111 0.026041666666666668 0.046296296296296294
0 0.484375 0.31203703703703706 0.026041666666666668 0.046296296296296294
0 0.7072916666666667 0.31296296296296294 0.026041666666666668 0.046296296296296294
0 0.41770833333333335 0.32314814814814813 0.026041666666666668 0.046296296296296294
0 0.4322916666666667 0.3212962962962963 0.026041666666666668 0.046296296296296294
0 0.5067708333333333 0.325 0.026041666666666668 0.046296296296296294
0 0.5114583333333333 0.32314814814814813 0.026041666666666668 0.046296296296296294
4 0.44375 0.3333333333333333 0.026041666666666668 0.046296296296296294
0 0.5229166666666667 0.3287037037037037 0.026041666666666668 0.046296296296296294
0 0.5354166666666667 0.3314814814814815 0.026041666666666668 0.046296296296296294
4 0.4552083333333333 0.3398148148148148 0.026041666666666668 0.046296296296296294
4 0.4625 0.3453703703703704 0.026041666666666668 0.046296296296296294
4 0.47291666666666665 0.34629629629629627 0.026041666666666668 0.046296296296296294
4 0.5197916666666667 0.34814814814814815 0.026041666666666668 0.046296296296296294
4 0.37916666666666665 0.3537037037037037 0.026041666666666668 0.046296296296296294
4 0.44114583333333335 0.35555555555555557 0.026041666666666668 0.046296296296296294
4 0.540625 0.35462962962962963 0.026041666666666668 0.046296296296296294
4 0.375 0.3648148148148148 0.026041666666666668 0.046296296296296294
4 0.5125 0.362962962962963 0.026041666666666668 0.046296296296296294
2 0.22083333333333333 0.37592592592592594 0.026041666666666668 0.046296296296296294
4 0.46197916666666666 0.37962962962962965 0.026041666666666668 0.046296296296296294
2 0.19270833333333334 0.38333333333333336 0.026041666666666668 0.046296296296296294
4 0.5119791666666667 0.39814814814814814 0.026041666666666668 0.046296296296296294
4 0.425 0.4009259259259259 0.026041666666666668 0.046296296296296294
4 0.6619791666666667 0.40185185185185185 0.026041666666666668 0.046296296296296294
4 0.5046875 0.4101851851851852 0.026041666666666668 0.046296296296296294
3 0.7026041666666667 0.40370370370370373 0.026041666666666668 0.046296296296296294
4 0.5229166666666667 0.4166666666666667 0.026041666666666668 0.046296296296296294
4 0.65 0.4166666666666667 0.026041666666666668 0.046296296296296294
4 0.4625 0.42407407407407405 0.026041666666666668 0.046296296296296294
4 0.6619791666666667 0.4222222222222222 0.026041666666666668 0.046296296296296294
4 0.6651041666666667 0.425 0.026041666666666668 0.046296296296296294
3 0.6822916666666666 0.42592592592592593 0.026041666666666668 0.046296296296296294
4 0.4 0.42962962962962964 0.026041666666666668 0.046296296296296294
4 0.5119791666666667 0.43148148148148147 0.026041666666666668 0.046296296296296294
3 0.6713541666666667 0.44166666666666665 0.026041666666666668 0.046296296296296294
3 0.6770833333333334 0.4425925925925926 0.026041666666666668 0.046296296296296294
4 0.42604166666666665 0.4537037037037037 0.026041666666666668 0.046296296296296294
4 0.5041666666666667 0.4601851851851852 0.026041666666666668 0.046296296296296294
4 0.5447916666666667 0.462037037037037 0.026041666666666668 0.046296296296296294
4 0.6609375 0.4638888888888889 0.026041666666666668 0.046296296296296294
3 0.6734375 0.4648148148148148 0.026041666666666668 0.046296296296296294
4 0.4109375 0.48055555555555557 0.026041666666666668 0.046296296296296294
4 0.6541666666666667 0.48333333333333334 0.026041666666666668 0.046296296296296294
4 0.446875 0.4824074074074074 0.026041666666666668 0.046296296296296294
4 0.5411458333333333 0.4888888888888889 0.026041666666666668 0.046296296296296294
4 0.6479166666666667 0.487962962962963 0.026041666666666668 0.046296296296296294
3 0.6729166666666667 0.4888888888888889 0.026041666666666668 0.046296296296296294
4 0.4036458333333333 0.4962962962962963 0.026041666666666668 0.046296296296296294
4 0.49583333333333335 0.49444444444444446 0.026041666666666668 0.046296296296296294
4 0.5041666666666667 0.4935185185185185 0.026041666666666668 0.046296296296296294
4 0.6182291666666667 0.49722222222222223 0.026041666666666668 0.046296296296296294
4 0.628125 0.4925925925925926 0.026041666666666668 0.046296296296296294
3 0.7177083333333333 0.49722222222222223 0.026041666666666668 0.046296296296296294
4 0.465625 0.4981481481481482 0.026041666666666668 0.046296296296296294
4 0.6130208333333333 0.5046296296296297 0.026041666666666668 0.046296296296296294
3 0.675 0.5046296296296297 0.026041666666666668 0.046296296296296294
4 0.6375 0.5101851851851852 0.026041666666666668 0.046296296296296294
4 0.5078125 0.5185185185185185 0.026041666666666668 0.046296296296296294
4 0.615625 0.5166666666666667 0.026041666666666668 0.046296296296296294
3 0.6994791666666667 0.5175925925925926 0.026041666666666668 0.046296296296296294
4 0.5411458333333333 0.5259259259259259 0.026041666666666668 0.046296296296296294
3 0.6734375 0.5259259259259259 0.026041666666666668 0.046296296296296294
3 0.7119791666666667 0.5259259259259259 0.026041666666666668 0.046296296296296294
3 0.7494791666666667 0.525 0.026041666666666668 0.046296296296296294
4 0.5244791666666667 0.5314814814814814 0.026041666666666668 0.046296296296296294
4 0.590625 0.5333333333333333 0.026041666666666668 0.046296296296296294
4 0.6046875 0.5361111111111111 0.026041666666666668 0.046296296296296294
4 0.5244791666666667 0.5407407407407407 0.026041666666666668 0.046296296296296294
4 0.5 0.562962962962963 0.026041666666666668 0.046296296296296294
4 0.565625 0.5648148148148148 0.026041666666666668 0.046296296296296294
4 0.6192708333333333 0.575 0.026041666666666668 0.046296296296296294
3 0.7291666666666666 0.5722222222222222 0.026041666666666668 0.046296296296296294
4 0.4583333333333333 0.5777777777777777 0.026041666666666668 0.046296296296296294
4 0.6385416666666667 0.5768518518518518 0.026041666666666668 0.046296296296296294
3 0.6713541666666667 0.5944444444444444 0.026041666666666668 0.046296296296296294
3 0.715625 0.5953703703703703 0.026041666666666668 0.046296296296296294
3 0.7354166666666667 0.5925925925925926 0.026041666666666668 0.046296296296296294
4 0.5651041666666666 0.6055555555555555 0.026041666666666668 0.046296296296296294
4 0.5447916666666667 0.6277777777777778 0.026041666666666668 0.046296296296296294
2 0.21354166666666666 0.649074074074074 0.026041666666666668 0.046296296296296294
4 0.4244791666666667 0.6574074074074074 0.026041666666666668 0.046296296296296294
1 0.7755208333333333 0.6675925925925926 0.026041666666666668 0.046296296296296294
1 0.5151041666666667 0.6722222222222223 0.026041666666666668 0.046296296296296294
1 0.7536458333333333 0.6981481481481482 0.026041666666666668 0.046296296296296294
1 0.7765625 0.7203703703703703 0.026041666666666668 0.046296296296296294
1 0.45677083333333335 0.7324074074074074 0.026041666666666668 0.046296296296296294
1 0.7671875 0.7388888888888889 0.026041666666666668 0.046296296296296294
1 0.8828125 0.75 0.026041666666666668 0.046296296296296294
1 0.9463541666666667 0.7481481481481481 0.026041666666666668 0.046296296296296294
1 0.8432291666666667 0.7518518518518519 0.026041666666666668 0.046296296296296294
1 0.15364583333333334 0.7675925925925926 0.026041666666666668 0.046296296296296294
1 0.15416666666666667 0.7962962962962963 0.026041666666666668 0.046296296296296294
1 0.8625 0.7962962962962963 0.026041666666666668 0.046296296296296294
1 0.75 0.8157407407407408 0.026041666666666668 0.046296296296296294
1 0.8630208333333333 0.8296296296296296 0.026041666666666668 0.046296296296296294
1 0.546875 0.8314814814814815 0.026041666666666668 0.046296296296296294
1 0.7947916666666667 0.8435185185185186 0.026041666666666668 0.046296296296296294
1 0.4666666666666667 0.8731481481481481 0.026041666666666668 0.046296296296296294
1 0.30625 0.8861111111111111 0.026041666666666668 0.046296296296296294
1 0.22447916666666667 0.8935185185185185 0.026041666666666668 0.046296296296296294
1 0.4203125 0.8851851851851852 0.026041666666666668 0.046296296296296294
1 0.346875 0.9185185185185185 0.026041666666666668 0.046296296296296294
1 0.8973958333333333 0.9138888888888889 0.026041666666666668 0.046296296296296294
1 0.8661458333333333 0.9398148148148148 0.026041666666666668 0.046296296296296294
1 0.9630208333333333 0.9472222222222222 0.026041666666666668 0.046296296296296294
1 0.9369791666666667 0.9842592592592593 0.026041666666666668 0.046296296296296294
1 0.20520833333333333 0.7592592592592593 0.026041666666666668 0.046296296296296294
1 0.19583333333333333 0.812962962962963 0.026041666666666668 0.046296296296296294
1 0.18333333333333332 0.7166666666666667 0.026041666666666668 0.046296296296296294
2 0.22291666666666668 0.40370370370370373 0.026041666666666668 0.046296296296296294
1 0.32916666666666666 0.7888888888888889 0.026041666666666668 0.046296296296296294
1 0.38333333333333336 0.8518518518518519 0.026041666666666668 0.046296296296296294
1 0.37604166666666666 0.7351851851851852 0.026041666666666668 0.046296296296296294
1 0.4166666666666667 0.6962962962962963 0.026041666666666668 0.046296296296296294
1 0.490625 0.7111111111111111 0.026041666666666668 0.046296296296296294
1 0.540625 0.6814814814814815 0.026041666666666668 0.046296296296296294
1 0.5541666666666667 0.6833333333333333 0.026041666666666668 0.046296296296296294
1 0.5875 0.8148148148148148 0.026041666666666668 0.046296296296296294
1 0.5885416666666666 0.8518518518518519 0.026041666666666668 0.046296296296296294
1 0.48854166666666665 0.8425925925925926 0.026041666666666668 0.046296296296296294
1 0.5041666666666667 0.8055555555555556 0.026041666666666668 0.046296296296296294
1 0.521875 0.7796296296296297 0.026041666666666668 0.046296296296296294
1 0.30104166666666665 0.9555555555555556 0.026041666666666668 0.046296296296296294
1 0.83125 0.8629629629629629 0.026041666666666668 0.046296296296296294
1 0.828125 0.8314814814814815 0.026041666666666668 0.046296296296296294
1 0.7635416666666667 0.774074074074074 0.026041666666666668 0.046296296296296294
3 0.7635416666666667 0.5944444444444444 0.026041666666666668 0.046296296296296294
3 0.7010416666666667 0.6018518518518519 0.026041666666666668 0.046296296296296294
4 0.6177083333333333 0.5907407407407408 0.026041666666666668 0.046296296296296294
4 0.5864583333333333 0.6018518518518519 0.026041666666666668 0.046296296296296294
4 0.5135416666666667 0.5981481481481481 0.026041666666666668 0.046296296296296294
4 0.38645833333333335 0.5537037037037037 0.026041666666666668 0.046296296296296294
