0 0.4703125 0.13148148148148148 0.026041666666666668 0.046296296296296294
0 0.478125 0.12962962962962962 0.026041666666666668 0.046296296296296294
0 0.4552083333333333 0.13333333333333333 0.026041666666666668 0.046296296296296294
0 0.46197916666666666 0.13518518518518519 0.026041666666666668 0.046296296296296294
0 0.4734375 0.14629629629629629 0.026041666666666668 0.046296296296296294
0 0.490625 0.1537037037037037 0.026041666666666668 0.046296296296296294
0 0.46197916666666666 0.16018518518518518 0.026041666666666668 0.046296296296296294
0 0.4791666666666667 0.16203703703703703 0.026041666666666668 0.046296296296296294
0 0.4484375 0.1648148148148148 0.026041666666666668 0.046296296296296294
0 0.4713541666666667 0.1675925925925926 0.026041666666666668 0.046296296296296294
0 0.4869791666666667 0.1685185185185185 0.026041666666666668 0.046296296296296294
0 0.4317708333333333 0.17314814814814813 0.026041666666666668 0.046296296296296294
0 0.49947916666666664 0.17592592592592593 0.026041666666666668 0.046296296296296294
0 0.5140625 0.17314814814814813 0.026041666666666668 0.046296296296296294
0 0.43645833333333334 0.24537037037037038 0.026041666666666668 0.046296296296296294
0 0.46510416666666665 0.2638888888888889 0.026041666666666668 0.046296296296296294
0 0.5484375 0.2712962962962963 0.026041666666666668 0.046296296296296294
0 0.4484375 0.2796296296296296 0.026041666666666668 0.046296296296296294
0 0.49895833333333334 0.27685185185185185 0.026041666666666668 0.046296296296296294
0 0.4166666666666667 0.2898148148148148 0.026041666666666668 0.046296296296296294
0 0.5067708333333333 0.2916666666666667 0.026041666666666668 0.046296296296296294
0 0.6901041666666666 0.2935185185185185 0.026041666666666668 0.046296296296296294
0 0.4375 0.3 0.026041666666666668 0.046296296296296294
0 0.49895833333333334 0.30092592592592593 0.026041666666666668 0.046296296296296294
0 0.5151041666666667 0.30092592592592593 0.026041666666666668 0.046296296296296294
0 0.49114583333333334 0.3101851851851852 0.026041666666666668 0.046296296296296294
0 0.540625 0.30925925925925923 0.026041666666666668 0.046296296296296294
0 0.42135416666666664 0.31574074074074077 0.026041666666666668 0.046296296296296294
0 0.47291666666666665 0.31851851851851853 0.026041666666666668 0.046296296296296294
0 0.4947916666666667 0.32037037037037036 0.026041666666666668 0.046296296296296294
0 0.7057291666666666 0.3148148148148148 0.026041666666666668 0.046296296296296294
0 0.5 0.325 0.026041666666666668 0.046296296296296294
0 0.46041666666666664 0.33240740740740743 0.026041666666666668 0.046296296296296294
0 0.4734375 0.33240740740740743 0.026041666666666668 0.046296296296296294
4 0.4859375 0.3333333333333333 0.026041666666666668 0.046296296296296294
0 0.5078125 0.33240740740740743 0.026041666666666668 0.046296296296296294
4 0.43697916666666664 0.33796296296296297 0.026041666666666668 0.046296296296296294
4 0.4479166666666667 0.3398148148148148 0.026041666666666668 0.046296296296296294
4 0.5145833333333333 0.34074074074074073 0.026041666666666668 0.046296296296296294
4 0.5333333333333333 0.34074074074074073 0.026041666666666668 0.046296296296296294
4 0.4703125 0.3490740740740741 0.026041666666666668 0.046296296296296294
4 0.39427083333333335 0.35462962962962963 0.026041666666666668 0.046296296296296294
4 0.4078125 0.35462962962962963 0.026041666666666668 0.046296296296296294
4 0.44947916666666665 0.35555555555555557 0.026041666666666668 0.046296296296296294
4 0.3729166666666667 0.362962962962963 0.026041666666666668 0.046296296296296294
4 0.38645833333333335 0.36574074074074076 0.026041666666666668 0.046296296296296294
4 0.453125 0.3648148148148148 0.026041666666666668 0.046296296296296294
4 0.4713541666666667 0.3675925925925926 0.026041666666666668 0.046296296296296294
4 0.478125 0.37037037037037035 0.026041666666666668 0.046296296296296294
4 0.5171875 0.37777777777777777 0.026041666666666668 0.046296296296296294
4 0.39895833333333336 0.3861111111111111 0.026041666666666668 0.046296296296296294
4 0.6609375 0.39351851851851855 0.026041666666666668 0.046296296296296294
4 0.44166666666666665 0.4027777777777778 0.026041666666666668 0.046296296296296294
2 0.20625 0.40555555555555556 0.026041666666666668 0.046296296296296294
4 0.49895833333333334 0.4083333333333333 0.026041666666666668 0.046296296296296294
4 0.5197916666666667 0.4101851851851852 0.026041666666666668 0.046296296296296294
4 0.5458333333333333 0.4111111111111111 0.026041666666666668 0.046296296296296294
4 0.65 0.4064814814814815 0.026041666666666668 0.046296296296296294
3 0.703125 0.4074074074074074 0.026041666666666668 0.046296296296296294
2 0.16927083333333334 0.4166666666666667 0.026041666666666668 0.046296296296296294
2 0.19635416666666666 0.4166666666666667 0.026041666666666668 0.046296296296296294
4 0.42916666666666664 0.4166666666666667 0.026041666666666668 0.046296296296296294
4 0.6619791666666667 0.4166666666666667 0.026041666666666668 0.046296296296296294
4 0.5151041666666667 0.42685185185185187 0.026041666666666668 0.046296296296296294
3 0.6817708333333333 0.42592592592592593 0.026041666666666668 0.046296296296296294
4 0.4328125 0.4305555555555556 0.026041666666666668 0.046296296296296294
4 0.5286458333333334 0.43333333333333335 0.026041666666666668 0.046296296296296294
4 0.44375 0.44074074074074077 0.026041666666666668 0.046296296296296294
3 0.6739583333333333 0.4444444444444444 0.026041666666666668 0.046296296296296294
4 0.653125 0.44907407407407407 0.026041666666666668 0.046296296296296294
4 0.5078125 0.4583333333333333 0.026041666666666668 0.046296296296296294
4 0.4244791666666667 0.46574074074074073 0.026041666666666668 0.046296296296296294
3 0.6697916666666667 0.4675925925925926 0.026041666666666668 0.046296296296296294
4 0.44895833333333335 0.46944444444444444 0.026041666666666668 0.046296296296296294
4 0.4661458333333333 0.47314814814814815 0.026041666666666668 0.046296296296296294
4 0.49947916666666664 0.48055555555555557 0.026041666666666668 0.046296296296296294
4 0.4703125 0.4925925925925926 0.026041666666666668 0.046296296296296294
4 0.5161458333333333 0.487962962962963 0.026041666666666668 0.046296296296296294
4 0.6239583333333333 0.487962962962963 0.026041666666666668 0.046296296296296294
4 0.43697916666666664 0.49444444444444446 0.026041666666666668 0.046296296296296294
4 0.6625 0.4935185185185185 0.026041666666666668 0.046296296296296294
4 0.4197916666666667 0.49907407407407406 0.026041666666666668 0.046296296296296294
4 0.65 0.5046296296296297 0.026041666666666668 0.046296296296296294
4 0.4953125 0.5120370370370371 0.026041666666666668 0.046296296296296294
4 0.5166666666666667 0.5111111111111111 0.026041666666666668 0.046296296296296294
4 0.5723958333333333 0.5074074074074074 0.026041666666666668 0.046296296296296294
4 0.46458333333333335 0.5166666666666667 0.026041666666666668 0.046296296296296294
4 0.6328125 0.5175925925925926 0.026041666666666668 0.046296296296296294
4 0.6151041666666667 0.524074074074074 0.026041666666666668 0.046296296296296294
3 0.7109375 0.524074074074074 0.026041666666666668 0.046296296296296294
4 0.5697916666666667 0.5435185185185185 0.026041666666666668 0.046296296296296294
4 0.5989583333333334 0.5407407407407407 0.026041666666666668 0.046296296296296294
4 0.4546875 0.5527777777777778 0.026041666666666668 0.046296296296296294
4 0.54375 0.5481481481481482 0.026041666666666668 0.046296296296296294
4 0.5921875 0.5537037037037037 0.026041666666666668 0.046296296296296294
4 0.6328125 0.549074074074074 0.026041666666666668 0.046296296296296294
4 0.4015625 0.5453703703703704 0.026041666666666668 0.046296296296296294
3 0.753125 0.5574074074074075 0.026041666666666668 0.046296296296296294
4 0.4666666666666667 0.5648148148148148 0.026041666666666668 0.046296296296296294
4 0.53125 0.5648148148148148 0.026041666666666668 0.046296296296296294
4 0.6442708333333333 0.562962962962963 0.026041666666666668 0.046296296296296294
3 0.7348958333333333 0.5611111111111111 0.026041666666666668 0.046296296296296294
4 0.5567708333333333 0.575 0.026041666666666668 0.046296296296296294
4 0.5822916666666667 0.5814814814814815 0.026041666666666668 0.046296296296296294
4 0.4739583333333333 0.5851851851851851 0.026041666666666668 0.046296296296296294
4 0.5333333333333333 0.5888888888888889 0.026041666666666668 0.046296296296296294
4 0.5989583333333334 0.5972222222222222 0.026041666666666668 0.046296296296296294
4 0.4625 0.6027777777777777 0.026041666666666668 0.046296296296296294
4 0.6505208333333333 0.6037037037037037 0.026041666666666668 0.046296296296296294
3 0.7286458333333333 0.612037037037037 0.026041666666666668 0.046296296296296294
4 0.44166666666666665 0.6194444444444445 0.026041666666666668 0.046296296296296294
4 0.5666666666666667 0.6157407407407407 0.026041666666666668 0.046296296296296294
4 0.5755208333333334 0.6259259259259259 0.026041666666666668 0.046296296296296294
4 0.42135416666666664 0.6527777777777778 0.026041666666666668 0.046296296296296294
4 0.6322916666666667 0.6574074074074074 0.026041666666666668 0.046296296296296294
4 0.3807291666666667 0.6657407407407407 0.026041666666666668 0.046296296296296294
3 0.7796875 0.6638888888888889 0.026041666666666668 0.046296296296296294
1 0.6578125 0.675 0.026041666666666668 0.046296296296296294
1 0.7036458333333333 0.6787037037037037 0.026041666666666668 0.046296296296296294
1 0.39791666666666664 0.6851851851851852 0.026041666666666668 0.046296296296296294
1 0.8989583333333333 0.725 0.026041666666666668 0.046296296296296294
1 0.19114583333333332 0.7435185185185185 0.026041666666666668 0.046296296296296294
1 0.5229166666666667 0.7416666666666667 0.026041666666666668 0.046296296296296294
1 0.5791666666666667 0.7601851851851852 0.026041666666666668 0.046296296296296294
1 0.934375 0.7722222222222223 0.026041666666666668 0.046296296296296294
1 0.7911458333333333 0.8083333333333333 0.026041666666666668 0.046296296296296294
1 0.803125 0.8518518518518519 0.026041666666666668 0.046296296296296294
1 0.8286458333333333 0.8675925925925926 0.026041666666666668 0.046296296296296294
1 0.3223958333333333 0.8759259259259259 0.026041666666666668 0.046296296296296294
1 0.4161458333333333 0.8796296296296297 0.026041666666666668 0.046296296296296294
1 0.35885416666666664 0.9092592592592592 0.026041666666666668 0.046296296296296294
1 0.534375 0.9175925925925926 0.026041666666666668 0.046296296296296294
1 0.9192708333333334 0.9296296296296296 0.026041666666666668 0.046296296296296294
1 0.36302083333333335 0.937037037037037 0.026041666666666668 0.046296296296296294
1 0.8244791666666667 0.9462962962962963 0.026041666666666668 0.046296296296296294
1 0.9625 0.95 0.026041666666666668 0.046296296296296294
1 0.4192708333333333 0.9694444444444444 0.026041666666666668 0.046296296296296294
1 0.5270833333333333 0.9814814814814815 0.026041666666666668 0.046296296296296294
1 0.5109375 0.9962962962962963 0.026041666666666668 0.046296296296296294
1 0.275 0.7537037037037037 0.026041666666666668 0.046296296296296294
1 0.5197916666666667 0.8240740740740741 0.026041666666666668 0.046296296296296294
1 0.4635416666666667 0.6944444444444444 0.026041666666666668 0.046296296296296294
1 0.43333333333333335 0.7055555555555556 0.026041666666666668 0.046296296296296294
1 0.6708333333333333 0.9351851851851852 0.026041666666666668 0.046296296296296294
1 0.8697916666666666 0.7981481481481482 0.026041666666666668 0.046296296296296294
1 0.9427083333333334 0.9574074074074074 0.026041666666666668 0.046296296296296294
4 0.5114583333333333 0.6296296296296297 0.026041666666666668 0.046296296296296294
4 0.38229166666666664 0.49444444444444446 0.026041666666666668 0.046296296296296294
3 0.6677083333333333 0.5314814814814814 0.026041666666666668 0.046296296296296294
3 0.684375 0.5462962962962963 0.026041666666666668 0.046296296296296294
3 0.7697916666666667 0.575925925925926 0.026041666666666668 0.046296296296296294
1 0.7791666666666667 0.7166666666666667 0.026041666666666668 0.046296296296296294
3 0.6854166666666667 0.6555555555555556 0.026041666666666668 0.046296296296296294
4 0.6645833333333333 0.6351851851851852 0.026041666666666668 0.046296296296296294
1 0.7125 0.7611111111111111 0.026041666666666668 0.046296296296296294
