0 0.46979166666666666 0.09444444444444444 0.026041666666666668 0.046296296296296294
0 0.478125 0.09722222222222222 0.026041666666666668 0.046296296296296294
0 0.4744791666666667 0.10648148148148148 0.026041666666666668 0.046296296296296294
0 0.4869791666666667 0.10555555555555556 0.026041666666666668 0.046296296296296294
0 0.44895833333333335 0.13333333333333333 0.026041666666666668 0.046296296296296294
0 0.4625 0.14351851851851852 0.026041666666666668 0.046296296296296294
0 0.42916666666666664 0.18055555555555555 0.026041666666666668 0.046296296296296294
0 0.5151041666666667 0.1824074074074074 0.026041666666666668 0.046296296296296294
0 0.509375 0.2 0.026041666666666668 0.046296296296296294
0 0.4583333333333333 0.20925925925925926 0.026041666666666668 0.046296296296296294
0 0.5020833333333333 0.21574074074074073 0.026041666666666668 0.046296296296296294
0 0.4734375 0.225 0.026041666666666668 0.046296296296296294
0 0.515625 0.2212962962962963 0.026041666666666668 0.046296296296296294
0 0.42135416666666664 0.23425925925925925 0.026041666666666668 0.046296296296296294
0 0.4328125 0.23703703703703705 0.026041666666666668 0.046296296296296294
0 0.453125 0.23796296296296296 0.026041666666666668 0.046296296296296294
0 0.4421875 0.24259259259259258 0.026041666666666668 0.046296296296296294
0 0.5072916666666667 0.24814814814814815 0.026041666666666668 0.046296296296296294
0 0.5109375 0.2490740740740741 0.026041666666666668 0.046296296296296294
0 0.4484375 0.25555555555555554 0.026041666666666668 0.046296296296296294
0 0.453125 0.2537037037037037 0.026041666666666668 0.046296296296296294
0 0.4864583333333333 0.25277777777777777 0.026041666666666668 0.046296296296296294
0 0.4890625 0.25462962962962965 0.026041666666666668 0.046296296296296294
0 0.4354166666666667 0.2611111111111111 0.026041666666666668 0.046296296296296294
0 0.46927083333333336 0.2638888888888889 0.026041666666666668 0.046296296296296294
0 0.7036458333333333 0.2601851851851852 0.026041666666666668 0.046296296296296294
0 0.48125 0.28703703703703703 0.026041666666666668 0.046296296296296294
0 0.4953125 0.28425925925925927 0.026041666666666668 0.046296296296296294
0 0.5026041666666666 0.2861111111111111 0.026041666666666668 0.046296296296296294
0 0.440625 0.29444444444444445 0.026041666666666668 0.046296296296296294
0 0.43385416666666665 0.2972222222222222 0.026041666666666668 0.046296296296296294
0 0.48333333333333334 0.30185185185185187 0.026041666666666668 0.046296296296296294
0 0.5197916666666667 0.30092592592592593 0.026041666666666668 0.046296296296296294
0 0.503125 0.30462962962962964 0.026041666666666668 0.046296296296296294
0 0.5114583333333333 0.30833333333333335 0.026041666666666668 0.046296296296296294
0 0.42239583333333336 0.31666666666666665 0.026041666666666668 0.046296296296296294
0 0.42916666666666664 0.3175925925925926 0.026041666666666668 0.046296296296296294
0 0.44114583333333335 0.3148148148148148 0.026041666666666668 0.046296296296296294
0 0.46145833333333336 0.31666666666666665 0.026041666666666668 0.046296296296296294
0 0.47760416666666666 0.31574074074074077 0.026041666666666668 0.046296296296296294
0 0.4505208333333333 0.32592592592592595 0.026041666666666668 0.046296296296296294
0 0.4875 0.3212962962962963 0.026041666666666668 0.046296296296296294
0 0.4171875 0.3314814814814815 0.026041666666666668 0.046296296296296294
0 0.4317708333333333 0.33240740740740743 0.026041666666666668 0.046296296296296294
4 0.4625 0.3333333333333333 0.026041666666666668 0.046296296296296294
0 0.49166666666666664 0.3314814814814815 0.026041666666666668 0.046296296296296294
0 0.4979166666666667 0.33055555555555555 0.026041666666666668 0.046296296296296294
0 0.5125 0.3314814814814815 0.026041666666666668 0.046296296296296294
4 0.4822916666666667 0.3416666666666667 0.026041666666666668 0.046296296296296294
4 0.45364583333333336 0.35 0.026041666666666668 0.046296296296296294
4 0.49947916666666664 0.34629629629629627 0.026041666666666668 0.046296296296296294
4 0.5114583333333333 0.34814814814814815 0.026041666666666668 0.046296296296296294
4 0.39947916666666666 0.35462962962962963 0.026041666666666668 0.046296296296296294
4 0.4197916666666667 0.35462962962962963 0.026041666666666668 0.046296296296296294
3 0.6729166666666667 0.3509259259259259 0.026041666666666668 0.046296296296296294
4 0.37916666666666665 0.36574074074074076 0.026041666666666668 0.046296296296296294
4 0.3921875 0.36203703703703705 0.026041666666666668 0.046296296296296294
4 0.4083333333333333 0.362962962962963 0.026041666666666668 0.046296296296296294
4 0.5135416666666667 0.362962962962963 0.026041666666666668 0.046296296296296294
3 0.7401041666666667 0.37222222222222223 0.026041666666666668 0.046296296296296294
2 0.16666666666666666 0.38055555555555554 0.026041666666666668 0.046296296296296294
4 0.37916666666666665 0.37962962962962965 0.026041666666666668 0.046296296296296294
4 0.4546875 0.3787037037037037 0.026041666666666668 0.046296296296296294
4 0.6515625 0.37777777777777777 0.026041666666666668 0.046296296296296294
4 0.38697916666666665 0.3888888888888889 0.026041666666666668 0.046296296296296294
4 0.51875 0.3888888888888889 0.026041666666666668 0.046296296296296294
4 0.37916666666666665 0.3907407407407407 0.026041666666666668 0.046296296296296294
2 0.175 0.4009259259259259 0.026041666666666668 0.046296296296296294
2 0.19322916666666667 0.4009259259259259 0.026041666666666668 0.046296296296296294
4 0.39010416666666664 0.4101851851851852 0.026041666666666668 0.046296296296296294
4 0.5041666666666667 0.4111111111111111 0.026041666666666668 0.046296296296296294
4 0.6578125 0.4083333333333333 0.026041666666666668 0.046296296296296294
2 0.17916666666666667 0.4185185185185185 0.026041666666666668 0.046296296296296294
2 0.19427083333333334 0.41574074074074074 0.026041666666666668 0.046296296296296294
2 0.20572916666666666 0.41759259259259257 0.026041666666666668 0.046296296296296294
4 0.515625 0.4185185185185185 0.026041666666666668 0.046296296296296294
4 0.6536458333333334 0.4212962962962963 0.026041666666666668 0.046296296296296294
4 0.428125 0.42407407407407405 0.026041666666666668 0.046296296296296294
2 0.178125 0.4324074074074074 0.026041666666666668 0.046296296296296294
4 0.37864583333333335 0.4305555555555556 0.026041666666666668 0.046296296296296294
4 0.49895833333333334 0.43148148148148147 0.026041666666666668 0.046296296296296294
4 0.5203125 0.43148148148148147 0.026041666666666668 0.046296296296296294
4 0.4114583333333333 0.4425925925925926 0.026041666666666668 0.046296296296296294
3 0.7104166666666667 0.43796296296296294 0.026041666666666668 0.046296296296296294
4 0.4401041666666667 0.44351851851851853 0.026041666666666668 0.046296296296296294
4 0.5083333333333333 0.44907407407407407 0.026041666666666668 0.046296296296296294
4 0.6578125 0.44814814814814813 0.026041666666666668 0.046296296296296294
3 0.6822916666666666 0.44722222222222224 0.026041666666666668 0.046296296296296294
4 0.5192708333333333 0.45740740740740743 0.026041666666666668 0.046296296296296294
2 0.2125 0.4648148148148148 0.026041666666666668 0.046296296296296294
4 0.4239583333333333 0.4583333333333333 0.026041666666666668 0.046296296296296294
4 0.45416666666666666 0.46296296296296297 0.026041666666666668 0.046296296296296294
2 0.21979166666666666 0.47314814814814815 0.026041666666666668 0.046296296296296294
4 0.4786458333333333 0.47129629629629627 0.026041666666666668 0.046296296296296294
4 0.521875 0.4722222222222222 0.026041666666666668 0.046296296296296294
3 0.6822916666666666 0.46944444444444444 0.026041666666666668 0.046296296296296294
4 0.45729166666666665 0.48703703703703705 0.026041666666666668 0.046296296296296294
4 0.5151041666666667 0.48703703703703705 0.026041666666666668 0.046296296296296294
4 0.4817708333333333 0.49444444444444446 0.026041666666666668 0.046296296296296294
4 0.6026041666666667 0.4925925925925926 0.026041666666666668 0.046296296296296294
4 0.6208333333333333 0.4935185185185185 0.026041666666666668 0.046296296296296294
4 0.4078125 0.5175925925925926 0.026041666666666668 0.046296296296296294
4 0.5286458333333334 0.5157407407407407 0.026041666666666668 0.046296296296296294
3 0.6984375 0.5185185185185185 0.026041666666666668 0.046296296296296294
4 0.5901041666666667 0.5277777777777778 0.026041666666666668 0.046296296296296294
4 0.6333333333333333 0.5277777777777778 0.026041666666666668 0.046296296296296294
4 0.6666666666666666 0.524074074074074 0.026041666666666668 0.046296296296296294
4 0.5421875 0.5324074074074074 0.026041666666666668 0.046296296296296294
3 0.728125 0.5407407407407407 0.026041666666666668 0.046296296296296294
4 0.6255208333333333 0.5509259259259259 0.026041666666666668 0.046296296296296294
4 0.5494791666666666 0.5574074074074075 0.026041666666666668 0.046296296296296294
4 0.5734375 0.562962962962963 0.026041666666666668 0.046296296296296294
3 0.7401041666666667 0.5638888888888889 0.026041666666666668 0.046296296296296294
4 0.6401041666666667 0.5962962962962963 0.026041666666666668 0.046296296296296294
3 0.7526041666666666 0.6222222222222222 0.026041666666666668 0.046296296296296294
4 0.4875 0.6407407407407407 0.026041666666666668 0.046296296296296294
4 0.45729166666666665 0.6361111111111111 0.026041666666666668 0.046296296296296294
4 0.5447916666666667 0.6583333333333333 0.026041666666666668 0.046296296296296294
4 0.6135416666666667 0.6648148148148149 0.026041666666666668 0.046296296296296294
3 0.7026041666666667 0.6666666666666666 0.026041666666666668 0.046296296296296294
1 0.7697916666666667 0.6722222222222223 0.026041666666666668 0.046296296296296294
1 0.7489583333333333 0.6962962962962963 0.026041666666666668 0.046296296296296294
1 0.8828125 0.7472222222222222 0.026041666666666668 0.046296296296296294
1 0.6395833333333333 0.7898148148148149 0.026041666666666668 0.046296296296296294
1 0.8625 0.8 0.026041666666666668 0.046296296296296294
1 0.5703125 0.8046296296296296 0.026041666666666668 0.046296296296296294
1 0.765625 0.8379629629629629 0.026041666666666668 0.046296296296296294
1 0.6067708333333334 0.8388888888888889 0.026041666666666668 0.046296296296296294
1 0.978125 0.8453703703703703 0.026041666666666668 0.046296296296296294
1 0.6796875 0.8694444444444445 0.026041666666666668 0.046296296296296294
1 0.8213541666666667 0.8685185185185185 0.026041666666666668 0.046296296296296294
1 0.8166666666666667 0.9148148148148149 0.026041666666666668 0.046296296296296294
1 0.9630208333333333 0.9444444444444444 0.026041666666666668 0.046296296296296294
1 0.45416666666666666 0.9537037037037037 0.026041666666666668 0.046296296296296294
1 0.9927083333333333 0.8611111111111112 0.026041666666666668 0.046296296296296294
3 0.7208333333333333 0.6425925925925926 0.026041666666666668 0.046296296296296294
3 0.7645833333333333 0.5833333333333334 0.026041666666666668 0.046296296296296294
4 0.6125 0.6462962962962963 0.026041666666666668 0.046296296296296294
4 0.47708333333333336 0.3648148148148148 0.026041666666666668 0.046296296296296294
4 0.39166666666666666 0.5018518518518519 0.026041666666666668 0.046296296296296294
3 0.7541666666666667 0.5666666666666667 0.026041666666666668 0.046296296296296294
