0 0.48333333333333334 0.12222222222222222 0.026041666666666668 0.046296296296296294
0 0.49114583333333334 0.12037037037037036 0.026041666666666668 0.046296296296296294
0 0.4713541666666667 0.12962962962962962 0.026041666666666668 0.046296296296296294
0 0.4546875 0.13333333333333333 0.026041666666666668 0.046296296296296294
0 0.4609375 0.1361111111111111 0.026041666666666668 0.046296296296296294
0 0.47552083333333334 0.14722222222222223 0.026041666666666668 0.046296296296296294
0 0.4625 0.15555555555555556 0.026041666666666668 0.046296296296296294
0 0.4828125 0.15648148148148147 0.026041666666666668 0.046296296296296294
0 0.4578125 0.16666666666666666 0.026041666666666668 0.046296296296296294
0 0.5 0.16666666666666666 0.026041666666666668 0.046296296296296294
0 0.4328125 0.17592592592592593 0.026041666666666668 0.046296296296296294
0 0.4328125 0.18333333333333332 0.026041666666666668 0.046296296296296294
0 0.45677083333333335 0.1824074074074074 0.026041666666666668 0.046296296296296294
0 0.47760416666666666 0.18518518518518517 0.026041666666666668 0.046296296296296294
0 0.5010416666666667 0.18425925925925926 0.026041666666666668 0.046296296296296294
0 0.5083333333333333 0.1814814814814815 0.026041666666666668 0.046296296296296294
0 0.46979166666666666 0.19074074074074074 0.026041666666666668 0.046296296296296294
0 0.4817708333333333 0.19074074074074074 0.026041666666666668 0.046296296296296294
0 0.4578125 0.19907407407407407 0.026041666666666668 0.046296296296296294
0 0.4630208333333333 0.20092592592592592 0.026041666666666668 0.046296296296296294
0 0.45729166666666665 0.21666666666666667 0.026041666666666668 0.046296296296296294
0 0.428125 0.2462962962962963 0.026041666666666668 0.046296296296296294
0 0.4578125 0.24537037037037038 0.026041666666666668 0.046296296296296294
0 0.5036458333333333 0.2537037037037037 0.026041666666666668 0.046296296296296294
0 0.44895833333333335 0.262037037037037 0.026041666666666668 0.046296296296296294
0 0.4817708333333333 0.25925925925925924 0.026041666666666668 0.046296296296296294
0 0.503125 0.2712962962962963 0.026041666666666668 0.046296296296296294
0 0.47708333333333336 0.2740740740740741 0.026041666666666668 0.046296296296296294
0 0.49375 0.275 0.026041666666666668 0.046296296296296294
0 0.5109375 0.27685185185185185 0.026041666666666668 0.046296296296296294
0 0.42083333333333334 0.2824074074074074 0.026041666666666668 0.046296296296296294
0 0.4348958333333333 0.2814814814814815 0.026041666666666668 0.046296296296296294
0 0.45625 0.2833333333333333 0.026041666666666668 0.046296296296296294
0 0.4869791666666667 0.28425925925925927 0.026041666666666668 0.046296296296296294
0 0.4947916666666667 0.29259259259259257 0.026041666666666668 0.046296296296296294
0 0.503125 0.2916666666666667 0.026041666666666668 0.046296296296296294
0 0.5104166666666666 0.2916666666666667 0.026041666666666668 0.046296296296296294
0 0.4666666666666667 0.30462962962962964 0.026041666666666668 0.046296296296296294
0 0.4484375 0.30925925925925923 0.026041666666666668 0.046296296296296294
0 0.5161458333333333 0.30925925925925923 0.026041666666666668 0.046296296296296294
0 0.503125 0.31574074074074077 0.026041666666666668 0.046296296296296294
0 0.7067708333333333 0.3138888888888889 0.026041666666666668 0.046296296296296294
0 0.4427083333333333 0.33240740740740743 0.026041666666666668 0.046296296296296294
0 0.5114583333333333 0.33055555555555555 0.026041666666666668 0.046296296296296294
4 0.4046875 0.34814814814814815 0.026041666666666668 0.046296296296296294
4 0.42552083333333335 0.34629629629629627 0.026041666666666668 0.046296296296296294
4 0.43697916666666664 0.34814814814814815 0.026041666666666668 0.046296296296296294
4 0.44895833333333335 0.34814814814814815 0.026041666666666668 0.046296296296296294
4 0.39166666666666666 0.35555555555555557 0.026041666666666668 0.046296296296296294
4 0.4786458333333333 0.3574074074074074 0.026041666666666668 0.046296296296296294
4 0.4875 0.35555555555555557 0.026041666666666668 0.046296296296296294
4 0.37916666666666665 0.362962962962963 0.026041666666666668 0.046296296296296294
4 0.5067708333333333 0.37037037037037035 0.026041666666666668 0.046296296296296294
4 0.51875 0.3731481481481482 0.026041666666666668 0.046296296296296294
4 0.5114583333333333 0.387037037037037 0.026041666666666668 0.046296296296296294
4 0.5322916666666667 0.3888888888888889 0.026041666666666668 0.046296296296296294
4 0.4947916666666667 0.39351851851851855 0.026041666666666668 0.046296296296296294
4 0.4609375 0.3990740740740741 0.026041666666666668 0.046296296296296294
4 0.5171875 0.40185185185185185 0.026041666666666668 0.046296296296296294
4 0.5276041666666667 0.40370370370370373 0.026041666666666668 0.046296296296296294
4 0.6515625 0.40185185185185185 0.026041666666666668 0.046296296296296294
2 0.21145833333333333 0.4083333333333333 0.026041666666666668 0.046296296296296294
4 0.659375 0.40925925925925927 0.026041666666666668 0.046296296296296294
3 0.6994791666666667 0.4074074074074074 0.026041666666666668 0.046296296296296294
2 0.17760416666666667 0.41574074074074074 0.026041666666666668 0.046296296296296294
2 0.19479166666666667 0.41759259259259257 0.026041666666666668 0.046296296296296294
3 0.678125 0.42592592592592593 0.026041666666666668 0.046296296296296294
4 0.6625 0.4324074074074074 0.026041666666666668 0.046296296296296294
4 0.37864583333333335 0.44351851851851853 0.026041666666666668 0.046296296296296294
4 0.5114583333333333 0.44166666666666665 0.026041666666666668 0.046296296296296294
4 0.403125 0.44814814814814813 0.026041666666666668 0.046296296296296294
4 0.5010416666666667 0.4583333333333333 0.026041666666666668 0.046296296296296294
4 0.5239583333333333 0.45740740740740743 0.026041666666666668 0.046296296296296294
3 0.6708333333333333 0.45740740740740743 0.026041666666666668 0.046296296296296294
4 0.40989583333333335 0.47962962962962963 0.026041666666666668 0.046296296296296294
4 0.446875 0.475 0.026041666666666668 0.046296296296296294
4 0.5083333333333333 0.48055555555555557 0.026041666666666668 0.046296296296296294
4 0.6296875 0.48148148148148145 0.026041666666666668 0.046296296296296294
4 0.5010416666666667 0.487962962962963 0.026041666666666668 0.046296296296296294
4 0.6536458333333334 0.487962962962963 0.026041666666666668 0.046296296296296294
3 0.7083333333333334 0.5120370370370371 0.026041666666666668 0.046296296296296294
4 0.3885416666666667 0.5148148148148148 0.026041666666666668 0.046296296296296294
4 0.5114583333333333 0.5194444444444445 0.026041666666666668 0.046296296296296294
4 0.4276041666666667 0.5212962962962963 0.026041666666666668 0.046296296296296294
4 0.6322916666666667 0.5259259259259259 0.026041666666666668 0.046296296296296294
3 0.7229166666666667 0.5277777777777778 0.026041666666666668 0.046296296296296294
4 0.60625 0.537962962962963 0.026041666666666668 0.046296296296296294
4 0.4625 0.55 0.026041666666666668 0.046296296296296294
4 0.6239583333333333 0.5509259259259259 0.026041666666666668 0.046296296296296294
4 0.5255208333333333 0.5574074074074075 0.026041666666666668 0.046296296296296294
4 0.56875 0.5518518518518518 0.026041666666666668 0.046296296296296294
4 0.5536458333333333 0.5657407407407408 0.026041666666666668 0.046296296296296294
4 0.59375 0.5601851851851852 0.026041666666666668 0.046296296296296294
4 0.6416666666666667 0.5657407407407408 0.026041666666666668 0.046296296296296294
3 0.7338541666666667 0.5583333333333333 0.026041666666666668 0.046296296296296294
4 0.403125 0.5898148148148148 0.026041666666666668 0.046296296296296294
3 0.7442708333333333 0.5851851851851851 0.026041666666666668 0.046296296296296294
4 0.4244791666666667 0.5962962962962963 0.026041666666666668 0.046296296296296294
4 0.4505208333333333 0.5962962962962963 0.026041666666666668 0.046296296296296294
4 0.6567708333333333 0.5972222222222222 0.026041666666666668 0.046296296296296294
3 0.7463541666666667 0.6277777777777778 0.026041666666666668 0.046296296296296294
2 0.20052083333333334 0.6435185185185185 0.026041666666666668 0.046296296296296294
4 0.5104166666666666 0.6666666666666666 0.026041666666666668 0.046296296296296294
3 0.753125 0.6657407407407407 0.026041666666666668 0.046296296296296294
1 0.7015625 0.6675925925925926 0.026041666666666668 0.046296296296296294
1 0.5744791666666667 0.6703703703703704 0.026041666666666668 0.046296296296296294
1 0.6796875 0.6851851851851852 0.026041666666666668 0.046296296296296294
1 0.7875 0.6805555555555556 0.026041666666666668 0.046296296296296294
1 0.528125 0.7157407407407408 0.026041666666666668 0.046296296296296294
1 0.21302083333333333 0.7379629629629629 0.026041666666666668 0.046296296296296294
1 0.5458333333333333 0.737037037037037 0.026041666666666668 0.046296296296296294
1 0.4708333333333333 0.7481481481481481 0.026041666666666668 0.046296296296296294
1 0.8838541666666667 0.7481481481481481 0.026041666666666668 0.046296296296296294
1 0.18125 0.762962962962963 0.026041666666666668 0.046296296296296294
1 0.5828125 0.7722222222222223 0.026041666666666668 0.046296296296296294
1 0.5541666666666667 0.7842592592592592 0.026041666666666668 0.046296296296296294
1 0.9541666666666667 0.7814814814814814 0.026041666666666668 0.046296296296296294
1 0.45989583333333334 0.7972222222222223 0.026041666666666668 0.046296296296296294
1 0.7614583333333333 0.8138888888888889 0.026041666666666668 0.046296296296296294
1 0.11666666666666667 0.8574074074074074 0.026041666666666668 0.046296296296296294
1 0.8166666666666667 0.8740740740740741 0.026041666666666668 0.046296296296296294
1 0.2890625 0.9009259259259259 0.026041666666666668 0.046296296296296294
1 0.9229166666666667 0.9101851851851852 0.026041666666666668 0.046296296296296294
1 0.6911458333333333 0.937037037037037 0.026041666666666668 0.046296296296296294
1 0.9666666666666667 0.9416666666666667 0.026041666666666668 0.046296296296296294
1 0.49270833333333336 0.9555555555555556 0.026041666666666668 0.046296296296296294
1 0.42864583333333334 0.9787037037037037 0.026041666666666668 0.046296296296296294
1 0.5671875 0.9703703703703703 0.026041666666666668 0.046296296296296294
1 0.525 0.9916666666666667 0.026041666666666668 0.046296296296296294
1 0.16458333333333333 0.8185185185185185 0.026041666666666668 0.046296296296296294
1 0.11354166666666667 0.9314814814814815 0.026041666666666668 0.046296296296296294
1 0.31666666666666665 0.8166666666666667 0.026041666666666668 0.046296296296296294
1 0.45 0.8962962962962963 0.026041666666666668 0.046296296296296294
1 0.6739583333333333 0.7833333333333333 0.026041666666666668 0.046296296296296294
4 0.6302083333333334 0.6611111111111111 0.026041666666666668 0.046296296296296294
1 0.8729166666666667 0.8240740740740741 0.026041666666666668 0.046296296296296294
1 0.8302083333333333 0.9407407407407408 0.026041666666666668 0.046296296296296294
3 0.778125 0.5611111111111111 0.026041666666666668 0.046296296296296294
3 0.759375 0.5611111111111111 0.026041666666666668 0.046296296296296294
3 0.7625 0.6259259259259259 0.026041666666666668 0.046296296296296294
4 0.4197916666666667 0.6555555555555556 0.026041666666666668 0.046296296296296294
4 0.39375 0.6666666666666666 0.026041666666666668 0.046296296296296294
1 0.5083333333333333 0.7222222222222222 0.026041666666666668 0.046296296296296294
4 0.5083333333333333 0.5833333333333334 0.026041666666666668 0.046296296296296294
4 0.5114583333333333 0.5351851851851852 0.026041666666666668 0.046296296296296294
4 0.49270833333333336 0.6444444444444445 0.026041666666666668 0.046296296296296294
3 0.6791666666666667 0.6666666666666666 0.026041666666666668 0.046296296296296294
