0 0.4713541666666667 0.09537037037037037 0.026041666666666668 0.046296296296296294
0 0.4875 0.0962962962962963 0.026041666666666668 0.046296296296296294
0 0.47604166666666664 0.10740740740740741 0.026041666666666668 0.046296296296296294
0 0.4828125 0.10462962962962963 0.026041666666666668 0.046296296296296294
0 0.4708333333333333 0.11481481481481481 0.026041666666666668 0.046296296296296294
0 0.4666666666666667 0.12129629629629629 0.026041666666666668 0.046296296296296294
0 0.47760416666666666 0.12314814814814815 0.026041666666666668 0.046296296296296294
0 0.49166666666666664 0.12222222222222222 0.026041666666666668 0.046296296296296294
0 0.44895833333333335 0.13518518518518519 0.026041666666666668 0.046296296296296294
0 0.45416666666666666 0.13240740740740742 0.026041666666666668 0.046296296296296294
0 0.48333333333333334 0.13796296296296295 0.026041666666666668 0.046296296296296294
0 0.475 0.14537037037037037 0.026041666666666668 0.046296296296296294
0 0.4859375 0.14629629629629629 0.026041666666666668 0.046296296296296294
0 0.4635416666666667 0.15092592592592594 0.026041666666666668 0.046296296296296294
0 0.49114583333333334 0.1537037037037037 0.026041666666666668 0.046296296296296294
0 0.4708333333333333 0.16203703703703703 0.026041666666666668 0.046296296296296294
0 0.49166666666666664 0.16111111111111112 0.026041666666666668 0.046296296296296294
0 0.4713541666666667 0.17222222222222222 0.026041666666666668 0.046296296296296294
0 0.5005208333333333 0.175 0.026041666666666668 0.046296296296296294
0 0.4328125 0.1824074074074074 0.026041666666666668 0.046296296296296294
0 0.5130208333333334 0.18425925925925926 0.026041666666666668 0.046296296296296294
0 0.4588541666666667 0.21944444444444444 0.026041666666666668 0.046296296296296294
0 0.46458333333333335 0.21944444444444444 0.026041666666666668 0.046296296296296294
0 0.50625 0.225 0.026041666666666668 0.046296296296296294
0 0.4817708333333333 0.22777777777777777 0.026041666666666668 0.046296296296296294
0 0.49947916666666664 0.23148148148148148 0.026041666666666668 0.046296296296296294
0 0.42135416666666664 0.23796296296296296 0.026041666666666668 0.046296296296296294
0 0.4953125 0.24166666666666667 0.026041666666666668 0.046296296296296294
0 0.4869791666666667 0.24537037037037038 0.026041666666666668 0.046296296296296294
0 0.4864583333333333 0.2537037037037037 0.026041666666666668 0.046296296296296294
0 0.5072916666666667 0.25 0.026041666666666668 0.046296296296296294
0 0.425 0.2611111111111111 0.026041666666666668 0.046296296296296294
0 0.4583333333333333 0.262037037037037 0.026041666666666668 0.046296296296296294
0 0.4953125 0.262037037037037 0.026041666666666668 0.046296296296296294
0 0.4979166666666667 0.26296296296296295 0.026041666666666668 0.046296296296296294
0 0.4921875 0.27037037037037037 0.026041666666666668 0.046296296296296294
0 0.5208333333333334 0.26851851851851855 0.026041666666666668 0.046296296296296294
0 0.5270833333333333 0.26944444444444443 0.026041666666666668 0.046296296296296294
0 0.4296875 0.2759259259259259 0.026041666666666668 0.046296296296296294
0 0.4625 0.2777777777777778 0.026041666666666668 0.046296296296296294
0 0.43645833333333334 0.2814814814814815 0.026041666666666668 0.046296296296296294
0 0.453125 0.28703703703703703 0.026041666666666668 0.046296296296296294
0 0.4864583333333333 0.28703703703703703 0.026041666666666668 0.046296296296296294
0 0.6911458333333333 0.28425925925925927 0.026041666666666668 0.046296296296296294
0 0.4708333333333333 0.29259259259259257 0.026041666666666668 0.046296296296296294
0 0.5026041666666666 0.29074074074074074 0.026041666666666668 0.046296296296296294
0 0.4322916666666667 0.30092592592592593 0.026041666666666668 0.046296296296296294
0 0.4515625 0.30092592592592593 0.026041666666666668 0.046296296296296294
0 0.48333333333333334 0.29907407407407405 0.026041666666666668 0.046296296296296294
0 0.4354166666666667 0.3055555555555556 0.026041666666666668 0.046296296296296294
0 0.5015625 0.30833333333333335 0.026041666666666668 0.046296296296296294
0 0.5244791666666667 0.30833333333333335 0.026041666666666668 0.046296296296296294
0 0.42135416666666664 0.3175925925925926 0.026041666666666668 0.046296296296296294
0 0.44114583333333335 0.31666666666666665 0.026041666666666668 0.046296296296296294
0 0.45260416666666664 0.3148148148148148 0.026041666666666668 0.046296296296296294
0 0.46458333333333335 0.31574074074074077 0.026041666666666668 0.046296296296296294
0 0.47760416666666666 0.31666666666666665 0.026041666666666668 0.046296296296296294
0 0.44427083333333334 0.32592592592592595 0.026041666666666668 0.046296296296296294
0 0.5192708333333333 0.32592592592592595 0.026041666666666668 0.046296296296296294
4 0.45677083333333335 0.3333333333333333 0.026041666666666668 0.046296296296296294
4 0.5359375 0.3333333333333333 0.026041666666666668 0.046296296296296294
4 0.4244791666666667 0.34074074074074073 0.026041666666666668 0.046296296296296294
4 0.4739583333333333 0.34074074074074073 0.026041666666666668 0.046296296296296294
4 0.5067708333333333 0.34074074074074073 0.026041666666666668 0.046296296296296294
4 0.5197916666666667 0.33796296296296297 0.026041666666666668 0.046296296296296294
4 0.4161458333333333 0.34629629629629627 0.026041666666666668 0.046296296296296294
3 0.7161458333333334 0.3472222222222222 0.026041666666666668 0.046296296296296294
4 0.3984375 0.35555555555555557 0.026041666666666668 0.046296296296296294
4 0.4473958333333333 0.3537037037037037 0.026041666666666668 0.046296296296296294
4 0.45260416666666664 0.35648148148148145 0.026041666666666668 0.046296296296296294
3 0.684375 0.35462962962962963 0.026041666666666668 0.046296296296296294
4 0.375 0.3638888888888889 0.026041666666666668 0.046296296296296294
4 0.38385416666666666 0.36574074074074076 0.026041666666666668 0.046296296296296294
4 0.503125 0.3638888888888889 0.026041666666666668 0.046296296296296294
4 0.5151041666666667 0.362962962962963 0.026041666666666668 0.046296296296296294
4 0.65 0.3685185185185185 0.026041666666666668 0.046296296296296294
4 0.6546875 0.36944444444444446 0.026041666666666668 0.046296296296296294
4 0.41041666666666665 0.37962962962962965 0.026041666666666668 0.046296296296296294
4 0.5166666666666667 0.3861111111111111 0.026041666666666668 0.046296296296296294
4 0.659375 0.387037037037037 0.026041666666666668 0.046296296296296294
4 0.4401041666666667 0.39444444444444443 0.026041666666666668 0.046296296296296294
4 0.5067708333333333 0.38981481481481484 0.026041666666666668 0.046296296296296294
4 0.6505208333333333 0.39537037037037037 0.026041666666666668 0.046296296296296294
4 0.37395833333333334 0.40370370370370373 0.026041666666666668 0.046296296296296294
4 0.40260416666666665 0.40185185185185185 0.026041666666666668 0.046296296296296294
4 0.6541666666666667 0.4046296296296296 0.026041666666666668 0.046296296296296294
2 0.18697916666666667 0.4101851851851852 0.026041666666666668 0.046296296296296294
4 0.4234375 0.4074074074074074 0.026041666666666668 0.046296296296296294
4 0.5197916666666667 0.41203703703703703 0.026041666666666668 0.046296296296296294
4 0.5447916666666667 0.40925925925925927 0.026041666666666668 0.046296296296296294
4 0.37864583333333335 0.4185185185185185 0.026041666666666668 0.046296296296296294
4 0.390625 0.4166666666666667 0.026041666666666668 0.046296296296296294
4 0.4359375 0.4185185185185185 0.026041666666666668 0.046296296296296294
4 0.5119791666666667 0.4287037037037037 0.026041666666666668 0.046296296296296294
4 0.4328125 0.4324074074074074 0.026041666666666668 0.046296296296296294
4 0.4666666666666667 0.43333333333333335 0.026041666666666668 0.046296296296296294
4 0.4734375 0.43333333333333335 0.026041666666666668 0.046296296296296294
4 0.5244791666666667 0.4351851851851852 0.026041666666666668 0.046296296296296294
4 0.6536458333333334 0.43425925925925923 0.026041666666666668 0.046296296296296294
4 0.446875 0.44074074074074077 0.026041666666666668 0.046296296296296294
4 0.4588541666666667 0.44166666666666665 0.026041666666666668 0.046296296296296294
3 0.7088541666666667 0.4388888888888889 0.026041666666666668 0.046296296296296294
4 0.49114583333333334 0.45 0.026041666666666668 0.046296296296296294
4 0.5072916666666667 0.45 0.026041666666666668 0.046296296296296294
4 0.5239583333333333 0.44814814814814813 0.026041666666666668 0.046296296296296294
3 0.6911458333333333 0.4564814814814815 0.026041666666666668 0.046296296296296294
4 0.5239583333333333 0.46574074074074073 0.026041666666666668 0.046296296296296294
3 0.6671875 0.4601851851851852 0.026041666666666668 0.046296296296296294
4 0.5130208333333334 0.4703703703703704 0.026041666666666668 0.046296296296296294
3 0.675 0.4703703703703704 0.026041666666666668 0.046296296296296294
2 0.21510416666666668 0.48148148148148145 0.026041666666666668 0.046296296296296294
4 0.490625 0.4824074074074074 0.026041666666666668 0.046296296296296294
4 0.5171875 0.4888888888888889 0.026041666666666668 0.046296296296296294
4 0.6125 0.48518518518518516 0.026041666666666668 0.046296296296296294
3 0.6947916666666667 0.4888888888888889 0.026041666666666668 0.046296296296296294
4 0.5161458333333333 0.5092592592592593 0.026041666666666668 0.046296296296296294
4 0.528125 0.5157407407407407 0.026041666666666668 0.046296296296296294
4 0.6317708333333333 0.5175925925925926 0.026041666666666668 0.046296296296296294
4 0.6494791666666667 0.5166666666666667 0.026041666666666668 0.046296296296296294
3 0.6994791666666667 0.5185185185185185 0.026041666666666668 0.046296296296296294
4 0.665625 0.5277777777777778 0.026041666666666668 0.046296296296296294
4 0.5588541666666667 0.5268518518518519 0.026041666666666668 0.046296296296296294
4 0.459375 0.5398148148148149 0.026041666666666668 0.046296296296296294
4 0.490625 0.5398148148148149 0.026041666666666668 0.046296296296296294
4 0.5875 0.5416666666666666 0.026041666666666668 0.046296296296296294
3 0.7286458333333333 0.5416666666666666 0.026041666666666668 0.046296296296296294
4 0.5703125 0.5481481481481482 0.026041666666666668 0.046296296296296294
4 0.6364583333333333 0.5509259259259259 0.026041666666666668 0.046296296296296294
4 0.5911458333333334 0.5564814814814815 0.026041666666666668 0.046296296296296294
4 0.61875 0.5564814814814815 0.026041666666666668 0.046296296296296294
3 0.7359375 0.5592592592592592 0.026041666666666668 0.046296296296296294
3 0.753125 0.5638888888888889 0.026041666666666668 0.046296296296296294
3 0.7614583333333333 0.5814814814814815 0.026041666666666668 0.046296296296296294
4 0.575 0.6037037037037037 0.026041666666666668 0.046296296296296294
4 0.5145833333333333 0.6194444444444445 0.026041666666666668 0.046296296296296294
4 0.5364583333333334 0.6194444444444445 0.026041666666666668 0.046296296296296294
4 0.5036458333333333 0.6268518518518519 0.026041666666666668 0.046296296296296294
4 0.49895833333333334 0.6518518518518519 0.026041666666666668 0.046296296296296294
1 0.7739583333333333 0.6685185185185185 0.026041666666666668 0.046296296296296294
1 0.5317708333333333 0.687037037037037 0.026041666666666668 0.046296296296296294
1 0.6916666666666667 0.687037037037037 0.026041666666666668 0.046296296296296294
1 0.6541666666666667 0.7101851851851851 0.026041666666666668 0.046296296296296294
1 0.8822916666666667 0.7462962962962963 0.026041666666666668 0.046296296296296294
1 0.6984375 0.7675925925925926 0.026041666666666668 0.046296296296296294
1 0.4739583333333333 0.8037037037037037 0.026041666666666668 0.046296296296296294
1 0.9791666666666666 0.8407407407407408 0.026041666666666668 0.046296296296296294
1 0.9526041666666667 0.9268518518518518 0.026041666666666668 0.046296296296296294
1 0.8729166666666667 0.8092592592592592 0.026041666666666668 0.046296296296296294
1 0.99375 0.8574074074074074 0.026041666666666668 0.046296296296296294
1 0.8260416666666667 0.8703703703703703 0.026041666666666668 0.046296296296296294
1 0.8104166666666667 0.9203703703703704 0.026041666666666668 0.046296296296296294
1 0.8208333333333333 0.8333333333333334 0.026041666666666668 0.046296296296296294
1 0.7697916666666667 0.8296296296296296 0.026041666666666668 0.046296296296296294
1 0.7552083333333334 0.7018518518518518 0.026041666666666668 0.046296296296296294
1 0.7197916666666667 0.6703703703703704 0.026041666666666668 0.046296296296296294
3 0.759375 0.6259259259259259 0.026041666666666668 0.046296296296296294
3 0.7645833333333333 0.5296296296296297 0.026041666666666668 0.046296296296296294
3 0.6708333333333333 0.6037037037037037 0.026041666666666668 0.046296296296296294
4 0.6541666666666667 0.5907407407407408 0.026041666666666668 0.046296296296296294
4 0.6125 0.6333333333333333 0.026041666666666668 0.046296296296296294
1 0.6197916666666666 0.6777777777777778 0.026041666666666668 0.046296296296296294
2 0.18333333333333332 0.45925925925925926 0.026041666666666668 0.046296296296296294
2 0.18020833333333333 0.43333333333333335 0.026041666666666668 0.046296296296296294
2 0.22083333333333333 0.5166666666666667 0.026041666666666668 0.046296296296296294
