0 0.4708333333333333 0.09537037037037037 0.026041666666666668 0.046296296296296294
0 0.4828125 0.10555555555555556 0.026041666666666668 0.046296296296296294
0 0.478125 0.12407407407407407 0.026041666666666668 0.046296296296296294
0 0.4630208333333333 0.12962962962962962 0.026041666666666668 0.046296296296296294
0 0.44114583333333335 0.13148148148148148 0.026041666666666668 0.046296296296296294
0 0.4546875 0.13333333333333333 0.026041666666666668 0.046296296296296294
0 0.43802083333333336 0.15648148148148147 0.026041666666666668 0.046296296296296294
0 0.4322916666666667 0.1675925925925926 0.026041666666666668 0.046296296296296294
0 0.5125 0.17685185185185184 0.026041666666666668 0.046296296296296294
0 0.43333333333333335 0.17962962962962964 0.026041666666666668 0.046296296296296294
0 0.440625 0.18611111111111112 0.026041666666666668 0.046296296296296294
0 0.49895833333333334 0.1824074074074074 0.026041666666666668 0.046296296296296294
0 0.48802083333333335 0.19166666666666668 0.026041666666666668 0.046296296296296294
0 0.4984375 0.18981481481481483 0.026041666666666668 0.046296296296296294
0 0.5171875 0.2 0.026041666666666668 0.046296296296296294
0 0.4796875 0.20833333333333334 0.026041666666666668 0.046296296296296294
0 0.4296875 0.21481481481481482 0.026041666666666668 0.046296296296296294
0 0.45 0.2222222222222222 0.026041666666666668 0.046296296296296294
0 0.46145833333333336 0.21851851851851853 0.026041666666666668 0.046296296296296294
0 0.47239583333333335 0.21944444444444444 0.026041666666666668 0.046296296296296294
0 0.4765625 0.22314814814814815 0.026041666666666668 0.046296296296296294
0 0.4166666666666667 0.22962962962962963 0.026041666666666668 0.046296296296296294
0 0.4328125 0.23148148148148148 0.026041666666666668 0.046296296296296294
0 0.4942708333333333 0.22962962962962963 0.026041666666666668 0.046296296296296294
0 0.5057291666666667 0.22962962962962963 0.026041666666666668 0.046296296296296294
0 0.48333333333333334 0.23703703703703705 0.026041666666666668 0.046296296296296294
0 0.5125 0.2462962962962963 0.026041666666666668 0.046296296296296294
0 0.4125 0.25092592592592594 0.026041666666666668 0.046296296296296294
0 0.4203125 0.25462962962962965 0.026041666666666668 0.046296296296296294
0 0.490625 0.25555555555555554 0.026041666666666668 0.046296296296296294
0 0.4197916666666667 0.2722222222222222 0.026041666666666668 0.046296296296296294
0 0.4317708333333333 0.27037037037037037 0.026041666666666668 0.046296296296296294
0 0.5067708333333333 0.2712962962962963 0.026041666666666668 0.046296296296296294
0 0.6953125 0.26944444444444443 0.026041666666666668 0.046296296296296294
0 0.4859375 0.2777777777777778 0.026041666666666668 0.046296296296296294
0 0.5 0.28703703703703703 0.026041666666666668 0.046296296296296294
0 0.4484375 0.2935185185185185 0.026041666666666668 0.046296296296296294
0 0.4828125 0.2953703703703704 0.026041666666666668 0.046296296296296294
0 0.43697916666666664 0.30833333333333335 0.026041666666666668 0.046296296296296294
0 0.45 0.30648148148148147 0.026041666666666668 0.046296296296296294
0 0.45729166666666665 0.3111111111111111 0.026041666666666668 0.046296296296296294
0 0.5041666666666667 0.30648148148148147 0.026041666666666668 0.046296296296296294
0 0.4197916666666667 0.3138888888888889 0.026041666666666668 0.046296296296296294
0 0.44479166666666664 0.31666666666666665 0.026041666666666668 0.046296296296296294
0 0.50625 0.31851851851851853 0.026041666666666668 0.046296296296296294
0 0.6947916666666667 0.31296296296296294 0.026041666666666668 0.046296296296296294
0 0.4328125 0.325 0.026041666666666668 0.046296296296296294
0 0.440625 0.33240740740740743 0.026041666666666668 0.046296296296296294
0 0.45208333333333334 0.33055555555555555 0.026041666666666668 0.046296296296296294
0 0.5380208333333333 0.3314814814814815 0.026041666666666668 0.046296296296296294
4 0.5421875 0.3333333333333333 0.026041666666666668 0.046296296296296294
4 0.4041666666666667 0.34629629629629627 0.026041666666666668 0.046296296296296294
4 0.41510416666666666 0.35 0.026041666666666668 0.046296296296296294
4 0.4375 0.35 0.026041666666666668 0.046296296296296294
4 0.44427083333333334 0.34814814814814815 0.026041666666666668 0.046296296296296294
4 0.4583333333333333 0.3490740740740741 0.026041666666666668 0.046296296296296294
4 0.5088541666666667 0.3472222222222222 0.026041666666666668 0.046296296296296294
4 0.39375 0.35555555555555557 0.026041666666666668 0.046296296296296294
4 0.4083333333333333 0.35833333333333334 0.026041666666666668 0.046296296296296294
4 0.425 0.35555555555555557 0.026041666666666668 0.046296296296296294
4 0.4317708333333333 0.35555555555555557 0.026041666666666668 0.046296296296296294
4 0.37395833333333334 0.3638888888888889 0.026041666666666668 0.046296296296296294
4 0.4166666666666667 0.3638888888888889 0.026041666666666668 0.046296296296296294
4 0.5078125 0.3638888888888889 0.026041666666666668 0.046296296296296294
4 0.4796875 0.36574074074074076 0.026041666666666668 0.046296296296296294
4 0.4859375 0.3675925925925926 0.026041666666666668 0.046296296296296294
4 0.3796875 0.38055555555555554 0.026041666666666668 0.046296296296296294
4 0.39947916666666666 0.38055555555555554 0.026041666666666668 0.046296296296296294
4 0.4078125 0.37962962962962965 0.026041666666666668 0.046296296296296294
4 0.4546875 0.3768518518518518 0.026041666666666668 0.046296296296296294
4 0.46197916666666666 0.37407407407407406 0.026041666666666668 0.046296296296296294
4 0.39479166666666665 0.3888888888888889 0.026041666666666668 0.046296296296296294
4 0.4239583333333333 0.3851851851851852 0.026041666666666668 0.046296296296296294
4 0.4984375 0.387037037037037 0.026041666666666668 0.046296296296296294
4 0.4276041666666667 0.39537037037037037 0.026041666666666668 0.046296296296296294
4 0.5109375 0.3962962962962963 0.026041666666666668 0.046296296296296294
4 0.37447916666666664 0.40185185185185185 0.026041666666666668 0.046296296296296294
4 0.3875 0.4046296296296296 0.026041666666666668 0.046296296296296294
4 0.4083333333333333 0.4 0.026041666666666668 0.046296296296296294
4 0.42135416666666664 0.4046296296296296 0.026041666666666668 0.046296296296296294
4 0.39427083333333335 0.4083333333333333 0.026041666666666668 0.046296296296296294
4 0.5067708333333333 0.41759259259259257 0.026041666666666668 0.046296296296296294
2 0.17395833333333333 0.42314814814814816 0.026041666666666668 0.046296296296296294
4 0.3880208333333333 0.42777777777777776 0.026041666666666668 0.046296296296296294
4 0.6494791666666667 0.42314814814814816 0.026041666666666668 0.046296296296296294
3 0.6697916666666667 0.425 0.026041666666666668 0.046296296296296294
4 0.39427083333333335 0.43148148148148147 0.026041666666666668 0.046296296296296294
4 0.4109375 0.43425925925925923 0.026041666666666668 0.046296296296296294
4 0.5203125 0.4351851851851852 0.026041666666666668 0.046296296296296294
4 0.38229166666666664 0.4425925925925926 0.026041666666666668 0.046296296296296294
4 0.459375 0.4398148148148148 0.026041666666666668 0.046296296296296294
3 0.6692708333333334 0.4361111111111111 0.026041666666666668 0.046296296296296294
3 0.7057291666666666 0.44074074074074077 0.026041666666666668 0.046296296296296294
4 0.39427083333333335 0.44907407407407407 0.026041666666666668 0.046296296296296294
4 0.4036458333333333 0.45092592592592595 0.026041666666666668 0.046296296296296294
4 0.5151041666666667 0.45555555555555555 0.026041666666666668 0.046296296296296294
3 0.6776041666666667 0.44722222222222224 0.026041666666666668 0.046296296296296294
4 0.37395833333333334 0.4583333333333333 0.026041666666666668 0.046296296296296294
4 0.38645833333333335 0.45740740740740743 0.026041666666666668 0.046296296296296294
4 0.4119791666666667 0.45740740740740743 0.026041666666666668 0.046296296296296294
4 0.4703125 0.4648148148148148 0.026041666666666668 0.046296296296296294
4 0.5151041666666667 0.4648148148148148 0.026041666666666668 0.046296296296296294
3 0.6890625 0.46574074074074073 0.026041666666666668 0.046296296296296294
4 0.41302083333333334 0.47129629629629627 0.026041666666666668 0.046296296296296294
4 0.5036458333333333 0.4703703703703704 0.026041666666666668 0.046296296296296294
4 0.38697916666666665 0.48055555555555557 0.026041666666666668 0.046296296296296294
4 0.4630208333333333 0.48148148148148145 0.026041666666666668 0.046296296296296294
3 0.6786458333333333 0.48055555555555557 0.026041666666666668 0.046296296296296294
3 0.6890625 0.4777777777777778 0.026041666666666668 0.046296296296296294
4 0.5322916666666667 0.48518518518518516 0.026041666666666668 0.046296296296296294
3 0.7119791666666667 0.49166666666666664 0.026041666666666668 0.046296296296296294
4 0.4828125 0.4962962962962963 0.026041666666666668 0.046296296296296294
4 0.5244791666666667 0.4981481481481482 0.026041666666666668 0.046296296296296294
4 0.6135416666666667 0.49444444444444446 0.026041666666666668 0.046296296296296294
3 0.6911458333333333 0.4935185185185185 0.026041666666666668 0.046296296296296294
3 0.6989583333333333 0.49537037037037035 0.026041666666666668 0.046296296296296294
4 0.3953125 0.5027777777777778 0.026041666666666668 0.046296296296296294
4 0.6255208333333333 0.5037037037037037 0.026041666666666668 0.046296296296296294
4 0.6291666666666667 0.5027777777777778 0.026041666666666668 0.046296296296296294
4 0.6114583333333333 0.5212962962962963 0.026041666666666668 0.046296296296296294
4 0.6286458333333333 0.5175925925925926 0.026041666666666668 0.046296296296296294
3 0.6744791666666666 0.5175925925925926 0.026041666666666668 0.046296296296296294
4 0.44895833333333335 0.525 0.026041666666666668 0.046296296296296294
4 0.515625 0.5268518518518519 0.026041666666666668 0.046296296296296294
4 0.53125 0.5194444444444445 0.026041666666666668 0.046296296296296294
3 0.675 0.5259259259259259 0.026041666666666668 0.046296296296296294
3 0.6989583333333333 0.5268518518518519 0.026041666666666668 0.046296296296296294
3 0.7489583333333333 0.525 0.026041666666666668 0.046296296296296294
4 0.5828125 0.5314814814814814 0.026041666666666668 0.046296296296296294
4 0.39010416666666664 0.5398148148148149 0.026041666666666668 0.046296296296296294
4 0.4192708333333333 0.5416666666666666 0.026041666666666668 0.046296296296296294
3 0.7276041666666667 0.5398148148148149 0.026041666666666668 0.046296296296296294
4 0.440625 0.55 0.026041666666666668 0.046296296296296294
4 0.5520833333333334 0.5425925925925926 0.026041666666666668 0.046296296296296294
4 0.6078125 0.55 0.026041666666666668 0.046296296296296294
4 0.38645833333333335 0.5601851851851852 0.026041666666666668 0.046296296296296294
4 0.41510416666666666 0.5601851851851852 0.026041666666666668 0.046296296296296294
3 0.7348958333333333 0.562037037037037 0.026041666666666668 0.046296296296296294
3 0.7072916666666667 0.5712962962962963 0.026041666666666668 0.046296296296296294
4 0.5953125 0.5740740740740741 0.026041666666666668 0.046296296296296294
4 0.6489583333333333 0.5898148148148148 0.026041666666666668 0.046296296296296294
3 0.7588541666666667 0.6259259259259259 0.026041666666666668 0.046296296296296294
3 0.7401041666666667 0.662962962962963 0.026041666666666668 0.046296296296296294
1 0.6822916666666666 0.6694444444444444 0.026041666666666668 0.046296296296296294
1 0.8875 0.7472222222222222 0.026041666666666668 0.046296296296296294
1 0.8859375 0.7925925925925926 0.026041666666666668 0.046296296296296294
1 0.9661458333333334 0.8046296296296296 0.026041666666666668 0.046296296296296294
1 0.8213541666666667 0.8351851851851851 0.026041666666666668 0.046296296296296294
1 0.6296875 0.8574074074074074 0.026041666666666668 0.046296296296296294
1 0.9953125 0.8666666666666667 0.026041666666666668 0.046296296296296294
1 0.7552083333333334 0.8851851851851852 0.026041666666666668 0.046296296296296294
1 0.8255208333333334 0.9166666666666666 0.026041666666666668 0.046296296296296294
1 0.9140625 0.9287037037037037 0.026041666666666668 0.046296296296296294
1 0.9333333333333333 0.9296296296296296 0.026041666666666668 0.046296296296296294
1 0.6541666666666667 0.9490740740740741 0.026041666666666668 0.046296296296296294
2 0.21458333333333332 0.43333333333333335 0.026041666666666668 0.046296296296296294
1 0.45416666666666666 0.8611111111111112 0.026041666666666668 0.046296296296296294
3 0.76875 0.5740740740740741 0.026041666666666668 0.046296296296296294
1 0.2375 0.725925925925926 0.026041666666666668 0.046296296296296294
4 0.6489583333333333 0.40185185185185185 0.026041666666666668 0.046296296296296294
