0 0.4703125 0.13055555555555556 0.026041666666666668 0.046296296296296294
0 0.4901041666666667 0.13055555555555556 0.026041666666666668 0.046296296296296294
0 0.46145833333333336 0.1361111111111111 0.026041666666666668 0.046296296296296294
0 0.4708333333333333 0.13796296296296295 0.026041666666666668 0.046296296296296294
0 0.4869791666666667 0.1398148148148148 0.026041666666666668 0.046296296296296294
0 0.4625 0.15462962962962962 0.026041666666666668 0.046296296296296294
0 0.4817708333333333 0.15462962962962962 0.026041666666666668 0.046296296296296294
0 0.4708333333333333 0.16018518518518518 0.026041666666666668 0.046296296296296294
0 0.4947916666666667 0.16018518518518518 0.026041666666666668 0.046296296296296294
0 0.4630208333333333 0.16666666666666666 0.026041666666666668 0.046296296296296294
0 0.4322916666666667 0.17407407407407408 0.026041666666666668 0.046296296296296294
0 0.47604166666666664 0.18518518518518517 0.026041666666666668 0.046296296296296294
0 0.484375 0.18981481481481483 0.026041666666666668 0.046296296296296294
0 0.49947916666666664 0.18981481481481483 0.026041666666666668 0.046296296296296294
0 0.48854166666666665 0.2064814814814815 0.026041666666666668 0.046296296296296294
0 0.434375 0.22962962962962963 0.026041666666666668 0.046296296296296294
0 0.4609375 0.22870370370370371 0.026041666666666668 0.046296296296296294
0 0.4739583333333333 0.2361111111111111 0.026041666666666668 0.046296296296296294
0 0.475 0.24537037037037038 0.026041666666666668 0.046296296296296294
0 0.43125 0.2564814814814815 0.026041666666666668 0.046296296296296294
0 0.44427083333333334 0.25833333333333336 0.026041666666666668 0.046296296296296294
0 0.4817708333333333 0.26851851851851855 0.026041666666666668 0.046296296296296294
0 0.46458333333333335 0.2777777777777778 0.026041666666666668 0.046296296296296294
0 0.4859375 0.27685185185185185 0.026041666666666668 0.046296296296296294
0 0.49114583333333334 0.2740740740740741 0.026041666666666668 0.046296296296296294
0 0.5458333333333333 0.2777777777777778 0.026041666666666668 0.046296296296296294
0 0.4822916666666667 0.2824074074074074 0.026041666666666668 0.046296296296296294
0 0.49895833333333334 0.2814814814814815 0.026041666666666668 0.046296296296296294
0 0.6953125 0.2861111111111111 0.026041666666666668 0.046296296296296294
0 0.44583333333333336 0.2916666666666667 0.026041666666666668 0.046296296296296294
0 0.4947916666666667 0.2953703703703704 0.026041666666666668 0.046296296296296294
0 0.503125 0.2916666666666667 0.026041666666666668 0.046296296296296294
0 0.5109375 0.2898148148148148 0.026041666666666668 0.046296296296296294
0 0.5203125 0.29259259259259257 0.026041666666666668 0.046296296296296294
0 0.4401041666666667 0.30277777777777776 0.026041666666666668 0.046296296296296294
0 0.478125 0.30092592592592593 0.026041666666666668 0.046296296296296294
0 0.4869791666666667 0.29907407407407405 0.026041666666666668 0.046296296296296294
0 0.5317708333333333 0.30092592592592593 0.026041666666666668 0.046296296296296294
0 0.4703125 0.3074074074074074 0.026041666666666668 0.046296296296296294
0 0.428125 0.3148148148148148 0.026041666666666668 0.046296296296296294
0 0.49114583333333334 0.31851851851851853 0.026041666666666668 0.046296296296296294
0 0.49895833333333334 0.31851851851851853 0.026041666666666668 0.046296296296296294
0 0.5213541666666667 0.3175925925925926 0.026041666666666668 0.046296296296296294
0 0.7067708333333333 0.3148148148148148 0.026041666666666668 0.046296296296296294
4 0.45729166666666665 0.33425925925925926 0.026041666666666668 0.046296296296296294
4 0.5119791666666667 0.3351851851851852 0.026041666666666668 0.046296296296296294
4 0.44479166666666664 0.3388888888888889 0.026041666666666668 0.046296296296296294
4 0.4786458333333333 0.33796296296296297 0.026041666666666668 0.046296296296296294
4 0.4578125 0.3490740740740741 0.026041666666666668 0.046296296296296294
4 0.4203125 0.35462962962962963 0.026041666666666668 0.046296296296296294
4 0.5020833333333333 0.35555555555555557 0.026041666666666668 0.046296296296296294
4 0.5151041666666667 0.35555555555555557 0.026041666666666668 0.046296296296296294
4 0.40729166666666666 0.37777777777777777 0.026041666666666668 0.046296296296296294
4 0.4947916666666667 0.3787037037037037 0.026041666666666668 0.046296296296296294
4 0.5114583333333333 0.3787037037037037 0.026041666666666668 0.046296296296296294
4 0.5333333333333333 0.3787037037037037 0.026041666666666668 0.046296296296296294
4 0.6536458333333334 0.37962962962962965 0.026041666666666668 0.046296296296296294
2 0.20729166666666668 0.39166666666666666 0.026041666666666668 0.046296296296296294
3 0.6817708333333333 0.3925925925925926 0.026041666666666668 0.046296296296296294
2 0.18958333333333333 0.4 0.026041666666666668 0.046296296296296294
4 0.43697916666666664 0.4009259259259259 0.026041666666666668 0.046296296296296294
4 0.6536458333333334 0.4027777777777778 0.026041666666666668 0.046296296296296294
2 0.2 0.41203703703703703 0.026041666666666668 0.046296296296296294
4 0.46510416666666665 0.4083333333333333 0.026041666666666668 0.046296296296296294
2 0.1671875 0.41574074074074074 0.026041666666666668 0.046296296296296294
2 0.17916666666666667 0.4185185185185185 0.026041666666666668 0.046296296296296294
3 0.6703125 0.4222222222222222 0.026041666666666668 0.046296296296296294
4 0.6635416666666667 0.42592592592592593 0.026041666666666668 0.046296296296296294
3 0.6817708333333333 0.42962962962962964 0.026041666666666668 0.046296296296296294
4 0.5151041666666667 0.4351851851851852 0.026041666666666668 0.046296296296296294
3 0.6703125 0.43148148148148147 0.026041666666666668 0.046296296296296294
4 0.5083333333333333 0.44351851851851853 0.026041666666666668 0.046296296296296294
4 0.6510416666666666 0.4388888888888889 0.026041666666666668 0.046296296296296294
3 0.70625 0.4388888888888889 0.026041666666666668 0.046296296296296294
2 0.17083333333333334 0.45 0.026041666666666668 0.046296296296296294
2 0.2046875 0.4638888888888889 0.026041666666666668 0.046296296296296294
4 0.5083333333333333 0.4666666666666667 0.026041666666666668 0.046296296296296294
3 0.678125 0.4638888888888889 0.026041666666666668 0.046296296296296294
4 0.5005208333333333 0.47962962962962963 0.026041666666666668 0.046296296296296294
4 0.6208333333333333 0.49074074074074076 0.026041666666666668 0.046296296296296294
4 0.6489583333333333 0.4888888888888889 0.026041666666666668 0.046296296296296294
4 0.4114583333333333 0.4935185185185185 0.026041666666666668 0.046296296296296294
3 0.6776041666666667 0.4935185185185185 0.026041666666666668 0.046296296296296294
4 0.5 0.5009259259259259 0.026041666666666668 0.046296296296296294
3 0.6895833333333333 0.5101851851851852 0.026041666666666668 0.046296296296296294
3 0.7020833333333333 0.5111111111111111 0.026041666666666668 0.046296296296296294
4 0.6359375 0.5194444444444445 0.026041666666666668 0.046296296296296294
4 0.46979166666666666 0.5268518518518519 0.026041666666666668 0.046296296296296294
3 0.71875 0.5314814814814814 0.026041666666666668 0.046296296296296294
3 0.7322916666666667 0.5314814814814814 0.026041666666666668 0.046296296296296294
4 0.4859375 0.5425925925925926 0.026041666666666668 0.046296296296296294
4 0.5171875 0.5509259259259259 0.026041666666666668 0.046296296296296294
4 0.478125 0.5564814814814815 0.026041666666666668 0.046296296296296294
4 0.5348958333333333 0.5555555555555556 0.026041666666666668 0.046296296296296294
4 0.5578125 0.5518518518518518 0.026041666666666668 0.046296296296296294
4 0.628125 0.5574074074074075 0.026041666666666668 0.046296296296296294
4 0.6255208333333333 0.5675925925925925 0.026041666666666668 0.046296296296296294
3 0.7401041666666667 0.5601851851851852 0.026041666666666668 0.046296296296296294
3 0.7520833333333333 0.562037037037037 0.026041666666666668 0.046296296296296294
4 0.5989583333333334 0.5740740740740741 0.026041666666666668 0.046296296296296294
3 0.746875 0.5777777777777777 0.026041666666666668 0.046296296296296294
3 0.765625 0.5796296296296296 0.026041666666666668 0.046296296296296294
4 0.3859375 0.5879629629629629 0.026041666666666668 0.046296296296296294
4 0.41822916666666665 0.5944444444444444 0.026041666666666668 0.046296296296296294
4 0.45364583333333336 0.6027777777777777 0.026041666666666668 0.046296296296296294
4 0.4739583333333333 0.6055555555555555 0.026041666666666668 0.046296296296296294
4 0.6 0.612037037037037 0.026041666666666668 0.046296296296296294
4 0.4453125 0.6388888888888888 0.026041666666666668 0.046296296296296294
4 0.5921875 0.6370370370370371 0.026041666666666668 0.046296296296296294
4 0.4734375 0.6574074074074074 0.026041666666666668 0.046296296296296294
3 0.7234375 0.6601851851851852 0.026041666666666668 0.046296296296296294
1 0.5119791666666667 0.6685185185185185 0.026041666666666668 0.046296296296296294
1 0.5473958333333333 0.6814814814814815 0.026041666666666668 0.046296296296296294
1 0.6755208333333333 0.6824074074074075 0.026041666666666668 0.046296296296296294
1 0.703125 0.6805555555555556 0.026041666666666668 0.046296296296296294
1 0.403125 0.687037037037037 0.026041666666666668 0.046296296296296294
1 0.5651041666666666 0.687037037037037 0.026041666666666668 0.046296296296296294
1 0.5078125 0.6962962962962963 0.026041666666666668 0.046296296296296294
1 0.6203125 0.7018518518518518 0.026041666666666668 0.046296296296296294
1 0.18645833333333334 0.7287037037037037 0.026041666666666668 0.046296296296296294
1 0.8848958333333333 0.7527777777777778 0.026041666666666668 0.046296296296296294
1 0.6567708333333333 0.7546296296296297 0.026041666666666668 0.046296296296296294
1 0.9473958333333333 0.7675925925925926 0.026041666666666668 0.046296296296296294
1 0.1875 0.7814814814814814 0.026041666666666668 0.046296296296296294
1 0.4171875 0.8055555555555556 0.026041666666666668 0.046296296296296294
1 0.9192708333333334 0.8268518518518518 0.026041666666666668 0.046296296296296294
1 0.13854166666666667 0.8324074074074074 0.026041666666666668 0.046296296296296294
1 0.7572916666666667 0.8296296296296296 0.026041666666666668 0.046296296296296294
1 0.5625 0.8407407407407408 0.026041666666666668 0.046296296296296294
1 0.7895833333333333 0.8546296296296296 0.026041666666666668 0.046296296296296294
1 0.4942708333333333 0.8861111111111111 0.026041666666666668 0.046296296296296294
1 0.8354166666666667 0.8925925925925926 0.026041666666666668 0.046296296296296294
1 0.1796875 0.8935185185185185 0.026041666666666668 0.046296296296296294
1 0.06666666666666667 0.9296296296296296 0.026041666666666668 0.046296296296296294
1 0.9682291666666667 0.9444444444444444 0.026041666666666668 0.046296296296296294
1 0.8869791666666667 0.950925925925926 0.026041666666666668 0.046296296296296294
1 0.39114583333333336 0.9583333333333334 0.026041666666666668 0.046296296296296294
1 0.08958333333333333 0.9833333333333333 0.026041666666666668 0.046296296296296294
1 0.8703125 0.987037037037037 0.026041666666666668 0.046296296296296294
1 0.9234375 0.9833333333333333 0.026041666666666668 0.046296296296296294
2 0.17604166666666668 0.4740740740740741 0.026041666666666668 0.046296296296296294
1 0.34270833333333334 0.937037037037037 0.026041666666666668 0.046296296296296294
1 0.346875 0.8759259259259259 0.026041666666666668 0.046296296296296294
1 0.42083333333333334 0.8796296296296297 0.026041666666666668 0.046296296296296294
1 0.6770833333333334 0.8685185185185185 0.026041666666666668 0.046296296296296294
1 0.8322916666666667 0.8351851851851851 0.026041666666666668 0.046296296296296294
1 0.8708333333333333 0.8222222222222222 0.026041666666666668 0.046296296296296294
1 0.9697916666666667 0.9796296296296296 0.026041666666666668 0.046296296296296294
1 0.765625 0.6851851851851852 0.026041666666666668 0.046296296296296294
3 0.75 0.662962962962963 0.026041666666666668 0.046296296296296294
1 0.38125 0.6907407407407408 0.026041666666666668 0.046296296296296294
3 0.6895833333333333 0.6648148148148149 0.026041666666666668 0.046296296296296294
3 0.675 0.5222222222222223 0.026041666666666668 0.046296296296296294
