0 0.475 0.09814814814814815 0.026041666666666668 0.046296296296296294
0 0.4869791666666667 0.09722222222222222 0.026041666666666668 0.046296296296296294
0 0.4828125 0.12222222222222222 0.026041666666666668 0.046296296296296294
0 0.4901041666666667 0.12314814814814815 0.026041666666666668 0.046296296296296294
0 0.45416666666666666 0.12407407407407407 0.026041666666666668 0.046296296296296294
0 0.46458333333333335 0.1287037037037037 0.026041666666666668 0.046296296296296294
0 0.4359375 0.13425925925925927 0.026041666666666668 0.046296296296296294
0 0.46197916666666666 0.14722222222222223 0.026041666666666668 0.046296296296296294
0 0.4734375 0.14722222222222223 0.026041666666666668 0.046296296296296294
0 0.4296875 0.16018518518518518 0.026041666666666668 0.046296296296296294
0 0.43697916666666664 0.1574074074074074 0.026041666666666668 0.046296296296296294
0 0.4630208333333333 0.15833333333333333 0.026041666666666668 0.046296296296296294
0 0.4744791666666667 0.16111111111111112 0.026041666666666668 0.046296296296296294
0 0.45 0.17222222222222222 0.026041666666666668 0.046296296296296294
0 0.4583333333333333 0.175 0.026041666666666668 0.046296296296296294
0 0.4744791666666667 0.1814814814814815 0.026041666666666668 0.046296296296296294
0 0.4869791666666667 0.18333333333333332 0.026041666666666668 0.046296296296296294
0 0.5046875 0.18703703703703703 0.026041666666666668 0.046296296296296294
0 0.45208333333333334 0.19074074074074074 0.026041666666666668 0.046296296296296294
0 0.49114583333333334 0.19074074074074074 0.026041666666666668 0.046296296296296294
0 0.4703125 0.19814814814814816 0.026041666666666668 0.046296296296296294
0 0.478125 0.20092592592592592 0.026041666666666668 0.046296296296296294
0 0.49947916666666664 0.19907407407407407 0.026041666666666668 0.046296296296296294
0 0.45260416666666664 0.2064814814814815 0.026041666666666668 0.046296296296296294
0 0.4739583333333333 0.2064814814814815 0.026041666666666668 0.046296296296296294
0 0.4625 0.23055555555555557 0.026041666666666668 0.046296296296296294
0 0.4786458333333333 0.22777777777777777 0.026041666666666668 0.046296296296296294
0 0.43333333333333335 0.2388888888888889 0.026041666666666668 0.046296296296296294
0 0.5026041666666666 0.262037037037037 0.026041666666666668 0.046296296296296294
0 0.5375 0.2657407407407407 0.026041666666666668 0.046296296296296294
0 0.5447916666666667 0.2675925925925926 0.026041666666666668 0.046296296296296294
0 0.44583333333333336 0.2796296296296296 0.026041666666666668 0.046296296296296294
0 0.4817708333333333 0.2824074074074074 0.026041666666666668 0.046296296296296294
0 0.6953125 0.2861111111111111 0.026041666666666668 0.046296296296296294
0 0.43697916666666664 0.2953703703703704 0.026041666666666668 0.046296296296296294
0 0.45729166666666665 0.29444444444444445 0.026041666666666668 0.046296296296296294
0 0.5166666666666667 0.2935185185185185 0.026041666666666668 0.046296296296296294
0 0.4875 0.29814814814814816 0.026041666666666668 0.046296296296296294
0 0.4979166666666667 0.29907407407407405 0.026041666666666668 0.046296296296296294
0 0.5104166666666666 0.30092592592592593 0.026041666666666668 0.046296296296296294
0 0.42864583333333334 0.3175925925925926 0.026041666666666668 0.046296296296296294
0 0.5 0.31666666666666665 0.026041666666666668 0.046296296296296294
0 0.5177083333333333 0.31666666666666665 0.026041666666666668 0.046296296296296294
0 0.7015625 0.3138888888888889 0.026041666666666668 0.046296296296296294
0 0.4453125 0.3314814814814815 0.026041666666666668 0.046296296296296294
0 0.49166666666666664 0.33240740740740743 0.026041666666666668 0.046296296296296294
4 0.5109375 0.3333333333333333 0.026041666666666668 0.046296296296296294
0 0.6578125 0.33055555555555555 0.026041666666666668 0.046296296296296294
4 0.4119791666666667 0.3388888888888889 0.026041666666666668 0.046296296296296294
4 0.4276041666666667 0.337037037037037 0.026041666666666668 0.046296296296296294
4 0.4505208333333333 0.34629629629629627 0.026041666666666668 0.046296296296296294
4 0.5057291666666667 0.3509259259259259 0.026041666666666668 0.046296296296296294
4 0.37916666666666665 0.3574074074074074 0.026041666666666668 0.046296296296296294
4 0.39166666666666666 0.35648148148148145 0.026041666666666668 0.046296296296296294
4 0.4041666666666667 0.35555555555555557 0.026041666666666668 0.046296296296296294
4 0.46197916666666666 0.3574074074074074 0.026041666666666668 0.046296296296296294
4 0.3796875 0.37222222222222223 0.026041666666666668 0.046296296296296294
4 0.4114583333333333 0.3787037037037037 0.026041666666666668 0.046296296296296294
4 0.51875 0.38055555555555554 0.026041666666666668 0.046296296296296294
3 0.6864583333333333 0.3851851851851852 0.026041666666666668 0.046296296296296294
4 0.39947916666666666 0.39537037037037037 0.026041666666666668 0.046296296296296294
4 0.4244791666666667 0.39537037037037037 0.026041666666666668 0.046296296296296294
4 0.44114583333333335 0.3925925925925926 0.026041666666666668 0.046296296296296294
4 0.475 0.39166666666666666 0.026041666666666668 0.046296296296296294
4 0.5072916666666667 0.3925925925925926 0.026041666666666668 0.046296296296296294
4 0.39375 0.4046296296296296 0.026041666666666668 0.046296296296296294
4 0.65 0.4 0.026041666666666668 0.046296296296296294
2 0.20833333333333334 0.4074074074074074 0.026041666666666668 0.046296296296296294
4 0.3828125 0.4101851851851852 0.026041666666666668 0.046296296296296294
3 0.6708333333333333 0.4111111111111111 0.026041666666666668 0.046296296296296294
2 0.19114583333333332 0.41759259259259257 0.026041666666666668 0.046296296296296294
4 0.4859375 0.4166666666666667 0.026041666666666668 0.046296296296296294
4 0.5072916666666667 0.41759259259259257 0.026041666666666668 0.046296296296296294
4 0.659375 0.4166666666666667 0.026041666666666668 0.046296296296296294
4 0.4234375 0.42592592592592593 0.026041666666666668 0.046296296296296294
4 0.4005208333333333 0.42962962962962964 0.026041666666666668 0.046296296296296294
4 0.40677083333333336 0.43333333333333335 0.026041666666666668 0.046296296296296294
4 0.5203125 0.43425925925925923 0.026041666666666668 0.046296296296296294
4 0.6505208333333333 0.4398148148148148 0.026041666666666668 0.046296296296296294
3 0.6703125 0.4425925925925926 0.026041666666666668 0.046296296296296294
4 0.5078125 0.44722222222222224 0.026041666666666668 0.046296296296296294
4 0.5208333333333334 0.45 0.026041666666666668 0.046296296296296294
3 0.7026041666666667 0.44722222222222224 0.026041666666666668 0.046296296296296294
4 0.6625 0.45740740740740743 0.026041666666666668 0.046296296296296294
3 0.6776041666666667 0.4583333333333333 0.026041666666666668 0.046296296296296294
4 0.4078125 0.4638888888888889 0.026041666666666668 0.046296296296296294
4 0.5161458333333333 0.4666666666666667 0.026041666666666668 0.046296296296296294
3 0.6869791666666667 0.47129629629629627 0.026041666666666668 0.046296296296296294
4 0.42083333333333334 0.4824074074074074 0.026041666666666668 0.046296296296296294
4 0.6286458333333333 0.47962962962962963 0.026041666666666668 0.046296296296296294
4 0.5 0.4898148148148148 0.026041666666666668 0.046296296296296294
4 0.6130208333333333 0.487962962962963 0.026041666666666668 0.046296296296296294
3 0.6786458333333333 0.4888888888888889 0.026041666666666668 0.046296296296296294
4 0.5921875 0.4962962962962963 0.026041666666666668 0.046296296296296294
3 0.675 0.4981481481481482 0.026041666666666668 0.046296296296296294
4 0.6161458333333333 0.5027777777777778 0.026041666666666668 0.046296296296296294
3 0.690625 0.5009259259259259 0.026041666666666668 0.046296296296296294
4 0.5072916666666667 0.5175925925925926 0.026041666666666668 0.046296296296296294
4 0.5197916666666667 0.5175925925925926 0.026041666666666668 0.046296296296296294
4 0.6046875 0.5203703703703704 0.026041666666666668 0.046296296296296294
3 0.6979166666666666 0.5203703703703704 0.026041666666666668 0.046296296296296294
4 0.6239583333333333 0.525 0.026041666666666668 0.046296296296296294
3 0.6817708333333333 0.5268518518518519 0.026041666666666668 0.046296296296296294
3 0.71875 0.5342592592592592 0.026041666666666668 0.046296296296296294
4 0.43385416666666665 0.5361111111111111 0.026041666666666668 0.046296296296296294
4 0.5234375 0.5435185185185185 0.026041666666666668 0.046296296296296294
4 0.6296875 0.5435185185185185 0.026041666666666668 0.046296296296296294
4 0.6421875 0.55 0.026041666666666668 0.046296296296296294
4 0.5130208333333334 0.5564814814814815 0.026041666666666668 0.046296296296296294
3 0.6880208333333333 0.5583333333333333 0.026041666666666668 0.046296296296296294
3 0.7536458333333333 0.5574074074074075 0.026041666666666668 0.046296296296296294
3 0.7666666666666667 0.5583333333333333 0.026041666666666668 0.046296296296296294
4 0.5208333333333334 0.5703703703703704 0.026041666666666668 0.046296296296296294
4 0.6239583333333333 0.5675925925925925 0.026041666666666668 0.046296296296296294
4 0.6369791666666667 0.5685185185185185 0.026041666666666668 0.046296296296296294
4 0.6078125 0.5805555555555556 0.026041666666666668 0.046296296296296294
4 0.6614583333333334 0.5796296296296296 0.026041666666666668 0.046296296296296294
4 0.5119791666666667 0.5953703703703703 0.026041666666666668 0.046296296296296294
4 0.3921875 0.6129629629629629 0.026041666666666668 0.046296296296296294
4 0.6520833333333333 0.612037037037037 0.026041666666666668 0.046296296296296294
4 0.5364583333333334 0.6240740740740741 0.026041666666666668 0.046296296296296294
3 0.7479166666666667 0.6287037037037037 0.026041666666666668 0.046296296296296294
4 0.5848958333333333 0.6416666666666667 0.026041666666666668 0.046296296296296294
4 0.49375 0.6472222222222223 0.026041666666666668 0.046296296296296294
4 0.3828125 0.6592592592592592 0.026041666666666668 0.046296296296296294
3 0.7708333333333334 0.6611111111111111 0.026041666666666668 0.046296296296296294
1 0.2109375 0.6953703703703704 0.026041666666666668 0.046296296296296294
1 0.440625 0.7018518518518518 0.026041666666666668 0.046296296296296294
1 0.4546875 0.6907407407407408 0.026041666666666668 0.046296296296296294
1 0.7276041666666667 0.7157407407407408 0.026041666666666668 0.046296296296296294
1 0.5911458333333334 0.7314814814814815 0.026041666666666668 0.046296296296296294
1 0.6729166666666667 0.7398148148148148 0.026041666666666668 0.046296296296296294
1 0.16822916666666668 0.7574074074074074 0.026041666666666668 0.046296296296296294
1 0.8854166666666666 0.7472222222222222 0.026041666666666668 0.046296296296296294
1 0.8286458333333333 0.7527777777777778 0.026041666666666668 0.046296296296296294
1 0.5635416666666667 0.7759259259259259 0.026041666666666668 0.046296296296296294
1 0.6713541666666667 0.7962962962962963 0.026041666666666668 0.046296296296296294
1 0.64375 0.8101851851851852 0.026041666666666668 0.046296296296296294
1 0.8244791666666667 0.8472222222222222 0.026041666666666668 0.046296296296296294
1 0.8828125 0.8388888888888889 0.026041666666666668 0.046296296296296294
1 0.8296875 0.8694444444444445 0.026041666666666668 0.046296296296296294
1 0.0796875 0.8833333333333333 0.026041666666666668 0.046296296296296294
1 0.7125 0.8787037037037037 0.026041666666666668 0.046296296296296294
1 0.6744791666666666 0.8861111111111111 0.026041666666666668 0.046296296296296294
1 0.8510416666666667 0.9009259259259259 0.026041666666666668 0.046296296296296294
1 0.1328125 0.9055555555555556 0.026041666666666668 0.046296296296296294
1 0.1859375 0.9027777777777778 0.026041666666666668 0.046296296296296294
1 0.4395833333333333 0.8981481481481481 0.026041666666666668 0.046296296296296294
1 0.042708333333333334 0.9111111111111111 0.026041666666666668 0.046296296296296294
1 0.4703125 0.9092592592592592 0.026041666666666668 0.046296296296296294
1 0.246875 0.9268518518518518 0.026041666666666668 0.046296296296296294
1 0.271875 0.9212962962962963 0.026041666666666668 0.046296296296296294
1 0.8161458333333333 0.9296296296296296 0.026041666666666668 0.046296296296296294
1 0.036458333333333336 0.950925925925926 0.026041666666666668 0.046296296296296294
1 0.9723958333333333 0.9435185185185185 0.026041666666666668 0.046296296296296294
1 0.278125 0.9601851851851851 0.026041666666666668 0.046296296296296294
1 0.7296875 0.9648148148148148 0.026041666666666668 0.046296296296296294
1 0.10677083333333333 0.9972222222222222 0.026041666666666668 0.046296296296296294
1 0.159375 0.7814814814814814 0.026041666666666668 0.046296296296296294
1 0.40729166666666666 0.6722222222222223 0.026041666666666668 0.046296296296296294
4 0.41458333333333336 0.575925925925926 0.026041666666666668 0.046296296296296294
4 0.42083333333333334 0.6314814814814815 0.026041666666666668 0.046296296296296294
4 0.5833333333333334 0.662962962962963 0.026041666666666668 0.046296296296296294
4 0.6166666666666667 0.6537037037037037 0.026041666666666668 0.046296296296296294
4 0.6166666666666667 0.6074074074074074 0.026041666666666668 0.046296296296296294
4 0.6322916666666667 0.5925925925925926 0.026041666666666668 0.046296296296296294
3 0.7364583333333333 0.562962962962963 0.026041666666666668 0.046296296296296294
1 0.90625 0.7962962962962963 0.026041666666666668 0.046296296296296294
1 0.8645833333333334 0.9444444444444444 0.026041666666666668 0.046296296296296294
1 0.5677083333333334 0.9055555555555556 0.026041666666666668 0.046296296296296294
2 0.17916666666666667 0.40925925925925927 0.026041666666666668 0.046296296296296294
2 0.22083333333333333 0.412962962962963 0.026041666666666668 0.046296296296296294
