0 0.4713541666666667 0.09537037037037037 0.026041666666666668 0.046296296296296294
0 0.48333333333333334 0.10555555555555556 0.026041666666666668 0.046296296296296294
0 0.4744791666666667 0.11574074074074074 0.026041666666666668 0.046296296296296294
0 0.47708333333333336 0.12314814814814815 0.026041666666666668 0.046296296296296294
0 0.4703125 0.13148148148148148 0.026041666666666668 0.046296296296296294
0 0.4890625 0.12962962962962962 0.026041666666666668 0.046296296296296294
0 0.44166666666666665 0.13148148148148148 0.026041666666666668 0.046296296296296294
0 0.4484375 0.13425925925925927 0.026041666666666668 0.046296296296296294
0 0.4630208333333333 0.13518518518518519 0.026041666666666668 0.046296296296296294
0 0.4786458333333333 0.13425925925925927 0.026041666666666668 0.046296296296296294
0 0.4953125 0.13703703703703704 0.026041666666666668 0.046296296296296294
0 0.4546875 0.14166666666666666 0.026041666666666668 0.046296296296296294
0 0.459375 0.14537037037037037 0.026041666666666668 0.046296296296296294
0 0.44166666666666665 0.1537037037037037 0.026041666666666668 0.046296296296296294
0 0.4671875 0.1537037037037037 0.026041666666666668 0.046296296296296294
0 0.4875 0.15462962962962962 0.026041666666666668 0.046296296296296294
0 0.43645833333333334 0.1685185185185185 0.026041666666666668 0.046296296296296294
0 0.440625 0.17407407407407408 0.026041666666666668 0.046296296296296294
0 0.45364583333333336 0.17685185185185184 0.026041666666666668 0.046296296296296294
0 0.4557291666666667 0.17685185185185184 0.026041666666666668 0.046296296296296294
0 0.5036458333333333 0.1824074074074074 0.026041666666666668 0.046296296296296294
0 0.515625 0.18333333333333332 0.026041666666666668 0.046296296296296294
0 0.45 0.19444444444444445 0.026041666666666668 0.046296296296296294
0 0.45677083333333335 0.1935185185185185 0.026041666666666668 0.046296296296296294
0 0.4296875 0.19722222222222222 0.026041666666666668 0.046296296296296294
0 0.47604166666666664 0.20555555555555555 0.026041666666666668 0.046296296296296294
0 0.48333333333333334 0.2064814814814815 0.026041666666666668 0.046296296296296294
0 0.4901041666666667 0.2111111111111111 0.026041666666666668 0.046296296296296294
0 0.42083333333333334 0.21666666666666667 0.026041666666666668 0.046296296296296294
0 0.4322916666666667 0.23055555555555557 0.026041666666666668 0.046296296296296294
0 0.4203125 0.2361111111111111 0.026041666666666668 0.046296296296296294
0 0.4875 0.24537037037037038 0.026041666666666668 0.046296296296296294
0 0.4947916666666667 0.24814814814814815 0.026041666666666668 0.046296296296296294
0 0.515625 0.24444444444444444 0.026041666666666668 0.046296296296296294
0 0.7026041666666667 0.2611111111111111 0.026041666666666668 0.046296296296296294
0 0.4828125 0.2722222222222222 0.026041666666666668 0.046296296296296294
0 0.42864583333333334 0.2777777777777778 0.026041666666666668 0.046296296296296294
0 0.475 0.27685185185185185 0.026041666666666668 0.046296296296296294
0 0.4505208333333333 0.2833333333333333 0.026041666666666668 0.046296296296296294
0 0.45625 0.2824074074074074 0.026041666666666668 0.046296296296296294
0 0.47708333333333336 0.2861111111111111 0.026041666666666668 0.046296296296296294
0 0.5041666666666667 0.28425925925925927 0.026041666666666668 0.046296296296296294
0 0.5421875 0.28425925925925927 0.026041666666666668 0.046296296296296294
0 0.5494791666666666 0.2833333333333333 0.026041666666666668 0.046296296296296294
0 0.49947916666666664 0.29444444444444445 0.026041666666666668 0.046296296296296294
0 0.5333333333333333 0.2953703703703704 0.026041666666666668 0.046296296296296294
0 0.55 0.29074074074074074 0.026041666666666668 0.046296296296296294
0 0.5119791666666667 0.30092592592592593 0.026041666666666668 0.046296296296296294
0 0.5244791666666667 0.30185185185185187 0.026041666666666668 0.046296296296296294
0 0.440625 0.3101851851851852 0.026041666666666668 0.046296296296296294
0 0.45625 0.3074074074074074 0.026041666666666668 0.046296296296296294
0 0.47291666666666665 0.30925925925925923 0.026041666666666668 0.046296296296296294
0 0.5041666666666667 0.30833333333333335 0.026041666666666668 0.046296296296296294
0 0.428125 0.31574074074074077 0.026041666666666668 0.046296296296296294
0 0.5166666666666667 0.3175925925925926 0.026041666666666668 0.046296296296296294
0 0.4161458333333333 0.32222222222222224 0.026041666666666668 0.046296296296296294
0 0.44479166666666664 0.33055555555555555 0.026041666666666668 0.046296296296296294
0 0.4609375 0.3296296296296296 0.026041666666666668 0.046296296296296294
4 0.5109375 0.33425925925925926 0.026041666666666668 0.046296296296296294
4 0.4270833333333333 0.337037037037037 0.026041666666666668 0.046296296296296294
4 0.4734375 0.3398148148148148 0.026041666666666668 0.046296296296296294
4 0.4395833333333333 0.3472222222222222 0.026041666666666668 0.046296296296296294
4 0.5 0.3472222222222222 0.026041666666666668 0.046296296296296294
4 0.5171875 0.35 0.026041666666666668 0.046296296296296294
4 0.3880208333333333 0.3574074074074074 0.026041666666666668 0.046296296296296294
4 0.40729166666666666 0.3574074074074074 0.026041666666666668 0.046296296296296294
4 0.4244791666666667 0.35555555555555557 0.026041666666666668 0.046296296296296294
4 0.45364583333333336 0.35462962962962963 0.026041666666666668 0.046296296296296294
3 0.66875 0.3537037037037037 0.026041666666666668 0.046296296296296294
4 0.4161458333333333 0.3731481481481482 0.026041666666666668 0.046296296296296294
4 0.5197916666666667 0.37037037037037035 0.026041666666666668 0.046296296296296294
4 0.4078125 0.37777777777777777 0.026041666666666668 0.046296296296296294
4 0.4239583333333333 0.37777777777777777 0.026041666666666668 0.046296296296296294
4 0.509375 0.3768518518518518 0.026041666666666668 0.046296296296296294
4 0.515625 0.3814814814814815 0.026041666666666668 0.046296296296296294
4 0.3828125 0.3888888888888889 0.026041666666666668 0.046296296296296294
4 0.39895833333333336 0.3861111111111111 0.026041666666666668 0.046296296296296294
4 0.4083333333333333 0.39351851851851855 0.026041666666666668 0.046296296296296294
4 0.43333333333333335 0.39537037037037037 0.026041666666666668 0.046296296296296294
2 0.20260416666666667 0.3990740740740741 0.026041666666666668 0.046296296296296294
4 0.4192708333333333 0.40370370370370373 0.026041666666666668 0.046296296296296294
4 0.5489583333333333 0.4027777777777778 0.026041666666666668 0.046296296296296294
4 0.41302083333333334 0.4101851851851852 0.026041666666666668 0.046296296296296294
4 0.5213541666666667 0.412962962962963 0.026041666666666668 0.046296296296296294
2 0.17447916666666666 0.4148148148148148 0.026041666666666668 0.046296296296296294
4 0.378125 0.41759259259259257 0.026041666666666668 0.046296296296296294
4 0.39479166666666665 0.41944444444444445 0.026041666666666668 0.046296296296296294
4 0.3828125 0.42407407407407405 0.026041666666666668 0.046296296296296294
4 0.5213541666666667 0.42592592592592593 0.026041666666666668 0.046296296296296294
4 0.39479166666666665 0.4324074074074074 0.026041666666666668 0.046296296296296294
4 0.4109375 0.4361111111111111 0.026041666666666668 0.046296296296296294
4 0.5161458333333333 0.44166666666666665 0.026041666666666668 0.046296296296296294
4 0.6651041666666667 0.44074074074074077 0.026041666666666668 0.046296296296296294
3 0.70625 0.4388888888888889 0.026041666666666668 0.046296296296296294
4 0.4036458333333333 0.45 0.026041666666666668 0.046296296296296294
3 0.6859375 0.44907407407407407 0.026041666666666668 0.046296296296296294
4 0.38333333333333336 0.4583333333333333 0.026041666666666668 0.046296296296296294
4 0.5041666666666667 0.4546296296296296 0.026041666666666668 0.046296296296296294
3 0.675 0.4546296296296296 0.026041666666666668 0.046296296296296294
3 0.6822916666666666 0.4601851851851852 0.026041666666666668 0.046296296296296294
4 0.41041666666666665 0.46574074074074073 0.026041666666666668 0.046296296296296294
4 0.4739583333333333 0.4648148148148148 0.026041666666666668 0.046296296296296294
4 0.37447916666666664 0.4722222222222222 0.026041666666666668 0.046296296296296294
4 0.38645833333333335 0.4824074074074074 0.026041666666666668 0.046296296296296294
4 0.6208333333333333 0.4777777777777778 0.026041666666666668 0.046296296296296294
3 0.6947916666666667 0.48055555555555557 0.026041666666666668 0.046296296296296294
4 0.375 0.4888888888888889 0.026041666666666668 0.046296296296296294
4 0.44635416666666666 0.48055555555555557 0.026041666666666668 0.046296296296296294
4 0.465625 0.48703703703703705 0.026041666666666668 0.046296296296296294
4 0.6130208333333333 0.4888888888888889 0.026041666666666668 0.046296296296296294
4 0.3953125 0.49537037037037035 0.026041666666666668 0.046296296296296294
4 0.43697916666666664 0.49537037037037035 0.026041666666666668 0.046296296296296294
4 0.5109375 0.49444444444444446 0.026041666666666668 0.046296296296296294
4 0.5989583333333334 0.4888888888888889 0.026041666666666668 0.046296296296296294
3 0.6875 0.49537037037037035 0.026041666666666668 0.046296296296296294
4 0.5333333333333333 0.5037037037037037 0.026041666666666668 0.046296296296296294
4 0.38177083333333334 0.512962962962963 0.026041666666666668 0.046296296296296294
3 0.7375 0.5083333333333333 0.026041666666666668 0.046296296296296294
4 0.6223958333333334 0.5203703703703704 0.026041666666666668 0.046296296296296294
4 0.6286458333333333 0.5185185185185185 0.026041666666666668 0.046296296296296294
4 0.5322916666666667 0.525 0.026041666666666668 0.046296296296296294
4 0.6447916666666667 0.525 0.026041666666666668 0.046296296296296294
3 0.7114583333333333 0.5277777777777778 0.026041666666666668 0.046296296296296294
4 0.3932291666666667 0.5314814814814814 0.026041666666666668 0.046296296296296294
4 0.6020833333333333 0.537962962962963 0.026041666666666668 0.046296296296296294
4 0.6192708333333333 0.5472222222222223 0.026041666666666668 0.046296296296296294
3 0.7291666666666666 0.5472222222222223 0.026041666666666668 0.046296296296296294
4 0.5489583333333333 0.5546296296296296 0.026041666666666668 0.046296296296296294
4 0.5854166666666667 0.5509259259259259 0.026041666666666668 0.046296296296296294
4 0.3828125 0.5657407407407408 0.026041666666666668 0.046296296296296294
3 0.7385416666666667 0.5666666666666667 0.026041666666666668 0.046296296296296294
3 0.7625 0.5675925925925925 0.026041666666666668 0.046296296296296294
4 0.65 0.575925925925926 0.026041666666666668 0.046296296296296294
4 0.48125 0.6083333333333333 0.026041666666666668 0.046296296296296294
3 0.7572916666666667 0.6203703703703703 0.026041666666666668 0.046296296296296294
4 0.4125 0.6259259259259259 0.026041666666666668 0.046296296296296294
4 0.6046875 0.6287037037037037 0.026041666666666668 0.046296296296296294
4 0.440625 0.6342592592592593 0.026041666666666668 0.046296296296296294
4 0.6 0.6444444444444445 0.026041666666666668 0.046296296296296294
3 0.7385416666666667 0.6453703703703704 0.026041666666666668 0.046296296296296294
4 0.465625 0.662962962962963 0.026041666666666668 0.046296296296296294
1 0.8833333333333333 0.7472222222222222 0.026041666666666668 0.046296296296296294
1 0.4078125 0.7814814814814814 0.026041666666666668 0.046296296296296294
1 0.36354166666666665 0.7861111111111111 0.026041666666666668 0.046296296296296294
1 0.8635416666666667 0.8027777777777778 0.026041666666666668 0.046296296296296294
1 0.6177083333333333 0.8083333333333333 0.026041666666666668 0.046296296296296294
1 0.5859375 0.8148148148148148 0.026041666666666668 0.046296296296296294
1 0.4744791666666667 0.8379629629629629 0.026041666666666668 0.046296296296296294
1 0.9786458333333333 0.8481481481481481 0.026041666666666668 0.046296296296296294
1 0.5265625 0.8648148148148148 0.026041666666666668 0.046296296296296294
1 0.7458333333333333 0.8768518518518519 0.026041666666666668 0.046296296296296294
1 0.8177083333333334 0.9111111111111111 0.026041666666666668 0.046296296296296294
1 0.9697916666666667 0.9453703703703704 0.026041666666666668 0.046296296296296294
1 0.99375 0.8666666666666667 0.026041666666666668 0.046296296296296294
1 0.7895833333333333 0.8018518518518518 0.026041666666666668 0.046296296296296294
1 0.821875 0.8314814814814815 0.026041666666666668 0.046296296296296294
1 0.4947916666666667 0.7055555555555556 0.026041666666666668 0.046296296296296294
1 0.40729166666666666 0.9018518518518519 0.026041666666666668 0.046296296296296294
1 0.34479166666666666 0.9574074074074074 0.026041666666666668 0.046296296296296294
1 0.7697916666666667 0.674074074074074 0.026041666666666668 0.046296296296296294
4 0.6510416666666666 0.4351851851851852 0.026041666666666668 0.046296296296296294
2 0.22291666666666668 0.39814814814814814 0.026041666666666668 0.046296296296296294
4 0.46458333333333335 0.5314814814814814 0.026041666666666668 0.046296296296296294
4 0.50625 0.6 0.026041666666666668 0.046296296296296294
4 0.5322916666666667 0.5962962962962963 0.026041666666666668 0.046296296296296294
4 0.5572916666666666 0.562962962962963 0.026041666666666668 0.046296296296296294
4 0.4 0.6111111111111112 0.026041666666666668 0.046296296296296294
4 0.46145833333333336 0.37222222222222223 0.026041666666666668 0.046296296296296294
