0 0.4708333333333333 0.0962962962962963 0.026041666666666668 0.046296296296296294
0 0.478125 0.09814814814814815 0.026041666666666668 0.046296296296296294
0 0.4828125 0.10462962962962963 0.026041666666666668 0.046296296296296294
0 0.4822916666666667 0.12314814814814815 0.026041666666666668 0.046296296296296294
0 0.4703125 0.12685185185185185 0.026041666666666668 0.046296296296296294
0 0.4895833333333333 0.12777777777777777 0.026041666666666668 0.046296296296296294
0 0.44166666666666665 0.13240740740740742 0.026041666666666668 0.046296296296296294
0 0.45364583333333336 0.13148148148148148 0.026041666666666668 0.046296296296296294
0 0.46145833333333336 0.13518518518518519 0.026041666666666668 0.046296296296296294
0 0.43697916666666664 0.14629629629629629 0.026041666666666668 0.046296296296296294
0 0.4713541666666667 0.1425925925925926 0.026041666666666668 0.046296296296296294
0 0.4796875 0.14351851851851852 0.026041666666666668 0.046296296296296294
0 0.4864583333333333 0.14629629629629629 0.026041666666666668 0.046296296296296294
0 0.4953125 0.14166666666666666 0.026041666666666668 0.046296296296296294
0 0.6098958333333333 0.13333333333333333 0.026041666666666668 0.046296296296296294
0 0.4588541666666667 0.1537037037037037 0.026041666666666668 0.046296296296296294
0 0.4901041666666667 0.2074074074074074 0.026041666666666668 0.046296296296296294
0 0.4895833333333333 0.22407407407407406 0.026041666666666668 0.046296296296296294
0 0.4322916666666667 0.23055555555555557 0.026041666666666668 0.046296296296296294
0 0.4640625 0.22685185185185186 0.026041666666666668 0.046296296296296294
0 0.48125 0.22777777777777777 0.026041666666666668 0.046296296296296294
0 0.4197916666666667 0.2351851851851852 0.026041666666666668 0.046296296296296294
0 0.44895833333333335 0.2388888888888889 0.026041666666666668 0.046296296296296294
0 0.4828125 0.24259259259259258 0.026041666666666668 0.046296296296296294
0 0.4953125 0.25277777777777777 0.026041666666666668 0.046296296296296294
0 0.7026041666666667 0.25925925925925924 0.026041666666666668 0.046296296296296294
0 0.45 0.26944444444444443 0.026041666666666668 0.046296296296296294
0 0.5026041666666666 0.2777777777777778 0.026041666666666668 0.046296296296296294
0 0.5458333333333333 0.27870370370370373 0.026041666666666668 0.046296296296296294
0 0.44375 0.28703703703703703 0.026041666666666668 0.046296296296296294
0 0.4953125 0.2824074074074074 0.026041666666666668 0.046296296296296294
0 0.459375 0.29074074074074074 0.026041666666666668 0.046296296296296294
0 0.47239583333333335 0.2916666666666667 0.026041666666666668 0.046296296296296294
0 0.5109375 0.30185185185185187 0.026041666666666668 0.046296296296296294
0 0.44583333333333336 0.30833333333333335 0.026041666666666668 0.046296296296296294
0 0.5078125 0.3101851851851852 0.026041666666666668 0.046296296296296294
0 0.42864583333333334 0.31574074074074077 0.026041666666666668 0.046296296296296294
0 0.5192708333333333 0.3194444444444444 0.026041666666666668 0.046296296296296294
0 0.503125 0.32407407407407407 0.026041666666666668 0.046296296296296294
0 0.5119791666666667 0.32314814814814813 0.026041666666666668 0.046296296296296294
0 0.44583333333333336 0.33055555555555555 0.026041666666666668 0.046296296296296294
0 0.465625 0.3314814814814815 0.026041666666666668 0.046296296296296294
0 0.703125 0.33055555555555555 0.026041666666666668 0.046296296296296294
4 0.4114583333333333 0.3416666666666667 0.026041666666666668 0.046296296296296294
4 0.4276041666666667 0.33796296296296297 0.026041666666666668 0.046296296296296294
4 0.5109375 0.34074074074074073 0.026041666666666668 0.046296296296296294
4 0.65 0.34074074074074073 0.026041666666666668 0.046296296296296294
4 0.4984375 0.3472222222222222 0.026041666666666668 0.046296296296296294
4 0.38333333333333336 0.3574074074074074 0.026041666666666668 0.046296296296296294
4 0.3953125 0.35462962962962963 0.026041666666666668 0.046296296296296294
4 0.4036458333333333 0.35648148148148145 0.026041666666666668 0.046296296296296294
4 0.45364583333333336 0.35555555555555557 0.026041666666666668 0.046296296296296294
4 0.4046875 0.3712962962962963 0.026041666666666668 0.046296296296296294
4 0.4322916666666667 0.37407407407407406 0.026041666666666668 0.046296296296296294
4 0.6505208333333333 0.37037037037037035 0.026041666666666668 0.046296296296296294
4 0.4119791666666667 0.3787037037037037 0.026041666666666668 0.046296296296296294
4 0.5119791666666667 0.3768518518518518 0.026041666666666668 0.046296296296296294
4 0.39375 0.3888888888888889 0.026041666666666668 0.046296296296296294
4 0.4239583333333333 0.387037037037037 0.026041666666666668 0.046296296296296294
4 0.46197916666666666 0.38333333333333336 0.026041666666666668 0.046296296296296294
4 0.6588541666666666 0.3888888888888889 0.026041666666666668 0.046296296296296294
2 0.21458333333333332 0.3925925925925926 0.026041666666666668 0.046296296296296294
4 0.4078125 0.39444444444444443 0.026041666666666668 0.046296296296296294
4 0.6546875 0.39537037037037037 0.026041666666666668 0.046296296296296294
4 0.4328125 0.4027777777777778 0.026041666666666668 0.046296296296296294
4 0.39010416666666664 0.412962962962963 0.026041666666666668 0.046296296296296294
4 0.42083333333333334 0.4101851851851852 0.026041666666666668 0.046296296296296294
4 0.5197916666666667 0.4101851851851852 0.026041666666666668 0.046296296296296294
2 0.16927083333333334 0.41574074074074074 0.026041666666666668 0.046296296296296294
4 0.6520833333333333 0.4203703703703704 0.026041666666666668 0.046296296296296294
4 0.37864583333333335 0.42777777777777776 0.026041666666666668 0.046296296296296294
4 0.6526041666666667 0.425 0.026041666666666668 0.046296296296296294
3 0.6697916666666667 0.42314814814814816 0.026041666666666668 0.046296296296296294
4 0.5125 0.44166666666666665 0.026041666666666668 0.046296296296296294
3 0.66875 0.43796296296296294 0.026041666666666668 0.046296296296296294
3 0.7057291666666666 0.44074074074074077 0.026041666666666668 0.046296296296296294
4 0.5067708333333333 0.4546296296296296 0.026041666666666668 0.046296296296296294
4 0.6536458333333334 0.44814814814814813 0.026041666666666668 0.046296296296296294
4 0.41041666666666665 0.45555555555555555 0.026041666666666668 0.046296296296296294
3 0.6817708333333333 0.4537037037037037 0.026041666666666668 0.046296296296296294
4 0.39114583333333336 0.46574074074074073 0.026041666666666668 0.046296296296296294
4 0.37447916666666664 0.4722222222222222 0.026041666666666668 0.046296296296296294
4 0.4125 0.4722222222222222 0.026041666666666668 0.046296296296296294
4 0.4479166666666667 0.4722222222222222 0.026041666666666668 0.046296296296296294
4 0.5 0.4740740740740741 0.026041666666666668 0.046296296296296294
4 0.47708333333333336 0.4787037037037037 0.026041666666666668 0.046296296296296294
3 0.6901041666666666 0.47962962962962963 0.026041666666666668 0.046296296296296294
4 0.4953125 0.487962962962963 0.026041666666666668 0.046296296296296294
4 0.625 0.4888888888888889 0.026041666666666668 0.046296296296296294
3 0.6791666666666667 0.48703703703703705 0.026041666666666668 0.046296296296296294
4 0.39947916666666666 0.49722222222222223 0.026041666666666668 0.046296296296296294
4 0.4119791666666667 0.4962962962962963 0.026041666666666668 0.046296296296296294
3 0.6958333333333333 0.4962962962962963 0.026041666666666668 0.046296296296296294
4 0.4630208333333333 0.5064814814814815 0.026041666666666668 0.046296296296296294
4 0.5291666666666667 0.5018518518518519 0.026041666666666668 0.046296296296296294
4 0.6088541666666667 0.5046296296296297 0.026041666666666668 0.046296296296296294
4 0.6291666666666667 0.5027777777777778 0.026041666666666668 0.046296296296296294
4 0.38333333333333336 0.5111111111111111 0.026041666666666668 0.046296296296296294
4 0.39114583333333336 0.5120370370370371 0.026041666666666668 0.046296296296296294
4 0.6479166666666667 0.5101851851851852 0.026041666666666668 0.046296296296296294
3 0.690625 0.5120370370370371 0.026041666666666668 0.046296296296296294
4 0.45 0.5175925925925926 0.026041666666666668 0.046296296296296294
4 0.5286458333333334 0.5185185185185185 0.026041666666666668 0.046296296296296294
4 0.6661458333333333 0.5268518518518519 0.026041666666666668 0.046296296296296294
3 0.7145833333333333 0.525 0.026041666666666668 0.046296296296296294
4 0.39427083333333335 0.5342592592592592 0.026041666666666668 0.046296296296296294
4 0.5411458333333333 0.5342592592592592 0.026041666666666668 0.046296296296296294
4 0.5984375 0.537962962962963 0.026041666666666668 0.046296296296296294
4 0.4083333333333333 0.5509259259259259 0.026041666666666668 0.046296296296296294
4 0.5395833333333333 0.549074074074074 0.026041666666666668 0.046296296296296294
4 0.61875 0.5481481481481482 0.026041666666666668 0.046296296296296294
3 0.7322916666666667 0.549074074074074 0.026041666666666668 0.046296296296296294
3 0.6697916666666667 0.5574074074074075 0.026041666666666668 0.046296296296296294
4 0.42864583333333334 0.5675925925925925 0.026041666666666668 0.046296296296296294
4 0.5765625 0.5601851851851852 0.026041666666666668 0.046296296296296294
4 0.6411458333333333 0.5648148148148148 0.026041666666666668 0.046296296296296294
3 0.7442708333333333 0.5731481481481482 0.026041666666666668 0.046296296296296294
4 0.42916666666666664 0.5814814814814815 0.026041666666666668 0.046296296296296294
4 0.5109375 0.587037037037037 0.026041666666666668 0.046296296296296294
4 0.5286458333333334 0.587037037037037 0.026041666666666668 0.046296296296296294
3 0.7661458333333333 0.587037037037037 0.026041666666666668 0.046296296296296294
4 0.42135416666666664 0.6046296296296296 0.026041666666666668 0.046296296296296294
4 0.3984375 0.6111111111111112 0.026041666666666668 0.046296296296296294
3 0.7526041666666666 0.6175925925925926 0.026041666666666668 0.046296296296296294
4 0.43020833333333336 0.6268518518518519 0.026041666666666668 0.046296296296296294
4 0.49114583333333334 0.6287037037037037 0.026041666666666668 0.046296296296296294
4 0.6 0.6333333333333333 0.026041666666666668 0.046296296296296294
1 0.46145833333333336 0.6712962962962963 0.026041666666666668 0.046296296296296294
1 0.771875 0.6731481481481482 0.026041666666666668 0.046296296296296294
1 0.4375 0.7 0.026041666666666668 0.046296296296296294
1 0.5744791666666667 0.7212962962962963 0.026041666666666668 0.046296296296296294
1 0.5572916666666666 0.7675925925925926 0.026041666666666668 0.046296296296296294
1 0.6890625 0.7805555555555556 0.026041666666666668 0.046296296296296294
1 0.8255208333333334 0.8305555555555556 0.026041666666666668 0.046296296296296294
1 0.6921875 0.8351851851851851 0.026041666666666668 0.046296296296296294
1 0.978125 0.8462962962962963 0.026041666666666668 0.046296296296296294
1 0.5041666666666667 0.8537037037037037 0.026041666666666668 0.046296296296296294
1 0.9947916666666666 0.8574074074074074 0.026041666666666668 0.046296296296296294
1 0.7510416666666667 0.8805555555555555 0.026041666666666668 0.046296296296296294
1 0.4270833333333333 0.925 0.026041666666666668 0.046296296296296294
1 0.965625 0.9296296296296296 0.026041666666666668 0.046296296296296294
1 0.5703125 0.937037037037037 0.026041666666666668 0.046296296296296294
1 0.5208333333333334 0.9638888888888889 0.026041666666666668 0.046296296296296294
1 0.428125 0.7870370370370371 0.026041666666666668 0.046296296296296294
1 0.8708333333333333 0.7222222222222222 0.026041666666666668 0.046296296296296294
1 0.828125 0.9203703703703704 0.026041666666666668 0.046296296296296294
2 0.196875 0.40925925925925927 0.026041666666666668 0.046296296296296294
3 0.7541666666666667 0.5111111111111111 0.026041666666666668 0.046296296296296294
3 0.7322916666666667 0.6444444444444445 0.026041666666666668 0.046296296296296294
1 0.5989583333333334 0.7444444444444445 0.026041666666666668 0.046296296296296294
4 0.48333333333333334 0.5518518518518518 0.026041666666666668 0.046296296296296294
