0 0.46979166666666666 0.09351851851851851 0.026041666666666668 0.046296296296296294
0 0.478125 0.09537037037037037 0.026041666666666668 0.046296296296296294
0 0.48333333333333334 0.10555555555555556 0.026041666666666668 0.046296296296296294
0 0.4703125 0.11388888888888889 0.026041666666666668 0.046296296296296294
0 0.47760416666666666 0.12314814814814815 0.026041666666666668 0.046296296296296294
0 0.490625 0.12129629629629629 0.026041666666666668 0.046296296296296294
0 0.4895833333333333 0.12962962962962962 0.026041666666666668 0.046296296296296294
0 0.46145833333333336 0.13703703703703704 0.026041666666666668 0.046296296296296294
0 0.4739583333333333 0.14722222222222223 0.026041666666666668 0.046296296296296294
0 0.46822916666666664 0.15092592592592594 0.026041666666666668 0.046296296296296294
0 0.4744791666666667 0.15833333333333333 0.026041666666666668 0.046296296296296294
0 0.465625 0.17685185185185184 0.026041666666666668 0.046296296296296294
0 0.45 0.1787037037037037 0.026041666666666668 0.046296296296296294
0 0.4661458333333333 0.18518518518518517 0.026041666666666668 0.046296296296296294
0 0.4828125 0.19907407407407407 0.026041666666666668 0.046296296296296294
0 0.4578125 0.20925925925925926 0.026041666666666668 0.046296296296296294
0 0.490625 0.2064814814814815 0.026041666666666668 0.046296296296296294
0 0.4197916666666667 0.23703703703703705 0.026041666666666668 0.046296296296296294
0 0.43385416666666665 0.23333333333333334 0.026041666666666668 0.046296296296296294
0 0.46041666666666664 0.23703703703703705 0.026041666666666668 0.046296296296296294
0 0.4713541666666667 0.23796296296296296 0.026041666666666668 0.046296296296296294
0 0.44114583333333335 0.2462962962962963 0.026041666666666668 0.046296296296296294
0 0.4864583333333333 0.24537037037037038 0.026041666666666668 0.046296296296296294
0 0.5078125 0.24722222222222223 0.026041666666666668 0.046296296296296294
0 0.5192708333333333 0.24722222222222223 0.026041666666666668 0.046296296296296294
0 0.5005208333333333 0.2537037037037037 0.026041666666666668 0.046296296296296294
0 0.703125 0.2601851851851852 0.026041666666666668 0.046296296296296294
0 0.4588541666666667 0.27685185185185185 0.026041666666666668 0.046296296296296294
0 0.4817708333333333 0.27685185185185185 0.026041666666666668 0.046296296296296294
0 0.4947916666666667 0.2759259259259259 0.026041666666666668 0.046296296296296294
0 0.5072916666666667 0.2861111111111111 0.026041666666666668 0.046296296296296294
0 0.4401041666666667 0.2916666666666667 0.026041666666666668 0.046296296296296294
0 0.49895833333333334 0.29259259259259257 0.026041666666666668 0.046296296296296294
0 0.5151041666666667 0.2953703703703704 0.026041666666666668 0.046296296296296294
0 0.4786458333333333 0.30277777777777776 0.026041666666666668 0.046296296296296294
0 0.44114583333333335 0.30648148148148147 0.026041666666666668 0.046296296296296294
0 0.4588541666666667 0.30925925925925923 0.026041666666666668 0.046296296296296294
0 0.5078125 0.30925925925925923 0.026041666666666668 0.046296296296296294
0 0.515625 0.30833333333333335 0.026041666666666668 0.046296296296296294
0 0.4171875 0.31851851851851853 0.026041666666666668 0.046296296296296294
0 0.49583333333333335 0.31666666666666665 0.026041666666666668 0.046296296296296294
0 0.5161458333333333 0.325 0.026041666666666668 0.046296296296296294
4 0.4322916666666667 0.33425925925925926 0.026041666666666668 0.046296296296296294
0 0.44895833333333335 0.3296296296296296 0.026041666666666668 0.046296296296296294
0 0.4609375 0.3314814814814815 0.026041666666666668 0.046296296296296294
0 0.4828125 0.3314814814814815 0.026041666666666668 0.046296296296296294
0 0.5078125 0.33240740740740743 0.026041666666666668 0.046296296296296294
0 0.5255208333333333 0.33240740740740743 0.026041666666666668 0.046296296296296294
4 0.4166666666666667 0.3388888888888889 0.026041666666666668 0.046296296296296294
4 0.4270833333333333 0.3416666666666667 0.026041666666666668 0.046296296296296294
4 0.40989583333333335 0.3472222222222222 0.026041666666666668 0.046296296296296294
4 0.42239583333333336 0.3509259259259259 0.026041666666666668 0.046296296296296294
4 0.45677083333333335 0.3490740740740741 0.026041666666666668 0.046296296296296294
4 0.5 0.34814814814814815 0.026041666666666668 0.046296296296296294
4 0.6619791666666667 0.34444444444444444 0.026041666666666668 0.046296296296296294
4 0.38645833333333335 0.35648148148148145 0.026041666666666668 0.046296296296296294
4 0.3958333333333333 0.35555555555555557 0.026041666666666668 0.046296296296296294
4 0.403125 0.3574074074074074 0.026041666666666668 0.046296296296296294
4 0.43333333333333335 0.3537037037037037 0.026041666666666668 0.046296296296296294
4 0.4510416666666667 0.35555555555555557 0.026041666666666668 0.046296296296296294
4 0.5119791666666667 0.3537037037037037 0.026041666666666668 0.046296296296296294
4 0.42083333333333334 0.3638888888888889 0.026041666666666668 0.046296296296296294
4 0.37916666666666665 0.37222222222222223 0.026041666666666668 0.046296296296296294
4 0.5203125 0.3712962962962963 0.026041666666666668 0.046296296296296294
4 0.39947916666666666 0.37962962962962965 0.026041666666666668 0.046296296296296294
4 0.40729166666666666 0.3787037037037037 0.026041666666666668 0.046296296296296294
2 0.21197916666666666 0.38333333333333336 0.026041666666666668 0.046296296296296294
4 0.37864583333333335 0.3888888888888889 0.026041666666666668 0.046296296296296294
4 0.4234375 0.3861111111111111 0.026041666666666668 0.046296296296296294
4 0.5208333333333334 0.387037037037037 0.026041666666666668 0.046296296296296294
4 0.5114583333333333 0.39444444444444443 0.026041666666666668 0.046296296296296294
4 0.3734375 0.4046296296296296 0.026041666666666668 0.046296296296296294
4 0.38958333333333334 0.40555555555555556 0.026041666666666668 0.046296296296296294
4 0.4083333333333333 0.4009259259259259 0.026041666666666668 0.046296296296296294
4 0.41875 0.40555555555555556 0.026041666666666668 0.046296296296296294
4 0.6541666666666667 0.4009259259259259 0.026041666666666668 0.046296296296296294
4 0.65 0.41203703703703703 0.026041666666666668 0.046296296296296294
4 0.37395833333333334 0.4166666666666667 0.026041666666666668 0.046296296296296294
4 0.4 0.41944444444444445 0.026041666666666668 0.046296296296296294
4 0.4317708333333333 0.41574074074074074 0.026041666666666668 0.046296296296296294
2 0.17083333333333334 0.42314814814814816 0.026041666666666668 0.046296296296296294
4 0.38125 0.42314814814814816 0.026041666666666668 0.046296296296296294
4 0.4109375 0.42592592592592593 0.026041666666666668 0.046296296296296294
4 0.45364583333333336 0.42592592592592593 0.026041666666666668 0.046296296296296294
4 0.3984375 0.42962962962962964 0.026041666666666668 0.046296296296296294
4 0.4166666666666667 0.44166666666666665 0.026041666666666668 0.046296296296296294
3 0.7057291666666666 0.4388888888888889 0.026041666666666668 0.046296296296296294
4 0.5213541666666667 0.44814814814814813 0.026041666666666668 0.046296296296296294
4 0.6609375 0.44722222222222224 0.026041666666666668 0.046296296296296294
3 0.6864583333333333 0.44722222222222224 0.026041666666666668 0.046296296296296294
4 0.38177083333333334 0.4583333333333333 0.026041666666666668 0.046296296296296294
4 0.39947916666666666 0.45555555555555555 0.026041666666666668 0.046296296296296294
4 0.5125 0.4564814814814815 0.026041666666666668 0.046296296296296294
3 0.6765625 0.45555555555555555 0.026041666666666668 0.046296296296296294
3 0.6828125 0.45925925925925926 0.026041666666666668 0.046296296296296294
4 0.44583333333333336 0.4666666666666667 0.026041666666666668 0.046296296296296294
4 0.48541666666666666 0.4601851851851852 0.026041666666666668 0.046296296296296294
4 0.3828125 0.47129629629629627 0.026041666666666668 0.046296296296296294
4 0.465625 0.4703703703703704 0.026041666666666668 0.046296296296296294
4 0.4375 0.48055555555555557 0.026041666666666668 0.046296296296296294
4 0.5119791666666667 0.48055555555555557 0.026041666666666668 0.046296296296296294
4 0.6208333333333333 0.47685185185185186 0.026041666666666668 0.046296296296296294
4 0.40677083333333336 0.487962962962963 0.026041666666666668 0.046296296296296294
3 0.6953125 0.49074074074074076 0.026041666666666668 0.046296296296296294
4 0.37864583333333335 0.49722222222222223 0.026041666666666668 0.046296296296296294
4 0.4671875 0.49537037037037035 0.026041666666666668 0.046296296296296294
4 0.603125 0.4962962962962963 0.026041666666666668 0.046296296296296294
4 0.6614583333333334 0.49444444444444446 0.026041666666666668 0.046296296296296294
4 0.5109375 0.5027777777777778 0.026041666666666668 0.046296296296296294
4 0.628125 0.5027777777777778 0.026041666666666668 0.046296296296296294
4 0.5302083333333333 0.5074074074074074 0.026041666666666668 0.046296296296296294
3 0.6869791666666667 0.512962962962963 0.026041666666666668 0.046296296296296294
4 0.4192708333333333 0.5185185185185185 0.026041666666666668 0.046296296296296294
4 0.6213541666666667 0.5194444444444445 0.026041666666666668 0.046296296296296294
3 0.7583333333333333 0.5203703703703704 0.026041666666666668 0.046296296296296294
4 0.54375 0.5268518518518519 0.026041666666666668 0.046296296296296294
3 0.6713541666666667 0.5277777777777778 0.026041666666666668 0.046296296296296294
3 0.7078125 0.5268518518518519 0.026041666666666668 0.046296296296296294
4 0.5161458333333333 0.5324074074074074 0.026041666666666668 0.046296296296296294
4 0.603125 0.5398148148148149 0.026041666666666668 0.046296296296296294
4 0.4947916666666667 0.5481481481481482 0.026041666666666668 0.046296296296296294
4 0.621875 0.5472222222222223 0.026041666666666668 0.046296296296296294
3 0.7286458333333333 0.549074074074074 0.026041666666666668 0.046296296296296294
4 0.5395833333333333 0.5583333333333333 0.026041666666666668 0.046296296296296294
4 0.5614583333333333 0.562962962962963 0.026041666666666668 0.046296296296296294
4 0.6338541666666667 0.5666666666666667 0.026041666666666668 0.046296296296296294
3 0.7276041666666667 0.5703703703703704 0.026041666666666668 0.046296296296296294
4 0.5036458333333333 0.5824074074074074 0.026041666666666668 0.046296296296296294
3 0.7578125 0.5898148148148148 0.026041666666666668 0.046296296296296294
3 0.7708333333333334 0.5888888888888889 0.026041666666666668 0.046296296296296294
4 0.4265625 0.6083333333333333 0.026041666666666668 0.046296296296296294
4 0.5994791666666667 0.6268518518518519 0.026041666666666668 0.046296296296296294
3 0.7526041666666666 0.6268518518518519 0.026041666666666668 0.046296296296296294
4 0.40729166666666666 0.6388888888888888 0.026041666666666668 0.046296296296296294
4 0.5125 0.6314814814814815 0.026041666666666668 0.046296296296296294
3 0.7364583333333333 0.6564814814814814 0.026041666666666668 0.046296296296296294
1 0.42083333333333334 0.6824074074074075 0.026041666666666668 0.046296296296296294
1 0.7703125 0.6777777777777778 0.026041666666666668 0.046296296296296294
1 0.421875 0.7194444444444444 0.026041666666666668 0.046296296296296294
1 0.8854166666666666 0.7407407407407407 0.026041666666666668 0.046296296296296294
1 0.375 0.7601851851851852 0.026041666666666668 0.046296296296296294
1 0.3463541666666667 0.8 0.026041666666666668 0.046296296296296294
1 0.8286458333333333 0.8314814814814815 0.026041666666666668 0.046296296296296294
1 0.978125 0.8472222222222222 0.026041666666666668 0.046296296296296294
1 0.6817708333333333 0.8629629629629629 0.026041666666666668 0.046296296296296294
1 0.7473958333333334 0.8796296296296297 0.026041666666666668 0.046296296296296294
1 0.8182291666666667 0.9166666666666666 0.026041666666666668 0.046296296296296294
1 0.8786458333333333 0.9324074074074075 0.026041666666666668 0.046296296296296294
1 0.9666666666666667 0.9453703703703704 0.026041666666666668 0.046296296296296294
2 0.18958333333333333 0.40185185185185185 0.026041666666666668 0.046296296296296294
1 0.875 0.8 0.026041666666666668 0.046296296296296294
1 0.9927083333333333 0.8462962962962963 0.026041666666666668 0.046296296296296294
0 0.5333333333333333 0.31296296296296294 0.026041666666666668 0.046296296296296294
0 0.5489583333333333 0.29259259259259257 0.026041666666666668 0.046296296296296294
0 0.546875 0.2722222222222222 0.026041666666666668 0.046296296296296294
4 0.5427083333333333 0.6314814814814815 0.026041666666666668 0.046296296296296294
4 0.4708333333333333 0.5981481481481481 0.026041666666666668 0.046296296296296294
4 0.46979166666666666 0.5296296296296297 0.026041666666666668 0.046296296296296294
4 0.446875 0.5166666666666667 0.026041666666666668 0.046296296296296294
4 0.39791666666666664 0.524074074074074 0.026041666666666668 0.046296296296296294
4 0.396875 0.49074074074074076 0.026041666666666668 0.046296296296296294
4 0.38125 0.5277777777777778 0.026041666666666668 0.046296296296296294
1 0.58125 0.6777777777777778 0.026041666666666668 0.046296296296296294
4 0.5947916666666667 0.5648148148148148 0.026041666666666668 0.046296296296296294
