0 0.47760416666666666 0.09722222222222222 0.026041666666666668 0.046296296296296294
0 0.44895833333333335 0.13333333333333333 0.026041666666666668 0.046296296296296294
0 0.44166666666666665 0.14444444444444443 0.026041666666666668 0.046296296296296294
0 0.46197916666666666 0.1425925925925926 0.026041666666666668 0.046296296296296294
0 0.48072916666666665 0.15462962962962962 0.026041666666666668 0.046296296296296294
0 0.4708333333333333 0.16203703703703703 0.026041666666666668 0.046296296296296294
0 0.45364583333333336 0.1675925925925926 0.026041666666666668 0.046296296296296294
0 0.4828125 0.1685185185185185 0.026041666666666668 0.046296296296296294
0 0.4328125 0.17592592592592593 0.026041666666666668 0.046296296296296294
0 0.428125 0.18703703703703703 0.026041666666666668 0.046296296296296294
0 0.48802083333333335 0.19444444444444445 0.026041666666666668 0.046296296296296294
0 0.4744791666666667 0.2074074074074074 0.026041666666666668 0.046296296296296294
0 0.4869791666666667 0.22407407407407406 0.026041666666666668 0.046296296296296294
0 0.45364583333333336 0.22777777777777777 0.026041666666666668 0.046296296296296294
0 0.5145833333333333 0.23148148148148148 0.026041666666666668 0.046296296296296294
0 0.45416666666666666 0.2490740740740741 0.026041666666666668 0.046296296296296294
0 0.5109375 0.2601851851851852 0.026041666666666668 0.046296296296296294
0 0.4822916666666667 0.2675925925925926 0.026041666666666668 0.046296296296296294
0 0.49375 0.26666666666666666 0.026041666666666668 0.046296296296296294
0 0.5067708333333333 0.2796296296296296 0.026041666666666668 0.046296296296296294
0 0.5244791666666667 0.2759259259259259 0.026041666666666668 0.046296296296296294
0 0.5463541666666667 0.2759259259259259 0.026041666666666668 0.046296296296296294
0 0.4817708333333333 0.28425925925925927 0.026041666666666668 0.046296296296296294
0 0.49947916666666664 0.2851851851851852 0.026041666666666668 0.046296296296296294
0 0.5114583333333333 0.2861111111111111 0.026041666666666668 0.046296296296296294
0 0.6916666666666667 0.2851851851851852 0.026041666666666668 0.046296296296296294
0 0.7067708333333333 0.29074074074074074 0.026041666666666668 0.046296296296296294
0 0.453125 0.30185185185185187 0.026041666666666668 0.046296296296296294
0 0.49114583333333334 0.30185185185185187 0.026041666666666668 0.046296296296296294
0 0.4317708333333333 0.30462962962962964 0.026041666666666668 0.046296296296296294
0 0.44114583333333335 0.31666666666666665 0.026041666666666668 0.046296296296296294
0 0.4744791666666667 0.31666666666666665 0.026041666666666668 0.046296296296296294
0 0.5046875 0.31574074074074077 0.026041666666666668 0.046296296296296294
0 0.5140625 0.31851851851851853 0.026041666666666668 0.046296296296296294
0 0.5083333333333333 0.32592592592592595 0.026041666666666668 0.046296296296296294
0 0.45677083333333335 0.33240740740740743 0.026041666666666668 0.046296296296296294
4 0.44947916666666665 0.34074074074074073 0.026041666666666668 0.046296296296296294
4 0.49895833333333334 0.3416666666666667 0.026041666666666668 0.046296296296296294
4 0.5359375 0.3398148148148148 0.026041666666666668 0.046296296296296294
4 0.4109375 0.35 0.026041666666666668 0.046296296296296294
4 0.44166666666666665 0.3472222222222222 0.026041666666666668 0.046296296296296294
4 0.5203125 0.3490740740740741 0.026041666666666668 0.046296296296296294
4 0.3875 0.3537037037037037 0.026041666666666668 0.046296296296296294
4 0.39947916666666666 0.35462962962962963 0.026041666666666668 0.046296296296296294
4 0.43645833333333334 0.35648148148148145 0.026041666666666668 0.046296296296296294
4 0.3697916666666667 0.3638888888888889 0.026041666666666668 0.046296296296296294
4 0.38385416666666666 0.3648148148148148 0.026041666666666668 0.046296296296296294
4 0.4078125 0.3648148148148148 0.026041666666666668 0.046296296296296294
4 0.4817708333333333 0.36203703703703705 0.026041666666666668 0.046296296296296294
4 0.5072916666666667 0.3648148148148148 0.026041666666666668 0.046296296296296294
4 0.5244791666666667 0.3648148148148148 0.026041666666666668 0.046296296296296294
4 0.37864583333333335 0.37222222222222223 0.026041666666666668 0.046296296296296294
4 0.4942708333333333 0.37222222222222223 0.026041666666666668 0.046296296296296294
4 0.5171875 0.3712962962962963 0.026041666666666668 0.046296296296296294
3 0.6739583333333333 0.3685185185185185 0.026041666666666668 0.046296296296296294
4 0.46145833333333336 0.375 0.026041666666666668 0.046296296296296294
4 0.39114583333333336 0.3851851851851852 0.026041666666666668 0.046296296296296294
4 0.44427083333333334 0.39351851851851855 0.026041666666666668 0.046296296296296294
4 0.6546875 0.39444444444444443 0.026041666666666668 0.046296296296296294
2 0.20572916666666666 0.40185185185185185 0.026041666666666668 0.046296296296296294
4 0.4739583333333333 0.4 0.026041666666666668 0.046296296296296294
4 0.65 0.4027777777777778 0.026041666666666668 0.046296296296296294
2 0.19583333333333333 0.4083333333333333 0.026041666666666668 0.046296296296296294
4 0.39947916666666666 0.4111111111111111 0.026041666666666668 0.046296296296296294
4 0.5088541666666667 0.40925925925925927 0.026041666666666668 0.046296296296296294
4 0.503125 0.4185185185185185 0.026041666666666668 0.046296296296296294
4 0.45260416666666664 0.42407407407407405 0.026041666666666668 0.046296296296296294
4 0.49895833333333334 0.4287037037037037 0.026041666666666668 0.046296296296296294
4 0.415625 0.43425925925925923 0.026041666666666668 0.046296296296296294
4 0.5161458333333333 0.43333333333333335 0.026041666666666668 0.046296296296296294
4 0.4192708333333333 0.44166666666666665 0.026041666666666668 0.046296296296296294
4 0.4359375 0.4361111111111111 0.026041666666666668 0.046296296296296294
3 0.7067708333333333 0.4388888888888889 0.026041666666666668 0.046296296296296294
4 0.49895833333333334 0.44907407407407407 0.026041666666666668 0.046296296296296294
4 0.5244791666666667 0.45740740740740743 0.026041666666666668 0.046296296296296294
4 0.6609375 0.4564814814814815 0.026041666666666668 0.046296296296296294
2 0.21302083333333333 0.4638888888888889 0.026041666666666668 0.046296296296296294
4 0.5125 0.4648148148148148 0.026041666666666668 0.046296296296296294
3 0.7203125 0.46574074074074073 0.026041666666666668 0.046296296296296294
4 0.5171875 0.475 0.026041666666666668 0.046296296296296294
2 0.17447916666666666 0.4777777777777778 0.026041666666666668 0.046296296296296294
3 0.6838541666666667 0.4787037037037037 0.026041666666666668 0.046296296296296294
4 0.5208333333333334 0.4888888888888889 0.026041666666666668 0.046296296296296294
4 0.6296875 0.4861111111111111 0.026041666666666668 0.046296296296296294
3 0.690625 0.49907407407407406 0.026041666666666668 0.046296296296296294
4 0.6119791666666666 0.5037037037037037 0.026041666666666668 0.046296296296296294
3 0.7072916666666667 0.5055555555555555 0.026041666666666668 0.046296296296296294
4 0.5145833333333333 0.5120370370370371 0.026041666666666668 0.046296296296296294
4 0.4822916666666667 0.5185185185185185 0.026041666666666668 0.046296296296296294
3 0.6875 0.5185185185185185 0.026041666666666668 0.046296296296296294
4 0.528125 0.5287037037037037 0.026041666666666668 0.046296296296296294
4 0.665625 0.5277777777777778 0.026041666666666668 0.046296296296296294
3 0.6958333333333333 0.525 0.026041666666666668 0.046296296296296294
4 0.6369791666666667 0.5407407407407407 0.026041666666666668 0.046296296296296294
3 0.7197916666666667 0.5416666666666666 0.026041666666666668 0.046296296296296294
4 0.5375 0.549074074074074 0.026041666666666668 0.046296296296296294
4 0.515625 0.5592592592592592 0.026041666666666668 0.046296296296296294
4 0.5708333333333333 0.55 0.026041666666666668 0.046296296296296294
3 0.6692708333333334 0.5583333333333333 0.026041666666666668 0.046296296296296294
3 0.7604166666666666 0.5555555555555556 0.026041666666666668 0.046296296296296294
4 0.3828125 0.549074074074074 0.026041666666666668 0.046296296296296294
4 0.4239583333333333 0.5657407407407408 0.026041666666666668 0.046296296296296294
4 0.5479166666666667 0.5638888888888889 0.026041666666666668 0.046296296296296294
4 0.5979166666666667 0.5657407407407408 0.026041666666666668 0.046296296296296294
4 0.6536458333333334 0.5675925925925925 0.026041666666666668 0.046296296296296294
4 0.5807291666666666 0.575925925925926 0.026041666666666668 0.046296296296296294
3 0.725 0.5953703703703703 0.026041666666666668 0.046296296296296294
3 0.7494791666666667 0.6185185185185185 0.026041666666666668 0.046296296296296294
2 0.15677083333333333 0.6342592592592593 0.026041666666666668 0.046296296296296294
3 0.7625 0.6416666666666667 0.026041666666666668 0.046296296296296294
2 0.18645833333333334 0.6481481481481481 0.026041666666666668 0.046296296296296294
3 0.6708333333333333 0.6620370370370371 0.026041666666666668 0.046296296296296294
1 0.6635416666666667 0.6675925925925926 0.026041666666666668 0.046296296296296294
1 0.1375 0.6759259259259259 0.026041666666666668 0.046296296296296294
1 0.1734375 0.6851851851851852 0.026041666666666668 0.046296296296296294
1 0.209375 0.6777777777777778 0.026041666666666668 0.046296296296296294
1 0.6755208333333333 0.6824074074074075 0.026041666666666668 0.046296296296296294
1 0.7005208333333334 0.6731481481481482 0.026041666666666668 0.046296296296296294
1 0.14166666666666666 0.7055555555555556 0.026041666666666668 0.046296296296296294
1 0.17604166666666668 0.7055555555555556 0.026041666666666668 0.046296296296296294
1 0.20364583333333333 0.7064814814814815 0.026041666666666668 0.046296296296296294
1 0.5572916666666666 0.7129629629629629 0.026041666666666668 0.046296296296296294
1 0.15 0.7379629629629629 0.026041666666666668 0.046296296296296294
1 0.1375 0.7675925925925926 0.026041666666666668 0.046296296296296294
1 0.10416666666666667 0.7861111111111111 0.026041666666666668 0.046296296296296294
1 0.5890625 0.7851851851851852 0.026041666666666668 0.046296296296296294
1 0.32447916666666665 0.7861111111111111 0.026041666666666668 0.046296296296296294
1 0.1234375 0.8083333333333333 0.026041666666666668 0.046296296296296294
1 0.19166666666666668 0.8231481481481482 0.026041666666666668 0.046296296296296294
1 0.7703125 0.8435185185185186 0.026041666666666668 0.046296296296296294
1 0.9791666666666666 0.8481481481481481 0.026041666666666668 0.046296296296296294
1 0.6473958333333333 0.8398148148148148 0.026041666666666668 0.046296296296296294
1 0.6921875 0.8462962962962963 0.026041666666666668 0.046296296296296294
1 0.603125 0.8527777777777777 0.026041666666666668 0.046296296296296294
1 0.55625 0.8666666666666667 0.026041666666666668 0.046296296296296294
1 0.7848958333333333 0.8731481481481481 0.026041666666666668 0.046296296296296294
1 0.8046875 0.8768518518518519 0.026041666666666668 0.046296296296296294
1 0.5041666666666667 0.8842592592592593 0.026041666666666668 0.046296296296296294
1 0.08802083333333334 0.9351851851851852 0.026041666666666668 0.046296296296296294
1 0.3651041666666667 0.9342592592592592 0.026041666666666668 0.046296296296296294
1 0.9703125 0.9481481481481482 0.026041666666666668 0.046296296296296294
1 0.153125 0.825925925925926 0.026041666666666668 0.046296296296296294
1 0.07395833333333333 0.8537037037037037 0.026041666666666668 0.046296296296296294
1 0.18229166666666666 0.7722222222222223 0.026041666666666668 0.046296296296296294
1 0.22395833333333334 0.7574074074074074 0.026041666666666668 0.046296296296296294
1 0.22708333333333333 0.7148148148148148 0.026041666666666668 0.046296296296296294
1 0.128125 0.7148148148148148 0.026041666666666668 0.046296296296296294
1 0.34270833333333334 0.8944444444444445 0.026041666666666668 0.046296296296296294
1 0.396875 0.9277777777777778 0.026041666666666668 0.046296296296296294
1 0.525 0.7759259259259259 0.026041666666666668 0.046296296296296294
1 0.828125 0.8722222222222222 0.026041666666666668 0.046296296296296294
1 0.83125 0.8407407407407408 0.026041666666666668 0.046296296296296294
1 0.8729166666666667 0.8203703703703704 0.026041666666666668 0.046296296296296294
1 0.996875 0.8555555555555555 0.026041666666666668 0.046296296296296294
3 0.7354166666666667 0.6648148148148149 0.026041666666666668 0.046296296296296294
1 0.78125 0.7 0.026041666666666668 0.046296296296296294
3 0.753125 0.5685185185185185 0.026041666666666668 0.046296296296296294
0 0.415625 0.21666666666666667 0.026041666666666668 0.046296296296296294
4 0.471875 0.5277777777777778 0.026041666666666668 0.046296296296296294
4 0.4635416666666667 0.4666666666666667 0.026041666666666668 0.046296296296296294
4 0.53125 0.5851851851851851 0.026041666666666668 0.046296296296296294
4 0.5354166666666667 0.6481481481481481 0.026041666666666668 0.046296296296296294
4 0.6239583333333333 0.6351851851851852 0.026041666666666668 0.046296296296296294
4 0.615625 0.5537037037037037 0.026041666666666668 0.046296296296296294
4 0.6375 0.5111111111111111 0.026041666666666668 0.046296296296296294
