0 0.4713541666666667 0.09351851851851851 0.026041666666666668 0.046296296296296294
0 0.4791666666666667 0.09537037037037037 0.026041666666666668 0.046296296296296294
0 0.475 0.10833333333333334 0.026041666666666668 0.046296296296296294
0 0.4864583333333333 0.10462962962962963 0.026041666666666668 0.046296296296296294
0 0.4703125 0.11296296296296296 0.026041666666666668 0.046296296296296294
0 0.478125 0.12129629629629629 0.026041666666666668 0.046296296296296294
0 0.4921875 0.12037037037037036 0.026041666666666668 0.046296296296296294
0 0.4947916666666667 0.12129629629629629 0.026041666666666668 0.046296296296296294
0 0.4703125 0.13148148148148148 0.026041666666666668 0.046296296296296294
0 0.4515625 0.13240740740740742 0.026041666666666668 0.046296296296296294
0 0.4578125 0.13240740740740742 0.026041666666666668 0.046296296296296294
0 0.46145833333333336 0.1361111111111111 0.026041666666666668 0.046296296296296294
0 0.4744791666666667 0.13796296296296295 0.026041666666666668 0.046296296296296294
0 0.4864583333333333 0.13796296296296295 0.026041666666666668 0.046296296296296294
0 0.44583333333333336 0.14351851851851852 0.026041666666666668 0.046296296296296294
0 0.4822916666666667 0.14537037037037037 0.026041666666666668 0.046296296296296294
0 0.4947916666666667 0.1425925925925926 0.026041666666666668 0.046296296296296294
0 0.46770833333333334 0.1527777777777778 0.026041666666666668 0.046296296296296294
0 0.47552083333333334 0.1527777777777778 0.026041666666666668 0.046296296296296294
0 0.4703125 0.175 0.026041666666666668 0.046296296296296294
0 0.5041666666666667 0.17685185185185184 0.026041666666666668 0.046296296296296294
0 0.43333333333333335 0.1787037037037037 0.026041666666666668 0.046296296296296294
0 0.47604166666666664 0.1824074074074074 0.026041666666666668 0.046296296296296294
0 0.4822916666666667 0.18055555555555555 0.026041666666666668 0.046296296296296294
0 0.4625 0.1925925925925926 0.026041666666666668 0.046296296296296294
0 0.44895833333333335 0.2212962962962963 0.026041666666666668 0.046296296296296294
0 0.5192708333333333 0.23148148148148148 0.026041666666666668 0.046296296296296294
0 0.4203125 0.23796296296296296 0.026041666666666668 0.046296296296296294
0 0.45364583333333336 0.23703703703703705 0.026041666666666668 0.046296296296296294
0 0.465625 0.2351851851851852 0.026041666666666668 0.046296296296296294
0 0.478125 0.23425925925925925 0.026041666666666668 0.046296296296296294
0 0.49114583333333334 0.2388888888888889 0.026041666666666668 0.046296296296296294
0 0.5083333333333333 0.23703703703703705 0.026041666666666668 0.046296296296296294
0 0.5078125 0.2462962962962963 0.026041666666666668 0.046296296296296294
0 0.44947916666666665 0.25462962962962965 0.026041666666666668 0.046296296296296294
0 0.46510416666666665 0.25277777777777777 0.026041666666666668 0.046296296296296294
0 0.4395833333333333 0.2611111111111111 0.026041666666666668 0.046296296296296294
0 0.45729166666666665 0.26296296296296295 0.026041666666666668 0.046296296296296294
0 0.48385416666666664 0.2611111111111111 0.026041666666666668 0.046296296296296294
0 0.4901041666666667 0.25925925925925924 0.026041666666666668 0.046296296296296294
0 0.5015625 0.2638888888888889 0.026041666666666668 0.046296296296296294
0 0.5145833333333333 0.25833333333333336 0.026041666666666668 0.046296296296296294
0 0.7036458333333333 0.2611111111111111 0.026041666666666668 0.046296296296296294
0 0.4234375 0.26666666666666666 0.026041666666666668 0.046296296296296294
0 0.47760416666666666 0.26944444444444443 0.026041666666666668 0.046296296296296294
0 0.4973958333333333 0.27037037037037037 0.026041666666666668 0.046296296296296294
0 0.5119791666666667 0.27037037037037037 0.026041666666666668 0.046296296296296294
0 0.5416666666666666 0.26666666666666666 0.026041666666666668 0.046296296296296294
0 0.525 0.2777777777777778 0.026041666666666668 0.046296296296296294
0 0.5291666666666667 0.2796296296296296 0.026041666666666668 0.046296296296296294
0 0.4276041666666667 0.2824074074074074 0.026041666666666668 0.046296296296296294
0 0.45729166666666665 0.287962962962963 0.026041666666666668 0.046296296296296294
0 0.4869791666666667 0.2861111111111111 0.026041666666666668 0.046296296296296294
0 0.49895833333333334 0.2851851851851852 0.026041666666666668 0.046296296296296294
0 0.5078125 0.28703703703703703 0.026041666666666668 0.046296296296296294
0 0.5421875 0.28425925925925927 0.026041666666666668 0.046296296296296294
0 0.5505208333333333 0.2851851851851852 0.026041666666666668 0.046296296296296294
0 0.41770833333333335 0.2916666666666667 0.026041666666666668 0.046296296296296294
0 0.4947916666666667 0.29444444444444445 0.026041666666666668 0.046296296296296294
0 0.5286458333333334 0.2953703703703704 0.026041666666666668 0.046296296296296294
0 0.4244791666666667 0.30185185185185187 0.026041666666666668 0.046296296296296294
0 0.44114583333333335 0.29907407407407405 0.026041666666666668 0.046296296296296294
0 0.4515625 0.3037037037037037 0.026041666666666668 0.046296296296296294
0 0.4734375 0.30092592592592593 0.026041666666666668 0.046296296296296294
0 0.5020833333333333 0.3 0.026041666666666668 0.046296296296296294
0 0.5244791666666667 0.30277777777777776 0.026041666666666668 0.046296296296296294
0 0.5322916666666667 0.29907407407407405 0.026041666666666668 0.046296296296296294
0 0.5364583333333334 0.30092592592592593 0.026041666666666668 0.046296296296296294
0 0.43645833333333334 0.30925925925925923 0.026041666666666668 0.046296296296296294
0 0.49114583333333334 0.3074074074074074 0.026041666666666668 0.046296296296296294
0 0.5494791666666666 0.3101851851851852 0.026041666666666668 0.046296296296296294
0 0.5161458333333333 0.3175925925925926 0.026041666666666668 0.046296296296296294
0 0.5244791666666667 0.31574074074074077 0.026041666666666668 0.046296296296296294
0 0.5411458333333333 0.31851851851851853 0.026041666666666668 0.046296296296296294
0 0.44895833333333335 0.32592592592592595 0.026041666666666668 0.046296296296296294
0 0.48333333333333334 0.32592592592592595 0.026041666666666668 0.046296296296296294
0 0.49895833333333334 0.32407407407407407 0.026041666666666668 0.046296296296296294
0 0.421875 0.3314814814814815 0.026041666666666668 0.046296296296296294
0 0.42864583333333334 0.33240740740740743 0.026041666666666668 0.046296296296296294
0 0.4583333333333333 0.3314814814814815 0.026041666666666668 0.046296296296296294
4 0.5104166666666666 0.3333333333333333 0.026041666666666668 0.046296296296296294
4 0.44479166666666664 0.3398148148148148 0.026041666666666668 0.046296296296296294
4 0.4703125 0.34074074074074073 0.026041666666666668 0.046296296296296294
4 0.5 0.3388888888888889 0.026041666666666668 0.046296296296296294
4 0.415625 0.3490740740740741 0.026041666666666668 0.046296296296296294
4 0.4322916666666667 0.34814814814814815 0.026041666666666668 0.046296296296296294
4 0.3776041666666667 0.35462962962962963 0.026041666666666668 0.046296296296296294
4 0.38333333333333336 0.3527777777777778 0.026041666666666668 0.046296296296296294
4 0.390625 0.3537037037037037 0.026041666666666668 0.046296296296296294
4 0.403125 0.3537037037037037 0.026041666666666668 0.046296296296296294
4 0.40625 0.35555555555555557 0.026041666666666668 0.046296296296296294
4 0.515625 0.35555555555555557 0.026041666666666668 0.046296296296296294
3 0.6859375 0.35462962962962963 0.026041666666666668 0.046296296296296294
4 0.37447916666666664 0.3648148148148148 0.026041666666666668 0.046296296296296294
4 0.3958333333333333 0.362962962962963 0.026041666666666668 0.046296296296296294
4 0.4453125 0.362962962962963 0.026041666666666668 0.046296296296296294
3 0.7458333333333333 0.362962962962963 0.026041666666666668 0.046296296296296294
4 0.38697916666666665 0.3731481481481482 0.026041666666666668 0.046296296296296294
4 0.4239583333333333 0.3731481481481482 0.026041666666666668 0.046296296296296294
4 0.4822916666666667 0.3712962962962963 0.026041666666666668 0.046296296296296294
4 0.5083333333333333 0.37222222222222223 0.026041666666666668 0.046296296296296294
4 0.65 0.37222222222222223 0.026041666666666668 0.046296296296296294
4 0.6546875 0.3685185185185185 0.026041666666666668 0.046296296296296294
4 0.4166666666666667 0.37777777777777777 0.026041666666666668 0.046296296296296294
4 0.5072916666666667 0.3861111111111111 0.026041666666666668 0.046296296296296294
4 0.38177083333333334 0.3962962962962963 0.026041666666666668 0.046296296296296294
4 0.375 0.40185185185185185 0.026041666666666668 0.046296296296296294
4 0.403125 0.40370370370370373 0.026041666666666668 0.046296296296296294
4 0.6546875 0.4027777777777778 0.026041666666666668 0.046296296296296294
4 0.6625 0.4027777777777778 0.026041666666666668 0.046296296296296294
4 0.39479166666666665 0.40925925925925927 0.026041666666666668 0.046296296296296294
4 0.4166666666666667 0.4083333333333333 0.026041666666666668 0.046296296296296294
4 0.4703125 0.4083333333333333 0.026041666666666668 0.046296296296296294
4 0.5078125 0.40925925925925927 0.026041666666666668 0.046296296296296294
4 0.6583333333333333 0.412962962962963 0.026041666666666668 0.046296296296296294
4 0.515625 0.4185185185185185 0.026041666666666668 0.046296296296296294
4 0.43697916666666664 0.425 0.026041666666666668 0.046296296296296294
4 0.475 0.425 0.026041666666666668 0.046296296296296294
4 0.6494791666666667 0.425 0.026041666666666668 0.046296296296296294
4 0.378125 0.4324074074074074 0.026041666666666668 0.046296296296296294
4 0.38177083333333334 0.4305555555555556 0.026041666666666668 0.046296296296296294
4 0.425 0.4324074074074074 0.026041666666666668 0.046296296296296294
4 0.49947916666666664 0.43333333333333335 0.026041666666666668 0.046296296296296294
4 0.5244791666666667 0.43425925925925923 0.026041666666666668 0.046296296296296294
4 0.665625 0.44074074074074077 0.026041666666666668 0.046296296296296294
3 0.70625 0.4388888888888889 0.026041666666666668 0.046296296296296294
4 0.44166666666666665 0.44907407407407407 0.026041666666666668 0.046296296296296294
4 0.5078125 0.45555555555555555 0.026041666666666668 0.046296296296296294
3 0.675 0.45740740740740743 0.026041666666666668 0.046296296296296294
3 0.6958333333333333 0.45740740740740743 0.026041666666666668 0.046296296296296294
4 0.5255208333333333 0.46296296296296297 0.026041666666666668 0.046296296296296294
4 0.5171875 0.4722222222222222 0.026041666666666668 0.046296296296296294
3 0.6791666666666667 0.46944444444444444 0.026041666666666668 0.046296296296296294
3 0.6953125 0.4685185185185185 0.026041666666666668 0.046296296296296294
4 0.6260416666666667 0.487962962962963 0.026041666666666668 0.046296296296296294
3 0.6963541666666667 0.4888888888888889 0.026041666666666668 0.046296296296296294
4 0.43697916666666664 0.4935185185185185 0.026041666666666668 0.046296296296296294
4 0.5197916666666667 0.4925925925925926 0.026041666666666668 0.046296296296296294
4 0.4078125 0.5 0.026041666666666668 0.046296296296296294
4 0.528125 0.5101851851851852 0.026041666666666668 0.046296296296296294
2 0.21979166666666666 0.5166666666666667 0.026041666666666668 0.046296296296296294
3 0.6989583333333333 0.5203703703703704 0.026041666666666668 0.046296296296296294
4 0.5484375 0.5287037037037037 0.026041666666666668 0.046296296296296294
3 0.725 0.5333333333333333 0.026041666666666668 0.046296296296296294
4 0.6203125 0.5398148148148149 0.026041666666666668 0.046296296296296294
4 0.5515625 0.5574074074074075 0.026041666666666668 0.046296296296296294
4 0.5 0.5657407407407408 0.026041666666666668 0.046296296296296294
4 0.5776041666666667 0.562962962962963 0.026041666666666668 0.046296296296296294
4 0.6088541666666667 0.5666666666666667 0.026041666666666668 0.046296296296296294
3 0.7411458333333333 0.5638888888888889 0.026041666666666668 0.046296296296296294
4 0.5994791666666667 0.5888888888888889 0.026041666666666668 0.046296296296296294
4 0.6265625 0.5861111111111111 0.026041666666666668 0.046296296296296294
3 0.7203125 0.6185185185185185 0.026041666666666668 0.046296296296296294
4 0.6010416666666667 0.6370370370370371 0.026041666666666668 0.046296296296296294
4 0.6 0.6583333333333333 0.026041666666666668 0.046296296296296294
4 0.6114583333333333 0.6583333333333333 0.026041666666666668 0.046296296296296294
1 0.7703125 0.6703703703703704 0.026041666666666668 0.046296296296296294
1 0.5640625 0.687037037037037 0.026041666666666668 0.046296296296296294
1 0.7526041666666666 0.6972222222222222 0.026041666666666668 0.046296296296296294
1 0.8822916666666667 0.7453703703703703 0.026041666666666668 0.046296296296296294
1 0.8630208333333333 0.8009259259259259 0.026041666666666668 0.046296296296296294
1 0.4578125 0.8212962962962963 0.026041666666666668 0.046296296296296294
1 0.7666666666666667 0.8379629629629629 0.026041666666666668 0.046296296296296294
1 0.825 0.8379629629629629 0.026041666666666668 0.046296296296296294
1 0.9822916666666667 0.8425925925925926 0.026041666666666668 0.046296296296296294
1 0.7322916666666667 0.8675925925925926 0.026041666666666668 0.046296296296296294
1 0.8296875 0.8694444444444445 0.026041666666666668 0.046296296296296294
1 0.8177083333333334 0.9203703703703704 0.026041666666666668 0.046296296296296294
1 0.703125 0.925 0.026041666666666668 0.046296296296296294
1 0.9619791666666667 0.9425925925925925 0.026041666666666668 0.046296296296296294
1 0.9916666666666667 0.8629629629629629 0.026041666666666668 0.046296296296296294
3 0.7479166666666667 0.6166666666666667 0.026041666666666668 0.046296296296296294
3 0.7625 0.5814814814814815 0.026041666666666668 0.046296296296296294
1 0.45 0.937037037037037 0.026041666666666668 0.046296296296296294
1 0.5916666666666667 0.7074074074074074 0.026041666666666668 0.046296296296296294
2 0.16979166666666667 0.42592592592592593 0.026041666666666668 0.046296296296296294
2 0.18541666666666667 0.4148148148148148 0.026041666666666668 0.046296296296296294
4 0.665625 0.5277777777777778 0.026041666666666668 0.046296296296296294
4 0.628125 0.512962962962963 0.026041666666666668 0.046296296296296294
4 0.48125 0.5203703703703704 0.026041666666666668 0.046296296296296294
4 0.4625 0.5166666666666667 0.026041666666666668 0.046296296296296294
4 0.46875 0.4351851851851852 0.026041666666666668 0.046296296296296294
1 0.7041666666666667 0.6796296296296296 0.026041666666666668 0.046296296296296294
3 0.753125 0.5611111111111111 0.026041666666666668 0.046296296296296294
