0 0.4708333333333333 0.09537037037037037 0.026041666666666668 0.046296296296296294
0 0.48385416666666664 0.10555555555555556 0.026041666666666668 0.046296296296296294
0 0.4828125 0.12314814814814815 0.026041666666666668 0.046296296296296294
0 0.45416666666666666 0.1259259259259259 0.026041666666666668 0.046296296296296294
0 0.4708333333333333 0.1287037037037037 0.026041666666666668 0.046296296296296294
0 0.49114583333333334 0.1287037037037037 0.026041666666666668 0.046296296296296294
0 0.4421875 0.13518518518518519 0.026041666666666668 0.046296296296296294
0 0.4479166666666667 0.13796296296296295 0.026041666666666668 0.046296296296296294
0 0.4625 0.13703703703703704 0.026041666666666668 0.046296296296296294
0 0.4296875 0.1425925925925926 0.026041666666666668 0.046296296296296294
0 0.45260416666666664 0.1398148148148148 0.026041666666666668 0.046296296296296294
0 0.4744791666666667 0.14537037037037037 0.026041666666666668 0.046296296296296294
0 0.478125 0.14444444444444443 0.026041666666666668 0.046296296296296294
0 0.46145833333333336 0.1527777777777778 0.026041666666666668 0.046296296296296294
0 0.4822916666666667 0.15555555555555556 0.026041666666666668 0.046296296296296294
0 0.43645833333333334 0.16296296296296298 0.026041666666666668 0.046296296296296294
0 0.4583333333333333 0.15833333333333333 0.026041666666666668 0.046296296296296294
0 0.465625 0.16018518518518518 0.026041666666666668 0.046296296296296294
0 0.47760416666666666 0.16018518518518518 0.026041666666666668 0.046296296296296294
0 0.4375 0.16666666666666666 0.026041666666666668 0.046296296296296294
0 0.45364583333333336 0.1675925925925926 0.026041666666666668 0.046296296296296294
0 0.49947916666666664 0.16666666666666666 0.026041666666666668 0.046296296296296294
0 0.43333333333333335 0.1787037037037037 0.026041666666666668 0.046296296296296294
0 0.4864583333333333 0.17592592592592593 0.026041666666666668 0.046296296296296294
0 0.5078125 0.17685185185185184 0.026041666666666668 0.046296296296296294
0 0.428125 0.18703703703703703 0.026041666666666668 0.046296296296296294
0 0.49947916666666664 0.18518518518518517 0.026041666666666668 0.046296296296296294
0 0.5083333333333333 0.18425925925925926 0.026041666666666668 0.046296296296296294
0 0.5036458333333333 0.1925925925925926 0.026041666666666668 0.046296296296296294
0 0.4822916666666667 0.19907407407407407 0.026041666666666668 0.046296296296296294
0 0.4942708333333333 0.2 0.026041666666666668 0.046296296296296294
0 0.515625 0.2064814814814815 0.026041666666666668 0.046296296296296294
0 0.45625 0.2212962962962963 0.026041666666666668 0.046296296296296294
0 0.4171875 0.2324074074074074 0.026041666666666668 0.046296296296296294
0 0.5026041666666666 0.22962962962962963 0.026041666666666668 0.046296296296296294
0 0.4583333333333333 0.23703703703703705 0.026041666666666668 0.046296296296296294
0 0.46197916666666666 0.23703703703703705 0.026041666666666668 0.046296296296296294
0 0.47291666666666665 0.23796296296296296 0.026041666666666668 0.046296296296296294
0 0.4703125 0.25462962962962965 0.026041666666666668 0.046296296296296294
0 0.4817708333333333 0.25277777777777777 0.026041666666666668 0.046296296296296294
0 0.4942708333333333 0.25462962962962965 0.026041666666666668 0.046296296296296294
0 0.515625 0.2601851851851852 0.026041666666666668 0.046296296296296294
0 0.4203125 0.26944444444444443 0.026041666666666668 0.046296296296296294
0 0.503125 0.27685185185185185 0.026041666666666668 0.046296296296296294
0 0.5213541666666667 0.2796296296296296 0.026041666666666668 0.046296296296296294
0 0.5494791666666666 0.2796296296296296 0.026041666666666668 0.046296296296296294
0 0.5151041666666667 0.2861111111111111 0.026041666666666668 0.046296296296296294
0 0.4822916666666667 0.29074074074074074 0.026041666666666668 0.046296296296296294
0 0.503125 0.2916666666666667 0.026041666666666668 0.046296296296296294
0 0.5421875 0.2916666666666667 0.026041666666666668 0.046296296296296294
0 0.5505208333333333 0.28888888888888886 0.026041666666666668 0.046296296296296294
0 0.6958333333333333 0.29074074074074074 0.026041666666666668 0.046296296296296294
0 0.7072916666666667 0.28888888888888886 0.026041666666666668 0.046296296296296294
0 0.453125 0.30185185185185187 0.026041666666666668 0.046296296296296294
0 0.4661458333333333 0.30277777777777776 0.026041666666666668 0.046296296296296294
0 0.5114583333333333 0.30185185185185187 0.026041666666666668 0.046296296296296294
0 0.42083333333333334 0.30833333333333335 0.026041666666666668 0.046296296296296294
0 0.43854166666666666 0.3074074074074074 0.026041666666666668 0.046296296296296294
0 0.44635416666666666 0.3074074074074074 0.026041666666666668 0.046296296296296294
0 0.475 0.3111111111111111 0.026041666666666668 0.046296296296296294
0 0.4265625 0.31851851851851853 0.026041666666666668 0.046296296296296294
0 0.49166666666666664 0.3138888888888889 0.026041666666666668 0.046296296296296294
0 0.41770833333333335 0.32407407407407407 0.026041666666666668 0.046296296296296294
0 0.4510416666666667 0.33055555555555555 0.026041666666666668 0.046296296296296294
4 0.45729166666666665 0.3398148148148148 0.026041666666666668 0.046296296296296294
4 0.5109375 0.337037037037037 0.026041666666666668 0.046296296296296294
4 0.44583333333333336 0.34629629629629627 0.026041666666666668 0.046296296296296294
4 0.5239583333333333 0.3490740740740741 0.026041666666666668 0.046296296296296294
4 0.37916666666666665 0.35555555555555557 0.026041666666666668 0.046296296296296294
4 0.3875 0.35648148148148145 0.026041666666666668 0.046296296296296294
4 0.39895833333333336 0.35555555555555557 0.026041666666666668 0.046296296296296294
4 0.45 0.35833333333333334 0.026041666666666668 0.046296296296296294
4 0.3703125 0.362962962962963 0.026041666666666668 0.046296296296296294
4 0.4244791666666667 0.3611111111111111 0.026041666666666668 0.046296296296296294
4 0.5026041666666666 0.3611111111111111 0.026041666666666668 0.046296296296296294
4 0.5296875 0.3638888888888889 0.026041666666666668 0.046296296296296294
4 0.4864583333333333 0.3712962962962963 0.026041666666666668 0.046296296296296294
4 0.490625 0.3675925925925926 0.026041666666666668 0.046296296296296294
4 0.5114583333333333 0.37407407407407406 0.026041666666666668 0.046296296296296294
3 0.6786458333333333 0.36944444444444446 0.026041666666666668 0.046296296296296294
4 0.38229166666666664 0.3787037037037037 0.026041666666666668 0.046296296296296294
4 0.3953125 0.3768518518518518 0.026041666666666668 0.046296296296296294
4 0.5020833333333333 0.3787037037037037 0.026041666666666668 0.046296296296296294
4 0.6546875 0.37777777777777777 0.026041666666666668 0.046296296296296294
2 0.19166666666666668 0.3907407407407407 0.026041666666666668 0.046296296296296294
2 0.21197916666666666 0.38981481481481484 0.026041666666666668 0.046296296296296294
2 0.2 0.39814814814814814 0.026041666666666668 0.046296296296296294
4 0.49947916666666664 0.40185185185185185 0.026041666666666668 0.046296296296296294
4 0.6536458333333334 0.4027777777777778 0.026041666666666668 0.046296296296296294
4 0.5130208333333334 0.4111111111111111 0.026041666666666668 0.046296296296296294
4 0.5 0.4185185185185185 0.026041666666666668 0.046296296296296294
4 0.453125 0.42592592592592593 0.026041666666666668 0.046296296296296294
4 0.6536458333333334 0.42592592592592593 0.026041666666666668 0.046296296296296294
4 0.5166666666666667 0.43148148148148147 0.026041666666666668 0.046296296296296294
4 0.6536458333333334 0.44166666666666665 0.026041666666666668 0.046296296296296294
3 0.70625 0.43703703703703706 0.026041666666666668 0.046296296296296294
4 0.5005208333333333 0.44814814814814813 0.026041666666666668 0.046296296296296294
4 0.5244791666666667 0.44907407407407407 0.026041666666666668 0.046296296296296294
4 0.6526041666666667 0.4564814814814815 0.026041666666666668 0.046296296296296294
3 0.675 0.46574074074074073 0.026041666666666668 0.046296296296296294
2 0.225 0.4787037037037037 0.026041666666666668 0.046296296296296294
4 0.5114583333333333 0.48703703703703705 0.026041666666666668 0.046296296296296294
4 0.6296875 0.48703703703703705 0.026041666666666668 0.046296296296296294
3 0.703125 0.49074074074074076 0.026041666666666668 0.046296296296296294
4 0.6104166666666667 0.5018518518518519 0.026041666666666668 0.046296296296296294
2 0.14375 0.5083333333333333 0.026041666666666668 0.046296296296296294
3 0.6958333333333333 0.5101851851851852 0.026041666666666668 0.046296296296296294
4 0.47291666666666665 0.5157407407407407 0.026041666666666668 0.046296296296296294
4 0.4947916666666667 0.5175925925925926 0.026041666666666668 0.046296296296296294
4 0.6369791666666667 0.5175925925925926 0.026041666666666668 0.046296296296296294
3 0.7036458333333333 0.5194444444444445 0.026041666666666668 0.046296296296296294
2 0.22083333333333333 0.5277777777777778 0.026041666666666668 0.046296296296296294
4 0.665625 0.525 0.026041666666666668 0.046296296296296294
4 0.4140625 0.5268518518518519 0.026041666666666668 0.046296296296296294
4 0.5328125 0.5342592592592592 0.026041666666666668 0.046296296296296294
3 0.7203125 0.5370370370370371 0.026041666666666668 0.046296296296296294
4 0.6395833333333333 0.5407407407407407 0.026041666666666668 0.046296296296296294
3 0.675 0.5435185185185185 0.026041666666666668 0.046296296296296294
4 0.4869791666666667 0.5481481481481482 0.026041666666666668 0.046296296296296294
4 0.3848958333333333 0.549074074074074 0.026041666666666668 0.046296296296296294
4 0.5578125 0.55 0.026041666666666668 0.046296296296296294
4 0.6166666666666667 0.5574074074074075 0.026041666666666668 0.046296296296296294
4 0.44479166666666664 0.5638888888888889 0.026041666666666668 0.046296296296296294
4 0.6 0.562962962962963 0.026041666666666668 0.046296296296296294
3 0.6671875 0.5666666666666667 0.026041666666666668 0.046296296296296294
3 0.73125 0.562962962962963 0.026041666666666668 0.046296296296296294
3 0.7588541666666667 0.562962962962963 0.026041666666666668 0.046296296296296294
4 0.5380208333333333 0.5703703703703704 0.026041666666666668 0.046296296296296294
4 0.58125 0.5740740740740741 0.026041666666666668 0.046296296296296294
4 0.4630208333333333 0.5907407407407408 0.026041666666666668 0.046296296296296294
4 0.5416666666666666 0.6092592592592593 0.026041666666666668 0.046296296296296294
2 0.18645833333333334 0.6203703703703703 0.026041666666666668 0.046296296296296294
2 0.2203125 0.6222222222222222 0.026041666666666668 0.046296296296296294
3 0.7447916666666666 0.6185185185185185 0.026041666666666668 0.046296296296296294
4 0.6536458333333334 0.6277777777777778 0.026041666666666668 0.046296296296296294
2 0.22864583333333333 0.6425925925925926 0.026041666666666668 0.046296296296296294
3 0.7166666666666667 0.6462962962962963 0.026041666666666668 0.046296296296296294
3 0.7630208333333334 0.6435185185185185 0.026041666666666668 0.046296296296296294
2 0.15729166666666666 0.6509259259259259 0.026041666666666668 0.046296296296296294
2 0.215625 0.6518518518518519 0.026041666666666668 0.046296296296296294
3 0.6828125 0.6601851851851852 0.026041666666666668 0.046296296296296294
3 0.6989583333333333 0.6574074074074074 0.026041666666666668 0.046296296296296294
1 0.14114583333333333 0.6759259259259259 0.026041666666666668 0.046296296296296294
1 0.7067708333333333 0.6712962962962963 0.026041666666666668 0.046296296296296294
1 0.7354166666666667 0.6712962962962963 0.026041666666666668 0.046296296296296294
1 0.7791666666666667 0.6824074074074075 0.026041666666666668 0.046296296296296294
1 0.20416666666666666 0.6888888888888889 0.026041666666666668 0.046296296296296294
1 0.4114583333333333 0.6898148148148148 0.026041666666666668 0.046296296296296294
1 0.1375 0.7074074074074074 0.026041666666666668 0.046296296296296294
1 0.13229166666666667 0.7305555555555555 0.026041666666666668 0.046296296296296294
1 0.1515625 0.7287037037037037 0.026041666666666668 0.046296296296296294
1 0.8833333333333333 0.7481481481481481 0.026041666666666668 0.046296296296296294
1 0.5989583333333334 0.7731481481481481 0.026041666666666668 0.046296296296296294
1 0.5078125 0.8185185185185185 0.026041666666666668 0.046296296296296294
1 0.815625 0.8453703703703703 0.026041666666666668 0.046296296296296294
1 0.6817708333333333 0.8416666666666667 0.026041666666666668 0.046296296296296294
1 0.7661458333333333 0.8425925925925926 0.026041666666666668 0.046296296296296294
1 0.9765625 0.8490740740740741 0.026041666666666668 0.046296296296296294
1 0.8291666666666667 0.8666666666666667 0.026041666666666668 0.046296296296296294
1 0.7854166666666667 0.8685185185185185 0.026041666666666668 0.046296296296296294
1 0.6333333333333333 0.9157407407407407 0.026041666666666668 0.046296296296296294
1 0.46927083333333336 0.9231481481481482 0.026041666666666668 0.046296296296296294
1 0.9666666666666667 0.9462962962962963 0.026041666666666668 0.046296296296296294
1 0.5473958333333333 0.9361111111111111 0.026041666666666668 0.046296296296296294
1 0.5119791666666667 0.9629629629629629 0.026041666666666668 0.046296296296296294
1 0.19791666666666666 0.7185185185185186 0.026041666666666668 0.046296296296296294
2 0.19479166666666667 0.5407407407407407 0.026041666666666668 0.046296296296296294
2 0.17916666666666667 0.4166666666666667 0.026041666666666668 0.046296296296296294
1 0.43125 0.8481481481481481 0.026041666666666668 0.046296296296296294
1 0.5166666666666667 0.8740740740740741 0.026041666666666668 0.046296296296296294
1 0.8739583333333333 0.8277777777777777 0.026041666666666668 0.046296296296296294
1 0.9947916666666666 0.8703703703703703 0.026041666666666668 0.046296296296296294
3 0.771875 0.5888888888888889 0.026041666666666668 0.046296296296296294
4 0.41770833333333335 0.5740740740740741 0.026041666666666668 0.046296296296296294
4 0.3875 0.5777777777777777 0.026041666666666668 0.046296296296296294
4 0.45208333333333334 0.5314814814814814 0.026041666666666668 0.046296296296296294
4 0.6177083333333333 0.6166666666666667 0.026041666666666668 0.046296296296296294
1 0.6760416666666667 0.6851851851851852 0.026041666666666668 0.046296296296296294
