0 0.4708333333333333 0.09444444444444444 0.026041666666666668 0.046296296296296294
0 0.49166666666666664 0.09722222222222222 0.026041666666666668 0.046296296296296294
0 0.47552083333333334 0.10740740740740741 0.026041666666666668 0.046296296296296294
0 0.48333333333333334 0.10648148148148148 0.026041666666666668 0.046296296296296294
0 0.4703125 0.11388888888888889 0.026041666666666668 0.046296296296296294
0 0.4828125 0.12314814814814815 0.026041666666666668 0.046296296296296294
0 0.4427083333333333 0.125 0.026041666666666668 0.046296296296296294
0 0.4453125 0.12685185185185185 0.026041666666666668 0.046296296296296294
0 0.4901041666666667 0.13148148148148148 0.026041666666666668 0.046296296296296294
0 0.46145833333333336 0.13425925925925927 0.026041666666666668 0.046296296296296294
0 0.4708333333333333 0.13796296296296295 0.026041666666666668 0.046296296296296294
0 0.4546875 0.14351851851851852 0.026041666666666668 0.046296296296296294
0 0.4739583333333333 0.14722222222222223 0.026041666666666668 0.046296296296296294
0 0.4625 0.15092592592592594 0.026041666666666668 0.046296296296296294
0 0.44583333333333336 0.1574074074074074 0.026041666666666668 0.046296296296296294
0 0.46979166666666666 0.17592592592592593 0.026041666666666668 0.046296296296296294
0 0.4864583333333333 0.175 0.026041666666666668 0.046296296296296294
0 0.49895833333333334 0.17314814814814813 0.026041666666666668 0.046296296296296294
0 0.44947916666666665 0.1814814814814815 0.026041666666666668 0.046296296296296294
0 0.49166666666666664 0.18425925925925926 0.026041666666666668 0.046296296296296294
0 0.4786458333333333 0.1925925925925926 0.026041666666666668 0.046296296296296294
0 0.4546875 0.2 0.026041666666666668 0.046296296296296294
0 0.5041666666666667 0.19814814814814816 0.026041666666666668 0.046296296296296294
0 0.5125 0.20092592592592592 0.026041666666666668 0.046296296296296294
0 0.4864583333333333 0.20833333333333334 0.026041666666666668 0.046296296296296294
0 0.44583333333333336 0.22037037037037038 0.026041666666666668 0.046296296296296294
0 0.4703125 0.22314814814814815 0.026041666666666668 0.046296296296296294
0 0.42083333333333334 0.23796296296296296 0.026041666666666668 0.046296296296296294
0 0.4505208333333333 0.2388888888888889 0.026041666666666668 0.046296296296296294
0 0.5151041666666667 0.23703703703703705 0.026041666666666668 0.046296296296296294
0 0.49895833333333334 0.25277777777777777 0.026041666666666668 0.046296296296296294
0 0.4322916666666667 0.2601851851851852 0.026041666666666668 0.046296296296296294
0 0.515625 0.2611111111111111 0.026041666666666668 0.046296296296296294
0 0.703125 0.25925925925925924 0.026041666666666668 0.046296296296296294
0 0.475 0.27037037037037037 0.026041666666666668 0.046296296296296294
0 0.5083333333333333 0.27037037037037037 0.026041666666666668 0.046296296296296294
0 0.4661458333333333 0.2777777777777778 0.026041666666666668 0.046296296296296294
0 0.4203125 0.2851851851851852 0.026041666666666668 0.046296296296296294
0 0.50625 0.28703703703703703 0.026041666666666668 0.046296296296296294
0 0.44375 0.2916666666666667 0.026041666666666668 0.046296296296296294
0 0.4609375 0.30185185185185187 0.026041666666666668 0.046296296296296294
0 0.49947916666666664 0.30185185185185187 0.026041666666666668 0.046296296296296294
0 0.5192708333333333 0.30092592592592593 0.026041666666666668 0.046296296296296294
0 0.415625 0.30833333333333335 0.026041666666666668 0.046296296296296294
0 0.43645833333333334 0.30833333333333335 0.026041666666666668 0.046296296296296294
0 0.4390625 0.30833333333333335 0.026041666666666668 0.046296296296296294
0 0.44947916666666665 0.30833333333333335 0.026041666666666668 0.046296296296296294
0 0.5151041666666667 0.31296296296296294 0.026041666666666668 0.046296296296296294
0 0.4578125 0.31851851851851853 0.026041666666666668 0.046296296296296294
0 0.5041666666666667 0.31574074074074077 0.026041666666666668 0.046296296296296294
0 0.4875 0.32222222222222224 0.026041666666666668 0.046296296296296294
0 0.44479166666666664 0.33240740740740743 0.026041666666666668 0.046296296296296294
0 0.5057291666666667 0.33055555555555555 0.026041666666666668 0.046296296296296294
0 0.5109375 0.33055555555555555 0.026041666666666668 0.046296296296296294
4 0.4609375 0.34074074074074073 0.026041666666666668 0.046296296296296294
4 0.47291666666666665 0.3398148148148148 0.026041666666666668 0.046296296296296294
4 0.490625 0.3398148148148148 0.026041666666666668 0.046296296296296294
4 0.3953125 0.34814814814814815 0.026041666666666668 0.046296296296296294
4 0.4161458333333333 0.3472222222222222 0.026041666666666668 0.046296296296296294
4 0.45 0.3472222222222222 0.026041666666666668 0.046296296296296294
4 0.4984375 0.3453703703703704 0.026041666666666668 0.046296296296296294
4 0.39010416666666664 0.35648148148148145 0.026041666666666668 0.046296296296296294
4 0.403125 0.35555555555555557 0.026041666666666668 0.046296296296296294
4 0.4270833333333333 0.35555555555555557 0.026041666666666668 0.046296296296296294
4 0.5114583333333333 0.35185185185185186 0.026041666666666668 0.046296296296296294
3 0.6854166666666667 0.35462962962962963 0.026041666666666668 0.046296296296296294
4 0.37916666666666665 0.3648148148148148 0.026041666666666668 0.046296296296296294
4 0.4203125 0.3638888888888889 0.026041666666666668 0.046296296296296294
4 0.390625 0.36944444444444446 0.026041666666666668 0.046296296296296294
4 0.403125 0.37037037037037035 0.026041666666666668 0.046296296296296294
4 0.42864583333333334 0.3685185185185185 0.026041666666666668 0.046296296296296294
4 0.4078125 0.3787037037037037 0.026041666666666668 0.046296296296296294
4 0.41510416666666666 0.38055555555555554 0.026041666666666668 0.046296296296296294
4 0.45260416666666664 0.38055555555555554 0.026041666666666668 0.046296296296296294
4 0.5114583333333333 0.37592592592592594 0.026041666666666668 0.046296296296296294
4 0.425 0.3861111111111111 0.026041666666666668 0.046296296296296294
2 0.190625 0.3925925925925926 0.026041666666666668 0.046296296296296294
2 0.20677083333333332 0.3925925925925926 0.026041666666666668 0.046296296296296294
4 0.4088541666666667 0.39444444444444443 0.026041666666666668 0.046296296296296294
4 0.43385416666666665 0.39351851851851855 0.026041666666666668 0.046296296296296294
4 0.4119791666666667 0.4046296296296296 0.026041666666666668 0.046296296296296294
4 0.4197916666666667 0.4009259259259259 0.026041666666666668 0.046296296296296294
4 0.659375 0.40370370370370373 0.026041666666666668 0.046296296296296294
2 0.18333333333333332 0.4111111111111111 0.026041666666666668 0.046296296296296294
2 0.2078125 0.4111111111111111 0.026041666666666668 0.046296296296296294
4 0.3734375 0.4083333333333333 0.026041666666666668 0.046296296296296294
4 0.38958333333333334 0.4074074074074074 0.026041666666666668 0.046296296296296294
4 0.40208333333333335 0.4111111111111111 0.026041666666666668 0.046296296296296294
4 0.465625 0.4064814814814815 0.026041666666666668 0.046296296296296294
4 0.5151041666666667 0.41203703703703703 0.026041666666666668 0.046296296296296294
4 0.4786458333333333 0.41759259259259257 0.026041666666666668 0.046296296296296294
4 0.65 0.41944444444444445 0.026041666666666668 0.046296296296296294
4 0.4119791666666667 0.42685185185185187 0.026041666666666668 0.046296296296296294
4 0.4947916666666667 0.425 0.026041666666666668 0.046296296296296294
4 0.39479166666666665 0.44074074074074077 0.026041666666666668 0.046296296296296294
4 0.4114583333333333 0.4388888888888889 0.026041666666666668 0.046296296296296294
4 0.45989583333333334 0.4388888888888889 0.026041666666666668 0.046296296296296294
4 0.5119791666666667 0.44074074074074077 0.026041666666666668 0.046296296296296294
4 0.6651041666666667 0.4388888888888889 0.026041666666666668 0.046296296296296294
3 0.7067708333333333 0.44074074074074077 0.026041666666666668 0.046296296296296294
4 0.3734375 0.45 0.026041666666666668 0.046296296296296294
4 0.47760416666666666 0.44907407407407407 0.026041666666666668 0.046296296296296294
4 0.5286458333333334 0.45185185185185184 0.026041666666666668 0.046296296296296294
3 0.6854166666666667 0.44907407407407407 0.026041666666666668 0.046296296296296294
3 0.6739583333333333 0.4564814814814815 0.026041666666666668 0.046296296296296294
4 0.3854166666666667 0.46574074074074073 0.026041666666666668 0.046296296296296294
4 0.4453125 0.4666666666666667 0.026041666666666668 0.046296296296296294
4 0.5213541666666667 0.4638888888888889 0.026041666666666668 0.046296296296296294
4 0.5276041666666667 0.46574074074074073 0.026041666666666668 0.046296296296296294
3 0.7161458333333334 0.46296296296296297 0.026041666666666668 0.046296296296296294
3 0.6859375 0.4722222222222222 0.026041666666666668 0.046296296296296294
4 0.47552083333333334 0.47962962962962963 0.026041666666666668 0.046296296296296294
4 0.4328125 0.487962962962963 0.026041666666666668 0.046296296296296294
4 0.5203125 0.48518518518518516 0.026041666666666668 0.046296296296296294
4 0.6234375 0.4861111111111111 0.026041666666666668 0.046296296296296294
3 0.6859375 0.487962962962963 0.026041666666666668 0.046296296296296294
4 0.46979166666666666 0.4962962962962963 0.026041666666666668 0.046296296296296294
3 0.7171875 0.49722222222222223 0.026041666666666668 0.046296296296296294
4 0.5375 0.5009259259259259 0.026041666666666668 0.046296296296296294
4 0.6114583333333333 0.5046296296296297 0.026041666666666668 0.046296296296296294
4 0.6317708333333333 0.5018518518518519 0.026041666666666668 0.046296296296296294
4 0.4005208333333333 0.5101851851851852 0.026041666666666668 0.046296296296296294
4 0.5515625 0.5101851851851852 0.026041666666666668 0.046296296296296294
4 0.6317708333333333 0.5166666666666667 0.026041666666666668 0.046296296296296294
3 0.6953125 0.5175925925925926 0.026041666666666668 0.046296296296296294
4 0.43645833333333334 0.525 0.026041666666666668 0.046296296296296294
4 0.5416666666666666 0.5231481481481481 0.026041666666666668 0.046296296296296294
3 0.6703125 0.525 0.026041666666666668 0.046296296296296294
2 0.1390625 0.5287037037037037 0.026041666666666668 0.046296296296296294
4 0.6020833333333333 0.5388888888888889 0.026041666666666668 0.046296296296296294
3 0.7286458333333333 0.5425925925925926 0.026041666666666668 0.046296296296296294
4 0.5473958333333333 0.549074074074074 0.026041666666666668 0.046296296296296294
4 0.6234375 0.5481481481481482 0.026041666666666668 0.046296296296296294
4 0.49947916666666664 0.5574074074074075 0.026041666666666668 0.046296296296296294
4 0.5697916666666667 0.5546296296296296 0.026041666666666668 0.046296296296296294
3 0.7416666666666667 0.5675925925925925 0.026041666666666668 0.046296296296296294
4 0.4296875 0.5712962962962963 0.026041666666666668 0.046296296296296294
4 0.43854166666666666 0.5722222222222222 0.026041666666666668 0.046296296296296294
3 0.6708333333333333 0.5694444444444444 0.026041666666666668 0.046296296296296294
4 0.5328125 0.5824074074074074 0.026041666666666668 0.046296296296296294
4 0.5317708333333333 0.600925925925926 0.026041666666666668 0.046296296296296294
4 0.48125 0.6222222222222222 0.026041666666666668 0.046296296296296294
4 0.6005208333333333 0.6416666666666667 0.026041666666666668 0.046296296296296294
3 0.7359375 0.6546296296296297 0.026041666666666668 0.046296296296296294
4 0.4140625 0.6537037037037037 0.026041666666666668 0.046296296296296294
1 0.7697916666666667 0.6777777777777778 0.026041666666666668 0.046296296296296294
1 0.4453125 0.6944444444444444 0.026041666666666668 0.046296296296296294
1 0.8848958333333333 0.7416666666666667 0.026041666666666668 0.046296296296296294
1 0.6494791666666667 0.7657407407407407 0.026041666666666668 0.046296296296296294
1 0.5442708333333334 0.7564814814814815 0.026041666666666668 0.046296296296296294
1 0.5875 0.7824074074074074 0.026041666666666668 0.046296296296296294
1 0.7114583333333333 0.7824074074074074 0.026041666666666668 0.046296296296296294
1 0.8630208333333333 0.799074074074074 0.026041666666666668 0.046296296296296294
1 0.6348958333333333 0.8055555555555556 0.026041666666666668 0.046296296296296294
1 0.8375 0.8296296296296296 0.026041666666666668 0.046296296296296294
1 0.709375 0.8453703703703703 0.026041666666666668 0.046296296296296294
1 0.9697916666666667 0.8537037037037037 0.026041666666666668 0.046296296296296294
1 0.9947916666666666 0.8555555555555555 0.026041666666666668 0.046296296296296294
1 0.7661458333333333 0.8675925925925926 0.026041666666666668 0.046296296296296294
1 0.8786458333333333 0.8907407407407407 0.026041666666666668 0.046296296296296294
1 0.8192708333333333 0.9194444444444444 0.026041666666666668 0.046296296296296294
1 0.9651041666666667 0.9435185185185185 0.026041666666666668 0.046296296296296294
2 0.19583333333333333 0.43333333333333335 0.026041666666666668 0.046296296296296294
4 0.590625 0.5648148148148148 0.026041666666666668 0.046296296296296294
4 0.378125 0.5074074074074074 0.026041666666666668 0.046296296296296294
3 0.76875 0.5814814814814815 0.026041666666666668 0.046296296296296294
3 0.753125 0.512962962962963 0.026041666666666668 0.046296296296296294
