0 0.47552083333333334 0.08981481481481482 0.026041666666666668 0.046296296296296294
0 0.48489583333333336 0.09814814814814815 0.026041666666666668 0.046296296296296294
0 0.4828125 0.12037037037037036 0.026041666666666668 0.046296296296296294
0 0.4953125 0.12314814814814815 0.026041666666666668 0.046296296296296294
0 0.4625 0.13425925925925927 0.026041666666666668 0.046296296296296294
0 0.4875 0.13703703703703704 0.026041666666666668 0.046296296296296294
0 0.4375 0.14351851851851852 0.026041666666666668 0.046296296296296294
0 0.45 0.14351851851851852 0.026041666666666668 0.046296296296296294
0 0.4588541666666667 0.14351851851851852 0.026041666666666668 0.046296296296296294
0 0.4713541666666667 0.1425925925925926 0.026041666666666668 0.046296296296296294
0 0.47552083333333334 0.14444444444444443 0.026041666666666668 0.046296296296296294
0 0.4822916666666667 0.14444444444444443 0.026041666666666668 0.046296296296296294
0 0.43020833333333336 0.1537037037037037 0.026041666666666668 0.046296296296296294
0 0.45 0.16018518518518518 0.026041666666666668 0.046296296296296294
0 0.4630208333333333 0.16111111111111112 0.026041666666666668 0.046296296296296294
0 0.4869791666666667 0.1685185185185185 0.026041666666666668 0.046296296296296294
0 0.43385416666666665 0.17685185185185184 0.026041666666666668 0.046296296296296294
0 0.5005208333333333 0.17222222222222222 0.026041666666666668 0.046296296296296294
0 0.43854166666666666 0.18518518518518517 0.026041666666666668 0.046296296296296294
0 0.4666666666666667 0.1824074074074074 0.026041666666666668 0.046296296296296294
0 0.4953125 0.19166666666666668 0.026041666666666668 0.046296296296296294
0 0.4328125 0.2037037037037037 0.026041666666666668 0.046296296296296294
0 0.4875 0.19722222222222222 0.026041666666666668 0.046296296296296294
0 0.42552083333333335 0.20555555555555555 0.026041666666666668 0.046296296296296294
0 0.4708333333333333 0.22777777777777777 0.026041666666666668 0.046296296296296294
0 0.5026041666666666 0.23148148148148148 0.026041666666666668 0.046296296296296294
0 0.45364583333333336 0.23796296296296296 0.026041666666666668 0.046296296296296294
0 0.42864583333333334 0.2462962962962963 0.026041666666666668 0.046296296296296294
0 0.5026041666666666 0.24074074074074073 0.026041666666666668 0.046296296296296294
0 0.5135416666666667 0.2462962962962963 0.026041666666666668 0.046296296296296294
0 0.4739583333333333 0.25277777777777777 0.026041666666666668 0.046296296296296294
0 0.49114583333333334 0.2518518518518518 0.026041666666666668 0.046296296296296294
0 0.49114583333333334 0.275 0.026041666666666668 0.046296296296296294
0 0.4666666666666667 0.2851851851851852 0.026041666666666668 0.046296296296296294
0 0.4197916666666667 0.2935185185185185 0.026041666666666668 0.046296296296296294
0 0.490625 0.29259259259259257 0.026041666666666668 0.046296296296296294
0 0.5197916666666667 0.2953703703703704 0.026041666666666668 0.046296296296296294
0 0.6958333333333333 0.29259259259259257 0.026041666666666668 0.046296296296296294
0 0.5083333333333333 0.29814814814814816 0.026041666666666668 0.046296296296296294
0 0.5151041666666667 0.3111111111111111 0.026041666666666668 0.046296296296296294
0 0.42083333333333334 0.3138888888888889 0.026041666666666668 0.046296296296296294
0 0.43020833333333336 0.31666666666666665 0.026041666666666668 0.046296296296296294
0 0.7020833333333333 0.31203703703703706 0.026041666666666668 0.046296296296296294
0 0.4817708333333333 0.32685185185185184 0.026041666666666668 0.046296296296296294
0 0.5114583333333333 0.32592592592592595 0.026041666666666668 0.046296296296296294
0 0.44479166666666664 0.33055555555555555 0.026041666666666668 0.046296296296296294
0 0.453125 0.33240740740740743 0.026041666666666668 0.046296296296296294
4 0.50625 0.3333333333333333 0.026041666666666668 0.046296296296296294
4 0.4828125 0.3388888888888889 0.026041666666666668 0.046296296296296294
4 0.5020833333333333 0.3435185185185185 0.026041666666666668 0.046296296296296294
4 0.4453125 0.34814814814814815 0.026041666666666668 0.046296296296296294
4 0.4625 0.3490740740740741 0.026041666666666668 0.046296296296296294
4 0.37083333333333335 0.35462962962962963 0.026041666666666668 0.046296296296296294
4 0.3828125 0.35555555555555557 0.026041666666666668 0.046296296296296294
4 0.4375 0.35648148148148145 0.026041666666666668 0.046296296296296294
4 0.503125 0.35648148148148145 0.026041666666666668 0.046296296296296294
4 0.5072916666666667 0.3638888888888889 0.026041666666666668 0.046296296296296294
4 0.375 0.37407407407407406 0.026041666666666668 0.046296296296296294
2 0.21979166666666666 0.37777777777777777 0.026041666666666668 0.046296296296296294
4 0.5229166666666667 0.3861111111111111 0.026041666666666668 0.046296296296296294
4 0.43645833333333334 0.39537037037037037 0.026041666666666668 0.046296296296296294
4 0.5114583333333333 0.39444444444444443 0.026041666666666668 0.046296296296296294
4 0.6651041666666667 0.39351851851851855 0.026041666666666668 0.046296296296296294
4 0.3958333333333333 0.4027777777777778 0.026041666666666668 0.046296296296296294
4 0.4 0.4046296296296296 0.026041666666666668 0.046296296296296294
4 0.42083333333333334 0.4009259259259259 0.026041666666666668 0.046296296296296294
4 0.5072916666666667 0.4027777777777778 0.026041666666666668 0.046296296296296294
4 0.4328125 0.412962962962963 0.026041666666666668 0.046296296296296294
4 0.6494791666666667 0.4064814814814815 0.026041666666666668 0.046296296296296294
3 0.7125 0.4074074074074074 0.026041666666666668 0.046296296296296294
2 0.1890625 0.41388888888888886 0.026041666666666668 0.046296296296296294
2 0.20625 0.41388888888888886 0.026041666666666668 0.046296296296296294
4 0.37864583333333335 0.42592592592592593 0.026041666666666668 0.046296296296296294
4 0.43333333333333335 0.42592592592592593 0.026041666666666668 0.046296296296296294
4 0.6609375 0.42685185185185187 0.026041666666666668 0.046296296296296294
2 0.17552083333333332 0.43148148148148147 0.026041666666666668 0.046296296296296294
4 0.4744791666666667 0.4351851851851852 0.026041666666666668 0.046296296296296294
4 0.39895833333333336 0.4425925925925926 0.026041666666666668 0.046296296296296294
3 0.6734375 0.44166666666666665 0.026041666666666668 0.046296296296296294
3 0.6911458333333333 0.44074074074074077 0.026041666666666668 0.046296296296296294
4 0.43125 0.44722222222222224 0.026041666666666668 0.046296296296296294
4 0.5119791666666667 0.44907407407407407 0.026041666666666668 0.046296296296296294
3 0.684375 0.4444444444444444 0.026041666666666668 0.046296296296296294
4 0.38385416666666666 0.45555555555555555 0.026041666666666668 0.046296296296296294
4 0.46458333333333335 0.45740740740740743 0.026041666666666668 0.046296296296296294
4 0.4984375 0.4546296296296296 0.026041666666666668 0.046296296296296294
4 0.45364583333333336 0.46574074074074073 0.026041666666666668 0.046296296296296294
3 0.66875 0.4648148148148148 0.026041666666666668 0.046296296296296294
3 0.6911458333333333 0.4648148148148148 0.026041666666666668 0.046296296296296294
4 0.6208333333333333 0.4787037037037037 0.026041666666666668 0.046296296296296294
3 0.6770833333333334 0.48055555555555557 0.026041666666666668 0.046296296296296294
4 0.43385416666666665 0.48703703703703705 0.026041666666666668 0.046296296296296294
4 0.6286458333333333 0.487962962962963 0.026041666666666668 0.046296296296296294
4 0.5036458333333333 0.4925925925925926 0.026041666666666668 0.046296296296296294
4 0.6041666666666666 0.49537037037037035 0.026041666666666668 0.046296296296296294
3 0.6776041666666667 0.49444444444444446 0.026041666666666668 0.046296296296296294
4 0.6166666666666667 0.5037037037037037 0.026041666666666668 0.046296296296296294
3 0.6916666666666667 0.5101851851851852 0.026041666666666668 0.046296296296296294
4 0.4708333333333333 0.5166666666666667 0.026041666666666668 0.046296296296296294
4 0.6557291666666667 0.5157407407407407 0.026041666666666668 0.046296296296296294
4 0.59375 0.525 0.026041666666666668 0.046296296296296294
4 0.665625 0.5268518518518519 0.026041666666666668 0.046296296296296294
4 0.459375 0.5314814814814814 0.026041666666666668 0.046296296296296294
4 0.5078125 0.5324074074074074 0.026041666666666668 0.046296296296296294
4 0.6197916666666666 0.5351851851851852 0.026041666666666668 0.046296296296296294
3 0.690625 0.5416666666666666 0.026041666666666668 0.046296296296296294
3 0.7239583333333334 0.5416666666666666 0.026041666666666668 0.046296296296296294
4 0.6161458333333333 0.55 0.026041666666666668 0.046296296296296294
3 0.7114583333333333 0.5462962962962963 0.026041666666666668 0.046296296296296294
4 0.41041666666666665 0.5518518518518518 0.026041666666666668 0.046296296296296294
4 0.5192708333333333 0.5555555555555556 0.026041666666666668 0.046296296296296294
4 0.4276041666666667 0.5648148148148148 0.026041666666666668 0.046296296296296294
4 0.6119791666666666 0.5824074074074074 0.026041666666666668 0.046296296296296294
3 0.7 0.5814814814814815 0.026041666666666668 0.046296296296296294
3 0.765625 0.5787037037037037 0.026041666666666668 0.046296296296296294
4 0.503125 0.5833333333333334 0.026041666666666668 0.046296296296296294
4 0.63125 0.5879629629629629 0.026041666666666668 0.046296296296296294
4 0.5244791666666667 0.5925925925925926 0.026041666666666668 0.046296296296296294
4 0.5994791666666667 0.5925925925925926 0.026041666666666668 0.046296296296296294
4 0.665625 0.5944444444444444 0.026041666666666668 0.046296296296296294
3 0.6875 0.5972222222222222 0.026041666666666668 0.046296296296296294
3 0.7380208333333333 0.5953703703703703 0.026041666666666668 0.046296296296296294
4 0.6510416666666666 0.612037037037037 0.026041666666666668 0.046296296296296294
4 0.5328125 0.6259259259259259 0.026041666666666668 0.046296296296296294
4 0.5703125 0.637962962962963 0.026041666666666668 0.046296296296296294
4 0.6010416666666667 0.6444444444444445 0.026041666666666668 0.046296296296296294
3 0.7666666666666667 0.6657407407407407 0.026041666666666668 0.046296296296296294
1 0.7104166666666667 0.6685185185185185 0.026041666666666668 0.046296296296296294
1 0.7776041666666667 0.7129629629629629 0.026041666666666668 0.046296296296296294
1 0.4140625 0.7185185185185186 0.026041666666666668 0.046296296296296294
1 0.55625 0.7324074074074074 0.026041666666666668 0.046296296296296294
1 0.6359375 0.7462962962962963 0.026041666666666668 0.046296296296296294
1 0.20729166666666668 0.7537037037037037 0.026041666666666668 0.046296296296296294
1 0.6651041666666667 0.7527777777777778 0.026041666666666668 0.046296296296296294
1 0.8817708333333333 0.7472222222222222 0.026041666666666668 0.046296296296296294
1 0.503125 0.7583333333333333 0.026041666666666668 0.046296296296296294
1 0.19010416666666666 0.7731481481481481 0.026041666666666668 0.046296296296296294
1 0.7447916666666666 0.7953703703703704 0.026041666666666668 0.046296296296296294
1 0.5729166666666666 0.8 0.026041666666666668 0.046296296296296294
1 0.3494791666666667 0.8037037037037037 0.026041666666666668 0.046296296296296294
1 0.875 0.8342592592592593 0.026041666666666668 0.046296296296296294
1 0.30885416666666665 0.8462962962962963 0.026041666666666668 0.046296296296296294
1 0.6635416666666667 0.8453703703703703 0.026041666666666668 0.046296296296296294
1 0.790625 0.8407407407407408 0.026041666666666668 0.046296296296296294
1 0.47291666666666665 0.8731481481481481 0.026041666666666668 0.046296296296296294
1 0.4390625 0.9037037037037037 0.026041666666666668 0.046296296296296294
1 0.321875 0.9361111111111111 0.026041666666666668 0.046296296296296294
1 0.85 0.9537037037037037 0.026041666666666668 0.046296296296296294
1 0.9651041666666667 0.9490740740740741 0.026041666666666668 0.046296296296296294
1 0.12447916666666667 0.9574074074074074 0.026041666666666668 0.046296296296296294
1 0.5473958333333333 0.9712962962962963 0.026041666666666668 0.046296296296296294
1 0.8359375 0.9972222222222222 0.026041666666666668 0.046296296296296294
1 0.15729166666666666 0.8481481481481481 0.026041666666666668 0.046296296296296294
1 0.24583333333333332 0.7574074074074074 0.026041666666666668 0.046296296296296294
1 0.38333333333333336 0.9092592592592592 0.026041666666666668 0.046296296296296294
1 0.5385416666666667 0.762962962962963 0.026041666666666668 0.046296296296296294
1 0.50625 0.8240740740740741 0.026041666666666668 0.046296296296296294
1 0.6072916666666667 0.8166666666666667 0.026041666666666668 0.046296296296296294
1 0.83125 0.7518518518518519 0.026041666666666668 0.046296296296296294
3 0.753125 0.5611111111111111 0.026041666666666668 0.046296296296296294
3 0.7364583333333333 0.5574074074074075 0.026041666666666668 0.046296296296296294
4 0.6104166666666667 0.6129629629629629 0.026041666666666668 0.046296296296296294
4 0.375 0.5685185185185185 0.026041666666666668 0.046296296296296294
4 0.4 0.49074074074074076 0.026041666666666668 0.046296296296296294
4 0.39375 0.5962962962962963 0.026041666666666668 0.046296296296296294
1 0.821875 0.8740740740740741 0.026041666666666668 0.046296296296296294
1 0.8322916666666667 0.8296296296296296 0.026041666666666668 0.046296296296296294
1 0.9020833333333333 0.9555555555555556 0.026041666666666668 0.046296296296296294
