0 0.4828125 0.12222222222222222 0.026041666666666668 0.046296296296296294
0 0.47708333333333336 0.13055555555555556 0.026041666666666668 0.046296296296296294
0 0.490625 0.12962962962962962 0.026041666666666668 0.046296296296296294
0 0.44947916666666665 0.13518518518518519 0.026041666666666668 0.046296296296296294
0 0.4578125 0.13518518518518519 0.026041666666666668 0.046296296296296294
0 0.46197916666666666 0.13796296296296295 0.026041666666666668 0.046296296296296294
0 0.46979166666666666 0.13703703703703704 0.026041666666666668 0.046296296296296294
0 0.478125 0.14444444444444443 0.026041666666666668 0.046296296296296294
0 0.4625 0.1537037037037037 0.026041666666666668 0.046296296296296294
0 0.4739583333333333 0.1537037037037037 0.026041666666666668 0.046296296296296294
0 0.48385416666666664 0.15462962962962962 0.026041666666666668 0.046296296296296294
0 0.490625 0.15185185185185185 0.026041666666666668 0.046296296296296294
0 0.4546875 0.1685185185185185 0.026041666666666668 0.046296296296296294
0 0.4828125 0.17037037037037037 0.026041666666666668 0.046296296296296294
0 0.4328125 0.17685185185185184 0.026041666666666668 0.046296296296296294
0 0.4744791666666667 0.17777777777777778 0.026041666666666668 0.046296296296296294
0 0.4942708333333333 0.175 0.026041666666666668 0.046296296296296294
0 0.5088541666666667 0.17407407407407408 0.026041666666666668 0.046296296296296294
0 0.515625 0.17592592592592593 0.026041666666666668 0.046296296296296294
0 0.4265625 0.18703703703703703 0.026041666666666668 0.046296296296296294
0 0.4953125 0.1925925925925926 0.026041666666666668 0.046296296296296294
0 0.5114583333333333 0.19444444444444445 0.026041666666666668 0.046296296296296294
0 0.44947916666666665 0.19814814814814816 0.026041666666666668 0.046296296296296294
0 0.4546875 0.21203703703703702 0.026041666666666668 0.046296296296296294
0 0.47760416666666666 0.21388888888888888 0.026041666666666668 0.046296296296296294
0 0.4625 0.22037037037037038 0.026041666666666668 0.046296296296296294
0 0.5151041666666667 0.23148148148148148 0.026041666666666668 0.046296296296296294
0 0.5010416666666667 0.25925925925925924 0.026041666666666668 0.046296296296296294
0 0.5057291666666667 0.26296296296296295 0.026041666666666668 0.046296296296296294
0 0.47708333333333336 0.27314814814814814 0.026041666666666668 0.046296296296296294
0 0.4895833333333333 0.27685185185185185 0.026041666666666668 0.046296296296296294
0 0.4979166666666667 0.2814814814814815 0.026041666666666668 0.046296296296296294
0 0.5098958333333333 0.2824074074074074 0.026041666666666668 0.046296296296296294
0 0.6911458333333333 0.28425925925925927 0.026041666666666668 0.046296296296296294
0 0.44895833333333335 0.29814814814814816 0.026041666666666668 0.046296296296296294
0 0.5109375 0.3 0.026041666666666668 0.046296296296296294
0 0.428125 0.30648148148148147 0.026041666666666668 0.046296296296296294
0 0.4703125 0.30925925925925923 0.026041666666666668 0.046296296296296294
0 0.515625 0.30925925925925923 0.026041666666666668 0.046296296296296294
0 0.43802083333333336 0.31574074074074077 0.026041666666666668 0.046296296296296294
0 0.45 0.3296296296296296 0.026041666666666668 0.046296296296296294
0 0.45677083333333335 0.3314814814814815 0.026041666666666668 0.046296296296296294
4 0.46458333333333335 0.34074074074074073 0.026041666666666668 0.046296296296296294
4 0.4859375 0.3388888888888889 0.026041666666666668 0.046296296296296294
4 0.4119791666666667 0.34814814814814815 0.026041666666666668 0.046296296296296294
4 0.44375 0.3472222222222222 0.026041666666666668 0.046296296296296294
4 0.4703125 0.3453703703703704 0.026041666666666668 0.046296296296296294
4 0.5234375 0.3490740740740741 0.026041666666666668 0.046296296296296294
4 0.39114583333333336 0.3574074074074074 0.026041666666666668 0.046296296296296294
4 0.4 0.35555555555555557 0.026041666666666668 0.046296296296296294
4 0.4317708333333333 0.3527777777777778 0.026041666666666668 0.046296296296296294
4 0.45260416666666664 0.35555555555555557 0.026041666666666668 0.046296296296296294
4 0.38385416666666666 0.362962962962963 0.026041666666666668 0.046296296296296294
4 0.4171875 0.3638888888888889 0.026041666666666668 0.046296296296296294
4 0.49375 0.362962962962963 0.026041666666666668 0.046296296296296294
4 0.5244791666666667 0.3638888888888889 0.026041666666666668 0.046296296296296294
4 0.5114583333333333 0.3731481481481482 0.026041666666666668 0.046296296296296294
4 0.4036458333333333 0.37777777777777777 0.026041666666666668 0.046296296296296294
4 0.38645833333333335 0.3861111111111111 0.026041666666666668 0.046296296296296294
4 0.43385416666666665 0.3888888888888889 0.026041666666666668 0.046296296296296294
4 0.5276041666666667 0.3861111111111111 0.026041666666666668 0.046296296296296294
3 0.675 0.387037037037037 0.026041666666666668 0.046296296296296294
4 0.4036458333333333 0.39351851851851855 0.026041666666666668 0.046296296296296294
4 0.521875 0.39537037037037037 0.026041666666666668 0.046296296296296294
4 0.6505208333333333 0.39166666666666666 0.026041666666666668 0.046296296296296294
4 0.37395833333333334 0.4027777777777778 0.026041666666666668 0.046296296296296294
4 0.3958333333333333 0.4064814814814815 0.026041666666666668 0.046296296296296294
4 0.5078125 0.40185185185185185 0.026041666666666668 0.046296296296296294
2 0.18125 0.40925925925925927 0.026041666666666668 0.046296296296296294
2 0.196875 0.4046296296296296 0.026041666666666668 0.046296296296296294
4 0.5036458333333333 0.4185185185185185 0.026041666666666668 0.046296296296296294
4 0.5125 0.41759259259259257 0.026041666666666668 0.046296296296296294
4 0.43645833333333334 0.4212962962962963 0.026041666666666668 0.046296296296296294
4 0.45364583333333336 0.42407407407407405 0.026041666666666668 0.046296296296296294
4 0.5166666666666667 0.43425925925925923 0.026041666666666668 0.046296296296296294
2 0.19427083333333334 0.4398148148148148 0.026041666666666668 0.046296296296296294
3 0.7072916666666667 0.43796296296296294 0.026041666666666668 0.046296296296296294
4 0.43697916666666664 0.4537037037037037 0.026041666666666668 0.046296296296296294
4 0.5234375 0.4601851851851852 0.026041666666666668 0.046296296296296294
4 0.5135416666666667 0.46296296296296297 0.026041666666666668 0.046296296296296294
4 0.6625 0.4638888888888889 0.026041666666666668 0.046296296296296294
3 0.7203125 0.46574074074074073 0.026041666666666668 0.046296296296296294
2 0.16614583333333333 0.47685185185185186 0.026041666666666668 0.046296296296296294
4 0.6234375 0.48333333333333334 0.026041666666666668 0.046296296296296294
3 0.6859375 0.4861111111111111 0.026041666666666668 0.046296296296296294
4 0.6083333333333333 0.5046296296296297 0.026041666666666668 0.046296296296296294
3 0.7114583333333333 0.5037037037037037 0.026041666666666668 0.046296296296296294
3 0.6979166666666666 0.512962962962963 0.026041666666666668 0.046296296296296294
4 0.3927083333333333 0.5111111111111111 0.026041666666666668 0.046296296296296294
4 0.42083333333333334 0.5064814814814815 0.026041666666666668 0.046296296296296294
4 0.4869791666666667 0.5166666666666667 0.026041666666666668 0.046296296296296294
4 0.6354166666666666 0.5185185185185185 0.026041666666666668 0.046296296296296294
4 0.528125 0.525 0.026041666666666668 0.046296296296296294
4 0.6651041666666667 0.5277777777777778 0.026041666666666668 0.046296296296296294
3 0.6901041666666666 0.5277777777777778 0.026041666666666668 0.046296296296296294
4 0.6322916666666667 0.5361111111111111 0.026041666666666668 0.046296296296296294
3 0.721875 0.5342592592592592 0.026041666666666668 0.046296296296296294
4 0.5036458333333333 0.5425925925925926 0.026041666666666668 0.046296296296296294
4 0.5453125 0.5472222222222223 0.026041666666666668 0.046296296296296294
4 0.6036458333333333 0.5592592592592592 0.026041666666666668 0.046296296296296294
4 0.55 0.562037037037037 0.026041666666666668 0.046296296296296294
4 0.5734375 0.5574074074074075 0.026041666666666668 0.046296296296296294
4 0.6541666666666667 0.562037037037037 0.026041666666666668 0.046296296296296294
3 0.7270833333333333 0.5555555555555556 0.026041666666666668 0.046296296296296294
3 0.7567708333333333 0.5638888888888889 0.026041666666666668 0.046296296296296294
4 0.5942708333333333 0.5685185185185185 0.026041666666666668 0.046296296296296294
3 0.7645833333333333 0.5740740740740741 0.026041666666666668 0.046296296296296294
3 0.740625 0.5972222222222222 0.026041666666666668 0.046296296296296294
4 0.496875 0.6037037037037037 0.026041666666666668 0.046296296296296294
4 0.48333333333333334 0.6194444444444445 0.026041666666666668 0.046296296296296294
4 0.5078125 0.6185185185185185 0.026041666666666668 0.046296296296296294
4 0.4197916666666667 0.6277777777777778 0.026041666666666668 0.046296296296296294
4 0.465625 0.6324074074074074 0.026041666666666668 0.046296296296296294
2 0.20572916666666666 0.662962962962963 0.026041666666666668 0.046296296296296294
4 0.38125 0.6648148148148149 0.026041666666666668 0.046296296296296294
4 0.6041666666666666 0.6657407407407407 0.026041666666666668 0.046296296296296294
1 0.6901041666666666 0.675 0.026041666666666668 0.046296296296296294
1 0.7026041666666667 0.6787037037037037 0.026041666666666668 0.046296296296296294
1 0.4109375 0.687037037037037 0.026041666666666668 0.046296296296296294
1 0.6557291666666667 0.6935185185185185 0.026041666666666668 0.046296296296296294
1 0.5911458333333334 0.7212962962962963 0.026041666666666668 0.046296296296296294
1 0.115625 0.7268518518518519 0.026041666666666668 0.046296296296296294
1 0.15364583333333334 0.7342592592592593 0.026041666666666668 0.046296296296296294
1 0.8854166666666666 0.7518518518518519 0.026041666666666668 0.046296296296296294
1 0.16302083333333334 0.7851851851851852 0.026041666666666668 0.046296296296296294
1 0.12552083333333333 0.7898148148148149 0.026041666666666668 0.046296296296296294
1 0.125 0.8222222222222222 0.026041666666666668 0.046296296296296294
1 0.15364583333333334 0.8305555555555556 0.026041666666666668 0.046296296296296294
1 0.17552083333333332 0.8314814814814815 0.026041666666666668 0.046296296296296294
1 0.7583333333333333 0.8379629629629629 0.026041666666666668 0.046296296296296294
1 0.8244791666666667 0.8379629629629629 0.026041666666666668 0.046296296296296294
1 0.196875 0.8472222222222222 0.026041666666666668 0.046296296296296294
1 0.978125 0.8472222222222222 0.026041666666666668 0.046296296296296294
1 0.784375 0.8712962962962963 0.026041666666666668 0.046296296296296294
1 0.6302083333333334 0.8722222222222222 0.026041666666666668 0.046296296296296294
1 0.6901041666666666 0.8722222222222222 0.026041666666666668 0.046296296296296294
1 0.45 0.8981481481481481 0.026041666666666668 0.046296296296296294
1 0.5026041666666666 0.8916666666666667 0.026041666666666668 0.046296296296296294
1 0.024479166666666666 0.937962962962963 0.026041666666666668 0.046296296296296294
1 0.96875 0.9490740740740741 0.026041666666666668 0.046296296296296294
1 0.32135416666666666 0.9629629629629629 0.026041666666666668 0.046296296296296294
1 0.39791666666666664 0.9583333333333334 0.026041666666666668 0.046296296296296294
1 0.044270833333333336 0.987037037037037 0.026041666666666668 0.046296296296296294
1 0.14791666666666667 0.9851851851851852 0.026041666666666668 0.046296296296296294
1 0.5890625 0.9944444444444445 0.026041666666666668 0.046296296296296294
1 0.08854166666666667 0.8814814814814815 0.026041666666666668 0.046296296296296294
1 0.059375 0.85 0.026041666666666668 0.046296296296296294
1 0.084375 0.8092592592592592 0.026041666666666668 0.046296296296296294
1 0.22604166666666667 0.762962962962963 0.026041666666666668 0.046296296296296294
1 0.22604166666666667 0.7074074074074074 0.026041666666666668 0.046296296296296294
2 0.22708333333333333 0.6111111111111112 0.026041666666666668 0.046296296296296294
2 0.21770833333333334 0.45925925925925926 0.026041666666666668 0.046296296296296294
2 0.221875 0.39814814814814814 0.026041666666666668 0.046296296296296294
2 0.209375 0.42592592592592593 0.026041666666666668 0.046296296296296294
1 0.43125 0.9462962962962963 0.026041666666666668 0.046296296296296294
1 0.8697916666666666 0.8203703703703704 0.026041666666666668 0.046296296296296294
1 0.8270833333333333 0.8685185185185185 0.026041666666666668 0.046296296296296294
1 0.99375 0.8518518518518519 0.026041666666666668 0.046296296296296294
3 0.7666666666666667 0.6370370370370371 0.026041666666666668 0.046296296296296294
1 0.7822916666666667 0.7 0.026041666666666668 0.046296296296296294
3 0.7364583333333333 0.6666666666666666 0.026041666666666668 0.046296296296296294
3 0.7239583333333334 0.6148148148148148 0.026041666666666668 0.046296296296296294
4 0.6614583333333334 0.4111111111111111 0.026041666666666668 0.046296296296296294
0 0.4166666666666667 0.21666666666666667 0.026041666666666668 0.046296296296296294
4 0.5125 0.5074074074074074 0.026041666666666668 0.046296296296296294
