0 0.4708333333333333 0.09537037037037037 0.026041666666666668 0.046296296296296294
0 0.4796875 0.09814814814814815 0.026041666666666668 0.046296296296296294
0 0.49166666666666664 0.0962962962962963 0.026041666666666668 0.046296296296296294
0 0.4869791666666667 0.10555555555555556 0.026041666666666668 0.046296296296296294
0 0.4796875 0.12129629629629629 0.026041666666666668 0.046296296296296294
0 0.4635416666666667 0.12777777777777777 0.026041666666666668 0.046296296296296294
0 0.46979166666666666 0.1287037037037037 0.026041666666666668 0.046296296296296294
0 0.490625 0.12962962962962962 0.026041666666666668 0.046296296296296294
0 0.4546875 0.1361111111111111 0.026041666666666668 0.046296296296296294
0 0.4630208333333333 0.14444444444444443 0.026041666666666668 0.046296296296296294
0 0.4635416666666667 0.1527777777777778 0.026041666666666668 0.046296296296296294
0 0.42916666666666664 0.1814814814814815 0.026041666666666668 0.046296296296296294
0 0.45208333333333334 0.2111111111111111 0.026041666666666668 0.046296296296296294
0 0.490625 0.225 0.026041666666666668 0.046296296296296294
0 0.45260416666666664 0.225 0.026041666666666668 0.046296296296296294
0 0.46458333333333335 0.23333333333333334 0.026041666666666668 0.046296296296296294
0 0.5078125 0.22777777777777777 0.026041666666666668 0.046296296296296294
0 0.42083333333333334 0.23333333333333334 0.026041666666666668 0.046296296296296294
0 0.45989583333333334 0.23981481481481481 0.026041666666666668 0.046296296296296294
0 0.5078125 0.23703703703703705 0.026041666666666668 0.046296296296296294
0 0.44114583333333335 0.24537037037037038 0.026041666666666668 0.046296296296296294
0 0.45729166666666665 0.24722222222222223 0.026041666666666668 0.046296296296296294
0 0.4786458333333333 0.24166666666666667 0.026041666666666668 0.046296296296296294
0 0.5020833333333333 0.25555555555555554 0.026041666666666668 0.046296296296296294
0 0.42916666666666664 0.2601851851851852 0.026041666666666668 0.046296296296296294
0 0.5083333333333333 0.2601851851851852 0.026041666666666668 0.046296296296296294
0 0.5151041666666667 0.25833333333333336 0.026041666666666668 0.046296296296296294
0 0.7036458333333333 0.2611111111111111 0.026041666666666668 0.046296296296296294
0 0.4401041666666667 0.26851851851851855 0.026041666666666668 0.046296296296296294
0 0.478125 0.26666666666666666 0.026041666666666668 0.046296296296296294
0 0.49114583333333334 0.26851851851851855 0.026041666666666668 0.046296296296296294
0 0.5 0.27037037037037037 0.026041666666666668 0.046296296296296294
0 0.4984375 0.27870370370370373 0.026041666666666668 0.046296296296296294
0 0.5244791666666667 0.2796296296296296 0.026041666666666668 0.046296296296296294
0 0.5463541666666667 0.27685185185185185 0.026041666666666668 0.046296296296296294
0 0.4552083333333333 0.2851851851851852 0.026041666666666668 0.046296296296296294
0 0.4625 0.2861111111111111 0.026041666666666668 0.046296296296296294
0 0.48333333333333334 0.28703703703703703 0.026041666666666668 0.046296296296296294
0 0.5072916666666667 0.28425925925925927 0.026041666666666668 0.046296296296296294
0 0.43645833333333334 0.2953703703703704 0.026041666666666668 0.046296296296296294
0 0.49166666666666664 0.2935185185185185 0.026041666666666668 0.046296296296296294
0 0.5197916666666667 0.29814814814814816 0.026041666666666668 0.046296296296296294
0 0.4588541666666667 0.30277777777777776 0.026041666666666668 0.046296296296296294
0 0.5036458333333333 0.30277777777777776 0.026041666666666668 0.046296296296296294
0 0.4203125 0.3101851851851852 0.026041666666666668 0.046296296296296294
0 0.4734375 0.30833333333333335 0.026041666666666668 0.046296296296296294
0 0.5119791666666667 0.30925925925925923 0.026041666666666668 0.046296296296296294
0 0.44166666666666665 0.31666666666666665 0.026041666666666668 0.046296296296296294
0 0.4630208333333333 0.32314814814814813 0.026041666666666668 0.046296296296296294
0 0.46822916666666664 0.32685185185185184 0.026041666666666668 0.046296296296296294
0 0.415625 0.3314814814814815 0.026041666666666668 0.046296296296296294
4 0.4270833333333333 0.3333333333333333 0.026041666666666668 0.046296296296296294
0 0.44375 0.3314814814814815 0.026041666666666668 0.046296296296296294
0 0.4984375 0.3314814814814815 0.026041666666666668 0.046296296296296294
4 0.515625 0.3333333333333333 0.026041666666666668 0.046296296296296294
4 0.42135416666666664 0.3490740740740741 0.026041666666666668 0.046296296296296294
4 0.45364583333333336 0.3472222222222222 0.026041666666666668 0.046296296296296294
4 0.4708333333333333 0.34444444444444444 0.026041666666666668 0.046296296296296294
4 0.478125 0.34814814814814815 0.026041666666666668 0.046296296296296294
4 0.49895833333333334 0.3472222222222222 0.026041666666666668 0.046296296296296294
4 0.37395833333333334 0.35555555555555557 0.026041666666666668 0.046296296296296294
4 0.390625 0.35185185185185186 0.026041666666666668 0.046296296296296294
4 0.4125 0.35555555555555557 0.026041666666666668 0.046296296296296294
4 0.5171875 0.35555555555555557 0.026041666666666668 0.046296296296296294
3 0.6770833333333334 0.35185185185185186 0.026041666666666668 0.046296296296296294
4 0.37864583333333335 0.36574074074074076 0.026041666666666668 0.046296296296296294
4 0.5125 0.36203703703703705 0.026041666666666668 0.046296296296296294
4 0.6536458333333334 0.3638888888888889 0.026041666666666668 0.046296296296296294
3 0.7411458333333333 0.3611111111111111 0.026041666666666668 0.046296296296296294
2 0.1671875 0.37962962962962965 0.026041666666666668 0.046296296296296294
4 0.6541666666666667 0.3787037037037037 0.026041666666666668 0.046296296296296294
4 0.51875 0.3888888888888889 0.026041666666666668 0.046296296296296294
4 0.37552083333333336 0.39351851851851855 0.026041666666666668 0.046296296296296294
4 0.653125 0.39351851851851855 0.026041666666666668 0.046296296296296294
2 0.17552083333333332 0.4027777777777778 0.026041666666666668 0.046296296296296294
2 0.19375 0.4009259259259259 0.026041666666666668 0.046296296296296294
2 0.21145833333333333 0.4074074074074074 0.026041666666666668 0.046296296296296294
4 0.3776041666666667 0.4111111111111111 0.026041666666666668 0.046296296296296294
4 0.6541666666666667 0.40925925925925927 0.026041666666666668 0.046296296296296294
2 0.17864583333333334 0.4185185185185185 0.026041666666666668 0.046296296296296294
4 0.44427083333333334 0.42592592592592593 0.026041666666666668 0.046296296296296294
2 0.178125 0.43148148148148147 0.026041666666666668 0.046296296296296294
2 0.19479166666666667 0.43148148148148147 0.026041666666666668 0.046296296296296294
3 0.6671875 0.4361111111111111 0.026041666666666668 0.046296296296296294
4 0.38385416666666666 0.4388888888888889 0.026041666666666668 0.046296296296296294
4 0.4375 0.4398148148148148 0.026041666666666668 0.046296296296296294
3 0.7057291666666666 0.43796296296296294 0.026041666666666668 0.046296296296296294
4 0.45677083333333335 0.4462962962962963 0.026041666666666668 0.046296296296296294
4 0.6614583333333334 0.44814814814814813 0.026041666666666668 0.046296296296296294
3 0.6875 0.45 0.026041666666666668 0.046296296296296294
4 0.503125 0.45555555555555555 0.026041666666666668 0.046296296296296294
4 0.4796875 0.45925925925925926 0.026041666666666668 0.046296296296296294
4 0.4864583333333333 0.4638888888888889 0.026041666666666668 0.046296296296296294
4 0.5239583333333333 0.4666666666666667 0.026041666666666668 0.046296296296296294
2 0.21979166666666666 0.4722222222222222 0.026041666666666668 0.046296296296296294
4 0.5203125 0.47314814814814815 0.026041666666666668 0.046296296296296294
3 0.6713541666666667 0.47129629629629627 0.026041666666666668 0.046296296296296294
3 0.678125 0.47129629629629627 0.026041666666666668 0.046296296296296294
3 0.6875 0.487962962962963 0.026041666666666668 0.046296296296296294
4 0.521875 0.49537037037037035 0.026041666666666668 0.046296296296296294
4 0.6203125 0.5037037037037037 0.026041666666666668 0.046296296296296294
4 0.5244791666666667 0.5092592592592593 0.026041666666666668 0.046296296296296294
4 0.390625 0.5203703703703704 0.026041666666666668 0.046296296296296294
4 0.6328125 0.5175925925925926 0.026041666666666668 0.046296296296296294
3 0.6979166666666666 0.5185185185185185 0.026041666666666668 0.046296296296296294
4 0.5520833333333334 0.5268518518518519 0.026041666666666668 0.046296296296296294
4 0.5411458333333333 0.5342592592592592 0.026041666666666668 0.046296296296296294
4 0.6197916666666666 0.5472222222222223 0.026041666666666668 0.046296296296296294
3 0.7380208333333333 0.5564814814814815 0.026041666666666668 0.046296296296296294
4 0.5526041666666667 0.5638888888888889 0.026041666666666668 0.046296296296296294
4 0.45677083333333335 0.5898148148148148 0.026041666666666668 0.046296296296296294
4 0.6421875 0.587037037037037 0.026041666666666668 0.046296296296296294
4 0.665625 0.6092592592592593 0.026041666666666668 0.046296296296296294
4 0.5338541666666666 0.6185185185185185 0.026041666666666668 0.046296296296296294
3 0.753125 0.6194444444444445 0.026041666666666668 0.046296296296296294
4 0.5994791666666667 0.6509259259259259 0.026041666666666668 0.046296296296296294
3 0.7197916666666667 0.6518518518518519 0.026041666666666668 0.046296296296296294
4 0.6161458333333333 0.6555555555555556 0.026041666666666668 0.046296296296296294
1 0.7125 0.6759259259259259 0.026041666666666668 0.046296296296296294
1 0.7692708333333333 0.6703703703703704 0.026041666666666668 0.046296296296296294
1 0.7453125 0.6888888888888889 0.026041666666666668 0.046296296296296294
1 0.5645833333333333 0.7472222222222222 0.026041666666666668 0.046296296296296294
1 0.8822916666666667 0.7472222222222222 0.026041666666666668 0.046296296296296294
1 0.8630208333333333 0.8009259259259259 0.026041666666666668 0.046296296296296294
1 0.825 0.8240740740740741 0.026041666666666668 0.046296296296296294
1 0.7645833333333333 0.8379629629629629 0.026041666666666668 0.046296296296296294
1 0.9838541666666667 0.85 0.026041666666666668 0.046296296296296294
1 0.4557291666666667 0.9037037037037037 0.026041666666666668 0.046296296296296294
1 0.8166666666666667 0.9138888888888889 0.026041666666666668 0.046296296296296294
1 0.9630208333333333 0.9453703703703704 0.026041666666666668 0.046296296296296294
1 0.9375 0.9861111111111112 0.026041666666666668 0.046296296296296294
1 0.9927083333333333 0.8629629629629629 0.026041666666666668 0.046296296296296294
3 0.765625 0.5740740740740741 0.026041666666666668 0.046296296296296294
3 0.7333333333333333 0.5407407407407407 0.026041666666666668 0.046296296296296294
4 0.575 0.5574074074074075 0.026041666666666668 0.046296296296296294
4 0.48854166666666665 0.5740740740740741 0.026041666666666668 0.046296296296296294
4 0.4666666666666667 0.48148148148148145 0.026041666666666668 0.046296296296296294
4 0.421875 0.5333333333333333 0.026041666666666668 0.046296296296296294
4 0.41041666666666665 0.4166666666666667 0.026041666666666668 0.046296296296296294
4 0.4270833333333333 0.40185185185185185 0.026041666666666668 0.046296296296296294
1 0.6552083333333333 0.7537037037037037 0.026041666666666668 0.046296296296296294
1 0.6020833333333333 0.7685185185185185 0.026041666666666668 0.046296296296296294
1 0.5864583333333333 0.6907407407407408 0.026041666666666668 0.046296296296296294
4 0.6645833333333333 0.5370370370370371 0.026041666666666668 0.046296296296296294
4 0.6041666666666666 0.5592592592592592 0.026041666666666668 0.046296296296296294
3 0.7552083333333334 0.5611111111111111 0.026041666666666668 0.046296296296296294
