0 0.4822916666666667 0.12037037037037036 0.026041666666666668 0.046296296296296294
0 0.49166666666666664 0.12222222222222222 0.026041666666666668 0.046296296296296294
0 0.45 0.13425925925925927 0.026041666666666668 0.046296296296296294
0 0.4578125 0.13240740740740742 0.026041666666666668 0.046296296296296294
0 0.4609375 0.1361111111111111 0.026041666666666668 0.046296296296296294
0 0.4859375 0.1388888888888889 0.026041666666666668 0.046296296296296294
0 0.42864583333333334 0.14351851851851852 0.026041666666666668 0.046296296296296294
0 0.44166666666666665 0.14722222222222223 0.026041666666666668 0.046296296296296294
0 0.4708333333333333 0.14351851851851852 0.026041666666666668 0.046296296296296294
0 0.4744791666666667 0.14537037037037037 0.026041666666666668 0.046296296296296294
0 0.43697916666666664 0.15648148148148147 0.026041666666666668 0.046296296296296294
0 0.46197916666666666 0.14907407407407408 0.026041666666666668 0.046296296296296294
0 0.4703125 0.1574074074074074 0.026041666666666668 0.046296296296296294
0 0.48385416666666664 0.16111111111111112 0.026041666666666668 0.046296296296296294
0 0.4322916666666667 0.17037037037037037 0.026041666666666668 0.046296296296296294
0 0.4708333333333333 0.1675925925925926 0.026041666666666668 0.046296296296296294
0 0.4421875 0.17222222222222222 0.026041666666666668 0.046296296296296294
0 0.5015625 0.175 0.026041666666666668 0.046296296296296294
0 0.41822916666666665 0.2351851851851852 0.026041666666666668 0.046296296296296294
0 0.4234375 0.2351851851851852 0.026041666666666668 0.046296296296296294
0 0.49635416666666665 0.23796296296296296 0.026041666666666668 0.046296296296296294
0 0.43333333333333335 0.24537037037037038 0.026041666666666668 0.046296296296296294
0 0.48802083333333335 0.24444444444444444 0.026041666666666668 0.046296296296296294
0 0.503125 0.24814814814814815 0.026041666666666668 0.046296296296296294
0 0.5125 0.24722222222222223 0.026041666666666668 0.046296296296296294
0 0.41458333333333336 0.26296296296296295 0.026041666666666668 0.046296296296296294
0 0.4822916666666667 0.2601851851851852 0.026041666666666668 0.046296296296296294
0 0.490625 0.25925925925925924 0.026041666666666668 0.046296296296296294
0 0.4708333333333333 0.26481481481481484 0.026041666666666668 0.046296296296296294
0 0.5083333333333333 0.26851851851851855 0.026041666666666668 0.046296296296296294
0 0.4473958333333333 0.2759259259259259 0.026041666666666668 0.046296296296296294
0 0.49947916666666664 0.27870370370370373 0.026041666666666668 0.046296296296296294
0 0.5151041666666667 0.28703703703703703 0.026041666666666668 0.046296296296296294
0 0.4942708333333333 0.29444444444444445 0.026041666666666668 0.046296296296296294
0 0.7078125 0.29074074074074074 0.026041666666666668 0.046296296296296294
0 0.5119791666666667 0.30185185185185187 0.026041666666666668 0.046296296296296294
0 0.43802083333333336 0.30648148148148147 0.026041666666666668 0.046296296296296294
0 0.44895833333333335 0.3148148148148148 0.026041666666666668 0.046296296296296294
0 0.4869791666666667 0.3175925925925926 0.026041666666666668 0.046296296296296294
0 0.5067708333333333 0.3175925925925926 0.026041666666666668 0.046296296296296294
0 0.5276041666666667 0.31666666666666665 0.026041666666666668 0.046296296296296294
0 0.4192708333333333 0.32314814814814813 0.026041666666666668 0.046296296296296294
0 0.43645833333333334 0.32037037037037036 0.026041666666666668 0.046296296296296294
0 0.46927083333333336 0.32407407407407407 0.026041666666666668 0.046296296296296294
0 0.5239583333333333 0.32685185185185184 0.026041666666666668 0.046296296296296294
0 0.44479166666666664 0.3314814814814815 0.026041666666666668 0.046296296296296294
0 0.4583333333333333 0.33240740740740743 0.026041666666666668 0.046296296296296294
0 0.5 0.3314814814814815 0.026041666666666668 0.046296296296296294
0 0.5119791666666667 0.33240740740740743 0.026041666666666668 0.046296296296296294
0 0.5338541666666666 0.3296296296296296 0.026041666666666668 0.046296296296296294
4 0.415625 0.3416666666666667 0.026041666666666668 0.046296296296296294
4 0.5197916666666667 0.34074074074074073 0.026041666666666668 0.046296296296296294
4 0.4453125 0.3472222222222222 0.026041666666666668 0.046296296296296294
4 0.4869791666666667 0.3453703703703704 0.026041666666666668 0.046296296296296294
4 0.5125 0.34629629629629627 0.026041666666666668 0.046296296296296294
4 0.3859375 0.3574074074074074 0.026041666666666668 0.046296296296296294
4 0.4036458333333333 0.35648148148148145 0.026041666666666668 0.046296296296296294
4 0.4119791666666667 0.3574074074074074 0.026041666666666668 0.046296296296296294
4 0.4203125 0.35462962962962963 0.026041666666666668 0.046296296296296294
4 0.49895833333333334 0.3537037037037037 0.026041666666666668 0.046296296296296294
4 0.375 0.3638888888888889 0.026041666666666668 0.046296296296296294
4 0.3875 0.36574074074074076 0.026041666666666668 0.046296296296296294
4 0.4739583333333333 0.3648148148148148 0.026041666666666668 0.046296296296296294
4 0.50625 0.36203703703703705 0.026041666666666668 0.046296296296296294
4 0.42864583333333334 0.3712962962962963 0.026041666666666668 0.046296296296296294
3 0.678125 0.3675925925925926 0.026041666666666668 0.046296296296296294
4 0.40729166666666666 0.38055555555555554 0.026041666666666668 0.046296296296296294
4 0.6505208333333333 0.3787037037037037 0.026041666666666668 0.046296296296296294
4 0.4239583333333333 0.38981481481481484 0.026041666666666668 0.046296296296296294
4 0.46979166666666666 0.3861111111111111 0.026041666666666668 0.046296296296296294
4 0.5041666666666667 0.38796296296296295 0.026041666666666668 0.046296296296296294
4 0.5203125 0.38425925925925924 0.026041666666666668 0.046296296296296294
4 0.6552083333333333 0.39444444444444443 0.026041666666666668 0.046296296296296294
2 0.215625 0.4027777777777778 0.026041666666666668 0.046296296296296294
4 0.39895833333333336 0.40370370370370373 0.026041666666666668 0.046296296296296294
4 0.4588541666666667 0.4101851851851852 0.026041666666666668 0.046296296296296294
2 0.18697916666666667 0.41759259259259257 0.026041666666666668 0.046296296296296294
4 0.5208333333333334 0.4166666666666667 0.026041666666666668 0.046296296296296294
4 0.6536458333333334 0.4185185185185185 0.026041666666666668 0.046296296296296294
2 0.16614583333333333 0.425 0.026041666666666668 0.046296296296296294
4 0.37552083333333336 0.425 0.026041666666666668 0.046296296296296294
4 0.45364583333333336 0.42407407407407405 0.026041666666666668 0.046296296296296294
4 0.55 0.4212962962962963 0.026041666666666668 0.046296296296296294
4 0.4869791666666667 0.4305555555555556 0.026041666666666668 0.046296296296296294
4 0.4979166666666667 0.4324074074074074 0.026041666666666668 0.046296296296296294
4 0.4625 0.44074074074074077 0.026041666666666668 0.046296296296296294
3 0.7057291666666666 0.4361111111111111 0.026041666666666668 0.046296296296296294
4 0.5234375 0.45 0.026041666666666668 0.046296296296296294
4 0.6609375 0.45 0.026041666666666668 0.046296296296296294
3 0.7078125 0.44351851851851853 0.026041666666666668 0.046296296296296294
3 0.6817708333333333 0.45740740740740743 0.026041666666666668 0.046296296296296294
2 0.18802083333333333 0.4638888888888889 0.026041666666666668 0.046296296296296294
4 0.4578125 0.4675925925925926 0.026041666666666668 0.046296296296296294
4 0.6614583333333334 0.462037037037037 0.026041666666666668 0.046296296296296294
2 0.21614583333333334 0.47129629629629627 0.026041666666666668 0.046296296296296294
3 0.6817708333333333 0.47129629629629627 0.026041666666666668 0.046296296296296294
4 0.5333333333333333 0.48148148148148145 0.026041666666666668 0.046296296296296294
4 0.47291666666666665 0.487962962962963 0.026041666666666668 0.046296296296296294
4 0.5875 0.4888888888888889 0.026041666666666668 0.046296296296296294
4 0.5208333333333334 0.4935185185185185 0.026041666666666668 0.046296296296296294
4 0.6296875 0.49444444444444446 0.026041666666666668 0.046296296296296294
3 0.6947916666666667 0.4962962962962963 0.026041666666666668 0.046296296296296294
4 0.45260416666666664 0.49907407407407406 0.026041666666666668 0.046296296296296294
4 0.5317708333333333 0.5009259259259259 0.026041666666666668 0.046296296296296294
4 0.5838541666666667 0.5055555555555555 0.026041666666666668 0.046296296296296294
4 0.6401041666666667 0.5 0.026041666666666668 0.046296296296296294
3 0.6911458333333333 0.5120370370370371 0.026041666666666668 0.046296296296296294
4 0.665625 0.5194444444444445 0.026041666666666668 0.046296296296296294
3 0.6916666666666667 0.5194444444444445 0.026041666666666668 0.046296296296296294
4 0.47708333333333336 0.5277777777777778 0.026041666666666668 0.046296296296296294
4 0.5395833333333333 0.5268518518518519 0.026041666666666668 0.046296296296296294
4 0.5963541666666666 0.5361111111111111 0.026041666666666668 0.046296296296296294
4 0.4453125 0.5407407407407407 0.026041666666666668 0.046296296296296294
4 0.5026041666666666 0.5407407407407407 0.026041666666666668 0.046296296296296294
4 0.5619791666666667 0.5398148148148149 0.026041666666666668 0.046296296296296294
3 0.7260416666666667 0.5398148148148149 0.026041666666666668 0.046296296296296294
4 0.5697916666666667 0.5509259259259259 0.026041666666666668 0.046296296296296294
4 0.6322916666666667 0.5509259259259259 0.026041666666666668 0.046296296296296294
4 0.5942708333333333 0.5537037037037037 0.026041666666666668 0.046296296296296294
3 0.7375 0.5657407407407408 0.026041666666666668 0.046296296296296294
4 0.38697916666666665 0.5722222222222222 0.026041666666666668 0.046296296296296294
4 0.615625 0.5703703703703704 0.026041666666666668 0.046296296296296294
4 0.6333333333333333 0.5694444444444444 0.026041666666666668 0.046296296296296294
3 0.75625 0.5685185185185185 0.026041666666666668 0.046296296296296294
4 0.5 0.5824074074074074 0.026041666666666668 0.046296296296296294
4 0.5166666666666667 0.5787037037037037 0.026041666666666668 0.046296296296296294
4 0.4239583333333333 0.5879629629629629 0.026041666666666668 0.046296296296296294
3 0.759375 0.5962962962962963 0.026041666666666668 0.046296296296296294
4 0.48802083333333335 0.6064814814814815 0.026041666666666668 0.046296296296296294
3 0.7369791666666666 0.6111111111111112 0.026041666666666668 0.046296296296296294
3 0.7572916666666667 0.6203703703703703 0.026041666666666668 0.046296296296296294
3 0.6890625 0.625 0.026041666666666668 0.046296296296296294
1 0.7692708333333333 0.6694444444444444 0.026041666666666668 0.046296296296296294
1 0.659375 0.687962962962963 0.026041666666666668 0.046296296296296294
1 0.7286458333333333 0.6898148148148148 0.026041666666666668 0.046296296296296294
1 0.47760416666666666 0.7509259259259259 0.026041666666666668 0.046296296296296294
1 0.7651041666666667 0.8342592592592593 0.026041666666666668 0.046296296296296294
1 0.975 0.8453703703703703 0.026041666666666668 0.046296296296296294
1 0.4005208333333333 0.8490740740740741 0.026041666666666668 0.046296296296296294
1 0.9947916666666666 0.8583333333333333 0.026041666666666668 0.046296296296296294
1 0.8286458333333333 0.8666666666666667 0.026041666666666668 0.046296296296296294
1 0.8161458333333333 0.9120370370370371 0.026041666666666668 0.046296296296296294
1 0.9703125 0.9425925925925925 0.026041666666666668 0.046296296296296294
1 0.6390625 0.9842592592592593 0.026041666666666668 0.046296296296296294
1 0.8270833333333333 0.8351851851851851 0.026041666666666668 0.046296296296296294
1 0.8666666666666667 0.8018518518518518 0.026041666666666668 0.046296296296296294
1 0.8875 0.7444444444444445 0.026041666666666668 0.046296296296296294
1 0.7552083333333334 0.7222222222222222 0.026041666666666668 0.046296296296296294
1 0.39375 0.95 0.026041666666666668 0.046296296296296294
1 0.678125 0.9722222222222222 0.026041666666666668 0.046296296296296294
2 0.22916666666666666 0.5833333333333334 0.026041666666666668 0.046296296296296294
0 0.690625 0.29444444444444445 0.026041666666666668 0.046296296296296294
4 0.5385416666666667 0.575925925925926 0.026041666666666668 0.046296296296296294
4 0.39479166666666665 0.45925925925925926 0.026041666666666668 0.046296296296296294
