0 0.4703125 0.0962962962962963 0.026041666666666668 0.046296296296296294
0 0.47760416666666666 0.0962962962962963 0.026041666666666668 0.046296296296296294
0 0.4869791666666667 0.09814814814814815 0.026041666666666668 0.046296296296296294
0 0.4822916666666667 0.11481481481481481 0.026041666666666668 0.046296296296296294
0 0.49166666666666664 0.11944444444444445 0.026041666666666668 0.046296296296296294
0 0.4703125 0.13055555555555556 0.026041666666666668 0.046296296296296294
0 0.484375 0.13055555555555556 0.026041666666666668 0.046296296296296294
0 0.4901041666666667 0.13055555555555556 0.026041666666666668 0.046296296296296294
0 0.44947916666666665 0.1361111111111111 0.026041666666666668 0.046296296296296294
0 0.46197916666666666 0.13518518518518519 0.026041666666666668 0.046296296296296294
0 0.440625 0.1425925925925926 0.026041666666666668 0.046296296296296294
0 0.44479166666666664 0.14629629629629629 0.026041666666666668 0.046296296296296294
0 0.475 0.14629629629629629 0.026041666666666668 0.046296296296296294
0 0.4625 0.1537037037037037 0.026041666666666668 0.046296296296296294
0 0.478125 0.1537037037037037 0.026041666666666668 0.046296296296296294
0 0.4859375 0.15462962962962962 0.026041666666666668 0.046296296296296294
0 0.49114583333333334 0.16111111111111112 0.026041666666666668 0.046296296296296294
0 0.45416666666666666 0.16666666666666666 0.026041666666666668 0.046296296296296294
0 0.4864583333333333 0.16944444444444445 0.026041666666666668 0.046296296296296294
0 0.49895833333333334 0.16574074074074074 0.026041666666666668 0.046296296296296294
0 0.4322916666666667 0.17407407407407408 0.026041666666666668 0.046296296296296294
0 0.4661458333333333 0.17407407407407408 0.026041666666666668 0.046296296296296294
0 0.47291666666666665 0.175 0.026041666666666668 0.046296296296296294
0 0.4786458333333333 0.17407407407407408 0.026041666666666668 0.046296296296296294
0 0.49947916666666664 0.17592592592592593 0.026041666666666668 0.046296296296296294
0 0.5125 0.18425925925925926 0.026041666666666668 0.046296296296296294
0 0.4328125 0.18796296296296297 0.026041666666666668 0.046296296296296294
0 0.45416666666666666 0.18796296296296297 0.026041666666666668 0.046296296296296294
0 0.4583333333333333 0.19166666666666668 0.026041666666666668 0.046296296296296294
0 0.4786458333333333 0.19166666666666668 0.026041666666666668 0.046296296296296294
0 0.4864583333333333 0.2101851851851852 0.026041666666666668 0.046296296296296294
0 0.4125 0.22037037037037038 0.026041666666666668 0.046296296296296294
0 0.4828125 0.23333333333333334 0.026041666666666668 0.046296296296296294
0 0.5046875 0.23796296296296296 0.026041666666666668 0.046296296296296294
0 0.4703125 0.24537037037037038 0.026041666666666668 0.046296296296296294
0 0.4869791666666667 0.24351851851851852 0.026041666666666668 0.046296296296296294
0 0.44479166666666664 0.2518518518518518 0.026041666666666668 0.046296296296296294
0 0.4234375 0.262037037037037 0.026041666666666668 0.046296296296296294
0 0.4390625 0.26944444444444443 0.026041666666666668 0.046296296296296294
0 0.49114583333333334 0.2712962962962963 0.026041666666666668 0.046296296296296294
0 0.5114583333333333 0.27870370370370373 0.026041666666666668 0.046296296296296294
0 0.5505208333333333 0.2851851851851852 0.026041666666666668 0.046296296296296294
0 0.7 0.2851851851851852 0.026041666666666668 0.046296296296296294
0 0.5036458333333333 0.2953703703703704 0.026041666666666668 0.046296296296296294
0 0.6916666666666667 0.2916666666666667 0.026041666666666668 0.046296296296296294
0 0.46041666666666664 0.3 0.026041666666666668 0.046296296296296294
0 0.5333333333333333 0.30092592592592593 0.026041666666666668 0.046296296296296294
0 0.4354166666666667 0.3037037037037037 0.026041666666666668 0.046296296296296294
0 0.4432291666666667 0.30462962962962964 0.026041666666666668 0.046296296296296294
0 0.4479166666666667 0.30833333333333335 0.026041666666666668 0.046296296296296294
0 0.4921875 0.30925925925925923 0.026041666666666668 0.046296296296296294
0 0.4197916666666667 0.3194444444444444 0.026041666666666668 0.046296296296296294
0 0.4864583333333333 0.31666666666666665 0.026041666666666668 0.046296296296296294
0 0.4203125 0.32592592592592595 0.026041666666666668 0.046296296296296294
0 0.4348958333333333 0.3212962962962963 0.026041666666666668 0.046296296296296294
0 0.475 0.32314814814814813 0.026041666666666668 0.046296296296296294
0 0.5213541666666667 0.32592592592592595 0.026041666666666668 0.046296296296296294
0 0.4473958333333333 0.33055555555555555 0.026041666666666668 0.046296296296296294
4 0.45677083333333335 0.3351851851851852 0.026041666666666668 0.046296296296296294
0 0.50625 0.33240740740740743 0.026041666666666668 0.046296296296296294
4 0.4791666666666667 0.3453703703703704 0.026041666666666668 0.046296296296296294
4 0.5036458333333333 0.34814814814814815 0.026041666666666668 0.046296296296296294
4 0.3953125 0.3527777777777778 0.026041666666666668 0.046296296296296294
4 0.403125 0.35555555555555557 0.026041666666666668 0.046296296296296294
4 0.4192708333333333 0.3574074074074074 0.026041666666666668 0.046296296296296294
4 0.44947916666666665 0.3574074074074074 0.026041666666666668 0.046296296296296294
4 0.37864583333333335 0.362962962962963 0.026041666666666668 0.046296296296296294
4 0.39010416666666664 0.3638888888888889 0.026041666666666668 0.046296296296296294
4 0.39947916666666666 0.3685185185185185 0.026041666666666668 0.046296296296296294
4 0.43802083333333336 0.3712962962962963 0.026041666666666668 0.046296296296296294
4 0.50625 0.37037037037037035 0.026041666666666668 0.046296296296296294
3 0.6786458333333333 0.37222222222222223 0.026041666666666668 0.046296296296296294
4 0.5151041666666667 0.37962962962962965 0.026041666666666668 0.046296296296296294
4 0.6546875 0.37777777777777777 0.026041666666666668 0.046296296296296294
4 0.37395833333333334 0.38796296296296295 0.026041666666666668 0.046296296296296294
4 0.4088541666666667 0.387037037037037 0.026041666666666668 0.046296296296296294
2 0.21666666666666667 0.39166666666666666 0.026041666666666668 0.046296296296296294
4 0.5036458333333333 0.39351851851851855 0.026041666666666668 0.046296296296296294
4 0.5192708333333333 0.3972222222222222 0.026041666666666668 0.046296296296296294
4 0.6552083333333333 0.39537037037037037 0.026041666666666668 0.046296296296296294
4 0.43645833333333334 0.4009259259259259 0.026041666666666668 0.046296296296296294
4 0.4552083333333333 0.4009259259259259 0.026041666666666668 0.046296296296296294
4 0.5104166666666666 0.40185185185185185 0.026041666666666668 0.046296296296296294
2 0.18958333333333333 0.4074074074074074 0.026041666666666668 0.046296296296296294
4 0.5171875 0.41759259259259257 0.026041666666666668 0.046296296296296294
4 0.6583333333333333 0.4185185185185185 0.026041666666666668 0.046296296296296294
4 0.5026041666666666 0.42685185185185187 0.026041666666666668 0.046296296296296294
4 0.4114583333333333 0.4425925925925926 0.026041666666666668 0.046296296296296294
4 0.5489583333333333 0.4398148148148148 0.026041666666666668 0.046296296296296294
4 0.6526041666666667 0.44166666666666665 0.026041666666666668 0.046296296296296294
3 0.7020833333333333 0.4388888888888889 0.026041666666666668 0.046296296296296294
4 0.46979166666666666 0.44722222222222224 0.026041666666666668 0.046296296296296294
4 0.5197916666666667 0.4462962962962963 0.026041666666666668 0.046296296296296294
4 0.4765625 0.45555555555555555 0.026041666666666668 0.046296296296296294
4 0.5041666666666667 0.4583333333333333 0.026041666666666668 0.046296296296296294
4 0.490625 0.47129629629629627 0.026041666666666668 0.046296296296296294
4 0.5322916666666667 0.4722222222222222 0.026041666666666668 0.046296296296296294
4 0.6614583333333334 0.4722222222222222 0.026041666666666668 0.046296296296296294
3 0.690625 0.4722222222222222 0.026041666666666668 0.046296296296296294
3 0.684375 0.47962962962962963 0.026041666666666668 0.046296296296296294
4 0.5276041666666667 0.4888888888888889 0.026041666666666668 0.046296296296296294
4 0.6286458333333333 0.487962962962963 0.026041666666666668 0.046296296296296294
3 0.6901041666666666 0.4861111111111111 0.026041666666666668 0.046296296296296294
2 0.20833333333333334 0.5055555555555555 0.026041666666666668 0.046296296296296294
4 0.6364583333333333 0.5037037037037037 0.026041666666666668 0.046296296296296294
2 0.14479166666666668 0.5092592592592593 0.026041666666666668 0.046296296296296294
4 0.5286458333333334 0.5101851851851852 0.026041666666666668 0.046296296296296294
4 0.6114583333333333 0.5083333333333333 0.026041666666666668 0.046296296296296294
3 0.6859375 0.5212962962962963 0.026041666666666668 0.046296296296296294
4 0.628125 0.5268518518518519 0.026041666666666668 0.046296296296296294
4 0.665625 0.5342592592592592 0.026041666666666668 0.046296296296296294
3 0.7223958333333333 0.537962962962963 0.026041666666666668 0.046296296296296294
2 0.19791666666666666 0.5481481481481482 0.026041666666666668 0.046296296296296294
4 0.5619791666666667 0.5601851851851852 0.026041666666666668 0.046296296296296294
4 0.5895833333333333 0.5537037037037037 0.026041666666666668 0.046296296296296294
2 0.21197916666666666 0.575925925925926 0.026041666666666668 0.046296296296296294
3 0.7255208333333333 0.5703703703703704 0.026041666666666668 0.046296296296296294
4 0.6359375 0.5740740740740741 0.026041666666666668 0.046296296296296294
3 0.7614583333333333 0.5833333333333334 0.026041666666666668 0.046296296296296294
3 0.7338541666666667 0.6 0.026041666666666668 0.046296296296296294
3 0.68125 0.6185185185185185 0.026041666666666668 0.046296296296296294
3 0.7625 0.6287037037037037 0.026041666666666668 0.046296296296296294
4 0.65 0.6601851851851852 0.026041666666666668 0.046296296296296294
3 0.7661458333333333 0.6666666666666666 0.026041666666666668 0.046296296296296294
1 0.6197916666666666 0.6824074074074075 0.026041666666666668 0.046296296296296294
1 0.6557291666666667 0.7027777777777777 0.026041666666666668 0.046296296296296294
1 0.7244791666666667 0.7018518518518518 0.026041666666666668 0.046296296296296294
1 0.5354166666666667 0.7129629629629629 0.026041666666666668 0.046296296296296294
1 0.5416666666666666 0.7444444444444445 0.026041666666666668 0.046296296296296294
1 0.15260416666666668 0.7490740740740741 0.026041666666666668 0.046296296296296294
1 0.8838541666666667 0.7472222222222222 0.026041666666666668 0.046296296296296294
1 0.47604166666666664 0.7574074074074074 0.026041666666666668 0.046296296296296294
1 0.6755208333333333 0.7805555555555556 0.026041666666666668 0.046296296296296294
1 0.3890625 0.7842592592592592 0.026041666666666668 0.046296296296296294
1 0.5942708333333333 0.7925925925925926 0.026041666666666668 0.046296296296296294
1 0.6197916666666666 0.7898148148148149 0.026041666666666668 0.046296296296296294
1 0.6552083333333333 0.8287037037037037 0.026041666666666668 0.046296296296296294
1 0.7744791666666667 0.837037037037037 0.026041666666666668 0.046296296296296294
1 0.8276041666666667 0.8379629629629629 0.026041666666666668 0.046296296296296294
1 0.9791666666666666 0.8453703703703703 0.026041666666666668 0.046296296296296294
1 0.3546875 0.8481481481481481 0.026041666666666668 0.046296296296296294
1 0.8333333333333334 0.8648148148148148 0.026041666666666668 0.046296296296296294
1 0.815625 0.8935185185185185 0.026041666666666668 0.046296296296296294
1 0.9578125 0.9472222222222222 0.026041666666666668 0.046296296296296294
1 0.9395833333333333 0.9935185185185185 0.026041666666666668 0.046296296296296294
2 0.228125 0.5962962962962963 0.026041666666666668 0.046296296296296294
1 0.8677083333333333 0.812962962962963 0.026041666666666668 0.046296296296296294
1 0.9958333333333333 0.8648148148148148 0.026041666666666668 0.046296296296296294
3 0.75625 0.5648148148148148 0.026041666666666668 0.046296296296296294
4 0.6052083333333333 0.5555555555555556 0.026041666666666668 0.046296296296296294
4 0.621875 0.5407407407407407 0.026041666666666668 0.046296296296296294
4 0.5291666666666667 0.55 0.026041666666666668 0.046296296296296294
4 0.5375 0.5351851851851852 0.026041666666666668 0.046296296296296294
4 0.459375 0.4648148148148148 0.026041666666666668 0.046296296296296294
4 0.4 0.46111111111111114 0.026041666666666668 0.046296296296296294
4 0.4635416666666667 0.412962962962963 0.026041666666666668 0.046296296296296294
2 0.20625 0.40555555555555556 0.026041666666666668 0.046296296296296294
