0 0.471875 0.09537037037037037 0.026041666666666668 0.046296296296296294
0 0.4864583333333333 0.10462962962962963 0.026041666666666668 0.046296296296296294
0 0.4703125 0.12037037037037036 0.026041666666666668 0.046296296296296294
0 0.4828125 0.12314814814814815 0.026041666666666668 0.046296296296296294
0 0.49114583333333334 0.12222222222222222 0.026041666666666668 0.046296296296296294
0 0.4421875 0.13333333333333333 0.026041666666666668 0.046296296296296294
0 0.4484375 0.1361111111111111 0.026041666666666668 0.046296296296296294
0 0.4546875 0.13333333333333333 0.026041666666666668 0.046296296296296294
0 0.46145833333333336 0.1361111111111111 0.026041666666666668 0.046296296296296294
0 0.471875 0.13240740740740742 0.026041666666666668 0.046296296296296294
0 0.4786458333333333 0.13703703703703704 0.026041666666666668 0.046296296296296294
0 0.490625 0.13703703703703704 0.026041666666666668 0.046296296296296294
0 0.45989583333333334 0.14629629629629629 0.026041666666666668 0.046296296296296294
0 0.465625 0.14537037037037037 0.026041666666666668 0.046296296296296294
0 0.4505208333333333 0.15 0.026041666666666668 0.046296296296296294
0 0.475 0.1527777777777778 0.026041666666666668 0.046296296296296294
0 0.49583333333333335 0.16666666666666666 0.026041666666666668 0.046296296296296294
0 0.44947916666666665 0.1824074074074074 0.026041666666666668 0.046296296296296294
0 0.4875 0.18518518518518517 0.026041666666666668 0.046296296296296294
0 0.44947916666666665 0.18981481481481483 0.026041666666666668 0.046296296296296294
0 0.46197916666666666 0.18703703703703703 0.026041666666666668 0.046296296296296294
0 0.4703125 0.22870370370370371 0.026041666666666668 0.046296296296296294
0 0.4942708333333333 0.22777777777777777 0.026041666666666668 0.046296296296296294
0 0.5057291666666667 0.22777777777777777 0.026041666666666668 0.046296296296296294
0 0.5041666666666667 0.2759259259259259 0.026041666666666668 0.046296296296296294
0 0.5411458333333333 0.275 0.026041666666666668 0.046296296296296294
0 0.5109375 0.28703703703703703 0.026041666666666668 0.046296296296296294
0 0.6953125 0.2861111111111111 0.026041666666666668 0.046296296296296294
0 0.4401041666666667 0.2898148148148148 0.026041666666666668 0.046296296296296294
0 0.45208333333333334 0.287962962962963 0.026041666666666668 0.046296296296296294
0 0.5072916666666667 0.2935185185185185 0.026041666666666668 0.046296296296296294
0 0.6588541666666666 0.2898148148148148 0.026041666666666668 0.046296296296296294
0 0.45208333333333334 0.2972222222222222 0.026041666666666668 0.046296296296296294
0 0.465625 0.3 0.026041666666666668 0.046296296296296294
0 0.4822916666666667 0.29907407407407405 0.026041666666666668 0.046296296296296294
0 0.4942708333333333 0.3 0.026041666666666668 0.046296296296296294
0 0.5114583333333333 0.3 0.026041666666666668 0.046296296296296294
0 0.47552083333333334 0.30925925925925923 0.026041666666666668 0.046296296296296294
0 0.428125 0.31666666666666665 0.026041666666666668 0.046296296296296294
0 0.4609375 0.31666666666666665 0.026041666666666668 0.046296296296296294
0 0.5005208333333333 0.31666666666666665 0.026041666666666668 0.046296296296296294
0 0.5067708333333333 0.31666666666666665 0.026041666666666668 0.046296296296296294
0 0.7020833333333333 0.3148148148148148 0.026041666666666668 0.046296296296296294
0 0.4239583333333333 0.3296296296296296 0.026041666666666668 0.046296296296296294
0 0.4786458333333333 0.3277777777777778 0.026041666666666668 0.046296296296296294
0 0.5161458333333333 0.32314814814814813 0.026041666666666668 0.046296296296296294
0 0.5489583333333333 0.3314814814814815 0.026041666666666668 0.046296296296296294
4 0.45208333333333334 0.3398148148148148 0.026041666666666668 0.046296296296296294
4 0.47760416666666666 0.34074074074074073 0.026041666666666668 0.046296296296296294
4 0.5036458333333333 0.3425925925925926 0.026041666666666668 0.046296296296296294
4 0.4046875 0.3472222222222222 0.026041666666666668 0.046296296296296294
4 0.4114583333333333 0.3472222222222222 0.026041666666666668 0.046296296296296294
4 0.43645833333333334 0.34629629629629627 0.026041666666666668 0.046296296296296294
4 0.4661458333333333 0.3472222222222222 0.026041666666666668 0.046296296296296294
4 0.4864583333333333 0.3472222222222222 0.026041666666666668 0.046296296296296294
4 0.3875 0.35462962962962963 0.026041666666666668 0.046296296296296294
4 0.3953125 0.35462962962962963 0.026041666666666668 0.046296296296296294
4 0.42083333333333334 0.35462962962962963 0.026041666666666668 0.046296296296296294
4 0.4317708333333333 0.35833333333333334 0.026041666666666668 0.046296296296296294
4 0.4546875 0.3574074074074074 0.026041666666666668 0.046296296296296294
4 0.4744791666666667 0.35462962962962963 0.026041666666666668 0.046296296296296294
4 0.4947916666666667 0.35462962962962963 0.026041666666666668 0.046296296296296294
4 0.503125 0.35648148148148145 0.026041666666666668 0.046296296296296294
4 0.4046875 0.3648148148148148 0.026041666666666668 0.046296296296296294
4 0.41354166666666664 0.362962962962963 0.026041666666666668 0.046296296296296294
4 0.45 0.3648148148148148 0.026041666666666668 0.046296296296296294
3 0.6765625 0.3611111111111111 0.026041666666666668 0.046296296296296294
4 0.375 0.37407407407407406 0.026041666666666668 0.046296296296296294
4 0.5046875 0.36944444444444446 0.026041666666666668 0.046296296296296294
2 0.21979166666666666 0.3787037037037037 0.026041666666666668 0.046296296296296294
4 0.4505208333333333 0.3814814814814815 0.026041666666666668 0.046296296296296294
4 0.5083333333333333 0.387037037037037 0.026041666666666668 0.046296296296296294
4 0.3828125 0.39537037037037037 0.026041666666666668 0.046296296296296294
4 0.44427083333333334 0.3972222222222222 0.026041666666666668 0.046296296296296294
2 0.19010416666666666 0.4027777777777778 0.026041666666666668 0.046296296296296294
2 0.21145833333333333 0.4 0.026041666666666668 0.046296296296296294
4 0.3984375 0.39814814814814814 0.026041666666666668 0.046296296296296294
4 0.45364583333333336 0.4027777777777778 0.026041666666666668 0.046296296296296294
4 0.4744791666666667 0.4 0.026041666666666668 0.046296296296296294
4 0.515625 0.4027777777777778 0.026041666666666668 0.046296296296296294
4 0.5072916666666667 0.4111111111111111 0.026041666666666668 0.046296296296296294
4 0.6567708333333333 0.4101851851851852 0.026041666666666668 0.046296296296296294
2 0.175 0.4148148148148148 0.026041666666666668 0.046296296296296294
4 0.43645833333333334 0.41574074074074074 0.026041666666666668 0.046296296296296294
4 0.4578125 0.41574074074074074 0.026041666666666668 0.046296296296296294
4 0.4739583333333333 0.41574074074074074 0.026041666666666668 0.046296296296296294
4 0.40729166666666666 0.43333333333333335 0.026041666666666668 0.046296296296296294
4 0.49583333333333335 0.4324074074074074 0.026041666666666668 0.046296296296296294
4 0.5244791666666667 0.4361111111111111 0.026041666666666668 0.046296296296296294
4 0.6505208333333333 0.44166666666666665 0.026041666666666668 0.046296296296296294
4 0.5239583333333333 0.44814814814814813 0.026041666666666668 0.046296296296296294
3 0.703125 0.44722222222222224 0.026041666666666668 0.046296296296296294
4 0.6651041666666667 0.4546296296296296 0.026041666666666668 0.046296296296296294
3 0.6770833333333334 0.4527777777777778 0.026041666666666668 0.046296296296296294
3 0.7083333333333334 0.45740740740740743 0.026041666666666668 0.046296296296296294
4 0.6536458333333334 0.46574074074074073 0.026041666666666668 0.046296296296296294
3 0.6875 0.4666666666666667 0.026041666666666668 0.046296296296296294
4 0.5291666666666667 0.4740740740740741 0.026041666666666668 0.046296296296296294
3 0.678125 0.47129629629629627 0.026041666666666668 0.046296296296296294
4 0.6328125 0.4787037037037037 0.026041666666666668 0.046296296296296294
3 0.7046875 0.48055555555555557 0.026041666666666668 0.046296296296296294
4 0.5239583333333333 0.49074074074074076 0.026041666666666668 0.046296296296296294
4 0.6078125 0.487962962962963 0.026041666666666668 0.046296296296296294
4 0.6161458333333333 0.4888888888888889 0.026041666666666668 0.046296296296296294
4 0.6614583333333334 0.48703703703703705 0.026041666666666668 0.046296296296296294
4 0.5052083333333334 0.49444444444444446 0.026041666666666668 0.046296296296296294
4 0.6005208333333333 0.5101851851851852 0.026041666666666668 0.046296296296296294
3 0.678125 0.5120370370370371 0.026041666666666668 0.046296296296296294
4 0.503125 0.524074074074074 0.026041666666666668 0.046296296296296294
4 0.6234375 0.525 0.026041666666666668 0.046296296296296294
4 0.6619791666666667 0.525 0.026041666666666668 0.046296296296296294
4 0.37395833333333334 0.5333333333333333 0.026041666666666668 0.046296296296296294
4 0.5203125 0.5351851851851852 0.026041666666666668 0.046296296296296294
3 0.7364583333333333 0.5324074074074074 0.026041666666666668 0.046296296296296294
4 0.40729166666666666 0.5388888888888889 0.026041666666666668 0.046296296296296294
4 0.6291666666666667 0.5444444444444444 0.026041666666666668 0.046296296296296294
4 0.528125 0.5592592592592592 0.026041666666666668 0.046296296296296294
4 0.6171875 0.5564814814814815 0.026041666666666668 0.046296296296296294
4 0.6244791666666667 0.5666666666666667 0.026041666666666668 0.046296296296296294
4 0.5197916666666667 0.5833333333333334 0.026041666666666668 0.046296296296296294
4 0.6088541666666667 0.5824074074074074 0.026041666666666668 0.046296296296296294
4 0.6291666666666667 0.5833333333333334 0.026041666666666668 0.046296296296296294
4 0.6630208333333333 0.5796296296296296 0.026041666666666668 0.046296296296296294
4 0.5130208333333334 0.5907407407407408 0.026041666666666668 0.046296296296296294
4 0.6239583333333333 0.6046296296296296 0.026041666666666668 0.046296296296296294
4 0.6640625 0.6046296296296296 0.026041666666666668 0.046296296296296294
4 0.4630208333333333 0.600925925925926 0.026041666666666668 0.046296296296296294
4 0.5057291666666667 0.6101851851851852 0.026041666666666668 0.046296296296296294
4 0.55 0.6361111111111111 0.026041666666666668 0.046296296296296294
4 0.5885416666666666 0.6416666666666667 0.026041666666666668 0.046296296296296294
3 0.7625 0.6361111111111111 0.026041666666666668 0.046296296296296294
4 0.475 0.6657407407407407 0.026041666666666668 0.046296296296296294
3 0.7739583333333333 0.6620370370370371 0.026041666666666668 0.046296296296296294
1 0.5880208333333333 0.6703703703703704 0.026041666666666668 0.046296296296296294
1 0.48333333333333334 0.6898148148148148 0.026041666666666668 0.046296296296296294
1 0.565625 0.7111111111111111 0.026041666666666668 0.046296296296296294
1 0.7276041666666667 0.712037037037037 0.026041666666666668 0.046296296296296294
1 0.8375 0.7157407407407408 0.026041666666666668 0.046296296296296294
1 0.5197916666666667 0.737037037037037 0.026041666666666668 0.046296296296296294
1 0.6046875 0.7333333333333333 0.026041666666666668 0.046296296296296294
1 0.44114583333333335 0.7472222222222222 0.026041666666666668 0.046296296296296294
1 0.8890625 0.7481481481481481 0.026041666666666668 0.046296296296296294
1 0.05364583333333333 0.8064814814814815 0.026041666666666668 0.046296296296296294
1 0.6765625 0.7962962962962963 0.026041666666666668 0.046296296296296294
1 0.11510416666666666 0.8268518518518518 0.026041666666666668 0.046296296296296294
1 0.0546875 0.8416666666666667 0.026041666666666668 0.046296296296296294
1 0.13333333333333333 0.8898148148148148 0.026041666666666668 0.046296296296296294
1 0.3 0.8907407407407407 0.026041666666666668 0.046296296296296294
1 0.015625 0.8916666666666667 0.026041666666666668 0.046296296296296294
1 0.196875 0.9009259259259259 0.026041666666666668 0.046296296296296294
1 0.3848958333333333 0.8870370370370371 0.026041666666666668 0.046296296296296294
1 0.8546875 0.9037037037037037 0.026041666666666668 0.046296296296296294
1 0.078125 0.9222222222222223 0.026041666666666668 0.046296296296296294
1 0.26458333333333334 0.9166666666666666 0.026041666666666668 0.046296296296296294
1 0.2911458333333333 0.9231481481481482 0.026041666666666668 0.046296296296296294
1 0.16614583333333333 0.9555555555555556 0.026041666666666668 0.046296296296296294
1 0.6838541666666667 0.9638888888888889 0.026041666666666668 0.046296296296296294
1 0.08854166666666667 0.8759259259259259 0.026041666666666668 0.046296296296296294
1 0.46770833333333334 0.9055555555555556 0.026041666666666668 0.046296296296296294
1 0.44375 0.8851851851851852 0.026041666666666668 0.046296296296296294
4 0.4083333333333333 0.6518518518518519 0.026041666666666668 0.046296296296296294
1 0.47604166666666664 0.7222222222222222 0.026041666666666668 0.046296296296296294
1 0.6333333333333333 0.7703703703703704 0.026041666666666668 0.046296296296296294
1 0.5739583333333333 0.774074074074074 0.026041666666666668 0.046296296296296294
1 0.721875 0.7944444444444444 0.026041666666666668 0.046296296296296294
1 0.84375 0.9407407407407408 0.026041666666666668 0.046296296296296294
1 0.8270833333333333 0.8685185185185185 0.026041666666666668 0.046296296296296294
1 0.7895833333333333 0.9277777777777778 0.026041666666666668 0.046296296296296294
1 0.81875 0.8388888888888889 0.026041666666666668 0.046296296296296294
1 0.8708333333333333 0.8222222222222222 0.026041666666666668 0.046296296296296294
1 0.9927083333333333 0.9055555555555556 0.026041666666666668 0.046296296296296294
3 0.7666666666666667 0.5796296296296296 0.026041666666666668 0.046296296296296294
3 0.7510416666666667 0.5574074074074075 0.026041666666666668 0.046296296296296294
3 0.73125 0.5962962962962963 0.026041666666666668 0.046296296296296294
4 0.621875 0.6481481481481481 0.026041666666666668 0.046296296296296294
4 0.4166666666666667 0.5092592592592593 0.026041666666666668 0.046296296296296294
1 0.28541666666666665 0.9666666666666667 0.026041666666666668 0.046296296296296294
2 0.14895833333333333 0.512962962962963 0.026041666666666668 0.046296296296296294
