0 0.4708333333333333 0.09537037037037037 0.026041666666666668 0.046296296296296294
0 0.4796875 0.0962962962962963 0.026041666666666668 0.046296296296296294
0 0.4869791666666667 0.10648148148148148 0.026041666666666668 0.046296296296296294
0 0.4713541666666667 0.11481481481481481 0.026041666666666668 0.046296296296296294
0 0.4921875 0.12037037037037036 0.026041666666666668 0.046296296296296294
0 0.4703125 0.13055555555555556 0.026041666666666668 0.046296296296296294
0 0.45416666666666666 0.13055555555555556 0.026041666666666668 0.046296296296296294
0 0.48802083333333335 0.13796296296296295 0.026041666666666668 0.046296296296296294
0 0.4630208333333333 0.14351851851851852 0.026041666666666668 0.046296296296296294
0 0.4635416666666667 0.1527777777777778 0.026041666666666668 0.046296296296296294
0 0.4713541666666667 0.16296296296296298 0.026041666666666668 0.046296296296296294
0 0.42916666666666664 0.18055555555555555 0.026041666666666668 0.046296296296296294
0 0.5078125 0.18425925925925926 0.026041666666666668 0.046296296296296294
0 0.43333333333333335 0.18888888888888888 0.026041666666666668 0.046296296296296294
0 0.4875 0.1925925925925926 0.026041666666666668 0.046296296296296294
0 0.47552083333333334 0.19537037037037036 0.026041666666666668 0.046296296296296294
0 0.4869791666666667 0.20833333333333334 0.026041666666666668 0.046296296296296294
0 0.4739583333333333 0.22037037037037038 0.026041666666666668 0.046296296296296294
0 0.5 0.22962962962962963 0.026041666666666668 0.046296296296296294
0 0.4197916666666667 0.23796296296296296 0.026041666666666668 0.046296296296296294
0 0.44427083333333334 0.23333333333333334 0.026041666666666668 0.046296296296296294
0 0.5078125 0.24814814814814815 0.026041666666666668 0.046296296296296294
0 0.4578125 0.2537037037037037 0.026041666666666668 0.046296296296296294
0 0.465625 0.25 0.026041666666666668 0.046296296296296294
0 0.44479166666666664 0.2611111111111111 0.026041666666666668 0.046296296296296294
0 0.4828125 0.2611111111111111 0.026041666666666668 0.046296296296296294
0 0.4942708333333333 0.26296296296296295 0.026041666666666668 0.046296296296296294
0 0.6661458333333333 0.26296296296296295 0.026041666666666668 0.046296296296296294
0 0.41458333333333336 0.26851851851851855 0.026041666666666668 0.046296296296296294
0 0.43333333333333335 0.27037037037037037 0.026041666666666668 0.046296296296296294
0 0.44947916666666665 0.27314814814814814 0.026041666666666668 0.046296296296296294
0 0.4578125 0.27037037037037037 0.026041666666666668 0.046296296296296294
0 0.4744791666666667 0.2712962962962963 0.026041666666666668 0.046296296296296294
0 0.4276041666666667 0.27685185185185185 0.026041666666666668 0.046296296296296294
0 0.5416666666666666 0.27685185185185185 0.026041666666666668 0.046296296296296294
0 0.4171875 0.2833333333333333 0.026041666666666668 0.046296296296296294
0 0.45 0.28888888888888886 0.026041666666666668 0.046296296296296294
0 0.46927083333333336 0.28425925925925927 0.026041666666666668 0.046296296296296294
0 0.528125 0.287962962962963 0.026041666666666668 0.046296296296296294
0 0.44114583333333335 0.2935185185185185 0.026041666666666668 0.046296296296296294
0 0.5026041666666666 0.29259259259259257 0.026041666666666668 0.046296296296296294
0 0.5463541666666667 0.2916666666666667 0.026041666666666668 0.046296296296296294
0 0.47552083333333334 0.29907407407407405 0.026041666666666668 0.046296296296296294
0 0.49895833333333334 0.30185185185185187 0.026041666666666668 0.046296296296296294
0 0.5213541666666667 0.30185185185185187 0.026041666666666668 0.046296296296296294
0 0.4359375 0.3074074074074074 0.026041666666666668 0.046296296296296294
0 0.4197916666666667 0.31666666666666665 0.026041666666666668 0.046296296296296294
0 0.45260416666666664 0.31574074074074077 0.026041666666666668 0.046296296296296294
0 0.4703125 0.3148148148148148 0.026041666666666668 0.046296296296296294
0 0.5119791666666667 0.3175925925925926 0.026041666666666668 0.046296296296296294
0 0.4244791666666667 0.3277777777777778 0.026041666666666668 0.046296296296296294
0 0.4484375 0.3277777777777778 0.026041666666666668 0.046296296296296294
0 0.5026041666666666 0.32592592592592595 0.026041666666666668 0.046296296296296294
0 0.5239583333333333 0.32407407407407407 0.026041666666666668 0.046296296296296294
0 0.5114583333333333 0.33055555555555555 0.026041666666666668 0.046296296296296294
0 0.5359375 0.33240740740740743 0.026041666666666668 0.046296296296296294
4 0.5078125 0.3425925925925926 0.026041666666666668 0.046296296296296294
4 0.4239583333333333 0.34629629629629627 0.026041666666666668 0.046296296296296294
4 0.4786458333333333 0.3472222222222222 0.026041666666666668 0.046296296296296294
4 0.5161458333333333 0.3472222222222222 0.026041666666666668 0.046296296296296294
4 0.540625 0.3490740740740741 0.026041666666666668 0.046296296296296294
4 0.39114583333333336 0.35648148148148145 0.026041666666666668 0.046296296296296294
4 0.4041666666666667 0.3574074074074074 0.026041666666666668 0.046296296296296294
4 0.4119791666666667 0.35462962962962963 0.026041666666666668 0.046296296296296294
4 0.43645833333333334 0.35462962962962963 0.026041666666666668 0.046296296296296294
3 0.6838541666666667 0.35185185185185186 0.026041666666666668 0.046296296296296294
3 0.7192708333333333 0.3527777777777778 0.026041666666666668 0.046296296296296294
4 0.375 0.3638888888888889 0.026041666666666668 0.046296296296296294
4 0.38645833333333335 0.36574074074074076 0.026041666666666668 0.046296296296296294
4 0.49947916666666664 0.3648148148148148 0.026041666666666668 0.046296296296296294
4 0.6526041666666667 0.36203703703703705 0.026041666666666668 0.046296296296296294
4 0.4317708333333333 0.37407407407407406 0.026041666666666668 0.046296296296296294
4 0.44895833333333335 0.3712962962962963 0.026041666666666668 0.046296296296296294
4 0.5161458333333333 0.3685185185185185 0.026041666666666668 0.046296296296296294
4 0.6494791666666667 0.36944444444444446 0.026041666666666668 0.046296296296296294
4 0.6546875 0.37777777777777777 0.026041666666666668 0.046296296296296294
4 0.6583333333333333 0.38796296296296295 0.026041666666666668 0.046296296296296294
4 0.375 0.39351851851851855 0.026041666666666668 0.046296296296296294
4 0.38177083333333334 0.39444444444444443 0.026041666666666668 0.046296296296296294
4 0.45416666666666666 0.39444444444444443 0.026041666666666668 0.046296296296296294
4 0.5161458333333333 0.39444444444444443 0.026041666666666668 0.046296296296296294
2 0.203125 0.4 0.026041666666666668 0.046296296296296294
4 0.4708333333333333 0.40185185185185185 0.026041666666666668 0.046296296296296294
4 0.490625 0.40925925925925927 0.026041666666666668 0.046296296296296294
4 0.5166666666666667 0.4074074074074074 0.026041666666666668 0.046296296296296294
4 0.6567708333333333 0.4111111111111111 0.026041666666666668 0.046296296296296294
2 0.17760416666666667 0.4203703703703704 0.026041666666666668 0.046296296296296294
2 0.19583333333333333 0.41759259259259257 0.026041666666666668 0.046296296296296294
4 0.42135416666666664 0.42685185185185187 0.026041666666666668 0.046296296296296294
2 0.17083333333333334 0.4361111111111111 0.026041666666666668 0.046296296296296294
4 0.45208333333333334 0.4324074074074074 0.026041666666666668 0.046296296296296294
4 0.5239583333333333 0.43425925925925923 0.026041666666666668 0.046296296296296294
4 0.653125 0.4351851851851852 0.026041666666666668 0.046296296296296294
4 0.40729166666666666 0.4425925925925926 0.026041666666666668 0.046296296296296294
4 0.46979166666666666 0.44074074074074077 0.026041666666666668 0.046296296296296294
4 0.4953125 0.44074074074074077 0.026041666666666668 0.046296296296296294
4 0.6619791666666667 0.4425925925925926 0.026041666666666668 0.046296296296296294
3 0.7067708333333333 0.43703703703703706 0.026041666666666668 0.046296296296296294
2 0.17864583333333334 0.45092592592592595 0.026041666666666668 0.046296296296296294
4 0.440625 0.44814814814814813 0.026041666666666668 0.046296296296296294
4 0.425 0.4527777777777778 0.026041666666666668 0.046296296296296294
4 0.43333333333333335 0.4564814814814815 0.026041666666666668 0.046296296296296294
4 0.5036458333333333 0.4564814814814815 0.026041666666666668 0.046296296296296294
4 0.6619791666666667 0.45555555555555555 0.026041666666666668 0.046296296296296294
3 0.6828125 0.4527777777777778 0.026041666666666668 0.046296296296296294
4 0.5286458333333334 0.4648148148148148 0.026041666666666668 0.046296296296296294
4 0.40260416666666665 0.4703703703703704 0.026041666666666668 0.046296296296296294
3 0.6911458333333333 0.4722222222222222 0.026041666666666668 0.046296296296296294
2 0.21979166666666666 0.48148148148148145 0.026041666666666668 0.046296296296296294
4 0.5203125 0.49722222222222223 0.026041666666666668 0.046296296296296294
4 0.6208333333333333 0.49444444444444446 0.026041666666666668 0.046296296296296294
3 0.6921875 0.5027777777777778 0.026041666666666668 0.046296296296296294
4 0.5276041666666667 0.5111111111111111 0.026041666666666668 0.046296296296296294
3 0.7026041666666667 0.5101851851851852 0.026041666666666668 0.046296296296296294
2 0.21770833333333334 0.5148148148148148 0.026041666666666668 0.046296296296296294
4 0.475 0.525 0.026041666666666668 0.046296296296296294
4 0.5510416666666667 0.5259259259259259 0.026041666666666668 0.046296296296296294
4 0.5390625 0.5324074074074074 0.026041666666666668 0.046296296296296294
3 0.7239583333333334 0.5342592592592592 0.026041666666666668 0.046296296296296294
4 0.6291666666666667 0.5407407407407407 0.026041666666666668 0.046296296296296294
4 0.5510416666666667 0.5564814814814815 0.026041666666666668 0.046296296296296294
3 0.7348958333333333 0.5583333333333333 0.026041666666666668 0.046296296296296294
4 0.5791666666666667 0.5638888888888889 0.026041666666666668 0.046296296296296294
4 0.6088541666666667 0.5648148148148148 0.026041666666666668 0.046296296296296294
3 0.7494791666666667 0.5657407407407408 0.026041666666666668 0.046296296296296294
3 0.7619791666666667 0.5814814814814815 0.026041666666666668 0.046296296296296294
4 0.6479166666666667 0.5796296296296296 0.026041666666666668 0.046296296296296294
4 0.5291666666666667 0.6203703703703703 0.026041666666666668 0.046296296296296294
4 0.6005208333333333 0.6231481481481481 0.026041666666666668 0.046296296296296294
3 0.7135416666666666 0.6212962962962963 0.026041666666666668 0.046296296296296294
4 0.5520833333333334 0.6324074074074074 0.026041666666666668 0.046296296296296294
4 0.6036458333333333 0.6444444444444445 0.026041666666666668 0.046296296296296294
4 0.6036458333333333 0.6592592592592592 0.026041666666666668 0.046296296296296294
3 0.7734375 0.6666666666666666 0.026041666666666668 0.046296296296296294
1 0.6947916666666667 0.6925925925925925 0.026041666666666668 0.046296296296296294
1 0.7380208333333333 0.6962962962962963 0.026041666666666668 0.046296296296296294
1 0.6744791666666666 0.725 0.026041666666666668 0.046296296296296294
1 0.8828125 0.7462962962962963 0.026041666666666668 0.046296296296296294
1 0.6348958333333333 0.7583333333333333 0.026041666666666668 0.046296296296296294
1 0.8630208333333333 0.7981481481481482 0.026041666666666668 0.046296296296296294
1 0.45364583333333336 0.8185185185185185 0.026041666666666668 0.046296296296296294
1 0.8244791666666667 0.825 0.026041666666666668 0.046296296296296294
1 0.7703125 0.8361111111111111 0.026041666666666668 0.046296296296296294
1 0.9786458333333333 0.8490740740740741 0.026041666666666668 0.046296296296296294
1 0.49114583333333334 0.8583333333333333 0.026041666666666668 0.046296296296296294
1 0.828125 0.8685185185185185 0.026041666666666668 0.046296296296296294
1 0.5671875 0.8962962962962963 0.026041666666666668 0.046296296296296294
1 0.8151041666666666 0.9111111111111111 0.026041666666666668 0.046296296296296294
1 0.7098958333333333 0.937962962962963 0.026041666666666668 0.046296296296296294
1 0.7375 0.9277777777777778 0.026041666666666668 0.046296296296296294
1 0.9619791666666667 0.9425925925925925 0.026041666666666668 0.046296296296296294
1 0.9947916666666666 0.8574074074074074 0.026041666666666668 0.046296296296296294
3 0.753125 0.6240740740740741 0.026041666666666668 0.046296296296296294
1 0.7229166666666667 0.6703703703703704 0.026041666666666668 0.046296296296296294
1 0.5145833333333333 0.7722222222222223 0.026041666666666668 0.046296296296296294
4 0.51875 0.6444444444444445 0.026041666666666668 0.046296296296296294
4 0.5166666666666667 0.5425925925925926 0.026041666666666668 0.046296296296296294
0 0.6895833333333333 0.29259259259259257 0.026041666666666668 0.046296296296296294
