0 0.4713541666666667 0.09537037037037037 0.026041666666666668 0.046296296296296294
0 0.4828125 0.09814814814814815 0.026041666666666668 0.046296296296296294
0 0.47760416666666666 0.12222222222222222 0.026041666666666668 0.046296296296296294
0 0.49166666666666664 0.12129629629629629 0.026041666666666668 0.046296296296296294
0 0.4625 0.1287037037037037 0.026041666666666668 0.046296296296296294
0 0.4703125 0.12962962962962962 0.026041666666666668 0.046296296296296294
0 0.453125 0.13425925925925927 0.026041666666666668 0.046296296296296294
0 0.49114583333333334 0.13796296296296295 0.026041666666666668 0.046296296296296294
0 0.4744791666666667 0.14444444444444443 0.026041666666666668 0.046296296296296294
0 0.4666666666666667 0.15 0.026041666666666668 0.046296296296296294
0 0.478125 0.15185185185185185 0.026041666666666668 0.046296296296296294
0 0.5036458333333333 0.17592592592592593 0.026041666666666668 0.046296296296296294
0 0.4354166666666667 0.18333333333333332 0.026041666666666668 0.046296296296296294
0 0.46979166666666666 0.2064814814814815 0.026041666666666668 0.046296296296296294
0 0.4921875 0.2064814814814815 0.026041666666666668 0.046296296296296294
0 0.44114583333333335 0.23055555555555557 0.026041666666666668 0.046296296296296294
0 0.41875 0.23333333333333334 0.026041666666666668 0.046296296296296294
0 0.5036458333333333 0.2388888888888889 0.026041666666666668 0.046296296296296294
0 0.43020833333333336 0.24259259259259258 0.026041666666666668 0.046296296296296294
0 0.46197916666666666 0.24537037037037038 0.026041666666666668 0.046296296296296294
0 0.45364583333333336 0.25092592592592594 0.026041666666666668 0.046296296296296294
0 0.4822916666666667 0.2638888888888889 0.026041666666666668 0.046296296296296294
0 0.49166666666666664 0.26296296296296295 0.026041666666666668 0.046296296296296294
0 0.49895833333333334 0.27037037037037037 0.026041666666666668 0.046296296296296294
0 0.43854166666666666 0.275 0.026041666666666668 0.046296296296296294
0 0.4203125 0.2851851851851852 0.026041666666666668 0.046296296296296294
0 0.4744791666666667 0.2861111111111111 0.026041666666666668 0.046296296296296294
0 0.4708333333333333 0.30092592592592593 0.026041666666666668 0.046296296296296294
0 0.5114583333333333 0.30092592592592593 0.026041666666666668 0.046296296296296294
0 0.5364583333333334 0.3037037037037037 0.026041666666666668 0.046296296296296294
0 0.4171875 0.30925925925925923 0.026041666666666668 0.046296296296296294
0 0.4244791666666667 0.3101851851851852 0.026041666666666668 0.046296296296296294
0 0.4359375 0.30648148148148147 0.026041666666666668 0.046296296296296294
0 0.4640625 0.3101851851851852 0.026041666666666668 0.046296296296296294
0 0.49895833333333334 0.30648148148148147 0.026041666666666668 0.046296296296296294
0 0.5244791666666667 0.30833333333333335 0.026041666666666668 0.046296296296296294
0 0.6989583333333333 0.30833333333333335 0.026041666666666668 0.046296296296296294
0 0.45260416666666664 0.3148148148148148 0.026041666666666668 0.046296296296296294
0 0.5119791666666667 0.31296296296296294 0.026041666666666668 0.046296296296296294
0 0.5197916666666667 0.31666666666666665 0.026041666666666668 0.046296296296296294
0 0.42552083333333335 0.325 0.026041666666666668 0.046296296296296294
0 0.4744791666666667 0.32592592592592595 0.026041666666666668 0.046296296296296294
4 0.4161458333333333 0.3351851851851852 0.026041666666666668 0.046296296296296294
0 0.4583333333333333 0.3296296296296296 0.026041666666666668 0.046296296296296294
4 0.4453125 0.3388888888888889 0.026041666666666668 0.046296296296296294
4 0.5078125 0.337037037037037 0.026041666666666668 0.046296296296296294
4 0.5286458333333334 0.3398148148148148 0.026041666666666668 0.046296296296296294
4 0.4161458333333333 0.3490740740740741 0.026041666666666668 0.046296296296296294
4 0.5 0.3472222222222222 0.026041666666666668 0.046296296296296294
4 0.3953125 0.3537037037037037 0.026041666666666668 0.046296296296296294
4 0.4036458333333333 0.35555555555555557 0.026041666666666668 0.046296296296296294
4 0.40729166666666666 0.35555555555555557 0.026041666666666668 0.046296296296296294
4 0.4578125 0.35462962962962963 0.026041666666666668 0.046296296296296294
4 0.5125 0.35462962962962963 0.026041666666666668 0.046296296296296294
4 0.37447916666666664 0.362962962962963 0.026041666666666668 0.046296296296296294
4 0.38697916666666665 0.37407407407407406 0.026041666666666668 0.046296296296296294
4 0.403125 0.3712962962962963 0.026041666666666668 0.046296296296296294
4 0.44947916666666665 0.3731481481481482 0.026041666666666668 0.046296296296296294
4 0.5046875 0.37222222222222223 0.026041666666666668 0.046296296296296294
4 0.5203125 0.37222222222222223 0.026041666666666668 0.046296296296296294
4 0.65 0.37037037037037035 0.026041666666666668 0.046296296296296294
3 0.6692708333333334 0.3648148148148148 0.026041666666666668 0.046296296296296294
4 0.42604166666666665 0.3787037037037037 0.026041666666666668 0.046296296296296294
4 0.4322916666666667 0.37962962962962965 0.026041666666666668 0.046296296296296294
4 0.6505208333333333 0.3861111111111111 0.026041666666666668 0.046296296296296294
4 0.4083333333333333 0.39537037037037037 0.026041666666666668 0.046296296296296294
4 0.4744791666666667 0.39444444444444443 0.026041666666666668 0.046296296296296294
4 0.5145833333333333 0.39537037037037037 0.026041666666666668 0.046296296296296294
4 0.5442708333333334 0.39444444444444443 0.026041666666666668 0.046296296296296294
4 0.4666666666666667 0.40185185185185185 0.026041666666666668 0.046296296296296294
4 0.478125 0.40185185185185185 0.026041666666666668 0.046296296296296294
2 0.19479166666666667 0.4074074074074074 0.026041666666666668 0.046296296296296294
4 0.4036458333333333 0.4101851851851852 0.026041666666666668 0.046296296296296294
4 0.5151041666666667 0.4101851851851852 0.026041666666666668 0.046296296296296294
4 0.3953125 0.41944444444444445 0.026041666666666668 0.046296296296296294
4 0.6505208333333333 0.41388888888888886 0.026041666666666668 0.046296296296296294
4 0.43385416666666665 0.425 0.026041666666666668 0.046296296296296294
4 0.5203125 0.42685185185185187 0.026041666666666668 0.046296296296296294
4 0.4625 0.4425925925925926 0.026041666666666668 0.046296296296296294
4 0.5005208333333333 0.44166666666666665 0.026041666666666668 0.046296296296296294
4 0.525 0.44074074074074077 0.026041666666666668 0.046296296296296294
4 0.6583333333333333 0.4398148148148148 0.026041666666666668 0.046296296296296294
3 0.7026041666666667 0.44074074074074077 0.026041666666666668 0.046296296296296294
4 0.6661458333333333 0.44907407407407407 0.026041666666666668 0.046296296296296294
3 0.6859375 0.4564814814814815 0.026041666666666668 0.046296296296296294
4 0.5046875 0.462037037037037 0.026041666666666668 0.046296296296296294
4 0.4744791666666667 0.4722222222222222 0.026041666666666668 0.046296296296296294
4 0.5296875 0.4722222222222222 0.026041666666666668 0.046296296296296294
3 0.6776041666666667 0.4722222222222222 0.026041666666666668 0.046296296296296294
2 0.22135416666666666 0.47962962962962963 0.026041666666666668 0.046296296296296294
3 0.6697916666666667 0.47962962962962963 0.026041666666666668 0.046296296296296294
4 0.5234375 0.4888888888888889 0.026041666666666668 0.046296296296296294
4 0.5796875 0.4888888888888889 0.026041666666666668 0.046296296296296294
4 0.6239583333333333 0.48703703703703705 0.026041666666666668 0.046296296296296294
4 0.6458333333333334 0.487962962962963 0.026041666666666668 0.046296296296296294
3 0.7 0.4888888888888889 0.026041666666666668 0.046296296296296294
4 0.5302083333333333 0.4935185185185185 0.026041666666666668 0.046296296296296294
4 0.5697916666666667 0.5037037037037037 0.026041666666666668 0.046296296296296294
4 0.5822916666666667 0.5046296296296297 0.026041666666666668 0.046296296296296294
4 0.49166666666666664 0.5092592592592593 0.026041666666666668 0.046296296296296294
4 0.5114583333333333 0.5185185185185185 0.026041666666666668 0.046296296296296294
4 0.5276041666666667 0.5175925925925926 0.026041666666666668 0.046296296296296294
4 0.6088541666666667 0.5212962962962963 0.026041666666666668 0.046296296296296294
4 0.6317708333333333 0.5166666666666667 0.026041666666666668 0.046296296296296294
3 0.6994791666666667 0.5185185185185185 0.026041666666666668 0.046296296296296294
4 0.5390625 0.524074074074074 0.026041666666666668 0.046296296296296294
4 0.553125 0.5259259259259259 0.026041666666666668 0.046296296296296294
4 0.6651041666666667 0.5259259259259259 0.026041666666666668 0.046296296296296294
4 0.4114583333333333 0.5361111111111111 0.026041666666666668 0.046296296296296294
4 0.575 0.5361111111111111 0.026041666666666668 0.046296296296296294
3 0.725 0.5342592592592592 0.026041666666666668 0.046296296296296294
4 0.4947916666666667 0.5398148148148149 0.026041666666666668 0.046296296296296294
4 0.5708333333333333 0.5444444444444444 0.026041666666666668 0.046296296296296294
4 0.39166666666666666 0.5481481481481482 0.026041666666666668 0.046296296296296294
4 0.5875 0.549074074074074 0.026041666666666668 0.046296296296296294
4 0.5947916666666667 0.5574074074074075 0.026041666666666668 0.046296296296296294
4 0.6192708333333333 0.5574074074074075 0.026041666666666668 0.046296296296296294
3 0.740625 0.5666666666666667 0.026041666666666668 0.046296296296296294
3 0.7588541666666667 0.5657407407407408 0.026041666666666668 0.046296296296296294
2 0.2203125 0.5796296296296296 0.026041666666666668 0.046296296296296294
3 0.6916666666666667 0.5805555555555556 0.026041666666666668 0.046296296296296294
4 0.5416666666666666 0.5888888888888889 0.026041666666666668 0.046296296296296294
4 0.5838541666666667 0.5842592592592593 0.026041666666666668 0.046296296296296294
3 0.7744791666666667 0.5907407407407408 0.026041666666666668 0.046296296296296294
4 0.44583333333333336 0.5787037037037037 0.026041666666666668 0.046296296296296294
1 0.7197916666666667 0.6731481481481482 0.026041666666666668 0.046296296296296294
1 0.7729166666666667 0.6675925925925926 0.026041666666666668 0.046296296296296294
1 0.7083333333333334 0.6944444444444444 0.026041666666666668 0.046296296296296294
1 0.5130208333333334 0.7037037037037037 0.026041666666666668 0.046296296296296294
1 0.8864583333333333 0.7546296296296297 0.026041666666666668 0.046296296296296294
1 0.478125 0.8046296296296296 0.026041666666666668 0.046296296296296294
1 0.5489583333333333 0.8203703703703704 0.026041666666666668 0.046296296296296294
1 0.7609375 0.8342592592592593 0.026041666666666668 0.046296296296296294
1 0.9786458333333333 0.8472222222222222 0.026041666666666668 0.046296296296296294
1 0.815625 0.9212962962962963 0.026041666666666668 0.046296296296296294
1 0.5447916666666667 0.9277777777777778 0.026041666666666668 0.046296296296296294
1 0.9708333333333333 0.9324074074074075 0.026041666666666668 0.046296296296296294
1 0.8697916666666666 0.8222222222222222 0.026041666666666668 0.046296296296296294
1 0.990625 0.8703703703703703 0.026041666666666668 0.046296296296296294
1 0.8291666666666667 0.8740740740740741 0.026041666666666668 0.046296296296296294
1 0.8229166666666666 0.8333333333333334 0.026041666666666668 0.046296296296296294
1 0.68125 0.7 0.026041666666666668 0.046296296296296294
3 0.7552083333333334 0.6296296296296297 0.026041666666666668 0.046296296296296294
3 0.765625 0.5333333333333333 0.026041666666666668 0.046296296296296294
2 0.171875 0.42592592592592593 0.026041666666666668 0.046296296296296294
2 0.21458333333333332 0.4 0.026041666666666668 0.046296296296296294
4 0.496875 0.5833333333333334 0.026041666666666668 0.046296296296296294
4 0.53125 0.5537037037037037 0.026041666666666668 0.046296296296296294
4 0.5625 0.5666666666666667 0.026041666666666668 0.046296296296296294
