0 0.375 0.07222222222222222 0.026041666666666668 0.046296296296296294
0 0.47239583333333335 0.09537037037037037 0.026041666666666668 0.046296296296296294
0 0.48020833333333335 0.09814814814814815 0.026041666666666668 0.046296296296296294
0 0.4864583333333333 0.09907407407407408 0.026041666666666668 0.046296296296296294
0 0.4708333333333333 0.12129629629629629 0.026041666666666668 0.046296296296296294
0 0.48333333333333334 0.11944444444444445 0.026041666666666668 0.046296296296296294
0 0.4901041666666667 0.12129629629629629 0.026041666666666668 0.046296296296296294
0 0.45989583333333334 0.12777777777777777 0.026041666666666668 0.046296296296296294
0 0.478125 0.12962962962962962 0.026041666666666668 0.046296296296296294
0 0.4869791666666667 0.13055555555555556 0.026041666666666668 0.046296296296296294
0 0.4421875 0.13240740740740742 0.026041666666666668 0.046296296296296294
0 0.45416666666666666 0.1388888888888889 0.026041666666666668 0.046296296296296294
0 0.471875 0.13518518518518519 0.026041666666666668 0.046296296296296294
0 0.48333333333333334 0.13703703703703704 0.026041666666666668 0.046296296296296294
0 0.4901041666666667 0.13518518518518519 0.026041666666666668 0.046296296296296294
0 0.446875 0.14537037037037037 0.026041666666666668 0.046296296296296294
0 0.4625 0.1425925925925926 0.026041666666666668 0.046296296296296294
0 0.4296875 0.15092592592592594 0.026041666666666668 0.046296296296296294
0 0.4375 0.15185185185185185 0.026041666666666668 0.046296296296296294
0 0.4671875 0.1527777777777778 0.026041666666666668 0.046296296296296294
0 0.4744791666666667 0.1537037037037037 0.026041666666666668 0.046296296296296294
0 0.4421875 0.18796296296296297 0.026041666666666668 0.046296296296296294
0 0.4666666666666667 0.18888888888888888 0.026041666666666668 0.046296296296296294
0 0.47708333333333336 0.18981481481481483 0.026041666666666668 0.046296296296296294
0 0.44947916666666665 0.2 0.026041666666666668 0.046296296296296294
0 0.490625 0.19814814814814816 0.026041666666666668 0.046296296296296294
0 0.5114583333333333 0.19814814814814816 0.026041666666666668 0.046296296296296294
0 0.49583333333333335 0.20925925925925926 0.026041666666666668 0.046296296296296294
0 0.4786458333333333 0.21481481481481482 0.026041666666666668 0.046296296296296294
0 0.515625 0.24722222222222223 0.026041666666666668 0.046296296296296294
0 0.4947916666666667 0.25462962962962965 0.026041666666666668 0.046296296296296294
0 0.4484375 0.262037037037037 0.026041666666666668 0.046296296296296294
0 0.4276041666666667 0.2675925925925926 0.026041666666666668 0.046296296296296294
0 0.5067708333333333 0.2777777777777778 0.026041666666666668 0.046296296296296294
0 0.6953125 0.28703703703703703 0.026041666666666668 0.046296296296296294
0 0.4395833333333333 0.2916666666666667 0.026041666666666668 0.046296296296296294
0 0.5041666666666667 0.2953703703703704 0.026041666666666668 0.046296296296296294
0 0.48541666666666666 0.3 0.026041666666666668 0.046296296296296294
0 0.4984375 0.30185185185185187 0.026041666666666668 0.046296296296296294
0 0.5114583333333333 0.3 0.026041666666666668 0.046296296296296294
0 0.4666666666666667 0.30833333333333335 0.026041666666666668 0.046296296296296294
0 0.47604166666666664 0.30925925925925923 0.026041666666666668 0.046296296296296294
0 0.43072916666666666 0.3175925925925926 0.026041666666666668 0.046296296296296294
0 0.7072916666666667 0.31203703703703706 0.026041666666666668 0.046296296296296294
0 0.415625 0.32314814814814813 0.026041666666666668 0.046296296296296294
0 0.46145833333333336 0.32592592592592595 0.026041666666666668 0.046296296296296294
0 0.478125 0.3287037037037037 0.026041666666666668 0.046296296296296294
0 0.515625 0.3212962962962963 0.026041666666666668 0.046296296296296294
4 0.44947916666666665 0.3333333333333333 0.026041666666666668 0.046296296296296294
4 0.47552083333333334 0.3333333333333333 0.026041666666666668 0.046296296296296294
4 0.49375 0.3333333333333333 0.026041666666666668 0.046296296296296294
4 0.5104166666666666 0.3333333333333333 0.026041666666666668 0.046296296296296294
4 0.5494791666666666 0.3351851851851852 0.026041666666666668 0.046296296296296294
0 0.6505208333333333 0.33055555555555555 0.026041666666666668 0.046296296296296294
4 0.4161458333333333 0.3388888888888889 0.026041666666666668 0.046296296296296294
4 0.4453125 0.35 0.026041666666666668 0.046296296296296294
4 0.46979166666666666 0.34814814814814815 0.026041666666666668 0.046296296296296294
4 0.5067708333333333 0.35 0.026041666666666668 0.046296296296296294
4 0.39010416666666664 0.35648148148148145 0.026041666666666668 0.046296296296296294
4 0.4401041666666667 0.3574074074074074 0.026041666666666668 0.046296296296296294
4 0.375 0.362962962962963 0.026041666666666668 0.046296296296296294
4 0.5072916666666667 0.3685185185185185 0.026041666666666668 0.046296296296296294
4 0.39010416666666664 0.37592592592592594 0.026041666666666668 0.046296296296296294
4 0.5203125 0.3768518518518518 0.026041666666666668 0.046296296296296294
4 0.4942708333333333 0.3861111111111111 0.026041666666666668 0.046296296296296294
3 0.6859375 0.38425925925925924 0.026041666666666668 0.046296296296296294
4 0.5072916666666667 0.39351851851851855 0.026041666666666668 0.046296296296296294
4 0.653125 0.39444444444444443 0.026041666666666668 0.046296296296296294
2 0.20885416666666667 0.4 0.026041666666666668 0.046296296296296294
4 0.40260416666666665 0.40925925925925927 0.026041666666666668 0.046296296296296294
4 0.41510416666666666 0.4101851851851852 0.026041666666666668 0.046296296296296294
4 0.6520833333333333 0.4111111111111111 0.026041666666666668 0.046296296296296294
2 0.17395833333333333 0.4166666666666667 0.026041666666666668 0.046296296296296294
2 0.20208333333333334 0.4185185185185185 0.026041666666666668 0.046296296296296294
4 0.48541666666666666 0.41574074074074074 0.026041666666666668 0.046296296296296294
4 0.5020833333333333 0.41574074074074074 0.026041666666666668 0.046296296296296294
4 0.4296875 0.44814814814814813 0.026041666666666668 0.046296296296296294
4 0.6614583333333334 0.45 0.026041666666666668 0.046296296296296294
3 0.6786458333333333 0.4564814814814815 0.026041666666666668 0.046296296296296294
4 0.5192708333333333 0.46296296296296297 0.026041666666666668 0.046296296296296294
4 0.6583333333333333 0.4666666666666667 0.026041666666666668 0.046296296296296294
3 0.6880208333333333 0.4703703703703704 0.026041666666666668 0.046296296296296294
4 0.5203125 0.4787037037037037 0.026041666666666668 0.046296296296296294
4 0.49583333333333335 0.4888888888888889 0.026041666666666668 0.046296296296296294
4 0.6130208333333333 0.4935185185185185 0.026041666666666668 0.046296296296296294
3 0.6734375 0.4981481481481482 0.026041666666666668 0.046296296296296294
4 0.615625 0.5027777777777778 0.026041666666666668 0.046296296296296294
3 0.6942708333333333 0.5018518518518519 0.026041666666666668 0.046296296296296294
4 0.503125 0.5175925925925926 0.026041666666666668 0.046296296296296294
4 0.5197916666666667 0.5166666666666667 0.026041666666666668 0.046296296296296294
4 0.603125 0.5185185185185185 0.026041666666666668 0.046296296296296294
4 0.6234375 0.5231481481481481 0.026041666666666668 0.046296296296296294
3 0.6703125 0.5268518518518519 0.026041666666666668 0.046296296296296294
3 0.6911458333333333 0.5268518518518519 0.026041666666666668 0.046296296296296294
3 0.7192708333333333 0.5324074074074074 0.026041666666666668 0.046296296296296294
4 0.5291666666666667 0.5407407407407407 0.026041666666666668 0.046296296296296294
4 0.6338541666666667 0.5416666666666666 0.026041666666666668 0.046296296296296294
4 0.5916666666666667 0.5555555555555556 0.026041666666666668 0.046296296296296294
4 0.40625 0.562962962962963 0.026041666666666668 0.046296296296296294
4 0.515625 0.5657407407407408 0.026041666666666668 0.046296296296296294
4 0.43385416666666665 0.575925925925926 0.026041666666666668 0.046296296296296294
4 0.609375 0.5814814814814815 0.026041666666666668 0.046296296296296294
4 0.6598958333333333 0.5768518518518518 0.026041666666666668 0.046296296296296294
4 0.6375 0.587037037037037 0.026041666666666668 0.046296296296296294
4 0.5135416666666667 0.6018518518518519 0.026041666666666668 0.046296296296296294
4 0.5411458333333333 0.6333333333333333 0.026041666666666668 0.046296296296296294
3 0.7291666666666666 0.6435185185185185 0.026041666666666668 0.046296296296296294
2 0.225 0.6611111111111111 0.026041666666666668 0.046296296296296294
4 0.5786458333333333 0.662962962962963 0.026041666666666668 0.046296296296296294
1 0.3880208333333333 0.687037037037037 0.026041666666666668 0.046296296296296294
1 0.5119791666666667 0.6981481481481482 0.026041666666666668 0.046296296296296294
1 0.18854166666666666 0.7055555555555556 0.026041666666666668 0.046296296296296294
1 0.6046875 0.7388888888888889 0.026041666666666668 0.046296296296296294
1 0.39479166666666665 0.7416666666666667 0.026041666666666668 0.046296296296296294
1 0.4671875 0.7388888888888889 0.026041666666666668 0.046296296296296294
1 0.4473958333333333 0.7490740740740741 0.026041666666666668 0.046296296296296294
1 0.5145833333333333 0.7509259259259259 0.026041666666666668 0.046296296296296294
1 0.8859375 0.7490740740740741 0.026041666666666668 0.046296296296296294
1 0.8296875 0.7592592592592593 0.026041666666666668 0.046296296296296294
1 0.37083333333333335 0.7712962962962963 0.026041666666666668 0.046296296296296294
1 0.2078125 0.7898148148148149 0.026041666666666668 0.046296296296296294
1 0.5588541666666667 0.7787037037037037 0.026041666666666668 0.046296296296296294
1 0.14895833333333333 0.8222222222222222 0.026041666666666668 0.046296296296296294
1 0.1 0.8296296296296296 0.026041666666666668 0.046296296296296294
1 0.8791666666666667 0.837037037037037 0.026041666666666668 0.046296296296296294
1 0.090625 0.8703703703703703 0.026041666666666668 0.046296296296296294
1 0.2140625 0.8768518518518519 0.026041666666666668 0.046296296296296294
1 0.4359375 0.8907407407407407 0.026041666666666668 0.046296296296296294
1 0.5697916666666667 0.8907407407407407 0.026041666666666668 0.046296296296296294
1 0.8661458333333333 0.9101851851851852 0.026041666666666668 0.046296296296296294
1 0.8161458333333333 0.924074074074074 0.026041666666666668 0.046296296296296294
1 0.0421875 0.9259259259259259 0.026041666666666668 0.046296296296296294
1 0.24635416666666668 0.9259259259259259 0.026041666666666668 0.046296296296296294
1 0.27708333333333335 0.9231481481481482 0.026041666666666668 0.046296296296296294
1 0.27760416666666665 0.9592592592592593 0.026041666666666668 0.046296296296296294
1 0.7255208333333333 0.9546296296296296 0.026041666666666668 0.046296296296296294
1 0.9776041666666667 0.9601851851851851 0.026041666666666668 0.046296296296296294
1 0.6776041666666667 0.9592592592592593 0.026041666666666668 0.046296296296296294
1 0.10885416666666667 0.9796296296296296 0.026041666666666668 0.046296296296296294
1 0.46875 0.9 0.026041666666666668 0.046296296296296294
1 0.7354166666666667 0.9203703703703704 0.026041666666666668 0.046296296296296294
1 0.828125 0.8648148148148148 0.026041666666666668 0.046296296296296294
1 0.8260416666666667 0.8351851851851851 0.026041666666666668 0.046296296296296294
1 0.9 0.7888888888888889 0.026041666666666668 0.046296296296296294
1 0.6875 0.687037037037037 0.026041666666666668 0.046296296296296294
1 0.725 0.7203703703703703 0.026041666666666668 0.046296296296296294
1 0.765625 0.674074074074074 0.026041666666666668 0.046296296296296294
3 0.753125 0.6388888888888888 0.026041666666666668 0.046296296296296294
3 0.7645833333333333 0.5833333333333334 0.026041666666666668 0.046296296296296294
3 0.7520833333333333 0.5574074074074075 0.026041666666666668 0.046296296296296294
3 0.7333333333333333 0.5592592592592592 0.026041666666666668 0.046296296296296294
4 0.6166666666666667 0.6518518518518519 0.026041666666666668 0.046296296296296294
4 0.6541666666666667 0.6148148148148148 0.026041666666666668 0.046296296296296294
4 0.6166666666666667 0.6037037037037037 0.026041666666666668 0.046296296296296294
4 0.609375 0.5462962962962963 0.026041666666666668 0.046296296296296294
4 0.42083333333333334 0.5074074074074074 0.026041666666666668 0.046296296296296294
4 0.39479166666666665 0.43703703703703706 0.026041666666666668 0.046296296296296294
2 0.21979166666666666 0.387037037037037 0.026041666666666668 0.046296296296296294
2 0.22083333333333333 0.4166666666666667 0.026041666666666668 0.046296296296296294
