0 0.4822916666666667 0.09722222222222222 0.026041666666666668 0.046296296296296294
0 0.4875 0.10555555555555556 0.026041666666666668 0.046296296296296294
0 0.4703125 0.11296296296296296 0.026041666666666668 0.046296296296296294
0 0.4510416666666667 0.11666666666666667 0.026041666666666668 0.046296296296296294
0 0.4822916666666667 0.12222222222222222 0.026041666666666668 0.046296296296296294
0 0.44479166666666664 0.12777777777777777 0.026041666666666668 0.046296296296296294
0 0.490625 0.1287037037037037 0.026041666666666668 0.046296296296296294
0 0.440625 0.1398148148148148 0.026041666666666668 0.046296296296296294
0 0.44427083333333334 0.13518518518518519 0.026041666666666668 0.046296296296296294
0 0.4625 0.13796296296296295 0.026041666666666668 0.046296296296296294
0 0.4703125 0.1388888888888889 0.026041666666666668 0.046296296296296294
0 0.4739583333333333 0.14722222222222223 0.026041666666666668 0.046296296296296294
0 0.4786458333333333 0.14444444444444443 0.026041666666666668 0.046296296296296294
0 0.490625 0.14629629629629629 0.026041666666666668 0.046296296296296294
0 0.46145833333333336 0.15555555555555556 0.026041666666666668 0.046296296296296294
0 0.4817708333333333 0.15462962962962962 0.026041666666666668 0.046296296296296294
0 0.4359375 0.16203703703703703 0.026041666666666668 0.046296296296296294
0 0.45364583333333336 0.16203703703703703 0.026041666666666668 0.046296296296296294
0 0.47708333333333336 0.16203703703703703 0.026041666666666668 0.046296296296296294
0 0.5052083333333334 0.1685185185185185 0.026041666666666668 0.046296296296296294
0 0.4328125 0.17685185185185184 0.026041666666666668 0.046296296296296294
0 0.4744791666666667 0.17685185185185184 0.026041666666666668 0.046296296296296294
0 0.4276041666666667 0.18796296296296297 0.026041666666666668 0.046296296296296294
0 0.49583333333333335 0.1925925925925926 0.026041666666666668 0.046296296296296294
0 0.490625 0.20092592592592592 0.026041666666666668 0.046296296296296294
0 0.4239583333333333 0.21481481481481482 0.026041666666666668 0.046296296296296294
0 0.4791666666666667 0.21481481481481482 0.026041666666666668 0.046296296296296294
0 0.48385416666666664 0.2324074074074074 0.026041666666666668 0.046296296296296294
0 0.5078125 0.22870370370370371 0.026041666666666668 0.046296296296296294
0 0.45364583333333336 0.24444444444444444 0.026041666666666668 0.046296296296296294
0 0.475 0.25092592592592594 0.026041666666666668 0.046296296296296294
0 0.48333333333333334 0.2518518518518518 0.026041666666666668 0.046296296296296294
0 0.49114583333333334 0.2611111111111111 0.026041666666666668 0.046296296296296294
0 0.5125 0.27037037037037037 0.026041666666666668 0.046296296296296294
0 0.46145833333333336 0.2777777777777778 0.026041666666666668 0.046296296296296294
0 0.5328125 0.2796296296296296 0.026041666666666668 0.046296296296296294
0 0.5484375 0.2777777777777778 0.026041666666666668 0.046296296296296294
0 0.503125 0.2861111111111111 0.026041666666666668 0.046296296296296294
0 0.5203125 0.2851851851851852 0.026041666666666668 0.046296296296296294
0 0.4661458333333333 0.2916666666666667 0.026041666666666668 0.046296296296296294
0 0.5145833333333333 0.29259259259259257 0.026041666666666668 0.046296296296296294
0 0.5510416666666667 0.2916666666666667 0.026041666666666668 0.046296296296296294
0 0.6979166666666666 0.2916666666666667 0.026041666666666668 0.046296296296296294
0 0.703125 0.29074074074074074 0.026041666666666668 0.046296296296296294
0 0.5026041666666666 0.29814814814814816 0.026041666666666668 0.046296296296296294
0 0.4192708333333333 0.30648148148148147 0.026041666666666668 0.046296296296296294
0 0.4317708333333333 0.30462962962962964 0.026041666666666668 0.046296296296296294
0 0.43645833333333334 0.3055555555555556 0.026041666666666668 0.046296296296296294
0 0.4588541666666667 0.3074074074074074 0.026041666666666668 0.046296296296296294
0 0.515625 0.30925925925925923 0.026041666666666668 0.046296296296296294
0 0.4203125 0.31574074074074077 0.026041666666666668 0.046296296296296294
0 0.4739583333333333 0.3175925925925926 0.026041666666666668 0.046296296296296294
0 0.4317708333333333 0.32592592592592595 0.026041666666666668 0.046296296296296294
0 0.44895833333333335 0.3287037037037037 0.026041666666666668 0.046296296296296294
0 0.4588541666666667 0.3296296296296296 0.026041666666666668 0.046296296296296294
4 0.46822916666666664 0.33425925925925926 0.026041666666666668 0.046296296296296294
4 0.5119791666666667 0.34629629629629627 0.026041666666666668 0.046296296296296294
4 0.39791666666666664 0.35555555555555557 0.026041666666666668 0.046296296296296294
4 0.41041666666666665 0.35648148148148145 0.026041666666666668 0.046296296296296294
4 0.4505208333333333 0.35648148148148145 0.026041666666666668 0.046296296296296294
4 0.503125 0.35648148148148145 0.026041666666666668 0.046296296296296294
4 0.4953125 0.362962962962963 0.026041666666666668 0.046296296296296294
4 0.5255208333333333 0.3648148148148148 0.026041666666666668 0.046296296296296294
3 0.6770833333333334 0.36666666666666664 0.026041666666666668 0.046296296296296294
4 0.5067708333333333 0.37962962962962965 0.026041666666666668 0.046296296296296294
4 0.6541666666666667 0.3787037037037037 0.026041666666666668 0.046296296296296294
4 0.4 0.38425925925925924 0.026041666666666668 0.046296296296296294
2 0.21197916666666666 0.39166666666666666 0.026041666666666668 0.046296296296296294
4 0.5005208333333333 0.4 0.026041666666666668 0.046296296296296294
4 0.653125 0.40185185185185185 0.026041666666666668 0.046296296296296294
2 0.184375 0.4101851851851852 0.026041666666666668 0.046296296296296294
4 0.5151041666666667 0.4185185185185185 0.026041666666666668 0.046296296296296294
4 0.44895833333333335 0.425 0.026041666666666668 0.046296296296296294
4 0.6536458333333334 0.43333333333333335 0.026041666666666668 0.046296296296296294
3 0.7020833333333333 0.43796296296296294 0.026041666666666668 0.046296296296296294
4 0.503125 0.44722222222222224 0.026041666666666668 0.046296296296296294
4 0.5239583333333333 0.45 0.026041666666666668 0.046296296296296294
4 0.6625 0.44537037037037036 0.026041666666666668 0.046296296296296294
4 0.6609375 0.4722222222222222 0.026041666666666668 0.046296296296296294
3 0.6786458333333333 0.4722222222222222 0.026041666666666668 0.046296296296296294
2 0.225 0.47962962962962963 0.026041666666666668 0.046296296296296294
4 0.5166666666666667 0.48703703703703705 0.026041666666666668 0.046296296296296294
4 0.421875 0.4888888888888889 0.026041666666666668 0.046296296296296294
4 0.6375 0.49722222222222223 0.026041666666666668 0.046296296296296294
3 0.7041666666666667 0.49537037037037035 0.026041666666666668 0.046296296296296294
4 0.5171875 0.5027777777777778 0.026041666666666668 0.046296296296296294
4 0.6130208333333333 0.5018518518518519 0.026041666666666668 0.046296296296296294
2 0.14322916666666666 0.5046296296296297 0.026041666666666668 0.046296296296296294
4 0.39114583333333336 0.5046296296296297 0.026041666666666668 0.046296296296296294
3 0.6963541666666667 0.5111111111111111 0.026041666666666668 0.046296296296296294
4 0.47239583333333335 0.5157407407407407 0.026041666666666668 0.046296296296296294
4 0.49635416666666665 0.5185185185185185 0.026041666666666668 0.046296296296296294
4 0.6354166666666666 0.5166666666666667 0.026041666666666668 0.046296296296296294
3 0.7041666666666667 0.5175925925925926 0.026041666666666668 0.046296296296296294
4 0.6666666666666666 0.525 0.026041666666666668 0.046296296296296294
4 0.40729166666666666 0.5305555555555556 0.026041666666666668 0.046296296296296294
4 0.5322916666666667 0.5351851851851852 0.026041666666666668 0.046296296296296294
3 0.71875 0.5361111111111111 0.026041666666666668 0.046296296296296294
2 0.20208333333333334 0.5509259259259259 0.026041666666666668 0.046296296296296294
4 0.47604166666666664 0.5481481481481482 0.026041666666666668 0.046296296296296294
3 0.6786458333333333 0.5527777777777778 0.026041666666666668 0.046296296296296294
4 0.5572916666666666 0.5583333333333333 0.026041666666666668 0.046296296296296294
4 0.5942708333333333 0.5555555555555556 0.026041666666666668 0.046296296296296294
4 0.6067708333333334 0.5574074074074075 0.026041666666666668 0.046296296296296294
3 0.7296875 0.562962962962963 0.026041666666666668 0.046296296296296294
3 0.7583333333333333 0.562962962962963 0.026041666666666668 0.046296296296296294
4 0.5072916666666667 0.5685185185185185 0.026041666666666668 0.046296296296296294
4 0.5395833333333333 0.5685185185185185 0.026041666666666668 0.046296296296296294
3 0.6744791666666666 0.5731481481481482 0.026041666666666668 0.046296296296296294
4 0.5817708333333333 0.575925925925926 0.026041666666666668 0.046296296296296294
2 0.1984375 0.5981481481481481 0.026041666666666668 0.046296296296296294
4 0.6203125 0.6064814814814815 0.026041666666666668 0.046296296296296294
4 0.6598958333333333 0.6027777777777777 0.026041666666666668 0.046296296296296294
4 0.4791666666666667 0.6203703703703703 0.026041666666666668 0.046296296296296294
3 0.6677083333333333 0.6268518518518519 0.026041666666666668 0.046296296296296294
3 0.7203125 0.6277777777777778 0.026041666666666668 0.046296296296296294
2 0.22447916666666667 0.6361111111111111 0.026041666666666668 0.046296296296296294
3 0.7661458333333333 0.6342592592592593 0.026041666666666668 0.046296296296296294
2 0.21979166666666666 0.6527777777777778 0.026041666666666668 0.046296296296296294
2 0.15260416666666668 0.6657407407407407 0.026041666666666668 0.046296296296296294
3 0.7369791666666666 0.6666666666666666 0.026041666666666668 0.046296296296296294
1 0.7026041666666667 0.6814814814814815 0.026041666666666668 0.046296296296296294
1 0.16614583333333333 0.6907407407407408 0.026041666666666668 0.046296296296296294
1 0.13385416666666666 0.7138888888888889 0.026041666666666668 0.046296296296296294
1 0.15885416666666666 0.7296296296296296 0.026041666666666668 0.046296296296296294
1 0.13229166666666667 0.7379629629629629 0.026041666666666668 0.046296296296296294
1 0.8833333333333333 0.7453703703703703 0.026041666666666668 0.046296296296296294
1 0.6598958333333333 0.762962962962963 0.026041666666666668 0.046296296296296294
1 0.5239583333333333 0.8101851851851852 0.026041666666666668 0.046296296296296294
1 0.6364583333333333 0.8157407407407408 0.026041666666666668 0.046296296296296294
1 0.7723958333333333 0.8407407407407408 0.026041666666666668 0.046296296296296294
1 0.8171875 0.8416666666666667 0.026041666666666668 0.046296296296296294
1 0.9734375 0.8527777777777777 0.026041666666666668 0.046296296296296294
1 0.6057291666666667 0.8555555555555555 0.026041666666666668 0.046296296296296294
1 0.9942708333333333 0.8574074074074074 0.026041666666666668 0.046296296296296294
1 0.7848958333333333 0.8703703703703703 0.026041666666666668 0.046296296296296294
1 0.6671875 0.8925925925925926 0.026041666666666668 0.046296296296296294
1 0.3328125 0.8962962962962963 0.026041666666666668 0.046296296296296294
1 0.9703125 0.9444444444444444 0.026041666666666668 0.046296296296296294
1 0.19583333333333333 0.725925925925926 0.026041666666666668 0.046296296296296294
1 0.22291666666666668 0.7351851851851852 0.026041666666666668 0.046296296296296294
1 0.41770833333333335 0.774074074074074 0.026041666666666668 0.046296296296296294
1 0.475 0.7814814814814814 0.026041666666666668 0.046296296296296294
1 0.5270833333333333 0.8814814814814815 0.026041666666666668 0.046296296296296294
1 0.475 0.9111111111111111 0.026041666666666668 0.046296296296296294
1 0.8302083333333333 0.8703703703703703 0.026041666666666668 0.046296296296296294
1 0.8729166666666667 0.8203703703703704 0.026041666666666668 0.046296296296296294
1 0.7770833333333333 0.6907407407407408 0.026041666666666668 0.046296296296296294
1 0.6895833333333333 0.6759259259259259 0.026041666666666668 0.046296296296296294
1 0.6666666666666666 0.687037037037037 0.026041666666666668 0.046296296296296294
2 0.16666666666666666 0.5703703703703704 0.026041666666666668 0.046296296296296294
4 0.409375 0.6148148148148148 0.026041666666666668 0.046296296296296294
4 0.44895833333333335 0.5296296296296297 0.026041666666666668 0.046296296296296294
4 0.375 0.5351851851851852 0.026041666666666668 0.046296296296296294
4 0.49583333333333335 0.6 0.026041666666666668 0.046296296296296294
