0 0.4786458333333333 0.09722222222222222 0.026041666666666668 0.046296296296296294
0 0.48333333333333334 0.10555555555555556 0.026041666666666668 0.046296296296296294
0 0.4713541666666667 0.11296296296296296 0.026041666666666668 0.046296296296296294
0 0.4630208333333333 0.13055555555555556 0.026041666666666668 0.046296296296296294
0 0.46979166666666666 0.12962962962962962 0.026041666666666668 0.046296296296296294
0 0.4869791666666667 0.12962962962962962 0.026041666666666668 0.046296296296296294
0 0.44114583333333335 0.13240740740740742 0.026041666666666668 0.046296296296296294
0 0.4546875 0.13425925925925927 0.026041666666666668 0.046296296296296294
0 0.4322916666666667 0.16574074074074074 0.026041666666666668 0.046296296296296294
0 0.5005208333333333 0.17685185185185184 0.026041666666666668 0.046296296296296294
0 0.4427083333333333 0.18703703703703703 0.026041666666666668 0.046296296296296294
0 0.43333333333333335 0.18796296296296297 0.026041666666666668 0.046296296296296294
0 0.4869791666666667 0.18888888888888888 0.026041666666666668 0.046296296296296294
0 0.440625 0.21481481481481482 0.026041666666666668 0.046296296296296294
0 0.46145833333333336 0.2101851851851852 0.026041666666666668 0.046296296296296294
0 0.4859375 0.21203703703703702 0.026041666666666668 0.046296296296296294
0 0.45364583333333336 0.2212962962962963 0.026041666666666668 0.046296296296296294
0 0.4734375 0.21944444444444444 0.026041666666666668 0.046296296296296294
0 0.4166666666666667 0.23148148148148148 0.026041666666666668 0.046296296296296294
0 0.43333333333333335 0.23425925925925925 0.026041666666666668 0.046296296296296294
0 0.5036458333333333 0.23055555555555557 0.026041666666666668 0.046296296296296294
0 0.48854166666666665 0.2361111111111111 0.026041666666666668 0.046296296296296294
0 0.4953125 0.24166666666666667 0.026041666666666668 0.046296296296296294
0 0.41302083333333334 0.25462962962962965 0.026041666666666668 0.046296296296296294
0 0.42083333333333334 0.25555555555555554 0.026041666666666668 0.046296296296296294
0 0.4901041666666667 0.2601851851851852 0.026041666666666668 0.046296296296296294
0 0.49947916666666664 0.27037037037037037 0.026041666666666668 0.046296296296296294
0 0.5447916666666667 0.2657407407407407 0.026041666666666668 0.046296296296296294
0 0.41770833333333335 0.2759259259259259 0.026041666666666668 0.046296296296296294
0 0.425 0.2759259259259259 0.026041666666666668 0.046296296296296294
0 0.4359375 0.27685185185185185 0.026041666666666668 0.046296296296296294
0 0.4864583333333333 0.2777777777777778 0.026041666666666668 0.046296296296296294
0 0.5364583333333334 0.27685185185185185 0.026041666666666668 0.046296296296296294
0 0.44479166666666664 0.2833333333333333 0.026041666666666668 0.046296296296296294
0 0.5494791666666666 0.2824074074074074 0.026041666666666668 0.046296296296296294
0 0.690625 0.2861111111111111 0.026041666666666668 0.046296296296296294
0 0.48125 0.29259259259259257 0.026041666666666668 0.046296296296296294
0 0.5286458333333334 0.29444444444444445 0.026041666666666668 0.046296296296296294
0 0.5369791666666667 0.29444444444444445 0.026041666666666668 0.046296296296296294
0 0.4244791666666667 0.3148148148148148 0.026041666666666668 0.046296296296296294
0 0.4578125 0.31851851851851853 0.026041666666666668 0.046296296296296294
0 0.50625 0.31851851851851853 0.026041666666666668 0.046296296296296294
0 0.5328125 0.3175925925925926 0.026041666666666668 0.046296296296296294
0 0.6953125 0.3138888888888889 0.026041666666666668 0.046296296296296294
0 0.440625 0.33055555555555555 0.026041666666666668 0.046296296296296294
0 0.45260416666666664 0.33240740740740743 0.026041666666666668 0.046296296296296294
4 0.5380208333333333 0.3416666666666667 0.026041666666666668 0.046296296296296294
4 0.396875 0.3453703703703704 0.026041666666666668 0.046296296296296294
4 0.4036458333333333 0.3453703703703704 0.026041666666666668 0.046296296296296294
4 0.41510416666666666 0.3490740740740741 0.026041666666666668 0.046296296296296294
4 0.44479166666666664 0.34814814814814815 0.026041666666666668 0.046296296296296294
4 0.4578125 0.34814814814814815 0.026041666666666668 0.046296296296296294
4 0.5151041666666667 0.34814814814814815 0.026041666666666668 0.046296296296296294
4 0.39114583333333336 0.35555555555555557 0.026041666666666668 0.046296296296296294
4 0.5125 0.35648148148148145 0.026041666666666668 0.046296296296296294
4 0.4166666666666667 0.362962962962963 0.026041666666666668 0.046296296296296294
4 0.4041666666666667 0.3712962962962963 0.026041666666666668 0.046296296296296294
4 0.45 0.3685185185185185 0.026041666666666668 0.046296296296296294
4 0.4583333333333333 0.3768518518518518 0.026041666666666668 0.046296296296296294
4 0.48541666666666666 0.3768518518518518 0.026041666666666668 0.046296296296296294
4 0.3927083333333333 0.38796296296296295 0.026041666666666668 0.046296296296296294
4 0.39427083333333335 0.38796296296296295 0.026041666666666668 0.046296296296296294
4 0.4244791666666667 0.3824074074074074 0.026041666666666668 0.046296296296296294
4 0.4796875 0.3888888888888889 0.026041666666666668 0.046296296296296294
4 0.5119791666666667 0.38796296296296295 0.026041666666666668 0.046296296296296294
4 0.4078125 0.3925925925925926 0.026041666666666668 0.046296296296296294
4 0.4864583333333333 0.3907407407407407 0.026041666666666668 0.046296296296296294
4 0.37447916666666664 0.4027777777777778 0.026041666666666668 0.046296296296296294
4 0.37864583333333335 0.40185185185185185 0.026041666666666668 0.046296296296296294
4 0.428125 0.4 0.026041666666666668 0.046296296296296294
4 0.39427083333333335 0.4083333333333333 0.026041666666666668 0.046296296296296294
4 0.4078125 0.4101851851851852 0.026041666666666668 0.046296296296296294
2 0.18229166666666666 0.41574074074074074 0.026041666666666668 0.046296296296296294
4 0.5067708333333333 0.4203703703703704 0.026041666666666668 0.046296296296296294
2 0.17135416666666667 0.42407407407407405 0.026041666666666668 0.046296296296296294
3 0.6692708333333334 0.425 0.026041666666666668 0.046296296296296294
2 0.21614583333333334 0.42962962962962964 0.026041666666666668 0.046296296296296294
4 0.38697916666666665 0.4361111111111111 0.026041666666666668 0.046296296296296294
4 0.4109375 0.43333333333333335 0.026041666666666668 0.046296296296296294
4 0.465625 0.4361111111111111 0.026041666666666668 0.046296296296296294
4 0.5229166666666667 0.4361111111111111 0.026041666666666668 0.046296296296296294
3 0.6692708333333334 0.4361111111111111 0.026041666666666668 0.046296296296296294
3 0.7057291666666666 0.4388888888888889 0.026041666666666668 0.046296296296296294
4 0.39895833333333336 0.44814814814814813 0.026041666666666668 0.046296296296296294
4 0.5114583333333333 0.44907407407407407 0.026041666666666668 0.046296296296296294
3 0.6776041666666667 0.44722222222222224 0.026041666666666668 0.046296296296296294
4 0.37447916666666664 0.4583333333333333 0.026041666666666668 0.046296296296296294
4 0.4114583333333333 0.45740740740740743 0.026041666666666668 0.046296296296296294
4 0.4661458333333333 0.4537037037037037 0.026041666666666668 0.046296296296296294
4 0.38333333333333336 0.4648148148148148 0.026041666666666668 0.046296296296296294
4 0.4583333333333333 0.4648148148148148 0.026041666666666668 0.046296296296296294
4 0.4703125 0.4638888888888889 0.026041666666666668 0.046296296296296294
3 0.6895833333333333 0.4638888888888889 0.026041666666666668 0.046296296296296294
4 0.375 0.47314814814814815 0.026041666666666668 0.046296296296296294
4 0.41302083333333334 0.4703703703703704 0.026041666666666668 0.046296296296296294
4 0.5083333333333333 0.47129629629629627 0.026041666666666668 0.046296296296296294
4 0.3859375 0.47962962962962963 0.026041666666666668 0.046296296296296294
4 0.6119791666666666 0.4777777777777778 0.026041666666666668 0.046296296296296294
3 0.6786458333333333 0.4787037037037037 0.026041666666666668 0.046296296296296294
3 0.6895833333333333 0.47685185185185186 0.026041666666666668 0.046296296296296294
4 0.478125 0.4842592592592593 0.026041666666666668 0.046296296296296294
4 0.5338541666666666 0.4888888888888889 0.026041666666666668 0.046296296296296294
4 0.6046875 0.487962962962963 0.026041666666666668 0.046296296296296294
4 0.37447916666666664 0.49444444444444446 0.026041666666666668 0.046296296296296294
4 0.3875 0.49537037037037035 0.026041666666666668 0.046296296296296294
4 0.39479166666666665 0.49537037037037035 0.026041666666666668 0.046296296296296294
4 0.6166666666666667 0.4962962962962963 0.026041666666666668 0.046296296296296294
3 0.6854166666666667 0.49537037037037035 0.026041666666666668 0.046296296296296294
3 0.6984375 0.4962962962962963 0.026041666666666668 0.046296296296296294
4 0.38229166666666664 0.5120370370370371 0.026041666666666668 0.046296296296296294
4 0.41354166666666664 0.5092592592592593 0.026041666666666668 0.046296296296296294
4 0.4239583333333333 0.5203703703703704 0.026041666666666668 0.046296296296296294
4 0.6291666666666667 0.5194444444444445 0.026041666666666668 0.046296296296296294
3 0.6755208333333333 0.5157407407407407 0.026041666666666668 0.046296296296296294
3 0.7 0.5268518518518519 0.026041666666666668 0.046296296296296294
4 0.5828125 0.5314814814814814 0.026041666666666668 0.046296296296296294
3 0.7494791666666667 0.5333333333333333 0.026041666666666668 0.046296296296296294
4 0.390625 0.5407407407407407 0.026041666666666668 0.046296296296296294
4 0.403125 0.5425925925925926 0.026041666666666668 0.046296296296296294
4 0.5536458333333333 0.537962962962963 0.026041666666666668 0.046296296296296294
3 0.7270833333333333 0.5416666666666666 0.026041666666666668 0.046296296296296294
4 0.43802083333333336 0.5435185185185185 0.026041666666666668 0.046296296296296294
4 0.41458333333333336 0.562037037037037 0.026041666666666668 0.046296296296296294
3 0.740625 0.562037037037037 0.026041666666666668 0.046296296296296294
3 0.7713541666666667 0.5796296296296296 0.026041666666666668 0.046296296296296294
4 0.6395833333333333 0.5833333333333334 0.026041666666666668 0.046296296296296294
4 0.6005208333333333 0.5833333333333334 0.026041666666666668 0.046296296296296294
3 0.6942708333333333 0.6648148148148149 0.026041666666666668 0.046296296296296294
1 0.8848958333333333 0.7388888888888889 0.026041666666666668 0.046296296296296294
1 0.8854166666666666 0.7972222222222223 0.026041666666666668 0.046296296296296294
1 0.615625 0.8240740740740741 0.026041666666666668 0.046296296296296294
1 0.9953125 0.8657407407407407 0.026041666666666668 0.046296296296296294
1 0.7583333333333333 0.8888888888888888 0.026041666666666668 0.046296296296296294
1 0.6348958333333333 0.9111111111111111 0.026041666666666668 0.046296296296296294
1 0.8260416666666667 0.9175925925925926 0.026041666666666668 0.046296296296296294
1 0.9322916666666666 0.924074074074074 0.026041666666666668 0.046296296296296294
4 0.5166666666666667 0.524074074074074 0.026041666666666668 0.046296296296296294
4 0.5333333333333333 0.5259259259259259 0.026041666666666668 0.046296296296296294
1 0.74375 0.6703703703703704 0.026041666666666668 0.046296296296296294
3 0.75625 0.6240740740740741 0.026041666666666668 0.046296296296296294
1 0.821875 0.8351851851851851 0.026041666666666668 0.046296296296296294
1 0.471875 0.8314814814814815 0.026041666666666668 0.046296296296296294
1 0.23645833333333333 0.7055555555555556 0.026041666666666668 0.046296296296296294
1 0.96875 0.8148148148148148 0.026041666666666668 0.046296296296296294
4 0.65 0.4074074074074074 0.026041666666666668 0.046296296296296294
4 0.646875 0.43333333333333335 0.026041666666666668 0.046296296296296294
