0 0.475 0.09722222222222222 0.026041666666666668 0.046296296296296294
0 0.4791666666666667 0.09814814814814815 0.026041666666666668 0.046296296296296294
0 0.4947916666666667 0.09722222222222222 0.026041666666666668 0.046296296296296294
0 0.48333333333333334 0.10648148148148148 0.026041666666666668 0.046296296296296294
0 0.4703125 0.11481481481481481 0.026041666666666668 0.046296296296296294
0 0.4630208333333333 0.12222222222222222 0.026041666666666668 0.046296296296296294
0 0.46979166666666666 0.12962962962962962 0.026041666666666668 0.046296296296296294
0 0.4828125 0.12962962962962962 0.026041666666666668 0.046296296296296294
0 0.4947916666666667 0.1287037037037037 0.026041666666666668 0.046296296296296294
0 0.440625 0.13240740740740742 0.026041666666666668 0.046296296296296294
0 0.45260416666666664 0.13796296296296295 0.026041666666666668 0.046296296296296294
0 0.47604166666666664 0.1398148148148148 0.026041666666666668 0.046296296296296294
0 0.42916666666666664 0.1425925925925926 0.026041666666666668 0.046296296296296294
0 0.4942708333333333 0.16018518518518518 0.026041666666666668 0.046296296296296294
0 0.4875 0.1685185185185185 0.026041666666666668 0.046296296296296294
0 0.49114583333333334 0.1675925925925926 0.026041666666666668 0.046296296296296294
0 0.49947916666666664 0.16574074074074074 0.026041666666666668 0.046296296296296294
0 0.5088541666666667 0.1787037037037037 0.026041666666666668 0.046296296296296294
0 0.47604166666666664 0.19722222222222222 0.026041666666666668 0.046296296296296294
0 0.49947916666666664 0.19907407407407407 0.026041666666666668 0.046296296296296294
0 0.48333333333333334 0.2074074074074074 0.026041666666666668 0.046296296296296294
0 0.4744791666666667 0.21388888888888888 0.026041666666666668 0.046296296296296294
0 0.45208333333333334 0.22037037037037038 0.026041666666666668 0.046296296296296294
0 0.5026041666666666 0.22870370370370371 0.026041666666666668 0.046296296296296294
0 0.4895833333333333 0.23703703703703705 0.026041666666666668 0.046296296296296294
0 0.5026041666666666 0.23796296296296296 0.026041666666666668 0.046296296296296294
0 0.5083333333333333 0.2351851851851852 0.026041666666666668 0.046296296296296294
0 0.4864583333333333 0.25 0.026041666666666668 0.046296296296296294
0 0.41302083333333334 0.25092592592592594 0.026041666666666668 0.046296296296296294
0 0.41875 0.25 0.026041666666666668 0.046296296296296294
0 0.4239583333333333 0.25092592592592594 0.026041666666666668 0.046296296296296294
0 0.440625 0.2611111111111111 0.026041666666666668 0.046296296296296294
0 0.703125 0.2611111111111111 0.026041666666666668 0.046296296296296294
0 0.4244791666666667 0.2657407407407407 0.026041666666666668 0.046296296296296294
0 0.4953125 0.27037037037037037 0.026041666666666668 0.046296296296296294
0 0.46510416666666665 0.275 0.026041666666666668 0.046296296296296294
0 0.44114583333333335 0.2833333333333333 0.026041666666666668 0.046296296296296294
0 0.49895833333333334 0.28703703703703703 0.026041666666666668 0.046296296296296294
0 0.5114583333333333 0.28425925925925927 0.026041666666666668 0.046296296296296294
0 0.528125 0.2851851851851852 0.026041666666666668 0.046296296296296294
0 0.5421875 0.2861111111111111 0.026041666666666668 0.046296296296296294
0 0.5494791666666666 0.28425925925925927 0.026041666666666668 0.046296296296296294
0 0.42916666666666664 0.29259259259259257 0.026041666666666668 0.046296296296296294
0 0.475 0.29074074074074074 0.026041666666666668 0.046296296296296294
0 0.5067708333333333 0.30277777777777776 0.026041666666666668 0.046296296296296294
0 0.428125 0.30833333333333335 0.026041666666666668 0.046296296296296294
0 0.440625 0.30833333333333335 0.026041666666666668 0.046296296296296294
0 0.4453125 0.30833333333333335 0.026041666666666668 0.046296296296296294
0 0.45677083333333335 0.31666666666666665 0.026041666666666668 0.046296296296296294
0 0.5166666666666667 0.31666666666666665 0.026041666666666668 0.046296296296296294
0 0.4822916666666667 0.32314814814814813 0.026041666666666668 0.046296296296296294
0 0.6947916666666667 0.31851851851851853 0.026041666666666668 0.046296296296296294
0 0.453125 0.3314814814814815 0.026041666666666668 0.046296296296296294
0 0.46197916666666666 0.33055555555555555 0.026041666666666668 0.046296296296296294
0 0.5125 0.33240740740740743 0.026041666666666668 0.046296296296296294
4 0.4453125 0.3388888888888889 0.026041666666666668 0.046296296296296294
4 0.5161458333333333 0.34074074074074073 0.026041666666666668 0.046296296296296294
3 0.6739583333333333 0.33796296296296297 0.026041666666666668 0.046296296296296294
4 0.41354166666666664 0.3472222222222222 0.026041666666666668 0.046296296296296294
4 0.4203125 0.3490740740740741 0.026041666666666668 0.046296296296296294
4 0.44114583333333335 0.34814814814814815 0.026041666666666668 0.046296296296296294
4 0.5010416666666667 0.3490740740740741 0.026041666666666668 0.046296296296296294
4 0.5078125 0.34814814814814815 0.026041666666666668 0.046296296296296294
4 0.37552083333333336 0.35555555555555557 0.026041666666666668 0.046296296296296294
4 0.37864583333333335 0.35648148148148145 0.026041666666666668 0.046296296296296294
4 0.4 0.3574074074074074 0.026041666666666668 0.046296296296296294
4 0.4671875 0.3537037037037037 0.026041666666666668 0.046296296296296294
4 0.3885416666666667 0.36203703703703705 0.026041666666666668 0.046296296296296294
4 0.6505208333333333 0.36203703703703705 0.026041666666666668 0.046296296296296294
4 0.3697916666666667 0.37407407407407406 0.026041666666666668 0.046296296296296294
4 0.659375 0.37222222222222223 0.026041666666666668 0.046296296296296294
4 0.4083333333333333 0.37777777777777777 0.026041666666666668 0.046296296296296294
4 0.415625 0.37777777777777777 0.026041666666666668 0.046296296296296294
4 0.4244791666666667 0.3787037037037037 0.026041666666666668 0.046296296296296294
4 0.5130208333333334 0.37962962962962965 0.026041666666666668 0.046296296296296294
4 0.6583333333333333 0.37962962962962965 0.026041666666666668 0.046296296296296294
4 0.38645833333333335 0.3861111111111111 0.026041666666666668 0.046296296296296294
4 0.3984375 0.3888888888888889 0.026041666666666668 0.046296296296296294
4 0.65 0.3851851851851852 0.026041666666666668 0.046296296296296294
4 0.4328125 0.39444444444444443 0.026041666666666668 0.046296296296296294
4 0.4078125 0.4046296296296296 0.026041666666666668 0.046296296296296294
4 0.5161458333333333 0.4046296296296296 0.026041666666666668 0.046296296296296294
4 0.6578125 0.4027777777777778 0.026041666666666668 0.046296296296296294
2 0.178125 0.41203703703703703 0.026041666666666668 0.046296296296296294
2 0.19375 0.4074074074074074 0.026041666666666668 0.046296296296296294
2 0.21197916666666666 0.4046296296296296 0.026041666666666668 0.046296296296296294
4 0.3890625 0.4083333333333333 0.026041666666666668 0.046296296296296294
4 0.39479166666666665 0.40925925925925927 0.026041666666666668 0.046296296296296294
4 0.43645833333333334 0.41759259259259257 0.026041666666666668 0.046296296296296294
4 0.6526041666666667 0.4212962962962963 0.026041666666666668 0.046296296296296294
2 0.17395833333333333 0.42777777777777776 0.026041666666666668 0.046296296296296294
4 0.38333333333333336 0.42592592592592593 0.026041666666666668 0.046296296296296294
4 0.4239583333333333 0.425 0.026041666666666668 0.046296296296296294
4 0.47760416666666666 0.42685185185185187 0.026041666666666668 0.046296296296296294
4 0.5078125 0.42777777777777776 0.026041666666666668 0.046296296296296294
3 0.6692708333333334 0.42407407407407405 0.026041666666666668 0.046296296296296294
4 0.40625 0.43333333333333335 0.026041666666666668 0.046296296296296294
4 0.4348958333333333 0.43333333333333335 0.026041666666666668 0.046296296296296294
4 0.5213541666666667 0.43425925925925923 0.026041666666666668 0.046296296296296294
4 0.37447916666666664 0.4425925925925926 0.026041666666666668 0.046296296296296294
4 0.39947916666666666 0.44166666666666665 0.026041666666666668 0.046296296296296294
4 0.5078125 0.44166666666666665 0.026041666666666668 0.046296296296296294
3 0.6697916666666667 0.4398148148148148 0.026041666666666668 0.046296296296296294
3 0.7067708333333333 0.4388888888888889 0.026041666666666668 0.046296296296296294
4 0.3848958333333333 0.44814814814814813 0.026041666666666668 0.046296296296296294
4 0.39114583333333336 0.44814814814814813 0.026041666666666668 0.046296296296296294
4 0.40989583333333335 0.45555555555555555 0.026041666666666668 0.046296296296296294
4 0.515625 0.4601851851851852 0.026041666666666668 0.046296296296296294
3 0.6776041666666667 0.45555555555555555 0.026041666666666668 0.046296296296296294
4 0.38385416666666666 0.46574074074074073 0.026041666666666668 0.046296296296296294
4 0.46822916666666664 0.462037037037037 0.026041666666666668 0.046296296296296294
4 0.39166666666666666 0.4740740740740741 0.026041666666666668 0.046296296296296294
4 0.4119791666666667 0.4703703703703704 0.026041666666666668 0.046296296296296294
4 0.5 0.4675925925925926 0.026041666666666668 0.046296296296296294
3 0.6901041666666666 0.4703703703703704 0.026041666666666668 0.046296296296296294
4 0.5078125 0.48055555555555557 0.026041666666666668 0.046296296296296294
4 0.653125 0.47962962962962963 0.026041666666666668 0.046296296296296294
4 0.39010416666666664 0.4888888888888889 0.026041666666666668 0.046296296296296294
4 0.5588541666666667 0.4861111111111111 0.026041666666666668 0.046296296296296294
4 0.6046875 0.4888888888888889 0.026041666666666668 0.046296296296296294
4 0.6244791666666667 0.4861111111111111 0.026041666666666668 0.046296296296296294
3 0.6833333333333333 0.487962962962963 0.026041666666666668 0.046296296296296294
4 0.4 0.49722222222222223 0.026041666666666668 0.046296296296296294
4 0.5364583333333334 0.49537037037037035 0.026041666666666668 0.046296296296296294
4 0.6005208333333333 0.49722222222222223 0.026041666666666668 0.046296296296296294
4 0.6130208333333333 0.49074074074074076 0.026041666666666668 0.046296296296296294
4 0.6255208333333333 0.5027777777777778 0.026041666666666668 0.046296296296296294
3 0.7041666666666667 0.5037037037037037 0.026041666666666668 0.046296296296296294
4 0.38229166666666664 0.5148148148148148 0.026041666666666668 0.046296296296296294
4 0.5286458333333334 0.5148148148148148 0.026041666666666668 0.046296296296296294
4 0.42864583333333334 0.5268518518518519 0.026041666666666668 0.046296296296296294
4 0.628125 0.525 0.026041666666666668 0.046296296296296294
4 0.6661458333333333 0.5231481481481481 0.026041666666666668 0.046296296296296294
3 0.7104166666666667 0.5268518518518519 0.026041666666666668 0.046296296296296294
4 0.42083333333333334 0.5342592592592592 0.026041666666666668 0.046296296296296294
4 0.5223958333333333 0.5342592592592592 0.026041666666666668 0.046296296296296294
4 0.58125 0.5333333333333333 0.026041666666666668 0.046296296296296294
3 0.7276041666666667 0.5333333333333333 0.026041666666666668 0.046296296296296294
4 0.39427083333333335 0.5435185185185185 0.026041666666666668 0.046296296296296294
4 0.5395833333333333 0.5388888888888889 0.026041666666666668 0.046296296296296294
4 0.6145833333333334 0.5527777777777778 0.026041666666666668 0.046296296296296294
4 0.4125 0.5592592592592592 0.026041666666666668 0.046296296296296294
4 0.5041666666666667 0.5675925925925925 0.026041666666666668 0.046296296296296294
3 0.7322916666666667 0.5731481481481482 0.026041666666666668 0.046296296296296294
4 0.5046875 0.5805555555555556 0.026041666666666668 0.046296296296296294
4 0.6166666666666667 0.5805555555555556 0.026041666666666668 0.046296296296296294
3 0.7671875 0.5907407407407408 0.026041666666666668 0.046296296296296294
3 0.7036458333333333 0.6055555555555555 0.026041666666666668 0.046296296296296294
4 0.665625 0.6166666666666667 0.026041666666666668 0.046296296296296294
3 0.6979166666666666 0.6194444444444445 0.026041666666666668 0.046296296296296294
3 0.7510416666666667 0.6324074074074074 0.026041666666666668 0.046296296296296294
3 0.7119791666666667 0.6592592592592592 0.026041666666666668 0.046296296296296294
3 0.7578125 0.6648148148148149 0.026041666666666668 0.046296296296296294
1 0.6359375 0.7092592592592593 0.026041666666666668 0.046296296296296294
1 0.8859375 0.7425925925925926 0.026041666666666668 0.046296296296296294
1 0.8244791666666667 0.837037037037037 0.026041666666666668 0.046296296296296294
1 0.978125 0.8472222222222222 0.026041666666666668 0.046296296296296294
1 0.5078125 0.862037037037037 0.026041666666666668 0.046296296296296294
1 0.6265625 0.8787037037037037 0.026041666666666668 0.046296296296296294
1 0.7473958333333334 0.8768518518518519 0.026041666666666668 0.046296296296296294
1 0.8255208333333334 0.8861111111111111 0.026041666666666668 0.046296296296296294
1 0.6557291666666667 0.8870370370370371 0.026041666666666668 0.046296296296296294
1 0.5838541666666667 0.9027777777777778 0.026041666666666668 0.046296296296296294
1 0.825 0.9222222222222223 0.026041666666666668 0.046296296296296294
1 0.9744791666666667 0.9555555555555556 0.026041666666666668 0.046296296296296294
4 0.50625 0.6166666666666667 0.026041666666666668 0.046296296296296294
1 0.99375 0.8592592592592593 0.026041666666666668 0.046296296296296294
1 0.8875 0.8018518518518518 0.026041666666666668 0.046296296296296294
1 0.85 0.8333333333333334 0.026041666666666668 0.046296296296296294
3 0.75625 0.5185185185185185 0.026041666666666668 0.046296296296296294
3 0.6885416666666667 0.5166666666666667 0.026041666666666668 0.046296296296296294
