0 0.4744791666666667 0.08611111111111111 0.026041666666666668 0.046296296296296294
0 0.4828125 0.12222222222222222 0.026041666666666668 0.046296296296296294
0 0.4947916666666667 0.12129629629629629 0.026041666666666668 0.046296296296296294
0 0.46979166666666666 0.12777777777777777 0.026041666666666668 0.046296296296296294
0 0.47708333333333336 0.13240740740740742 0.026041666666666668 0.046296296296296294
0 0.4427083333333333 0.13333333333333333 0.026041666666666668 0.046296296296296294
0 0.4505208333333333 0.13425925925925927 0.026041666666666668 0.046296296296296294
0 0.45364583333333336 0.13703703703703704 0.026041666666666668 0.046296296296296294
0 0.45677083333333335 0.1361111111111111 0.026041666666666668 0.046296296296296294
0 0.4869791666666667 0.1361111111111111 0.026041666666666668 0.046296296296296294
0 0.4942708333333333 0.13518518518518519 0.026041666666666668 0.046296296296296294
0 0.4713541666666667 0.14537037037037037 0.026041666666666668 0.046296296296296294
0 0.478125 0.14537037037037037 0.026041666666666668 0.046296296296296294
0 0.4947916666666667 0.16574074074074074 0.026041666666666668 0.046296296296296294
0 0.4328125 0.17592592592592593 0.026041666666666668 0.046296296296296294
0 0.4583333333333333 0.175 0.026041666666666668 0.046296296296296294
0 0.4791666666666667 0.18425925925925926 0.026041666666666668 0.046296296296296294
0 0.48333333333333334 0.18518518518518517 0.026041666666666668 0.046296296296296294
0 0.49583333333333335 0.19907407407407407 0.026041666666666668 0.046296296296296294
0 0.46927083333333336 0.21203703703703702 0.026041666666666668 0.046296296296296294
0 0.48125 0.21203703703703702 0.026041666666666668 0.046296296296296294
0 0.5041666666666667 0.22685185185185186 0.026041666666666668 0.046296296296296294
0 0.4979166666666667 0.2462962962962963 0.026041666666666668 0.046296296296296294
0 0.4625 0.2777777777777778 0.026041666666666668 0.046296296296296294
0 0.5026041666666666 0.2777777777777778 0.026041666666666668 0.046296296296296294
0 0.5333333333333333 0.27685185185185185 0.026041666666666668 0.046296296296296294
0 0.5369791666666667 0.27685185185185185 0.026041666666666668 0.046296296296296294
0 0.540625 0.2777777777777778 0.026041666666666668 0.046296296296296294
0 0.515625 0.28425925925925927 0.026041666666666668 0.046296296296296294
0 0.6958333333333333 0.2861111111111111 0.026041666666666668 0.046296296296296294
0 0.49947916666666664 0.3 0.026041666666666668 0.046296296296296294
0 0.5166666666666667 0.29907407407407405 0.026041666666666668 0.046296296296296294
0 0.45677083333333335 0.3055555555555556 0.026041666666666668 0.046296296296296294
0 0.48125 0.3055555555555556 0.026041666666666668 0.046296296296296294
0 0.4276041666666667 0.31574074074074077 0.026041666666666668 0.046296296296296294
0 0.44427083333333334 0.3148148148148148 0.026041666666666668 0.046296296296296294
0 0.4703125 0.3148148148148148 0.026041666666666668 0.046296296296296294
0 0.7020833333333333 0.3138888888888889 0.026041666666666668 0.046296296296296294
0 0.49947916666666664 0.32314814814814813 0.026041666666666668 0.046296296296296294
0 0.44375 0.3314814814814815 0.026041666666666668 0.046296296296296294
0 0.5125 0.33240740740740743 0.026041666666666668 0.046296296296296294
4 0.44479166666666664 0.3472222222222222 0.026041666666666668 0.046296296296296294
4 0.46979166666666666 0.3472222222222222 0.026041666666666668 0.046296296296296294
4 0.5041666666666667 0.3472222222222222 0.026041666666666668 0.046296296296296294
4 0.39479166666666665 0.35555555555555557 0.026041666666666668 0.046296296296296294
4 0.65 0.35462962962962963 0.026041666666666668 0.046296296296296294
4 0.4328125 0.36018518518518516 0.026041666666666668 0.046296296296296294
4 0.5203125 0.3712962962962963 0.026041666666666668 0.046296296296296294
4 0.4479166666666667 0.3768518518518518 0.026041666666666668 0.046296296296296294
4 0.4765625 0.375 0.026041666666666668 0.046296296296296294
4 0.5192708333333333 0.39444444444444443 0.026041666666666668 0.046296296296296294
4 0.4921875 0.40370370370370373 0.026041666666666668 0.046296296296296294
4 0.5 0.4027777777777778 0.026041666666666668 0.046296296296296294
4 0.5072916666666667 0.40185185185185185 0.026041666666666668 0.046296296296296294
4 0.4109375 0.4101851851851852 0.026041666666666668 0.046296296296296294
2 0.21302083333333333 0.41759259259259257 0.026041666666666668 0.046296296296296294
4 0.6630208333333333 0.4203703703703704 0.026041666666666668 0.046296296296296294
2 0.17552083333333332 0.42592592592592593 0.026041666666666668 0.046296296296296294
4 0.42916666666666664 0.42592592592592593 0.026041666666666668 0.046296296296296294
4 0.6546875 0.42685185185185187 0.026041666666666668 0.046296296296296294
2 0.18385416666666668 0.43333333333333335 0.026041666666666668 0.046296296296296294
3 0.6895833333333333 0.42962962962962964 0.026041666666666668 0.046296296296296294
3 0.7067708333333333 0.4324074074074074 0.026041666666666668 0.046296296296296294
4 0.453125 0.4388888888888889 0.026041666666666668 0.046296296296296294
3 0.6692708333333334 0.44074074074074077 0.026041666666666668 0.046296296296296294
4 0.5067708333333333 0.45 0.026041666666666668 0.046296296296296294
4 0.5197916666666667 0.44907407407407407 0.026041666666666668 0.046296296296296294
3 0.7010416666666667 0.45 0.026041666666666668 0.046296296296296294
4 0.4041666666666667 0.4546296296296296 0.026041666666666668 0.046296296296296294
4 0.42083333333333334 0.4583333333333333 0.026041666666666668 0.046296296296296294
4 0.5291666666666667 0.4564814814814815 0.026041666666666668 0.046296296296296294
4 0.6546875 0.45740740740740743 0.026041666666666668 0.046296296296296294
3 0.6807291666666667 0.45555555555555555 0.026041666666666668 0.046296296296296294
4 0.45 0.4638888888888889 0.026041666666666668 0.046296296296296294
4 0.4583333333333333 0.46111111111111114 0.026041666666666668 0.046296296296296294
4 0.5083333333333333 0.4648148148148148 0.026041666666666668 0.046296296296296294
4 0.6572916666666667 0.4648148148148148 0.026041666666666668 0.046296296296296294
3 0.6703125 0.4648148148148148 0.026041666666666668 0.046296296296296294
4 0.4947916666666667 0.47314814814814815 0.026041666666666668 0.046296296296296294
4 0.5296875 0.4703703703703704 0.026041666666666668 0.046296296296296294
4 0.4661458333333333 0.48148148148148145 0.026041666666666668 0.046296296296296294
4 0.5036458333333333 0.4824074074074074 0.026041666666666668 0.046296296296296294
3 0.6697916666666667 0.48333333333333334 0.026041666666666668 0.046296296296296294
4 0.6208333333333333 0.49722222222222223 0.026041666666666668 0.046296296296296294
3 0.6994791666666667 0.4962962962962963 0.026041666666666668 0.046296296296296294
4 0.4890625 0.5018518518518519 0.026041666666666668 0.046296296296296294
4 0.6119791666666666 0.5037037037037037 0.026041666666666668 0.046296296296296294
4 0.5078125 0.5083333333333333 0.026041666666666668 0.046296296296296294
3 0.6994791666666667 0.5101851851851852 0.026041666666666668 0.046296296296296294
4 0.4203125 0.5166666666666667 0.026041666666666668 0.046296296296296294
4 0.5958333333333333 0.5185185185185185 0.026041666666666668 0.046296296296296294
4 0.46979166666666666 0.525 0.026041666666666668 0.046296296296296294
3 0.66875 0.5277777777777778 0.026041666666666668 0.046296296296296294
4 0.44479166666666664 0.5305555555555556 0.026041666666666668 0.046296296296296294
4 0.515625 0.5416666666666666 0.026041666666666668 0.046296296296296294
4 0.39166666666666666 0.549074074074074 0.026041666666666668 0.046296296296296294
3 0.7328125 0.549074074074074 0.026041666666666668 0.046296296296296294
3 0.6708333333333333 0.5592592592592592 0.026041666666666668 0.046296296296296294
4 0.5208333333333334 0.5666666666666667 0.026041666666666668 0.046296296296296294
4 0.6005208333333333 0.5657407407407408 0.026041666666666668 0.046296296296296294
3 0.7578125 0.562962962962963 0.026041666666666668 0.046296296296296294
4 0.5135416666666667 0.5731481481481482 0.026041666666666668 0.046296296296296294
4 0.4109375 0.5805555555555556 0.026041666666666668 0.046296296296296294
4 0.61875 0.5824074074074074 0.026041666666666668 0.046296296296296294
4 0.4390625 0.5833333333333334 0.026041666666666668 0.046296296296296294
4 0.6359375 0.5888888888888889 0.026041666666666668 0.046296296296296294
4 0.659375 0.5925925925925926 0.026041666666666668 0.046296296296296294
4 0.5151041666666667 0.6037037037037037 0.026041666666666668 0.046296296296296294
4 0.6114583333333333 0.6027777777777777 0.026041666666666668 0.046296296296296294
4 0.3921875 0.612037037037037 0.026041666666666668 0.046296296296296294
4 0.6244791666666667 0.6129629629629629 0.026041666666666668 0.046296296296296294
4 0.6463541666666667 0.6148148148148148 0.026041666666666668 0.046296296296296294
4 0.4875 0.6212962962962963 0.026041666666666668 0.046296296296296294
4 0.5927083333333333 0.6287037037037037 0.026041666666666668 0.046296296296296294
4 0.5354166666666667 0.6305555555555555 0.026041666666666668 0.046296296296296294
4 0.5755208333333334 0.6361111111111111 0.026041666666666668 0.046296296296296294
4 0.3932291666666667 0.6416666666666667 0.026041666666666668 0.046296296296296294
4 0.6645833333333333 0.6361111111111111 0.026041666666666668 0.046296296296296294
3 0.75 0.6592592592592592 0.026041666666666668 0.046296296296296294
4 0.4005208333333333 0.6666666666666666 0.026041666666666668 0.046296296296296294
1 0.7661458333333333 0.6675925925925926 0.026041666666666668 0.046296296296296294
1 0.6953125 0.7027777777777777 0.026041666666666668 0.046296296296296294
1 0.6411458333333333 0.7194444444444444 0.026041666666666668 0.046296296296296294
1 0.8760416666666667 0.7435185185185185 0.026041666666666668 0.046296296296296294
1 0.8302083333333333 0.7518518518518519 0.026041666666666668 0.046296296296296294
1 0.7395833333333334 0.8009259259259259 0.026041666666666668 0.046296296296296294
1 0.8145833333333333 0.8194444444444444 0.026041666666666668 0.046296296296296294
1 0.8744791666666667 0.837037037037037 0.026041666666666668 0.046296296296296294
1 0.7791666666666667 0.8324074074074074 0.026041666666666668 0.046296296296296294
1 0.8458333333333333 0.8601851851851852 0.026041666666666668 0.046296296296296294
1 0.5817708333333333 0.8814814814814815 0.026041666666666668 0.046296296296296294
1 0.8697916666666666 0.899074074074074 0.026041666666666668 0.046296296296296294
1 0.4739583333333333 0.9092592592592592 0.026041666666666668 0.046296296296296294
1 0.17916666666666667 0.924074074074074 0.026041666666666668 0.046296296296296294
1 0.584375 0.95 0.026041666666666668 0.046296296296296294
1 0.9640625 0.9444444444444444 0.026041666666666668 0.046296296296296294
1 0.5010416666666667 0.9490740740740741 0.026041666666666668 0.046296296296296294
1 0.5463541666666667 0.9648148148148148 0.026041666666666668 0.046296296296296294
1 0.3333333333333333 0.7537037037037037 0.026041666666666668 0.046296296296296294
1 0.40208333333333335 0.7777777777777778 0.026041666666666668 0.046296296296296294
1 0.434375 0.7833333333333333 0.026041666666666668 0.046296296296296294
1 0.44166666666666665 0.6925925925925925 0.026041666666666668 0.046296296296296294
4 0.43854166666666666 0.6259259259259259 0.026041666666666668 0.046296296296296294
1 0.440625 0.8944444444444445 0.026041666666666668 0.046296296296296294
1 0.6291666666666667 0.8018518518518518 0.026041666666666668 0.046296296296296294
1 0.9229166666666667 0.7481481481481481 0.026041666666666668 0.046296296296296294
3 0.7770833333333333 0.5648148148148148 0.026041666666666668 0.046296296296296294
3 0.7666666666666667 0.5851851851851851 0.026041666666666668 0.046296296296296294
3 0.725 0.5666666666666667 0.026041666666666668 0.046296296296296294
4 0.6291666666666667 0.5537037037037037 0.026041666666666668 0.046296296296296294
4 0.6083333333333333 0.5555555555555556 0.026041666666666668 0.046296296296296294
4 0.621875 0.5277777777777778 0.026041666666666668 0.046296296296296294
4 0.4791666666666667 0.5981481481481481 0.026041666666666668 0.046296296296296294
4 0.4552083333333333 0.5462962962962963 0.026041666666666668 0.046296296296296294
