0 0.4744791666666667 0.08796296296296297 0.026041666666666668 0.046296296296296294
0 0.484375 0.09814814814814815 0.026041666666666668 0.046296296296296294
0 0.47552083333333334 0.12222222222222222 0.026041666666666668 0.046296296296296294
0 0.48385416666666664 0.12129629629629629 0.026041666666666668 0.046296296296296294
0 0.490625 0.12407407407407407 0.026041666666666668 0.046296296296296294
0 0.4703125 0.13055555555555556 0.026041666666666668 0.046296296296296294
0 0.4432291666666667 0.13148148148148148 0.026041666666666668 0.046296296296296294
0 0.45 0.13333333333333333 0.026041666666666668 0.046296296296296294
0 0.46145833333333336 0.1361111111111111 0.026041666666666668 0.046296296296296294
0 0.48385416666666664 0.1388888888888889 0.026041666666666668 0.046296296296296294
0 0.471875 0.14629629629629629 0.026041666666666668 0.046296296296296294
0 0.43697916666666664 0.15555555555555556 0.026041666666666668 0.046296296296296294
0 0.478125 0.1527777777777778 0.026041666666666668 0.046296296296296294
0 0.46197916666666666 0.15833333333333333 0.026041666666666668 0.046296296296296294
0 0.44583333333333336 0.16944444444444445 0.026041666666666668 0.046296296296296294
0 0.43385416666666665 0.17407407407407408 0.026041666666666668 0.046296296296296294
0 0.49947916666666664 0.175 0.026041666666666668 0.046296296296296294
0 0.428125 0.18611111111111112 0.026041666666666668 0.046296296296296294
0 0.478125 0.18981481481481483 0.026041666666666668 0.046296296296296294
0 0.5 0.18981481481481483 0.026041666666666668 0.046296296296296294
0 0.46822916666666664 0.1962962962962963 0.026041666666666668 0.046296296296296294
0 0.478125 0.19907407407407407 0.026041666666666668 0.046296296296296294
0 0.5046875 0.20277777777777778 0.026041666666666668 0.046296296296296294
0 0.5052083333333334 0.22962962962962963 0.026041666666666668 0.046296296296296294
0 0.46510416666666665 0.23703703703703705 0.026041666666666668 0.046296296296296294
0 0.42864583333333334 0.2518518518518518 0.026041666666666668 0.046296296296296294
0 0.47708333333333336 0.2518518518518518 0.026041666666666668 0.046296296296296294
0 0.4661458333333333 0.2574074074074074 0.026041666666666668 0.046296296296296294
0 0.5067708333333333 0.2601851851851852 0.026041666666666668 0.046296296296296294
0 0.4739583333333333 0.27037037037037037 0.026041666666666668 0.046296296296296294
0 0.5489583333333333 0.2675925925925926 0.026041666666666668 0.046296296296296294
0 0.4317708333333333 0.28055555555555556 0.026041666666666668 0.046296296296296294
0 0.4484375 0.275 0.026041666666666668 0.046296296296296294
0 0.4552083333333333 0.2740740740740741 0.026041666666666668 0.046296296296296294
0 0.49375 0.27314814814814814 0.026041666666666668 0.046296296296296294
0 0.5411458333333333 0.2740740740740741 0.026041666666666668 0.046296296296296294
0 0.5463541666666667 0.287962962962963 0.026041666666666668 0.046296296296296294
0 0.4166666666666667 0.2898148148148148 0.026041666666666668 0.046296296296296294
0 0.49947916666666664 0.2916666666666667 0.026041666666666668 0.046296296296296294
0 0.4328125 0.3 0.026041666666666668 0.046296296296296294
0 0.4921875 0.3037037037037037 0.026041666666666668 0.046296296296296294
0 0.5109375 0.30092592592592593 0.026041666666666668 0.046296296296296294
0 0.465625 0.3074074074074074 0.026041666666666668 0.046296296296296294
0 0.4786458333333333 0.3175925925925926 0.026041666666666668 0.046296296296296294
0 0.49947916666666664 0.31666666666666665 0.026041666666666668 0.046296296296296294
0 0.7083333333333334 0.31296296296296294 0.026041666666666668 0.046296296296296294
0 0.5078125 0.325 0.026041666666666668 0.046296296296296294
0 0.5151041666666667 0.32222222222222224 0.026041666666666668 0.046296296296296294
0 0.4192708333333333 0.33240740740740743 0.026041666666666668 0.046296296296296294
0 0.4359375 0.32685185185185184 0.026041666666666668 0.046296296296296294
4 0.45 0.3333333333333333 0.026041666666666668 0.046296296296296294
0 0.5276041666666667 0.33240740740740743 0.026041666666666668 0.046296296296296294
4 0.5161458333333333 0.3388888888888889 0.026041666666666668 0.046296296296296294
4 0.44583333333333336 0.3490740740740741 0.026041666666666668 0.046296296296296294
4 0.453125 0.34444444444444444 0.026041666666666668 0.046296296296296294
4 0.5 0.3490740740740741 0.026041666666666668 0.046296296296296294
4 0.37604166666666666 0.35555555555555557 0.026041666666666668 0.046296296296296294
4 0.38333333333333336 0.35555555555555557 0.026041666666666668 0.046296296296296294
4 0.475 0.3527777777777778 0.026041666666666668 0.046296296296296294
4 0.49114583333333334 0.35462962962962963 0.026041666666666668 0.046296296296296294
4 0.5166666666666667 0.35555555555555557 0.026041666666666668 0.046296296296296294
4 0.4786458333333333 0.362962962962963 0.026041666666666668 0.046296296296296294
4 0.39166666666666666 0.37222222222222223 0.026041666666666668 0.046296296296296294
4 0.5088541666666667 0.37222222222222223 0.026041666666666668 0.046296296296296294
2 0.21510416666666668 0.3768518518518518 0.026041666666666668 0.046296296296296294
4 0.5151041666666667 0.3768518518518518 0.026041666666666668 0.046296296296296294
2 0.19427083333333334 0.3861111111111111 0.026041666666666668 0.046296296296296294
4 0.4234375 0.38425925925925924 0.026041666666666668 0.046296296296296294
4 0.5208333333333334 0.39351851851851855 0.026041666666666668 0.046296296296296294
4 0.37395833333333334 0.4046296296296296 0.026041666666666668 0.046296296296296294
4 0.43333333333333335 0.4027777777777778 0.026041666666666668 0.046296296296296294
4 0.4140625 0.40925925925925927 0.026041666666666668 0.046296296296296294
4 0.43645833333333334 0.4111111111111111 0.026041666666666668 0.046296296296296294
4 0.5114583333333333 0.41203703703703703 0.026041666666666668 0.046296296296296294
3 0.703125 0.4074074074074074 0.026041666666666668 0.046296296296296294
4 0.6494791666666667 0.4148148148148148 0.026041666666666668 0.046296296296296294
4 0.4296875 0.4287037037037037 0.026041666666666668 0.046296296296296294
4 0.5125 0.42685185185185187 0.026041666666666668 0.046296296296296294
4 0.6661458333333333 0.4222222222222222 0.026041666666666668 0.046296296296296294
4 0.4635416666666667 0.43425925925925923 0.026041666666666668 0.046296296296296294
3 0.6765625 0.43333333333333335 0.026041666666666668 0.046296296296296294
3 0.6911458333333333 0.4351851851851852 0.026041666666666668 0.046296296296296294
3 0.6744791666666666 0.44351851851851853 0.026041666666666668 0.046296296296296294
3 0.6833333333333333 0.44907407407407407 0.026041666666666668 0.046296296296296294
4 0.42864583333333334 0.45555555555555555 0.026041666666666668 0.046296296296296294
4 0.45260416666666664 0.4564814814814815 0.026041666666666668 0.046296296296296294
4 0.4239583333333333 0.4648148148148148 0.026041666666666668 0.046296296296296294
4 0.5046875 0.46111111111111114 0.026041666666666668 0.046296296296296294
4 0.6583333333333333 0.4638888888888889 0.026041666666666668 0.046296296296296294
3 0.6869791666666667 0.46574074074074073 0.026041666666666668 0.046296296296296294
4 0.5130208333333334 0.47314814814814815 0.026041666666666668 0.046296296296296294
4 0.6536458333333334 0.4759259259259259 0.026041666666666668 0.046296296296296294
3 0.6697916666666667 0.47129629629629627 0.026041666666666668 0.046296296296296294
3 0.7130208333333333 0.47962962962962963 0.026041666666666668 0.046296296296296294
4 0.6328125 0.487962962962963 0.026041666666666668 0.046296296296296294
3 0.6744791666666666 0.48703703703703705 0.026041666666666668 0.046296296296296294
4 0.4125 0.4962962962962963 0.026041666666666668 0.046296296296296294
4 0.6484375 0.49907407407407406 0.026041666666666668 0.046296296296296294
4 0.5078125 0.5037037037037037 0.026041666666666668 0.046296296296296294
4 0.6088541666666667 0.5027777777777778 0.026041666666666668 0.046296296296296294
3 0.6786458333333333 0.5037037037037037 0.026041666666666668 0.046296296296296294
3 0.690625 0.5037037037037037 0.026041666666666668 0.046296296296296294
4 0.6328125 0.5083333333333333 0.026041666666666668 0.046296296296296294
4 0.45729166666666665 0.5185185185185185 0.026041666666666668 0.046296296296296294
4 0.6125 0.5185185185185185 0.026041666666666668 0.046296296296296294
4 0.6369791666666667 0.5194444444444445 0.026041666666666668 0.046296296296296294
3 0.678125 0.5185185185185185 0.026041666666666668 0.046296296296296294
3 0.6953125 0.5166666666666667 0.026041666666666668 0.046296296296296294
3 0.7109375 0.5138888888888888 0.026041666666666668 0.046296296296296294
4 0.49114583333333334 0.5268518518518519 0.026041666666666668 0.046296296296296294
4 0.5916666666666667 0.5268518518518519 0.026041666666666668 0.046296296296296294
4 0.6026041666666667 0.5287037037037037 0.026041666666666668 0.046296296296296294
4 0.4083333333333333 0.5333333333333333 0.026041666666666668 0.046296296296296294
4 0.6161458333333333 0.5342592592592592 0.026041666666666668 0.046296296296296294
3 0.7197916666666667 0.5361111111111111 0.026041666666666668 0.046296296296296294
3 0.6979166666666666 0.5444444444444444 0.026041666666666668 0.046296296296296294
4 0.48125 0.549074074074074 0.026041666666666668 0.046296296296296294
4 0.5083333333333333 0.5601851851851852 0.026041666666666668 0.046296296296296294
4 0.6109375 0.5546296296296296 0.026041666666666668 0.046296296296296294
4 0.6333333333333333 0.5583333333333333 0.026041666666666668 0.046296296296296294
4 0.4395833333333333 0.5638888888888889 0.026041666666666668 0.046296296296296294
3 0.7359375 0.5666666666666667 0.026041666666666668 0.046296296296296294
3 0.7609375 0.562962962962963 0.026041666666666668 0.046296296296296294
4 0.5828125 0.575 0.026041666666666668 0.046296296296296294
4 0.6203125 0.5731481481481482 0.026041666666666668 0.046296296296296294
3 0.6911458333333333 0.5722222222222222 0.026041666666666668 0.046296296296296294
4 0.38697916666666665 0.5805555555555556 0.026041666666666668 0.046296296296296294
4 0.41302083333333334 0.5796296296296296 0.026041666666666668 0.046296296296296294
3 0.7708333333333334 0.5833333333333334 0.026041666666666668 0.046296296296296294
4 0.41041666666666665 0.5935185185185186 0.026041666666666668 0.046296296296296294
4 0.4713541666666667 0.5944444444444444 0.026041666666666668 0.046296296296296294
4 0.6026041666666667 0.5953703703703703 0.026041666666666668 0.046296296296296294
4 0.5703125 0.6046296296296296 0.026041666666666668 0.046296296296296294
4 0.5817708333333333 0.600925925925926 0.026041666666666668 0.046296296296296294
4 0.6630208333333333 0.6027777777777777 0.026041666666666668 0.046296296296296294
4 0.44479166666666664 0.6194444444444445 0.026041666666666668 0.046296296296296294
4 0.48125 0.6166666666666667 0.026041666666666668 0.046296296296296294
4 0.6317708333333333 0.6185185185185185 0.026041666666666668 0.046296296296296294
4 0.38697916666666665 0.6287037037037037 0.026041666666666668 0.046296296296296294
4 0.5442708333333334 0.625 0.026041666666666668 0.046296296296296294
4 0.5953125 0.625 0.026041666666666668 0.046296296296296294
4 0.4401041666666667 0.6342592592592593 0.026041666666666668 0.046296296296296294
3 0.775 0.6592592592592592 0.026041666666666668 0.046296296296296294
1 0.5229166666666667 0.6722222222222223 0.026041666666666668 0.046296296296296294
1 0.4239583333333333 0.6907407407407408 0.026041666666666668 0.046296296296296294
1 0.54375 0.6833333333333333 0.026041666666666668 0.046296296296296294
1 0.7791666666666667 0.7212962962962963 0.026041666666666668 0.046296296296296294
1 0.88125 0.7546296296296297 0.026041666666666668 0.046296296296296294
1 0.3796875 0.7574074074074074 0.026041666666666668 0.046296296296296294
1 0.16302083333333334 0.787962962962963 0.026041666666666668 0.046296296296296294
1 0.2125 0.7888888888888889 0.026041666666666668 0.046296296296296294
1 0.98125 0.7796296296296297 0.026041666666666668 0.046296296296296294
1 0.8625 0.799074074074074 0.026041666666666668 0.046296296296296294
1 0.7546875 0.8064814814814815 0.026041666666666668 0.046296296296296294
1 0.3380208333333333 0.8148148148148148 0.026041666666666668 0.046296296296296294
1 0.21614583333333334 0.8592592592592593 0.026041666666666668 0.046296296296296294
1 0.7958333333333333 0.8472222222222222 0.026041666666666668 0.046296296296296294
1 0.8203125 0.8694444444444445 0.026041666666666668 0.046296296296296294
1 0.4234375 0.8916666666666667 0.026041666666666668 0.046296296296296294
1 0.9057291666666667 0.9138888888888889 0.026041666666666668 0.046296296296296294
1 0.4239583333333333 0.9416666666666667 0.026041666666666668 0.046296296296296294
1 0.5994791666666667 0.9324074074074075 0.026041666666666668 0.046296296296296294
1 0.7203125 0.9425925925925925 0.026041666666666668 0.046296296296296294
1 0.6395833333333333 0.9490740740740741 0.026041666666666668 0.046296296296296294
1 0.171875 0.7055555555555556 0.026041666666666668 0.046296296296296294
2 0.171875 0.42407407407407405 0.026041666666666668 0.046296296296296294
2 0.196875 0.4148148148148148 0.026041666666666668 0.046296296296296294
1 0.459375 0.8777777777777778 0.026041666666666668 0.046296296296296294
1 0.4822916666666667 0.7574074074074074 0.026041666666666668 0.046296296296296294
1 0.51875 0.9314814814814815 0.026041666666666668 0.046296296296296294
1 0.828125 0.7555555555555555 0.026041666666666668 0.046296296296296294
1 0.8333333333333334 0.8351851851851851 0.026041666666666668 0.046296296296296294
1 0.9739583333333334 0.9444444444444444 0.026041666666666668 0.046296296296296294
1 0.721875 0.6777777777777778 0.026041666666666668 0.046296296296296294
3 0.7322916666666667 0.5814814814814815 0.026041666666666668 0.046296296296296294
3 0.7145833333333333 0.6111111111111112 0.026041666666666668 0.046296296296296294
3 0.7052083333333333 0.5907407407407408 0.026041666666666668 0.046296296296296294
0 0.6875 0.29074074074074074 0.026041666666666668 0.046296296296296294
4 0.521875 0.6111111111111112 0.026041666666666668 0.046296296296296294
4 0.503125 0.5944444444444444 0.026041666666666668 0.046296296296296294
1 0.4041666666666667 0.6833333333333333 0.026041666666666668 0.046296296296296294
