0 0.4703125 0.12222222222222222 0.026041666666666668 0.046296296296296294
0 0.4822916666666667 0.12037037037037036 0.026041666666666668 0.046296296296296294
0 0.4708333333333333 0.13148148148148148 0.026041666666666668 0.046296296296296294
0 0.47708333333333336 0.13148148148148148 0.026041666666666668 0.046296296296296294
0 0.4953125 0.1287037037037037 0.026041666666666668 0.046296296296296294
0 0.44947916666666665 0.13518518518518519 0.026041666666666668 0.046296296296296294
0 0.46197916666666666 0.13796296296296295 0.026041666666666668 0.046296296296296294
0 0.4630208333333333 0.15185185185185185 0.026041666666666668 0.046296296296296294
0 0.4744791666666667 0.15462962962962962 0.026041666666666668 0.046296296296296294
0 0.45 0.15833333333333333 0.026041666666666668 0.046296296296296294
0 0.4453125 0.1675925925925926 0.026041666666666668 0.046296296296296294
0 0.4322916666666667 0.17407407407407408 0.026041666666666668 0.046296296296296294
0 0.44427083333333334 0.17407407407407408 0.026041666666666668 0.046296296296296294
0 0.49947916666666664 0.175 0.026041666666666668 0.046296296296296294
0 0.43385416666666665 0.1824074074074074 0.026041666666666668 0.046296296296296294
0 0.5 0.18981481481481483 0.026041666666666668 0.046296296296296294
0 0.46979166666666666 0.1962962962962963 0.026041666666666668 0.046296296296296294
0 0.48802083333333335 0.19814814814814816 0.026041666666666668 0.046296296296296294
0 0.4375 0.24537037037037038 0.026041666666666668 0.046296296296296294
0 0.465625 0.2675925925925926 0.026041666666666668 0.046296296296296294
0 0.4953125 0.26944444444444443 0.026041666666666668 0.046296296296296294
0 0.49166666666666664 0.287962962962963 0.026041666666666668 0.046296296296296294
0 0.5088541666666667 0.28425925925925927 0.026041666666666668 0.046296296296296294
0 0.6869791666666667 0.2916666666666667 0.026041666666666668 0.046296296296296294
0 0.4197916666666667 0.2972222222222222 0.026041666666666668 0.046296296296296294
0 0.475 0.29814814814814816 0.026041666666666668 0.046296296296296294
0 0.4901041666666667 0.30092592592592593 0.026041666666666668 0.046296296296296294
0 0.503125 0.3 0.026041666666666668 0.046296296296296294
0 0.5239583333333333 0.29907407407407405 0.026041666666666668 0.046296296296296294
0 0.5291666666666667 0.29907407407407405 0.026041666666666668 0.046296296296296294
0 0.43645833333333334 0.30925925925925923 0.026041666666666668 0.046296296296296294
0 0.5171875 0.3074074074074074 0.026041666666666668 0.046296296296296294
0 0.45 0.3175925925925926 0.026041666666666668 0.046296296296296294
0 0.7067708333333333 0.3138888888888889 0.026041666666666668 0.046296296296296294
0 0.484375 0.3287037037037037 0.026041666666666668 0.046296296296296294
0 0.4317708333333333 0.33240740740740743 0.026041666666666668 0.046296296296296294
4 0.4473958333333333 0.3416666666666667 0.026041666666666668 0.046296296296296294
4 0.4739583333333333 0.34074074074074073 0.026041666666666668 0.046296296296296294
4 0.5036458333333333 0.3398148148148148 0.026041666666666668 0.046296296296296294
4 0.5161458333333333 0.3388888888888889 0.026041666666666668 0.046296296296296294
4 0.3875 0.34629629629629627 0.026041666666666668 0.046296296296296294
4 0.4317708333333333 0.3453703703703704 0.026041666666666668 0.046296296296296294
4 0.4703125 0.3490740740740741 0.026041666666666668 0.046296296296296294
4 0.5114583333333333 0.3509259259259259 0.026041666666666668 0.046296296296296294
4 0.375 0.3537037037037037 0.026041666666666668 0.046296296296296294
4 0.378125 0.35648148148148145 0.026041666666666668 0.046296296296296294
4 0.39895833333333336 0.35648148148148145 0.026041666666666668 0.046296296296296294
4 0.4161458333333333 0.3527777777777778 0.026041666666666668 0.046296296296296294
4 0.42604166666666665 0.35648148148148145 0.026041666666666668 0.046296296296296294
4 0.3875 0.362962962962963 0.026041666666666668 0.046296296296296294
4 0.43802083333333336 0.3611111111111111 0.026041666666666668 0.046296296296296294
4 0.44479166666666664 0.362962962962963 0.026041666666666668 0.046296296296296294
4 0.46041666666666664 0.37222222222222223 0.026041666666666668 0.046296296296296294
4 0.4869791666666667 0.37037037037037035 0.026041666666666668 0.046296296296296294
4 0.375 0.38055555555555554 0.026041666666666668 0.046296296296296294
4 0.39895833333333336 0.3787037037037037 0.026041666666666668 0.046296296296296294
4 0.46197916666666666 0.3787037037037037 0.026041666666666668 0.046296296296296294
4 0.5161458333333333 0.37962962962962965 0.026041666666666668 0.046296296296296294
4 0.4864583333333333 0.3861111111111111 0.026041666666666668 0.046296296296296294
4 0.5114583333333333 0.387037037037037 0.026041666666666668 0.046296296296296294
4 0.38333333333333336 0.39537037037037037 0.026041666666666668 0.046296296296296294
4 0.4322916666666667 0.39444444444444443 0.026041666666666668 0.046296296296296294
4 0.45364583333333336 0.39537037037037037 0.026041666666666668 0.046296296296296294
4 0.4713541666666667 0.39444444444444443 0.026041666666666668 0.046296296296296294
4 0.46510416666666665 0.4027777777777778 0.026041666666666668 0.046296296296296294
4 0.5244791666666667 0.40370370370370373 0.026041666666666668 0.046296296296296294
4 0.6578125 0.40185185185185185 0.026041666666666668 0.046296296296296294
2 0.19322916666666667 0.40925925925925927 0.026041666666666668 0.046296296296296294
4 0.40729166666666666 0.4083333333333333 0.026041666666666668 0.046296296296296294
4 0.44895833333333335 0.41203703703703703 0.026041666666666668 0.046296296296296294
4 0.49895833333333334 0.4111111111111111 0.026041666666666668 0.046296296296296294
4 0.5203125 0.41203703703703703 0.026041666666666668 0.046296296296296294
4 0.6510416666666666 0.4083333333333333 0.026041666666666668 0.046296296296296294
2 0.1734375 0.41574074074074074 0.026041666666666668 0.046296296296296294
4 0.4947916666666667 0.4185185185185185 0.026041666666666668 0.046296296296296294
4 0.6609375 0.41759259259259257 0.026041666666666668 0.046296296296296294
3 0.7072916666666667 0.41759259259259257 0.026041666666666668 0.046296296296296294
4 0.43697916666666664 0.43425925925925923 0.026041666666666668 0.046296296296296294
3 0.6729166666666667 0.4351851851851852 0.026041666666666668 0.046296296296296294
4 0.5453125 0.4425925925925926 0.026041666666666668 0.046296296296296294
4 0.4114583333333333 0.44907407407407407 0.026041666666666668 0.046296296296296294
4 0.5078125 0.4564814814814815 0.026041666666666668 0.046296296296296294
4 0.5291666666666667 0.4583333333333333 0.026041666666666668 0.046296296296296294
4 0.6661458333333333 0.4601851851851852 0.026041666666666668 0.046296296296296294
4 0.3875 0.46574074074074073 0.026041666666666668 0.046296296296296294
4 0.4588541666666667 0.4638888888888889 0.026041666666666668 0.046296296296296294
4 0.5203125 0.4675925925925926 0.026041666666666668 0.046296296296296294
4 0.4984375 0.47962962962962963 0.026041666666666668 0.046296296296296294
4 0.5114583333333333 0.48148148148148145 0.026041666666666668 0.046296296296296294
4 0.6177083333333333 0.4787037037037037 0.026041666666666668 0.046296296296296294
4 0.625 0.47962962962962963 0.026041666666666668 0.046296296296296294
4 0.6661458333333333 0.47962962962962963 0.026041666666666668 0.046296296296296294
4 0.45677083333333335 0.4861111111111111 0.026041666666666668 0.046296296296296294
4 0.4864583333333333 0.48703703703703705 0.026041666666666668 0.046296296296296294
3 0.6791666666666667 0.4888888888888889 0.026041666666666668 0.046296296296296294
4 0.4005208333333333 0.49537037037037035 0.026041666666666668 0.046296296296296294
4 0.528125 0.49722222222222223 0.026041666666666668 0.046296296296296294
4 0.6338541666666667 0.4962962962962963 0.026041666666666668 0.046296296296296294
4 0.49947916666666664 0.5037037037037037 0.026041666666666668 0.046296296296296294
3 0.6833333333333333 0.5055555555555555 0.026041666666666668 0.046296296296296294
4 0.5166666666666667 0.512962962962963 0.026041666666666668 0.046296296296296294
4 0.5619791666666667 0.5101851851851852 0.026041666666666668 0.046296296296296294
4 0.6411458333333333 0.5138888888888888 0.026041666666666668 0.046296296296296294
2 0.21510416666666668 0.5175925925925926 0.026041666666666668 0.046296296296296294
4 0.6213541666666667 0.5175925925925926 0.026041666666666668 0.046296296296296294
3 0.6994791666666667 0.5203703703703704 0.026041666666666668 0.046296296296296294
3 0.6703125 0.5259259259259259 0.026041666666666668 0.046296296296296294
3 0.7192708333333333 0.5287037037037037 0.026041666666666668 0.046296296296296294
4 0.50625 0.5342592592592592 0.026041666666666668 0.046296296296296294
4 0.5958333333333333 0.5324074074074074 0.026041666666666668 0.046296296296296294
4 0.54375 0.5444444444444444 0.026041666666666668 0.046296296296296294
4 0.5994791666666667 0.5509259259259259 0.026041666666666668 0.046296296296296294
4 0.5375 0.5592592592592592 0.026041666666666668 0.046296296296296294
4 0.5625 0.5574074074074075 0.026041666666666668 0.046296296296296294
3 0.725 0.55 0.026041666666666668 0.046296296296296294
4 0.5953125 0.5824074074074074 0.026041666666666668 0.046296296296296294
4 0.6197916666666666 0.5814814814814815 0.026041666666666668 0.046296296296296294
3 0.7364583333333333 0.5777777777777777 0.026041666666666668 0.046296296296296294
4 0.553125 0.5898148148148148 0.026041666666666668 0.046296296296296294
4 0.4864583333333333 0.5944444444444444 0.026041666666666668 0.046296296296296294
4 0.53125 0.5962962962962963 0.026041666666666668 0.046296296296296294
4 0.5963541666666666 0.5953703703703703 0.026041666666666668 0.046296296296296294
4 0.6458333333333334 0.5925925925925926 0.026041666666666668 0.046296296296296294
4 0.4005208333333333 0.6037037037037037 0.026041666666666668 0.046296296296296294
4 0.6380208333333334 0.600925925925926 0.026041666666666668 0.046296296296296294
4 0.5661458333333333 0.612037037037037 0.026041666666666668 0.046296296296296294
3 0.753125 0.6203703703703703 0.026041666666666668 0.046296296296296294
4 0.5322916666666667 0.6268518518518519 0.026041666666666668 0.046296296296296294
4 0.5786458333333333 0.6231481481481481 0.026041666666666668 0.046296296296296294
3 0.7291666666666666 0.6305555555555555 0.026041666666666668 0.046296296296296294
3 0.7088541666666667 0.6518518518518519 0.026041666666666668 0.046296296296296294
4 0.45260416666666664 0.6555555555555556 0.026041666666666668 0.046296296296296294
4 0.6244791666666667 0.6574074074074074 0.026041666666666668 0.046296296296296294
1 0.6541666666666667 0.675 0.026041666666666668 0.046296296296296294
1 0.7078125 0.6814814814814815 0.026041666666666668 0.046296296296296294
1 0.5453125 0.687962962962963 0.026041666666666668 0.046296296296296294
1 0.7776041666666667 0.712037037037037 0.026041666666666668 0.046296296296296294
1 0.8895833333333333 0.7453703703703703 0.026041666666666668 0.046296296296296294
1 0.3645833333333333 0.7564814814814815 0.026041666666666668 0.046296296296296294
1 0.7114583333333333 0.7555555555555555 0.026041666666666668 0.046296296296296294
1 0.8322916666666667 0.7537037037037037 0.026041666666666668 0.046296296296296294
1 0.9046875 0.787962962962963 0.026041666666666668 0.046296296296296294
1 0.40572916666666664 0.8083333333333333 0.026041666666666668 0.046296296296296294
1 0.4203125 0.8018518518518518 0.026041666666666668 0.046296296296296294
1 0.3328125 0.8027777777777778 0.026041666666666668 0.046296296296296294
1 0.6010416666666667 0.8231481481481482 0.026041666666666668 0.046296296296296294
1 0.24270833333333333 0.8416666666666667 0.026041666666666668 0.046296296296296294
1 0.7973958333333333 0.8453703703703703 0.026041666666666668 0.046296296296296294
1 0.5833333333333334 0.8861111111111111 0.026041666666666668 0.046296296296296294
1 0.9208333333333333 0.9166666666666666 0.026041666666666668 0.046296296296296294
1 0.8260416666666667 0.9472222222222222 0.026041666666666668 0.046296296296296294
1 0.9619791666666667 0.95 0.026041666666666668 0.046296296296296294
1 0.4197916666666667 0.9657407407407408 0.026041666666666668 0.046296296296296294
1 0.828125 0.8629629629629629 0.026041666666666668 0.046296296296296294
1 0.76875 0.8148148148148148 0.026041666666666668 0.046296296296296294
1 0.78125 0.6703703703703704 0.026041666666666668 0.046296296296296294
3 0.7645833333333333 0.5574074074074075 0.026041666666666668 0.046296296296296294
3 0.75625 0.587037037037037 0.026041666666666668 0.046296296296296294
3 0.753125 0.5592592592592592 0.026041666666666668 0.046296296296296294
1 0.490625 0.7203703703703703 0.026041666666666668 0.046296296296296294
1 0.578125 0.9629629629629629 0.026041666666666668 0.046296296296296294
4 0.43020833333333336 0.6111111111111112 0.026041666666666668 0.046296296296296294
4 0.4114583333333333 0.5518518518518518 0.026041666666666668 0.046296296296296294
4 0.3854166666666667 0.5481481481481482 0.026041666666666668 0.046296296296296294
4 0.38229166666666664 0.5814814814814815 0.026041666666666668 0.046296296296296294
1 0.39791666666666664 0.6759259259259259 0.026041666666666668 0.046296296296296294
4 0.41458333333333336 0.49074074074074076 0.026041666666666668 0.046296296296296294
4 0.5010416666666667 0.6555555555555556 0.026041666666666668 0.046296296296296294
4 0.48854166666666665 0.6666666666666666 0.026041666666666668 0.046296296296296294
3 0.66875 0.6259259259259259 0.026041666666666668 0.046296296296296294
1 0.684375 0.6722222222222223 0.026041666666666668 0.046296296296296294
