0 0.4703125 0.09444444444444444 0.026041666666666668 0.046296296296296294
0 0.4828125 0.09722222222222222 0.026041666666666668 0.046296296296296294
0 0.4708333333333333 0.11296296296296296 0.026041666666666668 0.046296296296296294
0 0.4505208333333333 0.11666666666666667 0.026041666666666668 0.046296296296296294
0 0.4828125 0.12037037037037036 0.026041666666666668 0.046296296296296294
0 0.4921875 0.1175925925925926 0.026041666666666668 0.046296296296296294
0 0.425 0.12962962962962962 0.026041666666666668 0.046296296296296294
0 0.4708333333333333 0.12962962962962962 0.026041666666666668 0.046296296296296294
0 0.4901041666666667 0.12777777777777777 0.026041666666666668 0.046296296296296294
0 0.44114583333333335 0.1398148148148148 0.026041666666666668 0.046296296296296294
0 0.44427083333333334 0.13518518518518519 0.026041666666666668 0.046296296296296294
0 0.4625 0.1388888888888889 0.026041666666666668 0.046296296296296294
0 0.46979166666666666 0.13796296296296295 0.026041666666666668 0.046296296296296294
0 0.47239583333333335 0.1425925925925926 0.026041666666666668 0.046296296296296294
0 0.4791666666666667 0.14351851851851852 0.026041666666666668 0.046296296296296294
0 0.49114583333333334 0.14537037037037037 0.026041666666666668 0.046296296296296294
0 0.4625 0.15555555555555556 0.026041666666666668 0.046296296296296294
0 0.4817708333333333 0.15462962962962962 0.026041666666666668 0.046296296296296294
0 0.4375 0.16111111111111112 0.026041666666666668 0.046296296296296294
0 0.44635416666666666 0.1574074074074074 0.026041666666666668 0.046296296296296294
0 0.45364583333333336 0.16018518518518518 0.026041666666666668 0.046296296296296294
0 0.4734375 0.15925925925925927 0.026041666666666668 0.046296296296296294
0 0.48541666666666666 0.16203703703703703 0.026041666666666668 0.046296296296296294
0 0.475 0.175 0.026041666666666668 0.046296296296296294
0 0.4869791666666667 0.17407407407407408 0.026041666666666668 0.046296296296296294
0 0.4953125 0.175 0.026041666666666668 0.046296296296296294
0 0.42864583333333334 0.18611111111111112 0.026041666666666668 0.046296296296296294
0 0.49166666666666664 0.19444444444444445 0.026041666666666668 0.046296296296296294
0 0.48333333333333334 0.2064814814814815 0.026041666666666668 0.046296296296296294
0 0.5036458333333333 0.21388888888888888 0.026041666666666668 0.046296296296296294
0 0.490625 0.22407407407407406 0.026041666666666668 0.046296296296296294
0 0.4166666666666667 0.2324074074074074 0.026041666666666668 0.046296296296296294
0 0.5078125 0.22962962962962963 0.026041666666666668 0.046296296296296294
0 0.45364583333333336 0.25277777777777777 0.026041666666666668 0.046296296296296294
0 0.475 0.25 0.026041666666666668 0.046296296296296294
0 0.4822916666666667 0.2518518518518518 0.026041666666666668 0.046296296296296294
0 0.49375 0.25462962962962965 0.026041666666666668 0.046296296296296294
0 0.4953125 0.262037037037037 0.026041666666666668 0.046296296296296294
0 0.5151041666666667 0.262037037037037 0.026041666666666668 0.046296296296296294
0 0.503125 0.28425925925925927 0.026041666666666668 0.046296296296296294
0 0.5161458333333333 0.29259259259259257 0.026041666666666668 0.046296296296296294
0 0.6958333333333333 0.29259259259259257 0.026041666666666668 0.046296296296296294
0 0.7078125 0.29074074074074074 0.026041666666666668 0.046296296296296294
0 0.5270833333333333 0.30092592592592593 0.026041666666666668 0.046296296296296294
0 0.5458333333333333 0.30092592592592593 0.026041666666666668 0.046296296296296294
0 0.41770833333333335 0.30462962962962964 0.026041666666666668 0.046296296296296294
0 0.43697916666666664 0.30648148148148147 0.026041666666666668 0.046296296296296294
0 0.4453125 0.30648148148148147 0.026041666666666668 0.046296296296296294
0 0.45677083333333335 0.30925925925925923 0.026041666666666668 0.046296296296296294
0 0.4739583333333333 0.30833333333333335 0.026041666666666668 0.046296296296296294
0 0.5036458333333333 0.3074074074074074 0.026041666666666668 0.046296296296296294
0 0.5197916666666667 0.30833333333333335 0.026041666666666668 0.046296296296296294
0 0.4265625 0.31666666666666665 0.026041666666666668 0.046296296296296294
0 0.5083333333333333 0.325 0.026041666666666668 0.046296296296296294
0 0.4505208333333333 0.3314814814814815 0.026041666666666668 0.046296296296296294
0 0.48489583333333336 0.3296296296296296 0.026041666666666668 0.046296296296296294
0 0.490625 0.3314814814814815 0.026041666666666668 0.046296296296296294
4 0.44583333333333336 0.3472222222222222 0.026041666666666668 0.046296296296296294
4 0.5145833333333333 0.34629629629629627 0.026041666666666668 0.046296296296296294
4 0.37552083333333336 0.35648148148148145 0.026041666666666668 0.046296296296296294
4 0.3828125 0.35462962962962963 0.026041666666666668 0.046296296296296294
4 0.39166666666666666 0.3527777777777778 0.026041666666666668 0.046296296296296294
4 0.3984375 0.35555555555555557 0.026041666666666668 0.046296296296296294
4 0.3875 0.3638888888888889 0.026041666666666668 0.046296296296296294
4 0.4171875 0.3648148148148148 0.026041666666666668 0.046296296296296294
4 0.49583333333333335 0.362962962962963 0.026041666666666668 0.046296296296296294
4 0.5046875 0.362962962962963 0.026041666666666668 0.046296296296296294
4 0.525 0.36574074074074076 0.026041666666666668 0.046296296296296294
3 0.6786458333333333 0.36944444444444446 0.026041666666666668 0.046296296296296294
4 0.5109375 0.3787037037037037 0.026041666666666668 0.046296296296296294
4 0.6541666666666667 0.37962962962962965 0.026041666666666668 0.046296296296296294
4 0.39895833333333336 0.3824074074074074 0.026041666666666668 0.046296296296296294
2 0.2046875 0.3990740740740741 0.026041666666666668 0.046296296296296294
2 0.21145833333333333 0.40185185185185185 0.026041666666666668 0.046296296296296294
4 0.5005208333333333 0.4 0.026041666666666668 0.046296296296296294
4 0.453125 0.4203703703703704 0.026041666666666668 0.046296296296296294
4 0.5036458333333333 0.41759259259259257 0.026041666666666668 0.046296296296296294
4 0.515625 0.42777777777777776 0.026041666666666668 0.046296296296296294
4 0.6583333333333333 0.43425925925925923 0.026041666666666668 0.046296296296296294
3 0.703125 0.4388888888888889 0.026041666666666668 0.046296296296296294
4 0.5026041666666666 0.45 0.026041666666666668 0.046296296296296294
4 0.5255208333333333 0.44907407407407407 0.026041666666666668 0.046296296296296294
4 0.6645833333333333 0.4546296296296296 0.026041666666666668 0.046296296296296294
4 0.6588541666666666 0.4638888888888889 0.026041666666666668 0.046296296296296294
4 0.5161458333333333 0.48148148148148145 0.026041666666666668 0.046296296296296294
4 0.4197916666666667 0.4861111111111111 0.026041666666666668 0.046296296296296294
4 0.3958333333333333 0.4935185185185185 0.026041666666666668 0.046296296296296294
4 0.6380208333333334 0.49722222222222223 0.026041666666666668 0.046296296296296294
3 0.6901041666666666 0.49537037037037035 0.026041666666666668 0.046296296296296294
3 0.7078125 0.4962962962962963 0.026041666666666668 0.046296296296296294
4 0.5197916666666667 0.5037037037037037 0.026041666666666668 0.046296296296296294
4 0.6114583333333333 0.5018518518518519 0.026041666666666668 0.046296296296296294
2 0.14322916666666666 0.5064814814814815 0.026041666666666668 0.046296296296296294
3 0.7005208333333334 0.5120370370370371 0.026041666666666668 0.046296296296296294
4 0.375 0.5166666666666667 0.026041666666666668 0.046296296296296294
4 0.4041666666666667 0.5166666666666667 0.026041666666666668 0.046296296296296294
4 0.4734375 0.5166666666666667 0.026041666666666668 0.046296296296296294
4 0.496875 0.5166666666666667 0.026041666666666668 0.046296296296296294
4 0.6364583333333333 0.5166666666666667 0.026041666666666668 0.046296296296296294
3 0.703125 0.5203703703703704 0.026041666666666668 0.046296296296296294
4 0.6666666666666666 0.5268518518518519 0.026041666666666668 0.046296296296296294
4 0.6354166666666666 0.5388888888888889 0.026041666666666668 0.046296296296296294
3 0.7197916666666667 0.5407407407407407 0.026041666666666668 0.046296296296296294
4 0.47708333333333336 0.5453703703703704 0.026041666666666668 0.046296296296296294
2 0.190625 0.5574074074074075 0.026041666666666668 0.046296296296296294
4 0.49895833333333334 0.5546296296296296 0.026041666666666668 0.046296296296296294
4 0.5572916666666666 0.5583333333333333 0.026041666666666668 0.046296296296296294
4 0.59375 0.5555555555555556 0.026041666666666668 0.046296296296296294
4 0.6109375 0.5583333333333333 0.026041666666666668 0.046296296296296294
2 0.19166666666666668 0.5675925925925925 0.026041666666666668 0.046296296296296294
3 0.7291666666666666 0.562962962962963 0.026041666666666668 0.046296296296296294
3 0.7588541666666667 0.5648148148148148 0.026041666666666668 0.046296296296296294
4 0.5395833333333333 0.5648148148148148 0.026041666666666668 0.046296296296296294
3 0.675 0.5740740740740741 0.026041666666666668 0.046296296296296294
4 0.5817708333333333 0.575 0.026041666666666668 0.046296296296296294
2 0.2234375 0.6351851851851852 0.026041666666666668 0.046296296296296294
2 0.1828125 0.6453703703703704 0.026041666666666668 0.046296296296296294
2 0.1828125 0.6611111111111111 0.026041666666666668 0.046296296296296294
3 0.7 0.6601851851851852 0.026041666666666668 0.046296296296296294
1 0.2125 0.6675925925925926 0.026041666666666668 0.046296296296296294
1 0.740625 0.6722222222222223 0.026041666666666668 0.046296296296296294
1 0.15416666666666667 0.6842592592592592 0.026041666666666668 0.046296296296296294
1 0.17083333333333334 0.6851851851851852 0.026041666666666668 0.046296296296296294
1 0.7015625 0.6805555555555556 0.026041666666666668 0.046296296296296294
1 0.19583333333333333 0.6944444444444444 0.026041666666666668 0.046296296296296294
1 0.1359375 0.7055555555555556 0.026041666666666668 0.046296296296296294
1 0.19114583333333332 0.7101851851851851 0.026041666666666668 0.046296296296296294
1 0.19166666666666668 0.7305555555555555 0.026041666666666668 0.046296296296296294
1 0.17135416666666667 0.737037037037037 0.026041666666666668 0.046296296296296294
1 0.18072916666666666 0.7444444444444445 0.026041666666666668 0.046296296296296294
1 0.4666666666666667 0.7592592592592593 0.026041666666666668 0.046296296296296294
1 0.8838541666666667 0.7472222222222222 0.026041666666666668 0.046296296296296294
1 0.3421875 0.8083333333333333 0.026041666666666668 0.046296296296296294
1 0.5260416666666666 0.8064814814814815 0.026041666666666668 0.046296296296296294
1 0.6578125 0.8324074074074074 0.026041666666666668 0.046296296296296294
1 0.771875 0.8361111111111111 0.026041666666666668 0.046296296296296294
1 0.9744791666666667 0.8462962962962963 0.026041666666666668 0.046296296296296294
1 0.9947916666666666 0.8601851851851852 0.026041666666666668 0.046296296296296294
1 0.509375 0.8740740740740741 0.026041666666666668 0.046296296296296294
1 0.7854166666666667 0.8712962962962963 0.026041666666666668 0.046296296296296294
1 0.6494791666666667 0.8777777777777778 0.026041666666666668 0.046296296296296294
1 0.46927083333333336 0.9148148148148149 0.026041666666666668 0.046296296296296294
1 0.48802083333333335 0.9111111111111111 0.026041666666666668 0.046296296296296294
1 0.9703125 0.9425925925925925 0.026041666666666668 0.046296296296296294
1 0.225 0.7277777777777777 0.026041666666666668 0.046296296296296294
1 0.13020833333333334 0.7333333333333333 0.026041666666666668 0.046296296296296294
2 0.16875 0.5740740740740741 0.026041666666666668 0.046296296296296294
2 0.18020833333333333 0.40185185185185185 0.026041666666666668 0.046296296296296294
1 0.4114583333333333 0.7574074074074074 0.026041666666666668 0.046296296296296294
1 0.59375 0.8351851851851851 0.026041666666666668 0.046296296296296294
1 0.8302083333333333 0.8648148148148148 0.026041666666666668 0.046296296296296294
1 0.81875 0.8425925925925926 0.026041666666666668 0.046296296296296294
1 0.8760416666666667 0.8166666666666667 0.026041666666666668 0.046296296296296294
3 0.765625 0.587037037037037 0.026041666666666668 0.046296296296296294
1 0.6666666666666666 0.6796296296296296 0.026041666666666668 0.046296296296296294
1 0.646875 0.7425925925925926 0.026041666666666668 0.046296296296296294
3 0.6760416666666667 0.6185185185185185 0.026041666666666668 0.046296296296296294
4 0.6625 0.6259259259259259 0.026041666666666668 0.046296296296296294
3 0.709375 0.6351851851851852 0.026041666666666668 0.046296296296296294
1 0.7770833333333333 0.6944444444444444 0.026041666666666668 0.046296296296296294
3 0.771875 0.6259259259259259 0.026041666666666668 0.046296296296296294
4 0.515625 0.6240740740740741 0.026041666666666668 0.046296296296296294
4 0.4864583333333333 0.6407407407407407 0.026041666666666668 0.046296296296296294
4 0.4083333333333333 0.6 0.026041666666666668 0.046296296296296294
4 0.45416666666666666 0.5222222222222223 0.026041666666666668 0.046296296296296294
4 0.5333333333333333 0.5370370370370371 0.026041666666666668 0.046296296296296294
