0 0.4703125 0.09537037037037037 0.026041666666666668 0.046296296296296294
0 0.4828125 0.12129629629629629 0.026041666666666668 0.046296296296296294
0 0.4708333333333333 0.12777777777777777 0.026041666666666668 0.046296296296296294
0 0.4895833333333333 0.1287037037037037 0.026041666666666668 0.046296296296296294
0 0.440625 0.13148148148148148 0.026041666666666668 0.046296296296296294
0 0.45364583333333336 0.13240740740740742 0.026041666666666668 0.046296296296296294
0 0.46197916666666666 0.13425925925925927 0.026041666666666668 0.046296296296296294
0 0.43645833333333334 0.14629629629629629 0.026041666666666668 0.046296296296296294
0 0.4453125 0.14444444444444443 0.026041666666666668 0.046296296296296294
0 0.471875 0.1425925925925926 0.026041666666666668 0.046296296296296294
0 0.47552083333333334 0.14444444444444443 0.026041666666666668 0.046296296296296294
0 0.4828125 0.14444444444444443 0.026041666666666668 0.046296296296296294
0 0.49947916666666664 0.14537037037037037 0.026041666666666668 0.046296296296296294
0 0.4505208333333333 0.1527777777777778 0.026041666666666668 0.046296296296296294
0 0.4578125 0.1537037037037037 0.026041666666666668 0.046296296296296294
0 0.43020833333333336 0.16018518518518518 0.026041666666666668 0.046296296296296294
0 0.45 0.15833333333333333 0.026041666666666668 0.046296296296296294
0 0.4895833333333333 0.2064814814814815 0.026041666666666668 0.046296296296296294
0 0.4328125 0.22870370370370371 0.026041666666666668 0.046296296296296294
0 0.46458333333333335 0.22777777777777777 0.026041666666666668 0.046296296296296294
0 0.47708333333333336 0.22592592592592592 0.026041666666666668 0.046296296296296294
0 0.4203125 0.2351851851851852 0.026041666666666668 0.046296296296296294
0 0.48385416666666664 0.24259259259259258 0.026041666666666668 0.046296296296296294
0 0.4953125 0.25462962962962965 0.026041666666666668 0.046296296296296294
0 0.7026041666666667 0.2601851851851852 0.026041666666666668 0.046296296296296294
0 0.446875 0.2657407407407407 0.026041666666666668 0.046296296296296294
0 0.503125 0.2777777777777778 0.026041666666666668 0.046296296296296294
0 0.4984375 0.28425925925925927 0.026041666666666668 0.046296296296296294
0 0.5208333333333334 0.29444444444444445 0.026041666666666668 0.046296296296296294
0 0.5109375 0.30092592592592593 0.026041666666666668 0.046296296296296294
0 0.44114583333333335 0.3101851851851852 0.026041666666666668 0.046296296296296294
0 0.45729166666666665 0.31574074074074077 0.026041666666666668 0.046296296296296294
0 0.5067708333333333 0.3175925925925926 0.026041666666666668 0.046296296296296294
0 0.5239583333333333 0.31666666666666665 0.026041666666666668 0.046296296296296294
0 0.5026041666666666 0.325 0.026041666666666668 0.046296296296296294
0 0.44479166666666664 0.33055555555555555 0.026041666666666668 0.046296296296296294
0 0.46145833333333336 0.3314814814814815 0.026041666666666668 0.046296296296296294
0 0.5119791666666667 0.33240740740740743 0.026041666666666668 0.046296296296296294
0 0.6953125 0.33055555555555555 0.026041666666666668 0.046296296296296294
4 0.4791666666666667 0.34074074074074073 0.026041666666666668 0.046296296296296294
4 0.65 0.3398148148148148 0.026041666666666668 0.046296296296296294
4 0.41770833333333335 0.34814814814814815 0.026041666666666668 0.046296296296296294
4 0.45677083333333335 0.35 0.026041666666666668 0.046296296296296294
4 0.5036458333333333 0.3472222222222222 0.026041666666666668 0.046296296296296294
4 0.3703125 0.3537037037037037 0.026041666666666668 0.046296296296296294
4 0.39479166666666665 0.35462962962962963 0.026041666666666668 0.046296296296296294
4 0.403125 0.35648148148148145 0.026041666666666668 0.046296296296296294
4 0.4239583333333333 0.35462962962962963 0.026041666666666668 0.046296296296296294
4 0.37916666666666665 0.36574074074074076 0.026041666666666668 0.046296296296296294
4 0.4041666666666667 0.3712962962962963 0.026041666666666668 0.046296296296296294
4 0.6505208333333333 0.36944444444444446 0.026041666666666668 0.046296296296296294
4 0.4119791666666667 0.3787037037037037 0.026041666666666668 0.046296296296296294
4 0.5171875 0.3824074074074074 0.026041666666666668 0.046296296296296294
4 0.39375 0.3888888888888889 0.026041666666666668 0.046296296296296294
4 0.425 0.3851851851851852 0.026041666666666668 0.046296296296296294
4 0.47760416666666666 0.38333333333333336 0.026041666666666668 0.046296296296296294
4 0.5088541666666667 0.38796296296296295 0.026041666666666668 0.046296296296296294
4 0.6588541666666666 0.3888888888888889 0.026041666666666668 0.046296296296296294
4 0.6552083333333333 0.39537037037037037 0.026041666666666668 0.046296296296296294
4 0.4203125 0.4009259259259259 0.026041666666666668 0.046296296296296294
4 0.43333333333333335 0.4009259259259259 0.026041666666666668 0.046296296296296294
4 0.4609375 0.39444444444444443 0.026041666666666668 0.046296296296296294
2 0.19895833333333332 0.4064814814814815 0.026041666666666668 0.046296296296296294
4 0.37395833333333334 0.4101851851851852 0.026041666666666668 0.046296296296296294
4 0.39010416666666664 0.41203703703703703 0.026041666666666668 0.046296296296296294
4 0.378125 0.4185185185185185 0.026041666666666668 0.046296296296296294
4 0.6526041666666667 0.4185185185185185 0.026041666666666668 0.046296296296296294
4 0.39010416666666664 0.42685185185185187 0.026041666666666668 0.046296296296296294
4 0.6526041666666667 0.42407407407407405 0.026041666666666668 0.046296296296296294
3 0.6697916666666667 0.4222222222222222 0.026041666666666668 0.046296296296296294
4 0.41041666666666665 0.43425925925925923 0.026041666666666668 0.046296296296296294
4 0.39479166666666665 0.4425925925925926 0.026041666666666668 0.046296296296296294
4 0.5130208333333334 0.44351851851851853 0.026041666666666668 0.046296296296296294
3 0.66875 0.4388888888888889 0.026041666666666668 0.046296296296296294
3 0.7067708333333333 0.44074074074074077 0.026041666666666668 0.046296296296296294
4 0.4041666666666667 0.44907407407407407 0.026041666666666668 0.046296296296296294
4 0.4109375 0.4564814814814815 0.026041666666666668 0.046296296296296294
4 0.5078125 0.45925925925925926 0.026041666666666668 0.046296296296296294
3 0.68125 0.45555555555555555 0.026041666666666668 0.046296296296296294
4 0.39166666666666666 0.46574074074074073 0.026041666666666668 0.046296296296296294
4 0.4119791666666667 0.4722222222222222 0.026041666666666668 0.046296296296296294
4 0.5010416666666667 0.47685185185185186 0.026041666666666668 0.046296296296296294
4 0.38645833333333335 0.4842592592592593 0.026041666666666668 0.046296296296296294
4 0.45625 0.47685185185185186 0.026041666666666668 0.046296296296296294
4 0.47291666666666665 0.4787037037037037 0.026041666666666668 0.046296296296296294
3 0.678125 0.48055555555555557 0.026041666666666668 0.046296296296296294
3 0.6953125 0.48148148148148145 0.026041666666666668 0.046296296296296294
4 0.375 0.487962962962963 0.026041666666666668 0.046296296296296294
4 0.4942708333333333 0.4861111111111111 0.026041666666666668 0.046296296296296294
4 0.6244791666666667 0.4888888888888889 0.026041666666666668 0.046296296296296294
4 0.38229166666666664 0.49722222222222223 0.026041666666666668 0.046296296296296294
4 0.39895833333333336 0.49537037037037035 0.026041666666666668 0.046296296296296294
4 0.4317708333333333 0.49444444444444446 0.026041666666666668 0.046296296296296294
4 0.528125 0.4962962962962963 0.026041666666666668 0.046296296296296294
3 0.696875 0.49722222222222223 0.026041666666666668 0.046296296296296294
4 0.44114583333333335 0.5 0.026041666666666668 0.046296296296296294
4 0.6171875 0.5037037037037037 0.026041666666666668 0.046296296296296294
4 0.6276041666666666 0.5018518518518519 0.026041666666666668 0.046296296296296294
4 0.38333333333333336 0.5120370370370371 0.026041666666666668 0.046296296296296294
4 0.4114583333333333 0.5120370370370371 0.026041666666666668 0.046296296296296294
3 0.690625 0.5138888888888888 0.026041666666666668 0.046296296296296294
3 0.7567708333333333 0.512962962962963 0.026041666666666668 0.046296296296296294
4 0.528125 0.5185185185185185 0.026041666666666668 0.046296296296296294
4 0.6296875 0.5194444444444445 0.026041666666666668 0.046296296296296294
3 0.7145833333333333 0.5185185185185185 0.026041666666666668 0.046296296296296294
4 0.6666666666666666 0.5277777777777778 0.026041666666666668 0.046296296296296294
4 0.3963541666666667 0.5361111111111111 0.026041666666666668 0.046296296296296294
4 0.6453125 0.537962962962963 0.026041666666666668 0.046296296296296294
4 0.5984375 0.5398148148148149 0.026041666666666668 0.046296296296296294
4 0.5395833333333333 0.5481481481481482 0.026041666666666668 0.046296296296296294
4 0.61875 0.5481481481481482 0.026041666666666668 0.046296296296296294
4 0.38697916666666665 0.5611111111111111 0.026041666666666668 0.046296296296296294
3 0.6692708333333334 0.5592592592592592 0.026041666666666668 0.046296296296296294
4 0.4328125 0.5694444444444444 0.026041666666666668 0.046296296296296294
4 0.5776041666666667 0.5611111111111111 0.026041666666666668 0.046296296296296294
4 0.6447916666666667 0.5712962962962963 0.026041666666666668 0.046296296296296294
3 0.7463541666666667 0.5731481481481482 0.026041666666666668 0.046296296296296294
3 0.7666666666666667 0.5898148148148148 0.026041666666666668 0.046296296296296294
4 0.5125 0.5944444444444444 0.026041666666666668 0.046296296296296294
4 0.5328125 0.6 0.026041666666666668 0.046296296296296294
4 0.39947916666666666 0.6111111111111112 0.026041666666666668 0.046296296296296294
4 0.43645833333333334 0.6203703703703703 0.026041666666666668 0.046296296296296294
4 0.5984375 0.6259259259259259 0.026041666666666668 0.046296296296296294
3 0.7536458333333333 0.6277777777777778 0.026041666666666668 0.046296296296296294
4 0.59375 0.6509259259259259 0.026041666666666668 0.046296296296296294
3 0.7322916666666667 0.649074074074074 0.026041666666666668 0.046296296296296294
1 0.7723958333333333 0.6712962962962963 0.026041666666666668 0.046296296296296294
1 0.4390625 0.7101851851851851 0.026041666666666668 0.046296296296296294
1 0.5744791666666667 0.725925925925926 0.026041666666666668 0.046296296296296294
1 0.8817708333333333 0.737037037037037 0.026041666666666668 0.046296296296296294
1 0.6885416666666667 0.7453703703703703 0.026041666666666668 0.046296296296296294
1 0.8619791666666666 0.7805555555555556 0.026041666666666668 0.046296296296296294
1 0.8255208333333334 0.8314814814814815 0.026041666666666668 0.046296296296296294
1 0.4979166666666667 0.8296296296296296 0.026041666666666668 0.046296296296296294
1 0.978125 0.850925925925926 0.026041666666666668 0.046296296296296294
1 0.7515625 0.8814814814814815 0.026041666666666668 0.046296296296296294
1 0.8244791666666667 0.9175925925925926 0.026041666666666668 0.046296296296296294
1 0.9645833333333333 0.9259259259259259 0.026041666666666668 0.046296296296296294
1 0.5239583333333333 0.9277777777777778 0.026041666666666668 0.046296296296296294
1 0.43020833333333336 0.9638888888888889 0.026041666666666668 0.046296296296296294
1 0.4114583333333333 0.8240740740740741 0.026041666666666668 0.046296296296296294
1 0.9927083333333333 0.8648148148148148 0.026041666666666668 0.046296296296296294
1 0.7041666666666667 0.8166666666666667 0.026041666666666668 0.046296296296296294
1 0.5739583333333333 0.912962962962963 0.026041666666666668 0.046296296296296294
1 0.5791666666666667 0.7962962962962963 0.026041666666666668 0.046296296296296294
3 0.73125 0.55 0.026041666666666668 0.046296296296296294
4 0.4864583333333333 0.6129629629629629 0.026041666666666668 0.046296296296296294
4 0.496875 0.5611111111111111 0.026041666666666668 0.046296296296296294
2 0.21875 0.37777777777777777 0.026041666666666668 0.046296296296296294
2 0.17291666666666666 0.4222222222222222 0.026041666666666668 0.046296296296296294
2 0.16875 0.4444444444444444 0.026041666666666668 0.046296296296296294
