0 0.47552083333333334 0.09814814814814815 0.026041666666666668 0.046296296296296294
0 0.48385416666666664 0.09722222222222222 0.026041666666666668 0.046296296296296294
0 0.4869791666666667 0.09907407407407408 0.026041666666666668 0.046296296296296294
0 0.48385416666666664 0.12129629629629629 0.026041666666666668 0.046296296296296294
0 0.49114583333333334 0.12037037037037036 0.026041666666666668 0.046296296296296294
0 0.4588541666666667 0.12685185185185185 0.026041666666666668 0.046296296296296294
0 0.46979166666666666 0.12777777777777777 0.026041666666666668 0.046296296296296294
0 0.4817708333333333 0.1287037037037037 0.026041666666666668 0.046296296296296294
0 0.44166666666666665 0.13333333333333333 0.026041666666666668 0.046296296296296294
0 0.45260416666666664 0.13796296296296295 0.026041666666666668 0.046296296296296294
0 0.46197916666666666 0.13796296296296295 0.026041666666666668 0.046296296296296294
0 0.4786458333333333 0.1361111111111111 0.026041666666666668 0.046296296296296294
0 0.49114583333333334 0.1361111111111111 0.026041666666666668 0.046296296296296294
0 0.4296875 0.14166666666666666 0.026041666666666668 0.046296296296296294
0 0.4453125 0.14629629629629629 0.026041666666666668 0.046296296296296294
0 0.4703125 0.14351851851851852 0.026041666666666668 0.046296296296296294
0 0.4786458333333333 0.1537037037037037 0.026041666666666668 0.046296296296296294
0 0.4828125 0.1537037037037037 0.026041666666666668 0.046296296296296294
0 0.4703125 0.1675925925925926 0.026041666666666668 0.046296296296296294
0 0.5 0.16574074074074074 0.026041666666666668 0.046296296296296294
0 0.4739583333333333 0.17777777777777778 0.026041666666666668 0.046296296296296294
0 0.4484375 0.2074074074074074 0.026041666666666668 0.046296296296296294
0 0.4734375 0.2074074074074074 0.026041666666666668 0.046296296296296294
0 0.4984375 0.22314814814814815 0.026041666666666668 0.046296296296296294
0 0.45729166666666665 0.22870370370370371 0.026041666666666668 0.046296296296296294
0 0.46510416666666665 0.2324074074074074 0.026041666666666668 0.046296296296296294
0 0.4822916666666667 0.22685185185185186 0.026041666666666668 0.046296296296296294
0 0.4354166666666667 0.23148148148148148 0.026041666666666668 0.046296296296296294
0 0.4401041666666667 0.23425925925925925 0.026041666666666668 0.046296296296296294
0 0.4661458333333333 0.24259259259259258 0.026041666666666668 0.046296296296296294
0 0.49114583333333334 0.23981481481481481 0.026041666666666668 0.046296296296296294
0 0.4510416666666667 0.25462962962962965 0.026041666666666668 0.046296296296296294
0 0.5192708333333333 0.2537037037037037 0.026041666666666668 0.046296296296296294
0 0.49947916666666664 0.262037037037037 0.026041666666666668 0.046296296296296294
0 0.46875 0.2759259259259259 0.026041666666666668 0.046296296296296294
0 0.5104166666666666 0.27685185185185185 0.026041666666666668 0.046296296296296294
0 0.5291666666666667 0.2777777777777778 0.026041666666666668 0.046296296296296294
0 0.6958333333333333 0.2861111111111111 0.026041666666666668 0.046296296296296294
0 0.49947916666666664 0.2953703703703704 0.026041666666666668 0.046296296296296294
0 0.4869791666666667 0.30092592592592593 0.026041666666666668 0.046296296296296294
0 0.4244791666666667 0.30833333333333335 0.026041666666666668 0.046296296296296294
0 0.428125 0.30925925925925923 0.026041666666666668 0.046296296296296294
0 0.7005208333333334 0.31666666666666665 0.026041666666666668 0.046296296296296294
0 0.7078125 0.31574074074074077 0.026041666666666668 0.046296296296296294
0 0.4828125 0.32222222222222224 0.026041666666666668 0.046296296296296294
0 0.5104166666666666 0.325 0.026041666666666668 0.046296296296296294
0 0.4192708333333333 0.3314814814814815 0.026041666666666668 0.046296296296296294
0 0.44427083333333334 0.3314814814814815 0.026041666666666668 0.046296296296296294
0 0.4947916666666667 0.3314814814814815 0.026041666666666668 0.046296296296296294
4 0.42864583333333334 0.3398148148148148 0.026041666666666668 0.046296296296296294
4 0.45729166666666665 0.3388888888888889 0.026041666666666668 0.046296296296296294
4 0.47760416666666666 0.3388888888888889 0.026041666666666668 0.046296296296296294
4 0.49895833333333334 0.3416666666666667 0.026041666666666668 0.046296296296296294
4 0.50625 0.3425925925925926 0.026041666666666668 0.046296296296296294
4 0.44427083333333334 0.34629629629629627 0.026041666666666668 0.046296296296296294
4 0.46197916666666666 0.3527777777777778 0.026041666666666668 0.046296296296296294
4 0.6494791666666667 0.3527777777777778 0.026041666666666668 0.046296296296296294
4 0.4453125 0.36203703703703705 0.026041666666666668 0.046296296296296294
4 0.4078125 0.36944444444444446 0.026041666666666668 0.046296296296296294
4 0.5078125 0.3675925925925926 0.026041666666666668 0.046296296296296294
4 0.44583333333333336 0.3861111111111111 0.026041666666666668 0.046296296296296294
4 0.5151041666666667 0.38796296296296295 0.026041666666666668 0.046296296296296294
4 0.5109375 0.39814814814814814 0.026041666666666668 0.046296296296296294
4 0.6541666666666667 0.4027777777777778 0.026041666666666668 0.046296296296296294
2 0.21145833333333333 0.4101851851851852 0.026041666666666668 0.046296296296296294
4 0.4864583333333333 0.40925925925925927 0.026041666666666668 0.046296296296296294
4 0.5026041666666666 0.412962962962963 0.026041666666666668 0.046296296296296294
4 0.6546875 0.4111111111111111 0.026041666666666668 0.046296296296296294
2 0.19895833333333332 0.4166666666666667 0.026041666666666668 0.046296296296296294
3 0.6786458333333333 0.42592592592592593 0.026041666666666668 0.046296296296296294
4 0.5161458333333333 0.43425925925925923 0.026041666666666668 0.046296296296296294
3 0.6932291666666667 0.4305555555555556 0.026041666666666668 0.046296296296296294
4 0.6520833333333333 0.4388888888888889 0.026041666666666668 0.046296296296296294
4 0.5078125 0.45 0.026041666666666668 0.046296296296296294
3 0.6692708333333334 0.44907407407407407 0.026041666666666668 0.046296296296296294
3 0.7046875 0.44907407407407407 0.026041666666666668 0.046296296296296294
3 0.7109375 0.44722222222222224 0.026041666666666668 0.046296296296296294
4 0.515625 0.45740740740740743 0.026041666666666668 0.046296296296296294
4 0.6625 0.4583333333333333 0.026041666666666668 0.046296296296296294
4 0.5364583333333334 0.4722222222222222 0.026041666666666668 0.046296296296296294
3 0.6864583333333333 0.47129629629629627 0.026041666666666668 0.046296296296296294
4 0.6130208333333333 0.4787037037037037 0.026041666666666668 0.046296296296296294
4 0.525 0.4898148148148148 0.026041666666666668 0.046296296296296294
4 0.5036458333333333 0.4925925925925926 0.026041666666666668 0.046296296296296294
4 0.6166666666666667 0.4962962962962963 0.026041666666666668 0.046296296296296294
3 0.671875 0.49722222222222223 0.026041666666666668 0.046296296296296294
4 0.5869791666666667 0.5018518518518519 0.026041666666666668 0.046296296296296294
3 0.6989583333333333 0.5037037037037037 0.026041666666666668 0.046296296296296294
4 0.5078125 0.5083333333333333 0.026041666666666668 0.046296296296296294
4 0.5197916666666667 0.5194444444444445 0.026041666666666668 0.046296296296296294
4 0.6046875 0.5185185185185185 0.026041666666666668 0.046296296296296294
4 0.6239583333333333 0.5259259259259259 0.026041666666666668 0.046296296296296294
3 0.66875 0.5231481481481481 0.026041666666666668 0.046296296296296294
3 0.6994791666666667 0.525 0.026041666666666668 0.046296296296296294
3 0.7192708333333333 0.5333333333333333 0.026041666666666668 0.046296296296296294
4 0.5177083333333333 0.549074074074074 0.026041666666666668 0.046296296296296294
4 0.5911458333333334 0.5481481481481482 0.026041666666666668 0.046296296296296294
4 0.6328125 0.55 0.026041666666666668 0.046296296296296294
4 0.6421875 0.5611111111111111 0.026041666666666668 0.046296296296296294
3 0.7369791666666666 0.5601851851851852 0.026041666666666668 0.046296296296296294
4 0.42083333333333334 0.5638888888888889 0.026041666666666668 0.046296296296296294
4 0.45625 0.5592592592592592 0.026041666666666668 0.046296296296296294
4 0.521875 0.5694444444444444 0.026041666666666668 0.046296296296296294
4 0.6182291666666667 0.5722222222222222 0.026041666666666668 0.046296296296296294
4 0.44947916666666665 0.5833333333333334 0.026041666666666668 0.046296296296296294
4 0.6083333333333333 0.5796296296296296 0.026041666666666668 0.046296296296296294
4 0.6630208333333333 0.5796296296296296 0.026041666666666668 0.046296296296296294
4 0.6369791666666667 0.5879629629629629 0.026041666666666668 0.046296296296296294
3 0.765625 0.5916666666666667 0.026041666666666668 0.046296296296296294
4 0.515625 0.5935185185185186 0.026041666666666668 0.046296296296296294
4 0.6114583333333333 0.5962962962962963 0.026041666666666668 0.046296296296296294
3 0.7364583333333333 0.5962962962962963 0.026041666666666668 0.046296296296296294
4 0.39479166666666665 0.5953703703703703 0.026041666666666668 0.046296296296296294
4 0.6546875 0.6111111111111112 0.026041666666666668 0.046296296296296294
4 0.478125 0.6175925925925926 0.026041666666666668 0.046296296296296294
3 0.7265625 0.6333333333333333 0.026041666666666668 0.046296296296296294
4 0.5697916666666667 0.6592592592592592 0.026041666666666668 0.046296296296296294
1 0.5369791666666667 0.6981481481481482 0.026041666666666668 0.046296296296296294
1 0.8828125 0.7462962962962963 0.026041666666666668 0.046296296296296294
1 0.8994791666666667 0.7435185185185185 0.026041666666666668 0.046296296296296294
1 0.8432291666666667 0.7685185185185185 0.026041666666666668 0.046296296296296294
1 0.5916666666666667 0.7777777777777778 0.026041666666666668 0.046296296296296294
1 0.39375 0.7907407407407407 0.026041666666666668 0.046296296296296294
1 0.5348958333333333 0.8111111111111111 0.026041666666666668 0.046296296296296294
1 0.18333333333333332 0.8212962962962963 0.026041666666666668 0.046296296296296294
1 0.821875 0.8388888888888889 0.026041666666666668 0.046296296296296294
1 0.8734375 0.8342592592592593 0.026041666666666668 0.046296296296296294
1 0.20208333333333334 0.8657407407407407 0.026041666666666668 0.046296296296296294
1 0.13333333333333333 0.8787037037037037 0.026041666666666668 0.046296296296296294
1 0.4328125 0.887962962962963 0.026041666666666668 0.046296296296296294
1 0.8635416666666667 0.8944444444444445 0.026041666666666668 0.046296296296296294
1 0.4666666666666667 0.9027777777777778 0.026041666666666668 0.046296296296296294
1 0.24375 0.9157407407407407 0.026041666666666668 0.046296296296296294
1 0.75 0.9055555555555556 0.026041666666666668 0.046296296296296294
1 0.2734375 0.9148148148148149 0.026041666666666668 0.046296296296296294
1 0.026041666666666668 0.9333333333333333 0.026041666666666668 0.046296296296296294
1 0.08697916666666666 0.9537037037037037 0.026041666666666668 0.046296296296296294
1 0.7192708333333333 0.9490740740740741 0.026041666666666668 0.046296296296296294
1 0.4109375 0.9666666666666667 0.026041666666666668 0.046296296296296294
1 0.9776041666666667 0.9666666666666667 0.026041666666666668 0.046296296296296294
1 0.275 0.95 0.026041666666666668 0.046296296296296294
1 0.65 0.7537037037037037 0.026041666666666668 0.046296296296296294
4 0.6072916666666667 0.6444444444444445 0.026041666666666668 0.046296296296296294
4 0.5302083333333333 0.6185185185185185 0.026041666666666668 0.046296296296296294
4 0.37916666666666665 0.5648148148148148 0.026041666666666668 0.046296296296296294
4 0.4114583333333333 0.4351851851851852 0.026041666666666668 0.046296296296296294
2 0.21041666666666667 0.44074074074074077 0.026041666666666668 0.046296296296296294
1 0.7197916666666667 0.7203703703703703 0.026041666666666668 0.046296296296296294
1 0.7739583333333333 0.6703703703703704 0.026041666666666668 0.046296296296296294
3 0.7635416666666667 0.6425925925925926 0.026041666666666668 0.046296296296296294
3 0.753125 0.6259259259259259 0.026041666666666668 0.046296296296296294
1 0.8020833333333334 0.924074074074074 0.026041666666666668 0.046296296296296294
1 0.8739583333333333 0.9462962962962963 0.026041666666666668 0.046296296296296294
3 0.7510416666666667 0.5648148148148148 0.026041666666666668 0.046296296296296294
3 0.8354166666666667 0.5203703703703704 0.026041666666666668 0.046296296296296294
2 0.178125 0.4148148148148148 0.026041666666666668 0.046296296296296294
