0 0.475 0.08981481481481482 0.026041666666666668 0.046296296296296294
0 0.484375 0.09722222222222222 0.026041666666666668 0.046296296296296294
0 0.4822916666666667 0.12129629629629629 0.026041666666666668 0.046296296296296294
0 0.4947916666666667 0.12129629629629629 0.026041666666666668 0.046296296296296294
0 0.4588541666666667 0.12685185185185185 0.026041666666666668 0.046296296296296294
0 0.4703125 0.12777777777777777 0.026041666666666668 0.046296296296296294
0 0.44166666666666665 0.13333333333333333 0.026041666666666668 0.046296296296296294
0 0.44947916666666665 0.13518518518518519 0.026041666666666668 0.046296296296296294
0 0.4953125 0.13703703703703704 0.026041666666666668 0.046296296296296294
0 0.4708333333333333 0.14351851851851852 0.026041666666666668 0.046296296296296294
0 0.4734375 0.14814814814814814 0.026041666666666668 0.046296296296296294
0 0.4421875 0.15462962962962962 0.026041666666666668 0.046296296296296294
0 0.4359375 0.16203703703703703 0.026041666666666668 0.046296296296296294
0 0.44947916666666665 0.15925925925925927 0.026041666666666668 0.046296296296296294
0 0.475 0.16203703703703703 0.026041666666666668 0.046296296296296294
0 0.453125 0.1712962962962963 0.026041666666666668 0.046296296296296294
0 0.4822916666666667 0.1787037037037037 0.026041666666666668 0.046296296296296294
0 0.5 0.175 0.026041666666666668 0.046296296296296294
0 0.5161458333333333 0.17592592592592593 0.026041666666666668 0.046296296296296294
0 0.4296875 0.1824074074074074 0.026041666666666668 0.046296296296296294
0 0.43645833333333334 0.18333333333333332 0.026041666666666668 0.046296296296296294
0 0.4739583333333333 0.18518518518518517 0.026041666666666668 0.046296296296296294
0 0.5052083333333334 0.19074074074074074 0.026041666666666668 0.046296296296296294
0 0.4744791666666667 0.20185185185185187 0.026041666666666668 0.046296296296296294
0 0.49114583333333334 0.19907407407407407 0.026041666666666668 0.046296296296296294
0 0.4708333333333333 0.23148148148148148 0.026041666666666668 0.046296296296296294
0 0.5088541666666667 0.22962962962962963 0.026041666666666668 0.046296296296296294
0 0.5078125 0.24259259259259258 0.026041666666666668 0.046296296296296294
0 0.5135416666666667 0.24444444444444444 0.026041666666666668 0.046296296296296294
0 0.4703125 0.262037037037037 0.026041666666666668 0.046296296296296294
0 0.5151041666666667 0.2611111111111111 0.026041666666666668 0.046296296296296294
0 0.503125 0.26851851851851855 0.026041666666666668 0.046296296296296294
0 0.5244791666666667 0.27037037037037037 0.026041666666666668 0.046296296296296294
0 0.5114583333333333 0.27870370370370373 0.026041666666666668 0.046296296296296294
0 0.5385416666666667 0.275 0.026041666666666668 0.046296296296296294
0 0.5453125 0.2777777777777778 0.026041666666666668 0.046296296296296294
0 0.6875 0.29259259259259257 0.026041666666666668 0.046296296296296294
0 0.51875 0.30185185185185187 0.026041666666666668 0.046296296296296294
0 0.49895833333333334 0.30833333333333335 0.026041666666666668 0.046296296296296294
0 0.4270833333333333 0.31666666666666665 0.026041666666666668 0.046296296296296294
0 0.45364583333333336 0.31666666666666665 0.026041666666666668 0.046296296296296294
0 0.515625 0.31851851851851853 0.026041666666666668 0.046296296296296294
0 0.5416666666666666 0.3148148148148148 0.026041666666666668 0.046296296296296294
0 0.70625 0.31203703703703706 0.026041666666666668 0.046296296296296294
0 0.5041666666666667 0.32314814814814813 0.026041666666666668 0.046296296296296294
0 0.5109375 0.3277777777777778 0.026041666666666668 0.046296296296296294
0 0.44166666666666665 0.3296296296296296 0.026041666666666668 0.046296296296296294
4 0.5072916666666667 0.33425925925925926 0.026041666666666668 0.046296296296296294
4 0.453125 0.3398148148148148 0.026041666666666668 0.046296296296296294
4 0.4791666666666667 0.3398148148148148 0.026041666666666668 0.046296296296296294
4 0.490625 0.3388888888888889 0.026041666666666668 0.046296296296296294
4 0.4119791666666667 0.3490740740740741 0.026041666666666668 0.046296296296296294
4 0.375 0.3537037037037037 0.026041666666666668 0.046296296296296294
4 0.38385416666666666 0.3574074074074074 0.026041666666666668 0.046296296296296294
4 0.38697916666666665 0.35462962962962963 0.026041666666666668 0.046296296296296294
4 0.40729166666666666 0.35648148148148145 0.026041666666666668 0.046296296296296294
4 0.46510416666666665 0.35648148148148145 0.026041666666666668 0.046296296296296294
4 0.4947916666666667 0.35462962962962963 0.026041666666666668 0.046296296296296294
4 0.5067708333333333 0.35462962962962963 0.026041666666666668 0.046296296296296294
4 0.4244791666666667 0.3592592592592593 0.026041666666666668 0.046296296296296294
4 0.4328125 0.36203703703703705 0.026041666666666668 0.046296296296296294
4 0.4828125 0.36203703703703705 0.026041666666666668 0.046296296296296294
4 0.38177083333333334 0.375 0.026041666666666668 0.046296296296296294
4 0.403125 0.37407407407407406 0.026041666666666668 0.046296296296296294
4 0.5005208333333333 0.3712962962962963 0.026041666666666668 0.046296296296296294
4 0.4947916666666667 0.37962962962962965 0.026041666666666668 0.046296296296296294
4 0.3734375 0.3962962962962963 0.026041666666666668 0.046296296296296294
4 0.453125 0.39444444444444443 0.026041666666666668 0.046296296296296294
4 0.5244791666666667 0.39537037037037037 0.026041666666666668 0.046296296296296294
4 0.4859375 0.4046296296296296 0.026041666666666668 0.046296296296296294
4 0.6666666666666666 0.4083333333333333 0.026041666666666668 0.046296296296296294
2 0.21145833333333333 0.4185185185185185 0.026041666666666668 0.046296296296296294
4 0.5171875 0.4287037037037037 0.026041666666666668 0.046296296296296294
4 0.6541666666666667 0.425 0.026041666666666668 0.046296296296296294
2 0.1703125 0.43148148148148147 0.026041666666666668 0.046296296296296294
2 0.1828125 0.42962962962962964 0.026041666666666668 0.046296296296296294
4 0.4703125 0.43148148148148147 0.026041666666666668 0.046296296296296294
3 0.6958333333333333 0.43148148148148147 0.026041666666666668 0.046296296296296294
3 0.70625 0.43148148148148147 0.026041666666666668 0.046296296296296294
4 0.38958333333333334 0.44351851851851853 0.026041666666666668 0.046296296296296294
3 0.66875 0.4398148148148148 0.026041666666666668 0.046296296296296294
4 0.5083333333333333 0.45185185185185184 0.026041666666666668 0.046296296296296294
4 0.6536458333333334 0.45 0.026041666666666668 0.046296296296296294
4 0.45729166666666665 0.4583333333333333 0.026041666666666668 0.046296296296296294
4 0.5161458333333333 0.4583333333333333 0.026041666666666668 0.046296296296296294
3 0.6807291666666667 0.4583333333333333 0.026041666666666668 0.046296296296296294
4 0.40625 0.462037037037037 0.026041666666666668 0.046296296296296294
4 0.4276041666666667 0.4703703703703704 0.026041666666666668 0.046296296296296294
4 0.5036458333333333 0.475 0.026041666666666668 0.046296296296296294
3 0.6880208333333333 0.4722222222222222 0.026041666666666668 0.046296296296296294
4 0.37864583333333335 0.48148148148148145 0.026041666666666668 0.046296296296296294
3 0.678125 0.4824074074074074 0.026041666666666668 0.046296296296296294
4 0.4401041666666667 0.48703703703703705 0.026041666666666668 0.046296296296296294
4 0.6135416666666667 0.487962962962963 0.026041666666666668 0.046296296296296294
4 0.621875 0.49722222222222223 0.026041666666666668 0.046296296296296294
3 0.6994791666666667 0.49722222222222223 0.026041666666666668 0.046296296296296294
4 0.6078125 0.5018518518518519 0.026041666666666668 0.046296296296296294
3 0.6770833333333334 0.5037037037037037 0.026041666666666668 0.046296296296296294
4 0.503125 0.5092592592592593 0.026041666666666668 0.046296296296296294
4 0.5125 0.5111111111111111 0.026041666666666668 0.046296296296296294
4 0.4822916666666667 0.5194444444444445 0.026041666666666668 0.046296296296296294
4 0.5973958333333333 0.5185185185185185 0.026041666666666668 0.046296296296296294
4 0.6192708333333333 0.524074074074074 0.026041666666666668 0.046296296296296294
4 0.6625 0.5259259259259259 0.026041666666666668 0.046296296296296294
4 0.44479166666666664 0.5435185185185185 0.026041666666666668 0.046296296296296294
4 0.42552083333333335 0.549074074074074 0.026041666666666668 0.046296296296296294
4 0.5166666666666667 0.5509259259259259 0.026041666666666668 0.046296296296296294
3 0.734375 0.549074074074074 0.026041666666666668 0.046296296296296294
4 0.5286458333333334 0.5583333333333333 0.026041666666666668 0.046296296296296294
4 0.6364583333333333 0.5601851851851852 0.026041666666666668 0.046296296296296294
4 0.6036458333333333 0.5638888888888889 0.026041666666666668 0.046296296296296294
3 0.753125 0.5611111111111111 0.026041666666666668 0.046296296296296294
4 0.46458333333333335 0.5731481481481482 0.026041666666666668 0.046296296296296294
3 0.7645833333333333 0.5694444444444444 0.026041666666666668 0.046296296296296294
4 0.6317708333333333 0.5787037037037037 0.026041666666666668 0.046296296296296294
4 0.515625 0.5805555555555556 0.026041666666666668 0.046296296296296294
4 0.4088541666666667 0.5861111111111111 0.026041666666666668 0.046296296296296294
4 0.4421875 0.5953703703703703 0.026041666666666668 0.046296296296296294
4 0.6041666666666666 0.5925925925925926 0.026041666666666668 0.046296296296296294
4 0.6390625 0.5916666666666667 0.026041666666666668 0.046296296296296294
4 0.6583333333333333 0.5944444444444444 0.026041666666666668 0.046296296296296294
4 0.6484375 0.6074074074074074 0.026041666666666668 0.046296296296296294
4 0.4744791666666667 0.6194444444444445 0.026041666666666668 0.046296296296296294
3 0.7588541666666667 0.6175925925925926 0.026041666666666668 0.046296296296296294
4 0.40989583333333335 0.6388888888888888 0.026041666666666668 0.046296296296296294
4 0.5427083333333333 0.6444444444444445 0.026041666666666668 0.046296296296296294
4 0.5744791666666667 0.6435185185185185 0.026041666666666668 0.046296296296296294
3 0.7713541666666667 0.6537037037037037 0.026041666666666668 0.046296296296296294
4 0.48541666666666666 0.6583333333333333 0.026041666666666668 0.046296296296296294
1 0.6755208333333333 0.7046296296296296 0.026041666666666668 0.046296296296296294
1 0.43854166666666666 0.7240740740740741 0.026041666666666668 0.046296296296296294
1 0.7098958333333333 0.7287037037037037 0.026041666666666668 0.046296296296296294
1 0.8822916666666667 0.7518518518518519 0.026041666666666668 0.046296296296296294
1 0.9286458333333333 0.7490740740740741 0.026041666666666668 0.046296296296296294
1 0.5671875 0.7574074074074074 0.026041666666666668 0.046296296296296294
1 0.8276041666666667 0.7592592592592593 0.026041666666666668 0.046296296296296294
1 0.7453125 0.7907407407407407 0.026041666666666668 0.046296296296296294
1 0.3171875 0.8175925925925925 0.026041666666666668 0.046296296296296294
1 0.7989583333333333 0.8185185185185185 0.026041666666666668 0.046296296296296294
1 0.784375 0.8333333333333334 0.026041666666666668 0.046296296296296294
1 0.8776041666666666 0.8351851851851851 0.026041666666666668 0.046296296296296294
1 0.4375 0.8916666666666667 0.026041666666666668 0.046296296296296294
1 0.48333333333333334 0.8898148148148148 0.026041666666666668 0.046296296296296294
1 0.8671875 0.8981481481481481 0.026041666666666668 0.046296296296296294
1 0.9682291666666667 0.9425925925925925 0.026041666666666668 0.046296296296296294
1 0.5015625 0.9527777777777777 0.026041666666666668 0.046296296296296294
1 0.5421875 0.9666666666666667 0.026041666666666668 0.046296296296296294
1 0.5838541666666667 0.9546296296296296 0.026041666666666668 0.046296296296296294
1 0.2859375 0.9851851851851852 0.026041666666666668 0.046296296296296294
1 0.33229166666666665 0.9425925925925925 0.026041666666666668 0.046296296296296294
1 0.396875 0.8666666666666667 0.026041666666666668 0.046296296296296294
1 0.41770833333333335 0.7814814814814814 0.026041666666666668 0.046296296296296294
1 0.41041666666666665 0.7111111111111111 0.026041666666666668 0.046296296296296294
1 0.6385416666666667 0.9296296296296296 0.026041666666666668 0.046296296296296294
1 0.70625 0.9481481481481482 0.026041666666666668 0.046296296296296294
1 0.7322916666666667 0.9666666666666667 0.026041666666666668 0.046296296296296294
1 0.7489583333333333 0.9055555555555556 0.026041666666666668 0.046296296296296294
1 0.8354166666666667 0.9574074074074074 0.026041666666666668 0.046296296296296294
1 0.8822916666666667 0.9388888888888889 0.026041666666666668 0.046296296296296294
1 0.8364583333333333 0.8462962962962963 0.026041666666666668 0.046296296296296294
4 0.6145833333333334 0.6111111111111112 0.026041666666666668 0.046296296296296294
4 0.596875 0.6351851851851852 0.026041666666666668 0.046296296296296294
3 0.6979166666666666 0.5203703703703704 0.026041666666666668 0.046296296296296294
4 0.5072916666666667 0.6407407407407407 0.026041666666666668 0.046296296296296294
4 0.48333333333333334 0.5407407407407407 0.026041666666666668 0.046296296296296294
1 0.365625 0.75 0.026041666666666668 0.046296296296296294
1 0.5322916666666667 0.8222222222222222 0.026041666666666668 0.046296296296296294
