0 0.4713541666666667 0.09444444444444444 0.026041666666666668 0.046296296296296294
0 0.4791666666666667 0.09722222222222222 0.026041666666666668 0.046296296296296294
0 0.4822916666666667 0.10462962962962963 0.026041666666666668 0.046296296296296294
0 0.48333333333333334 0.11851851851851852 0.026041666666666668 0.046296296296296294
0 0.49114583333333334 0.12037037037037036 0.026041666666666668 0.046296296296296294
0 0.4375 0.1287037037037037 0.026041666666666668 0.046296296296296294
0 0.4713541666666667 0.12962962962962962 0.026041666666666668 0.046296296296296294
0 0.4552083333333333 0.13333333333333333 0.026041666666666668 0.046296296296296294
0 0.4625 0.1361111111111111 0.026041666666666668 0.046296296296296294
0 0.4901041666666667 0.13703703703703704 0.026041666666666668 0.046296296296296294
0 0.43697916666666664 0.14814814814814814 0.026041666666666668 0.046296296296296294
0 0.47552083333333334 0.14444444444444443 0.026041666666666668 0.046296296296296294
0 0.46197916666666666 0.15185185185185185 0.026041666666666668 0.046296296296296294
0 0.4484375 0.16018518518518518 0.026041666666666668 0.046296296296296294
0 0.4328125 0.17222222222222222 0.026041666666666668 0.046296296296296294
0 0.5140625 0.18518518518518517 0.026041666666666668 0.046296296296296294
0 0.47760416666666666 0.21574074074074073 0.026041666666666668 0.046296296296296294
0 0.43697916666666664 0.24444444444444444 0.026041666666666668 0.046296296296296294
0 0.4921875 0.2462962962962963 0.026041666666666668 0.046296296296296294
0 0.43645833333333334 0.25833333333333336 0.026041666666666668 0.046296296296296294
0 0.4864583333333333 0.262037037037037 0.026041666666666668 0.046296296296296294
0 0.4484375 0.2675925925925926 0.026041666666666668 0.046296296296296294
0 0.5479166666666667 0.26851851851851855 0.026041666666666668 0.046296296296296294
0 0.5005208333333333 0.27685185185185185 0.026041666666666668 0.046296296296296294
0 0.5026041666666666 0.2851851851851852 0.026041666666666668 0.046296296296296294
0 0.41302083333333334 0.28888888888888886 0.026041666666666668 0.046296296296296294
0 0.4401041666666667 0.2972222222222222 0.026041666666666668 0.046296296296296294
0 0.6911458333333333 0.2953703703703704 0.026041666666666668 0.046296296296296294
0 0.43697916666666664 0.30833333333333335 0.026041666666666668 0.046296296296296294
0 0.45 0.30925925925925923 0.026041666666666668 0.046296296296296294
0 0.42552083333333335 0.3148148148148148 0.026041666666666668 0.046296296296296294
0 0.49166666666666664 0.31851851851851853 0.026041666666666668 0.046296296296296294
0 0.5078125 0.3138888888888889 0.026041666666666668 0.046296296296296294
0 0.7057291666666666 0.3138888888888889 0.026041666666666668 0.046296296296296294
0 0.5203125 0.325 0.026041666666666668 0.046296296296296294
0 0.43645833333333334 0.3287037037037037 0.026041666666666668 0.046296296296296294
4 0.5161458333333333 0.33611111111111114 0.026041666666666668 0.046296296296296294
0 0.5364583333333334 0.3314814814814815 0.026041666666666668 0.046296296296296294
4 0.44895833333333335 0.33796296296296297 0.026041666666666668 0.046296296296296294
4 0.4739583333333333 0.3351851851851852 0.026041666666666668 0.046296296296296294
4 0.48541666666666666 0.3398148148148148 0.026041666666666668 0.046296296296296294
4 0.5026041666666666 0.33796296296296297 0.026041666666666668 0.046296296296296294
4 0.425 0.3453703703703704 0.026041666666666668 0.046296296296296294
4 0.4322916666666667 0.34814814814814815 0.026041666666666668 0.046296296296296294
4 0.44479166666666664 0.35 0.026041666666666668 0.046296296296296294
4 0.465625 0.35 0.026041666666666668 0.046296296296296294
4 0.37552083333333336 0.35462962962962963 0.026041666666666668 0.046296296296296294
4 0.3828125 0.3537037037037037 0.026041666666666668 0.046296296296296294
4 0.39479166666666665 0.3537037037037037 0.026041666666666668 0.046296296296296294
4 0.41354166666666664 0.35555555555555557 0.026041666666666668 0.046296296296296294
4 0.51875 0.35833333333333334 0.026041666666666668 0.046296296296296294
4 0.5364583333333334 0.3537037037037037 0.026041666666666668 0.046296296296296294
4 0.5046875 0.36203703703703705 0.026041666666666668 0.046296296296296294
4 0.5119791666666667 0.3638888888888889 0.026041666666666668 0.046296296296296294
4 0.375 0.375 0.026041666666666668 0.046296296296296294
4 0.3958333333333333 0.37962962962962965 0.026041666666666668 0.046296296296296294
4 0.4869791666666667 0.37777777777777777 0.026041666666666668 0.046296296296296294
4 0.5130208333333334 0.387037037037037 0.026041666666666668 0.046296296296296294
4 0.5197916666666667 0.3861111111111111 0.026041666666666668 0.046296296296296294
4 0.39479166666666665 0.39537037037037037 0.026041666666666668 0.046296296296296294
4 0.46875 0.39166666666666666 0.026041666666666668 0.046296296296296294
4 0.4192708333333333 0.40185185185185185 0.026041666666666668 0.046296296296296294
4 0.45729166666666665 0.4 0.026041666666666668 0.046296296296296294
4 0.503125 0.40370370370370373 0.026041666666666668 0.046296296296296294
4 0.5286458333333334 0.4064814814814815 0.026041666666666668 0.046296296296296294
4 0.48541666666666666 0.4074074074074074 0.026041666666666668 0.046296296296296294
4 0.521875 0.4101851851851852 0.026041666666666668 0.046296296296296294
4 0.65 0.4064814814814815 0.026041666666666668 0.046296296296296294
3 0.7036458333333333 0.40555555555555556 0.026041666666666668 0.046296296296296294
2 0.17395833333333333 0.4185185185185185 0.026041666666666668 0.046296296296296294
2 0.190625 0.4166666666666667 0.026041666666666668 0.046296296296296294
4 0.42864583333333334 0.41944444444444445 0.026041666666666668 0.046296296296296294
4 0.6619791666666667 0.41944444444444445 0.026041666666666668 0.046296296296296294
4 0.39479166666666665 0.425 0.026041666666666668 0.046296296296296294
4 0.4703125 0.425 0.026041666666666668 0.046296296296296294
4 0.503125 0.42407407407407405 0.026041666666666668 0.046296296296296294
3 0.6723958333333333 0.425 0.026041666666666668 0.046296296296296294
3 0.6776041666666667 0.42592592592592593 0.026041666666666668 0.046296296296296294
4 0.5161458333333333 0.4324074074074074 0.026041666666666668 0.046296296296296294
4 0.5239583333333333 0.43333333333333335 0.026041666666666668 0.046296296296296294
4 0.44947916666666665 0.44166666666666665 0.026041666666666668 0.046296296296296294
3 0.6744791666666666 0.4425925925925926 0.026041666666666668 0.046296296296296294
4 0.4322916666666667 0.44907407407407407 0.026041666666666668 0.046296296296296294
3 0.6833333333333333 0.44907407407407407 0.026041666666666668 0.046296296296296294
4 0.4578125 0.4583333333333333 0.026041666666666668 0.046296296296296294
4 0.6635416666666667 0.46574074074074073 0.026041666666666668 0.046296296296296294
4 0.3776041666666667 0.47314814814814815 0.026041666666666668 0.046296296296296294
4 0.39427083333333335 0.46944444444444444 0.026041666666666668 0.046296296296296294
4 0.4114583333333333 0.4722222222222222 0.026041666666666668 0.046296296296296294
4 0.475 0.4740740740740741 0.026041666666666668 0.046296296296296294
4 0.5036458333333333 0.47314814814814815 0.026041666666666668 0.046296296296296294
4 0.5395833333333333 0.47314814814814815 0.026041666666666668 0.046296296296296294
3 0.675 0.4740740740740741 0.026041666666666668 0.046296296296296294
4 0.43333333333333335 0.47962962962962963 0.026041666666666668 0.046296296296296294
4 0.39479166666666665 0.48518518518518516 0.026041666666666668 0.046296296296296294
4 0.4453125 0.4888888888888889 0.026041666666666668 0.046296296296296294
4 0.6255208333333333 0.4888888888888889 0.026041666666666668 0.046296296296296294
4 0.653125 0.4898148148148148 0.026041666666666668 0.046296296296296294
4 0.4953125 0.49722222222222223 0.026041666666666668 0.046296296296296294
4 0.5078125 0.49537037037037035 0.026041666666666668 0.046296296296296294
3 0.7161458333333334 0.49537037037037035 0.026041666666666668 0.046296296296296294
4 0.6453125 0.5046296296296297 0.026041666666666668 0.046296296296296294
4 0.6578125 0.5037037037037037 0.026041666666666668 0.046296296296296294
3 0.6770833333333334 0.5055555555555555 0.026041666666666668 0.046296296296296294
3 0.6911458333333333 0.5009259259259259 0.026041666666666668 0.046296296296296294
4 0.4244791666666667 0.5083333333333333 0.026041666666666668 0.046296296296296294
4 0.6322916666666667 0.5064814814814815 0.026041666666666668 0.046296296296296294
3 0.6958333333333333 0.5101851851851852 0.026041666666666668 0.046296296296296294
3 0.7114583333333333 0.5101851851851852 0.026041666666666668 0.046296296296296294
4 0.5578125 0.5185185185185185 0.026041666666666668 0.046296296296296294
4 0.6125 0.5175925925925926 0.026041666666666668 0.046296296296296294
4 0.4953125 0.5259259259259259 0.026041666666666668 0.046296296296296294
4 0.5203125 0.5287037037037037 0.026041666666666668 0.046296296296296294
3 0.6692708333333334 0.5259259259259259 0.026041666666666668 0.046296296296296294
3 0.7166666666666667 0.525 0.026041666666666668 0.046296296296296294
4 0.5583333333333333 0.5416666666666666 0.026041666666666668 0.046296296296296294
4 0.5958333333333333 0.537962962962963 0.026041666666666668 0.046296296296296294
4 0.6151041666666667 0.5416666666666666 0.026041666666666668 0.046296296296296294
4 0.5109375 0.5583333333333333 0.026041666666666668 0.046296296296296294
4 0.5458333333333333 0.5648148148148148 0.026041666666666668 0.046296296296296294
3 0.7203125 0.5666666666666667 0.026041666666666668 0.046296296296296294
3 0.7354166666666667 0.5657407407407408 0.026041666666666668 0.046296296296296294
3 0.75625 0.5666666666666667 0.026041666666666668 0.046296296296296294
4 0.44895833333333335 0.5972222222222222 0.026041666666666668 0.046296296296296294
4 0.5619791666666667 0.5944444444444444 0.026041666666666668 0.046296296296296294
4 0.38333333333333336 0.6018518518518519 0.026041666666666668 0.046296296296296294
4 0.5822916666666667 0.6046296296296296 0.026041666666666668 0.046296296296296294
4 0.5822916666666667 0.6203703703703703 0.026041666666666668 0.046296296296296294
4 0.6322916666666667 0.6222222222222222 0.026041666666666668 0.046296296296296294
3 0.6833333333333333 0.6175925925925926 0.026041666666666668 0.046296296296296294
3 0.7328125 0.6268518518518519 0.026041666666666668 0.046296296296296294
4 0.459375 0.6305555555555555 0.026041666666666668 0.046296296296296294
4 0.48541666666666666 0.6351851851851852 0.026041666666666668 0.046296296296296294
4 0.575 0.6453703703703704 0.026041666666666668 0.046296296296296294
4 0.6276041666666666 0.6546296296296297 0.026041666666666668 0.046296296296296294
3 0.6776041666666667 0.6564814814814814 0.026041666666666668 0.046296296296296294
3 0.7708333333333334 0.6601851851851852 0.026041666666666668 0.046296296296296294
1 0.7828125 0.6731481481481482 0.026041666666666668 0.046296296296296294
1 0.5166666666666667 0.6768518518518518 0.026041666666666668 0.046296296296296294
1 0.7083333333333334 0.6833333333333333 0.026041666666666668 0.046296296296296294
1 0.45729166666666665 0.6972222222222222 0.026041666666666668 0.046296296296296294
1 0.8848958333333333 0.7416666666666667 0.026041666666666668 0.046296296296296294
1 0.8755208333333333 0.7527777777777778 0.026041666666666668 0.046296296296296294
1 0.6213541666666667 0.7583333333333333 0.026041666666666668 0.046296296296296294
1 0.7130208333333333 0.7611111111111111 0.026041666666666668 0.046296296296296294
1 0.834375 0.7574074074074074 0.026041666666666668 0.046296296296296294
1 0.9296875 0.7648148148148148 0.026041666666666668 0.046296296296296294
1 0.5296875 0.7833333333333333 0.026041666666666668 0.046296296296296294
1 0.5088541666666667 0.7981481481481482 0.026041666666666668 0.046296296296296294
1 0.6854166666666667 0.8101851851851852 0.026041666666666668 0.046296296296296294
1 0.753125 0.8046296296296296 0.026041666666666668 0.046296296296296294
1 0.5911458333333334 0.8101851851851852 0.026041666666666668 0.046296296296296294
1 0.8666666666666667 0.8287037037037037 0.026041666666666668 0.046296296296296294
1 0.24114583333333334 0.8425925925925926 0.026041666666666668 0.046296296296296294
1 0.8286458333333333 0.8685185185185185 0.026041666666666668 0.046296296296296294
1 0.44895833333333335 0.9138888888888889 0.026041666666666668 0.046296296296296294
1 0.9182291666666667 0.9212962962962963 0.026041666666666668 0.046296296296296294
1 0.36770833333333336 0.9518518518518518 0.026041666666666668 0.046296296296296294
1 0.9666666666666667 0.9462962962962963 0.026041666666666668 0.046296296296296294
1 0.41770833333333335 0.9731481481481481 0.026041666666666668 0.046296296296296294
1 0.32135416666666666 0.9796296296296296 0.026041666666666668 0.046296296296296294
1 0.646875 0.8944444444444445 0.026041666666666668 0.046296296296296294
1 0.7927083333333333 0.85 0.026041666666666668 0.046296296296296294
1 0.9375 0.9703703703703703 0.026041666666666668 0.046296296296296294
3 0.7520833333333333 0.6129629629629629 0.026041666666666668 0.046296296296296294
3 0.765625 0.5833333333333334 0.026041666666666668 0.046296296296296294
1 0.4114583333333333 0.6925925925925925 0.026041666666666668 0.046296296296296294
4 0.41458333333333336 0.5833333333333334 0.026041666666666668 0.046296296296296294
4 0.4041666666666667 0.524074074074074 0.026041666666666668 0.046296296296296294
2 0.21979166666666666 0.40925925925925927 0.026041666666666668 0.046296296296296294
1 0.565625 0.6703703703703704 0.026041666666666668 0.046296296296296294
1 0.6572916666666667 0.6722222222222223 0.026041666666666668 0.046296296296296294
1 0.7739583333333333 0.7185185185185186 0.026041666666666668 0.046296296296296294
