0 0.4708333333333333 0.09537037037037037 0.026041666666666668 0.046296296296296294
0 0.478125 0.09814814814814815 0.026041666666666668 0.046296296296296294
0 0.48802083333333335 0.10555555555555556 0.026041666666666668 0.046296296296296294
0 0.48333333333333334 0.12222222222222222 0.026041666666666668 0.046296296296296294
0 0.49114583333333334 0.12407407407407407 0.026041666666666668 0.046296296296296294
0 0.4421875 0.13333333333333333 0.026041666666666668 0.046296296296296294
0 0.4552083333333333 0.13425925925925927 0.026041666666666668 0.046296296296296294
0 0.46197916666666666 0.13518518518518519 0.026041666666666668 0.046296296296296294
0 0.46979166666666666 0.13703703703703704 0.026041666666666668 0.046296296296296294
0 0.4859375 0.13796296296296295 0.026041666666666668 0.046296296296296294
0 0.4744791666666667 0.14629629629629629 0.026041666666666668 0.046296296296296294
0 0.4791666666666667 0.1537037037037037 0.026041666666666668 0.046296296296296294
0 0.4609375 0.15833333333333333 0.026041666666666668 0.046296296296296294
0 0.44583333333333336 0.16666666666666666 0.026041666666666668 0.046296296296296294
0 0.43333333333333335 0.17222222222222222 0.026041666666666668 0.046296296296296294
0 0.44947916666666665 0.18425925925925926 0.026041666666666668 0.046296296296296294
0 0.5109375 0.18425925925925926 0.026041666666666668 0.046296296296296294
0 0.45677083333333335 0.2212962962962963 0.026041666666666668 0.046296296296296294
0 0.45 0.23055555555555557 0.026041666666666668 0.046296296296296294
0 0.4817708333333333 0.23055555555555557 0.026041666666666668 0.046296296296296294
0 0.5119791666666667 0.23796296296296296 0.026041666666666668 0.046296296296296294
0 0.42864583333333334 0.2462962962962963 0.026041666666666668 0.046296296296296294
0 0.4828125 0.24351851851851852 0.026041666666666668 0.046296296296296294
0 0.4588541666666667 0.2537037037037037 0.026041666666666668 0.046296296296296294
0 0.4786458333333333 0.25462962962962965 0.026041666666666668 0.046296296296296294
0 0.5078125 0.25555555555555554 0.026041666666666668 0.046296296296296294
0 0.44895833333333335 0.27314814814814814 0.026041666666666668 0.046296296296296294
0 0.48385416666666664 0.27037037037037037 0.026041666666666668 0.046296296296296294
0 0.490625 0.26851851851851855 0.026041666666666668 0.046296296296296294
0 0.4421875 0.27685185185185185 0.026041666666666668 0.046296296296296294
0 0.4609375 0.275 0.026041666666666668 0.046296296296296294
0 0.47760416666666666 0.275 0.026041666666666668 0.046296296296296294
0 0.50625 0.27870370370370373 0.026041666666666668 0.046296296296296294
0 0.5421875 0.275 0.026041666666666668 0.046296296296296294
0 0.4609375 0.2861111111111111 0.026041666666666668 0.046296296296296294
0 0.5291666666666667 0.2851851851851852 0.026041666666666668 0.046296296296296294
0 0.4197916666666667 0.29259259259259257 0.026041666666666668 0.046296296296296294
0 0.47760416666666666 0.28888888888888886 0.026041666666666668 0.046296296296296294
0 0.490625 0.2935185185185185 0.026041666666666668 0.046296296296296294
0 0.4203125 0.3 0.026041666666666668 0.046296296296296294
0 0.42916666666666664 0.29907407407407405 0.026041666666666668 0.046296296296296294
0 0.43333333333333335 0.31666666666666665 0.026041666666666668 0.046296296296296294
0 0.5427083333333333 0.3175925925925926 0.026041666666666668 0.046296296296296294
0 0.703125 0.3138888888888889 0.026041666666666668 0.046296296296296294
0 0.48541666666666666 0.32407407407407407 0.026041666666666668 0.046296296296296294
0 0.4484375 0.3314814814814815 0.026041666666666668 0.046296296296296294
4 0.5421875 0.3333333333333333 0.026041666666666668 0.046296296296296294
4 0.4453125 0.34814814814814815 0.026041666666666668 0.046296296296296294
4 0.4578125 0.3490740740740741 0.026041666666666668 0.046296296296296294
4 0.5197916666666667 0.34814814814814815 0.026041666666666668 0.046296296296296294
4 0.38385416666666666 0.35648148148148145 0.026041666666666668 0.046296296296296294
4 0.37552083333333336 0.362962962962963 0.026041666666666668 0.046296296296296294
4 0.4015625 0.3638888888888889 0.026041666666666668 0.046296296296296294
4 0.47760416666666666 0.3685185185185185 0.026041666666666668 0.046296296296296294
4 0.496875 0.3685185185185185 0.026041666666666668 0.046296296296296294
2 0.22083333333333333 0.37592592592592594 0.026041666666666668 0.046296296296296294
2 0.19791666666666666 0.38333333333333336 0.026041666666666668 0.046296296296296294
4 0.6619791666666667 0.39444444444444443 0.026041666666666668 0.046296296296296294
2 0.19270833333333334 0.4101851851851852 0.026041666666666668 0.046296296296296294
4 0.5161458333333333 0.4083333333333333 0.026041666666666668 0.046296296296296294
4 0.6494791666666667 0.4074074074074074 0.026041666666666668 0.046296296296296294
3 0.703125 0.4064814814814815 0.026041666666666668 0.046296296296296294
2 0.1703125 0.4185185185185185 0.026041666666666668 0.046296296296296294
4 0.4354166666666667 0.41944444444444445 0.026041666666666668 0.046296296296296294
4 0.5046875 0.41574074074074074 0.026041666666666668 0.046296296296296294
4 0.5229166666666667 0.42407407407407405 0.026041666666666668 0.046296296296296294
3 0.6755208333333333 0.425 0.026041666666666668 0.046296296296296294
4 0.46927083333333336 0.43333333333333335 0.026041666666666668 0.046296296296296294
4 0.40260416666666665 0.44074074074074077 0.026041666666666668 0.046296296296296294
4 0.42916666666666664 0.4425925925925926 0.026041666666666668 0.046296296296296294
4 0.5125 0.44351851851851853 0.026041666666666668 0.046296296296296294
3 0.6744791666666666 0.4425925925925926 0.026041666666666668 0.046296296296296294
4 0.6619791666666667 0.45092592592592595 0.026041666666666668 0.046296296296296294
4 0.45729166666666665 0.4527777777777778 0.026041666666666668 0.046296296296296294
4 0.5041666666666667 0.4583333333333333 0.026041666666666668 0.046296296296296294
4 0.5447916666666667 0.45740740740740743 0.026041666666666668 0.046296296296296294
4 0.4036458333333333 0.47129629629629627 0.026041666666666668 0.046296296296296294
3 0.6734375 0.4740740740740741 0.026041666666666668 0.046296296296296294
4 0.3921875 0.47962962962962963 0.026041666666666668 0.046296296296296294
4 0.6276041666666666 0.4898148148148148 0.026041666666666668 0.046296296296296294
4 0.6557291666666667 0.487962962962963 0.026041666666666668 0.046296296296296294
4 0.6614583333333334 0.487962962962963 0.026041666666666668 0.046296296296296294
4 0.496875 0.49537037037037035 0.026041666666666668 0.046296296296296294
4 0.5072916666666667 0.49444444444444446 0.026041666666666668 0.046296296296296294
4 0.6286458333333333 0.5018518518518519 0.026041666666666668 0.046296296296296294
3 0.678125 0.5009259259259259 0.026041666666666668 0.046296296296296294
3 0.6911458333333333 0.5037037037037037 0.026041666666666668 0.046296296296296294
4 0.6125 0.5166666666666667 0.026041666666666668 0.046296296296296294
3 0.6854166666666667 0.5194444444444445 0.026041666666666668 0.046296296296296294
4 0.5078125 0.5259259259259259 0.026041666666666668 0.046296296296296294
4 0.5578125 0.5268518518518519 0.026041666666666668 0.046296296296296294
4 0.6661458333333333 0.5268518518518519 0.026041666666666668 0.046296296296296294
3 0.7166666666666667 0.5277777777777778 0.026041666666666668 0.046296296296296294
4 0.5161458333333333 0.5333333333333333 0.026041666666666668 0.046296296296296294
4 0.5953125 0.5361111111111111 0.026041666666666668 0.046296296296296294
4 0.6166666666666667 0.5314814814814814 0.026041666666666668 0.046296296296296294
3 0.7489583333333333 0.5324074074074074 0.026041666666666668 0.046296296296296294
4 0.45364583333333336 0.5416666666666666 0.026041666666666668 0.046296296296296294
4 0.384375 0.5574074074074075 0.026041666666666668 0.046296296296296294
4 0.4984375 0.5611111111111111 0.026041666666666668 0.046296296296296294
4 0.6354166666666666 0.5666666666666667 0.026041666666666668 0.046296296296296294
4 0.5161458333333333 0.5722222222222222 0.026041666666666668 0.046296296296296294
4 0.6197916666666666 0.575 0.026041666666666668 0.046296296296296294
3 0.7083333333333334 0.5879629629629629 0.026041666666666668 0.046296296296296294
3 0.7369791666666666 0.5879629629629629 0.026041666666666668 0.046296296296296294
4 0.6067708333333334 0.5944444444444444 0.026041666666666668 0.046296296296296294
3 0.7208333333333333 0.5962962962962963 0.026041666666666668 0.046296296296296294
4 0.4984375 0.5990740740740741 0.026041666666666668 0.046296296296296294
3 0.6796875 0.612037037037037 0.026041666666666668 0.046296296296296294
4 0.5505208333333333 0.6268518518518519 0.026041666666666668 0.046296296296296294
3 0.775 0.6657407407407407 0.026041666666666668 0.046296296296296294
1 0.5453125 0.6731481481481482 0.026041666666666668 0.046296296296296294
1 0.5104166666666666 0.6759259259259259 0.026041666666666668 0.046296296296296294
1 0.20677083333333332 0.6972222222222222 0.026041666666666668 0.046296296296296294
1 0.7494791666666667 0.6962962962962963 0.026041666666666668 0.046296296296296294
1 0.5151041666666667 0.7074074074074074 0.026041666666666668 0.046296296296296294
1 0.6921875 0.7148148148148148 0.026041666666666668 0.046296296296296294
1 0.7770833333333333 0.7185185185185186 0.026041666666666668 0.046296296296296294
1 0.7651041666666667 0.7287037037037037 0.026041666666666668 0.046296296296296294
1 0.39895833333333336 0.737037037037037 0.026041666666666668 0.046296296296296294
1 0.4791666666666667 0.7527777777777778 0.026041666666666668 0.046296296296296294
1 0.32447916666666665 0.7611111111111111 0.026041666666666668 0.046296296296296294
1 0.43072916666666666 0.7537037037037037 0.026041666666666668 0.046296296296296294
1 0.8859375 0.7546296296296297 0.026041666666666668 0.046296296296296294
1 0.8390625 0.762962962962963 0.026041666666666668 0.046296296296296294
1 0.140625 0.7777777777777778 0.026041666666666668 0.046296296296296294
1 0.5265625 0.775 0.026041666666666668 0.046296296296296294
1 0.3572916666666667 0.7888888888888889 0.026041666666666668 0.046296296296296294
1 0.5291666666666667 0.8148148148148148 0.026041666666666668 0.046296296296296294
1 0.7447916666666666 0.812962962962963 0.026041666666666668 0.046296296296296294
1 0.14947916666666666 0.825 0.026041666666666668 0.046296296296296294
1 0.8635416666666667 0.8268518518518518 0.026041666666666668 0.046296296296296294
1 0.17395833333333333 0.8601851851851852 0.026041666666666668 0.046296296296296294
1 0.7963541666666667 0.8490740740740741 0.026041666666666668 0.046296296296296294
1 0.3546875 0.8703703703703703 0.026041666666666668 0.046296296296296294
1 0.46510416666666665 0.8731481481481481 0.026041666666666668 0.046296296296296294
1 0.41875 0.8888888888888888 0.026041666666666668 0.046296296296296294
1 0.6770833333333334 0.8740740740740741 0.026041666666666668 0.046296296296296294
1 0.5651041666666666 0.9120370370370371 0.026041666666666668 0.046296296296296294
1 0.9072916666666667 0.912962962962963 0.026041666666666668 0.046296296296296294
1 0.5463541666666667 0.9324074074074075 0.026041666666666668 0.046296296296296294
1 0.9651041666666667 0.9444444444444444 0.026041666666666668 0.046296296296296294
1 0.8953125 0.9527777777777777 0.026041666666666668 0.046296296296296294
1 0.9130208333333333 0.9537037037037037 0.026041666666666668 0.046296296296296294
1 0.20572916666666666 0.9722222222222222 0.026041666666666668 0.046296296296296294
1 0.2833333333333333 0.9675925925925926 0.026041666666666668 0.046296296296296294
1 0.21041666666666667 0.7777777777777778 0.026041666666666668 0.046296296296296294
1 0.18125 0.7296296296296296 0.026041666666666668 0.046296296296296294
2 0.23229166666666667 0.6574074074074074 0.026041666666666668 0.046296296296296294
2 0.21875 0.40555555555555556 0.026041666666666668 0.046296296296296294
1 0.38333333333333336 0.7074074074074074 0.026041666666666668 0.046296296296296294
4 0.38125 0.6574074074074074 0.026041666666666668 0.046296296296296294
1 0.48541666666666666 0.837037037037037 0.026041666666666668 0.046296296296296294
1 0.6270833333333333 0.9777777777777777 0.026041666666666668 0.046296296296296294
1 0.696875 0.9740740740740741 0.026041666666666668 0.046296296296296294
1 0.8270833333333333 0.8648148148148148 0.026041666666666668 0.046296296296296294
1 0.8270833333333333 0.8388888888888889 0.026041666666666668 0.046296296296296294
1 0.953125 0.7425925925925926 0.026041666666666668 0.046296296296296294
3 0.765625 0.5851851851851851 0.026041666666666668 0.046296296296296294
0 0.6885416666666667 0.30185185185185187 0.026041666666666668 0.046296296296296294
4 0.6541666666666667 0.6203703703703703 0.026041666666666668 0.046296296296296294
4 0.5583333333333333 0.6611111111111111 0.026041666666666668 0.046296296296296294
