0 0.4822916666666667 0.12314814814814815 0.026041666666666668 0.046296296296296294
0 0.4942708333333333 0.12129629629629629 0.026041666666666668 0.046296296296296294
0 0.4588541666666667 0.12685185185185185 0.026041666666666668 0.046296296296296294
0 0.46979166666666666 0.1287037037037037 0.026041666666666668 0.046296296296296294
0 0.4828125 0.12962962962962962 0.026041666666666668 0.046296296296296294
0 0.44166666666666665 0.13425925925925927 0.026041666666666668 0.046296296296296294
0 0.44947916666666665 0.13518518518518519 0.026041666666666668 0.046296296296296294
0 0.45364583333333336 0.13703703703703704 0.026041666666666668 0.046296296296296294
0 0.475 0.1398148148148148 0.026041666666666668 0.046296296296296294
0 0.48854166666666665 0.1388888888888889 0.026041666666666668 0.046296296296296294
0 0.4947916666666667 0.13703703703703704 0.026041666666666668 0.046296296296296294
0 0.4666666666666667 0.14444444444444443 0.026041666666666668 0.046296296296296294
0 0.4828125 0.14537037037037037 0.026041666666666668 0.046296296296296294
0 0.43802083333333336 0.16296296296296298 0.026041666666666668 0.046296296296296294
0 0.478125 0.16111111111111112 0.026041666666666668 0.046296296296296294
0 0.45364583333333336 0.1685185185185185 0.026041666666666668 0.046296296296296294
0 0.5 0.16574074074074074 0.026041666666666668 0.046296296296296294
0 0.43333333333333335 0.17592592592592593 0.026041666666666668 0.046296296296296294
0 0.4822916666666667 0.175 0.026041666666666668 0.046296296296296294
0 0.4375 0.18518518518518517 0.026041666666666668 0.046296296296296294
0 0.4703125 0.18425925925925926 0.026041666666666668 0.046296296296296294
0 0.4869791666666667 0.18518518518518517 0.026041666666666668 0.046296296296296294
0 0.46875 0.2037037037037037 0.026041666666666668 0.046296296296296294
0 0.48072916666666665 0.21481481481481482 0.026041666666666668 0.046296296296296294
0 0.5036458333333333 0.22870370370370371 0.026041666666666668 0.046296296296296294
0 0.515625 0.23148148148148148 0.026041666666666668 0.046296296296296294
0 0.5041666666666667 0.24444444444444444 0.026041666666666668 0.046296296296296294
0 0.5036458333333333 0.25277777777777777 0.026041666666666668 0.046296296296296294
0 0.4984375 0.2712962962962963 0.026041666666666668 0.046296296296296294
0 0.45677083333333335 0.2722222222222222 0.026041666666666668 0.046296296296296294
0 0.5338541666666666 0.27685185185185185 0.026041666666666668 0.046296296296296294
0 0.5375 0.2777777777777778 0.026041666666666668 0.046296296296296294
0 0.5401041666666667 0.27870370370370373 0.026041666666666668 0.046296296296296294
0 0.5161458333333333 0.287962962962963 0.026041666666666668 0.046296296296296294
0 0.6958333333333333 0.28703703703703703 0.026041666666666668 0.046296296296296294
0 0.48125 0.2962962962962963 0.026041666666666668 0.046296296296296294
0 0.5166666666666667 0.3 0.026041666666666668 0.046296296296296294
0 0.46197916666666666 0.30833333333333335 0.026041666666666668 0.046296296296296294
0 0.4984375 0.3055555555555556 0.026041666666666668 0.046296296296296294
0 0.4239583333333333 0.3175925925925926 0.026041666666666668 0.046296296296296294
0 0.4505208333333333 0.31666666666666665 0.026041666666666668 0.046296296296296294
0 0.7067708333333333 0.3101851851851852 0.026041666666666668 0.046296296296296294
0 0.49947916666666664 0.32407407407407407 0.026041666666666668 0.046296296296296294
0 0.5161458333333333 0.3314814814814815 0.026041666666666668 0.046296296296296294
4 0.45260416666666664 0.33796296296296297 0.026041666666666668 0.046296296296296294
4 0.4479166666666667 0.3435185185185185 0.026041666666666668 0.046296296296296294
4 0.5036458333333333 0.3490740740740741 0.026041666666666668 0.046296296296296294
4 0.3953125 0.35555555555555557 0.026041666666666668 0.046296296296296294
4 0.4078125 0.35648148148148145 0.026041666666666668 0.046296296296296294
4 0.4239583333333333 0.35555555555555557 0.026041666666666668 0.046296296296296294
4 0.46510416666666665 0.3574074074074074 0.026041666666666668 0.046296296296296294
4 0.4317708333333333 0.3675925925925926 0.026041666666666668 0.046296296296296294
4 0.478125 0.36944444444444446 0.026041666666666668 0.046296296296296294
4 0.4119791666666667 0.37777777777777777 0.026041666666666668 0.046296296296296294
4 0.5192708333333333 0.3768518518518518 0.026041666666666668 0.046296296296296294
4 0.528125 0.3824074074074074 0.026041666666666668 0.046296296296296294
4 0.49947916666666664 0.387037037037037 0.026041666666666668 0.046296296296296294
4 0.5203125 0.39537037037037037 0.026041666666666668 0.046296296296296294
4 0.4859375 0.4027777777777778 0.026041666666666668 0.046296296296296294
4 0.50625 0.4027777777777778 0.026041666666666668 0.046296296296296294
4 0.5 0.4111111111111111 0.026041666666666668 0.046296296296296294
2 0.17552083333333332 0.41574074074074074 0.026041666666666668 0.046296296296296294
4 0.465625 0.41944444444444445 0.026041666666666668 0.046296296296296294
2 0.18385416666666668 0.42592592592592593 0.026041666666666668 0.046296296296296294
4 0.4828125 0.425 0.026041666666666668 0.046296296296296294
4 0.490625 0.42592592592592593 0.026041666666666668 0.046296296296296294
4 0.6536458333333334 0.42777777777777776 0.026041666666666668 0.046296296296296294
4 0.453125 0.4324074074074074 0.026041666666666668 0.046296296296296294
3 0.6953125 0.4305555555555556 0.026041666666666668 0.046296296296296294
3 0.70625 0.43148148148148147 0.026041666666666668 0.046296296296296294
4 0.503125 0.44074074074074077 0.026041666666666668 0.046296296296296294
3 0.66875 0.4388888888888889 0.026041666666666668 0.046296296296296294
4 0.5197916666666667 0.45092592592592595 0.026041666666666668 0.046296296296296294
3 0.7010416666666667 0.44814814814814813 0.026041666666666668 0.046296296296296294
4 0.5078125 0.45740740740740743 0.026041666666666668 0.046296296296296294
3 0.6817708333333333 0.45740740740740743 0.026041666666666668 0.046296296296296294
3 0.6739583333333333 0.4648148148148148 0.026041666666666668 0.046296296296296294
4 0.453125 0.46944444444444444 0.026041666666666668 0.046296296296296294
4 0.42083333333333334 0.4787037037037037 0.026041666666666668 0.046296296296296294
3 0.6744791666666666 0.4824074074074074 0.026041666666666668 0.046296296296296294
4 0.46197916666666666 0.4925925925925926 0.026041666666666668 0.046296296296296294
4 0.6161458333333333 0.49537037037037035 0.026041666666666668 0.046296296296296294
4 0.42864583333333334 0.5018518518518519 0.026041666666666668 0.046296296296296294
4 0.5119791666666667 0.5083333333333333 0.026041666666666668 0.046296296296296294
3 0.6994791666666667 0.5111111111111111 0.026041666666666668 0.046296296296296294
4 0.5963541666666666 0.5166666666666667 0.026041666666666668 0.046296296296296294
4 0.4114583333333333 0.5259259259259259 0.026041666666666668 0.046296296296296294
4 0.6203125 0.525 0.026041666666666668 0.046296296296296294
4 0.6479166666666667 0.5342592592592592 0.026041666666666668 0.046296296296296294
4 0.4453125 0.5425925925925926 0.026041666666666668 0.046296296296296294
4 0.4703125 0.5416666666666666 0.026041666666666668 0.046296296296296294
4 0.5161458333333333 0.5416666666666666 0.026041666666666668 0.046296296296296294
3 0.7338541666666667 0.549074074074074 0.026041666666666668 0.046296296296296294
4 0.44427083333333334 0.5546296296296296 0.026041666666666668 0.046296296296296294
4 0.6286458333333333 0.5583333333333333 0.026041666666666668 0.046296296296296294
4 0.38958333333333334 0.562037037037037 0.026041666666666668 0.046296296296296294
3 0.7536458333333333 0.5657407407407408 0.026041666666666668 0.046296296296296294
4 0.6005208333333333 0.5703703703703704 0.026041666666666668 0.046296296296296294
4 0.5161458333333333 0.5851851851851851 0.026041666666666668 0.046296296296296294
4 0.6192708333333333 0.5833333333333334 0.026041666666666668 0.046296296296296294
4 0.4125 0.587037037037037 0.026041666666666668 0.046296296296296294
4 0.6359375 0.5916666666666667 0.026041666666666668 0.046296296296296294
4 0.6083333333333333 0.5953703703703703 0.026041666666666668 0.046296296296296294
4 0.4354166666666667 0.6 0.026041666666666668 0.046296296296296294
4 0.48385416666666664 0.6046296296296296 0.026041666666666668 0.046296296296296294
4 0.6578125 0.5935185185185186 0.026041666666666668 0.046296296296296294
4 0.6203125 0.6129629629629629 0.026041666666666668 0.046296296296296294
4 0.640625 0.6111111111111112 0.026041666666666668 0.046296296296296294
4 0.4046875 0.6287037037037037 0.026041666666666668 0.046296296296296294
4 0.5973958333333333 0.6277777777777778 0.026041666666666668 0.046296296296296294
4 0.5364583333333334 0.6324074074074074 0.026041666666666668 0.046296296296296294
4 0.5760416666666667 0.6370370370370371 0.026041666666666668 0.046296296296296294
4 0.43802083333333336 0.6416666666666667 0.026041666666666668 0.046296296296296294
3 0.6828125 0.6407407407407407 0.026041666666666668 0.046296296296296294
1 0.7057291666666666 0.7055555555555556 0.026041666666666668 0.046296296296296294
1 0.8822916666666667 0.7527777777777778 0.026041666666666668 0.046296296296296294
1 0.8270833333333333 0.7601851851851852 0.026041666666666668 0.046296296296296294
1 0.33489583333333334 0.775 0.026041666666666668 0.046296296296296294
1 0.7458333333333333 0.7953703703703704 0.026041666666666668 0.046296296296296294
1 0.42552083333333335 0.8046296296296296 0.026041666666666668 0.046296296296296294
1 0.646875 0.8111111111111111 0.026041666666666668 0.046296296296296294
1 0.81875 0.8194444444444444 0.026041666666666668 0.046296296296296294
1 0.875 0.8342592592592593 0.026041666666666668 0.046296296296296294
1 0.7786458333333334 0.8351851851851851 0.026041666666666668 0.046296296296296294
1 0.8453125 0.8574074074074074 0.026041666666666668 0.046296296296296294
1 0.5828125 0.887962962962963 0.026041666666666668 0.046296296296296294
1 0.8703125 0.9 0.026041666666666668 0.046296296296296294
1 0.4744791666666667 0.9064814814814814 0.026041666666666668 0.046296296296296294
1 0.5822916666666667 0.9537037037037037 0.026041666666666668 0.046296296296296294
1 0.9645833333333333 0.9435185185185185 0.026041666666666668 0.046296296296296294
1 0.49583333333333335 0.9574074074074074 0.026041666666666668 0.046296296296296294
1 0.5453125 0.9648148148148148 0.026041666666666668 0.046296296296296294
1 0.1875 0.9314814814814815 0.026041666666666668 0.046296296296296294
1 0.390625 0.7907407407407407 0.026041666666666668 0.046296296296296294
1 0.43854166666666666 0.8925925925925926 0.026041666666666668 0.046296296296296294
1 0.88125 0.9574074074074074 0.026041666666666668 0.046296296296296294
1 0.8375 0.9574074074074074 0.026041666666666668 0.046296296296296294
3 0.7458333333333333 0.6148148148148148 0.026041666666666668 0.046296296296296294
3 0.771875 0.6666666666666666 0.026041666666666668 0.046296296296296294
3 0.73125 0.562962962962963 0.026041666666666668 0.046296296296296294
3 0.7635416666666667 0.5833333333333334 0.026041666666666668 0.046296296296296294
1 0.625 0.7240740740740741 0.026041666666666668 0.046296296296296294
1 0.3927083333333333 0.6722222222222223 0.026041666666666668 0.046296296296296294
1 0.4427083333333333 0.7129629629629629 0.026041666666666668 0.046296296296296294
2 0.22291666666666668 0.40185185185185185 0.026041666666666668 0.046296296296296294
2 0.209375 0.4203703703703704 0.026041666666666668 0.046296296296296294
4 0.403125 0.45555555555555555 0.026041666666666668 0.046296296296296294
4 0.40625 0.4166666666666667 0.026041666666666668 0.046296296296296294
4 0.42916666666666664 0.43333333333333335 0.026041666666666668 0.046296296296296294
4 0.4552083333333333 0.37962962962962965 0.026041666666666668 0.046296296296296294
0 0.4354166666666667 0.22777777777777777 0.026041666666666668 0.046296296296296294
4 0.5145833333333333 0.6111111111111112 0.026041666666666668 0.046296296296296294
3 0.68125 0.5018518518518519 0.026041666666666668 0.046296296296296294
4 0.6666666666666666 0.5277777777777778 0.026041666666666668 0.046296296296296294
4 0.6489583333333333 0.46296296296296297 0.026041666666666668 0.046296296296296294
