0 0.490625 0.13055555555555556 0.026041666666666668 0.046296296296296294
0 0.44947916666666665 0.13240740740740742 0.026041666666666668 0.046296296296296294
0 0.4578125 0.13148148148148148 0.026041666666666668 0.046296296296296294
0 0.4625 0.13425925925925927 0.026041666666666668 0.046296296296296294
0 0.4713541666666667 0.13703703703703704 0.026041666666666668 0.046296296296296294
0 0.4401041666666667 0.14351851851851852 0.026041666666666668 0.046296296296296294
0 0.4739583333333333 0.14629629629629629 0.026041666666666668 0.046296296296296294
0 0.4869791666666667 0.14537037037037037 0.026041666666666668 0.046296296296296294
0 0.4583333333333333 0.15185185185185185 0.026041666666666668 0.046296296296296294
0 0.4354166666666667 0.16018518518518518 0.026041666666666668 0.046296296296296294
0 0.465625 0.15925925925925927 0.026041666666666668 0.046296296296296294
0 0.4578125 0.1685185185185185 0.026041666666666668 0.046296296296296294
0 0.5135416666666667 0.17407407407407408 0.026041666666666668 0.046296296296296294
0 0.4296875 0.2222222222222222 0.026041666666666668 0.046296296296296294
0 0.4192708333333333 0.23703703703703705 0.026041666666666668 0.046296296296296294
0 0.4239583333333333 0.24074074074074073 0.026041666666666668 0.046296296296296294
0 0.5026041666666666 0.23796296296296296 0.026041666666666668 0.046296296296296294
0 0.47291666666666665 0.24166666666666667 0.026041666666666668 0.046296296296296294
0 0.42083333333333334 0.2574074074074074 0.026041666666666668 0.046296296296296294
0 0.4869791666666667 0.2518518518518518 0.026041666666666668 0.046296296296296294
0 0.4734375 0.2601851851851852 0.026041666666666668 0.046296296296296294
0 0.5046875 0.2638888888888889 0.026041666666666668 0.046296296296296294
0 0.49166666666666664 0.26944444444444443 0.026041666666666668 0.046296296296296294
0 0.49895833333333334 0.27870370370370373 0.026041666666666668 0.046296296296296294
0 0.7010416666666667 0.275 0.026041666666666668 0.046296296296296294
0 0.4203125 0.2861111111111111 0.026041666666666668 0.046296296296296294
0 0.690625 0.2814814814814815 0.026041666666666668 0.046296296296296294
0 0.4401041666666667 0.29259259259259257 0.026041666666666668 0.046296296296296294
0 0.42916666666666664 0.29907407407407405 0.026041666666666668 0.046296296296296294
0 0.4703125 0.30092592592592593 0.026041666666666668 0.046296296296296294
0 0.4859375 0.30185185185185187 0.026041666666666668 0.046296296296296294
0 0.5083333333333333 0.30092592592592593 0.026041666666666668 0.046296296296296294
0 0.5140625 0.30185185185185187 0.026041666666666668 0.046296296296296294
0 0.4166666666666667 0.3148148148148148 0.026041666666666668 0.046296296296296294
0 0.43645833333333334 0.3148148148148148 0.026041666666666668 0.046296296296296294
0 0.44895833333333335 0.3148148148148148 0.026041666666666668 0.046296296296296294
0 0.45208333333333334 0.31574074074074077 0.026041666666666668 0.046296296296296294
0 0.49635416666666665 0.31574074074074077 0.026041666666666668 0.046296296296296294
0 0.5166666666666667 0.3148148148148148 0.026041666666666668 0.046296296296296294
0 0.528125 0.3148148148148148 0.026041666666666668 0.046296296296296294
4 0.44479166666666664 0.3333333333333333 0.026041666666666668 0.046296296296296294
0 0.4578125 0.33055555555555555 0.026041666666666668 0.046296296296296294
4 0.5166666666666667 0.3351851851851852 0.026041666666666668 0.046296296296296294
4 0.4161458333333333 0.3398148148148148 0.026041666666666668 0.046296296296296294
4 0.5041666666666667 0.33796296296296297 0.026041666666666668 0.046296296296296294
4 0.4322916666666667 0.3490740740740741 0.026041666666666668 0.046296296296296294
4 0.45 0.34814814814814815 0.026041666666666668 0.046296296296296294
4 0.4791666666666667 0.34814814814814815 0.026041666666666668 0.046296296296296294
4 0.3958333333333333 0.35555555555555557 0.026041666666666668 0.046296296296296294
4 0.40260416666666665 0.35462962962962963 0.026041666666666668 0.046296296296296294
4 0.4161458333333333 0.3574074074074074 0.026041666666666668 0.046296296296296294
4 0.5010416666666667 0.3537037037037037 0.026041666666666668 0.046296296296296294
4 0.5067708333333333 0.35555555555555557 0.026041666666666668 0.046296296296296294
4 0.3734375 0.3648148148148148 0.026041666666666668 0.046296296296296294
4 0.38697916666666665 0.3648148148148148 0.026041666666666668 0.046296296296296294
4 0.5364583333333334 0.36203703703703705 0.026041666666666668 0.046296296296296294
3 0.6791666666666667 0.3638888888888889 0.026041666666666668 0.046296296296296294
4 0.4125 0.37037037037037035 0.026041666666666668 0.046296296296296294
4 0.4203125 0.37037037037037035 0.026041666666666668 0.046296296296296294
4 0.4276041666666667 0.3731481481481482 0.026041666666666668 0.046296296296296294
4 0.503125 0.3731481481481482 0.026041666666666668 0.046296296296296294
2 0.165625 0.3787037037037037 0.026041666666666668 0.046296296296296294
4 0.45729166666666665 0.37962962962962965 0.026041666666666668 0.046296296296296294
4 0.5192708333333333 0.37962962962962965 0.026041666666666668 0.046296296296296294
4 0.65 0.3787037037037037 0.026041666666666668 0.046296296296296294
4 0.42083333333333334 0.3861111111111111 0.026041666666666668 0.046296296296296294
4 0.5130208333333334 0.387037037037037 0.026041666666666668 0.046296296296296294
4 0.440625 0.39537037037037037 0.026041666666666668 0.046296296296296294
4 0.4942708333333333 0.39351851851851855 0.026041666666666668 0.046296296296296294
4 0.5145833333333333 0.3972222222222222 0.026041666666666668 0.046296296296296294
4 0.5067708333333333 0.40185185185185185 0.026041666666666668 0.046296296296296294
2 0.178125 0.4101851851851852 0.026041666666666668 0.046296296296296294
2 0.19895833333333332 0.4083333333333333 0.026041666666666668 0.046296296296296294
4 0.5151041666666667 0.4101851851851852 0.026041666666666668 0.046296296296296294
2 0.19114583333333332 0.4212962962962963 0.026041666666666668 0.046296296296296294
4 0.46510416666666665 0.41759259259259257 0.026041666666666668 0.046296296296296294
4 0.6583333333333333 0.4203703703703704 0.026041666666666668 0.046296296296296294
4 0.4859375 0.42314814814814816 0.026041666666666668 0.046296296296296294
4 0.4979166666666667 0.42407407407407405 0.026041666666666668 0.046296296296296294
4 0.37395833333333334 0.43333333333333335 0.026041666666666668 0.046296296296296294
4 0.403125 0.4398148148148148 0.026041666666666668 0.046296296296296294
4 0.5171875 0.44074074074074077 0.026041666666666668 0.046296296296296294
4 0.6583333333333333 0.4388888888888889 0.026041666666666668 0.046296296296296294
4 0.5239583333333333 0.45 0.026041666666666668 0.046296296296296294
3 0.7078125 0.44351851851851853 0.026041666666666668 0.046296296296296294
4 0.49895833333333334 0.45555555555555555 0.026041666666666668 0.046296296296296294
3 0.6776041666666667 0.45555555555555555 0.026041666666666668 0.046296296296296294
4 0.6661458333333333 0.4638888888888889 0.026041666666666668 0.046296296296296294
4 0.4265625 0.4722222222222222 0.026041666666666668 0.046296296296296294
4 0.44114583333333335 0.4722222222222222 0.026041666666666668 0.046296296296296294
4 0.46197916666666666 0.4722222222222222 0.026041666666666668 0.046296296296296294
4 0.4822916666666667 0.47314814814814815 0.026041666666666668 0.046296296296296294
4 0.5119791666666667 0.4722222222222222 0.026041666666666668 0.046296296296296294
4 0.5286458333333334 0.47314814814814815 0.026041666666666668 0.046296296296296294
2 0.16614583333333333 0.48055555555555557 0.026041666666666668 0.046296296296296294
2 0.21510416666666668 0.4787037037037037 0.026041666666666668 0.046296296296296294
4 0.6182291666666667 0.48333333333333334 0.026041666666666668 0.046296296296296294
3 0.6838541666666667 0.48703703703703705 0.026041666666666668 0.046296296296296294
4 0.5208333333333334 0.49537037037037035 0.026041666666666668 0.046296296296296294
4 0.5869791666666667 0.49722222222222223 0.026041666666666668 0.046296296296296294
4 0.5234375 0.5037037037037037 0.026041666666666668 0.046296296296296294
4 0.58125 0.5055555555555555 0.026041666666666668 0.046296296296296294
3 0.6864583333333333 0.5111111111111111 0.026041666666666668 0.046296296296296294
4 0.5354166666666667 0.5175925925925926 0.026041666666666668 0.046296296296296294
4 0.640625 0.5185185185185185 0.026041666666666668 0.046296296296296294
4 0.6619791666666667 0.5287037037037037 0.026041666666666668 0.046296296296296294
4 0.44479166666666664 0.5342592592592592 0.026041666666666668 0.046296296296296294
4 0.49114583333333334 0.5324074074074074 0.026041666666666668 0.046296296296296294
4 0.553125 0.5324074074074074 0.026041666666666668 0.046296296296296294
4 0.6286458333333333 0.5351851851851852 0.026041666666666668 0.046296296296296294
4 0.58125 0.5416666666666666 0.026041666666666668 0.046296296296296294
3 0.7223958333333333 0.5314814814814814 0.026041666666666668 0.046296296296296294
4 0.6416666666666667 0.5509259259259259 0.026041666666666668 0.046296296296296294
4 0.6234375 0.5555555555555556 0.026041666666666668 0.046296296296296294
3 0.6875 0.5666666666666667 0.026041666666666668 0.046296296296296294
3 0.7307291666666667 0.5648148148148148 0.026041666666666668 0.046296296296296294
3 0.7567708333333333 0.562962962962963 0.026041666666666668 0.046296296296296294
4 0.6364583333333333 0.5703703703703704 0.026041666666666668 0.046296296296296294
4 0.5703125 0.5814814814814815 0.026041666666666668 0.046296296296296294
4 0.5489583333333333 0.5879629629629629 0.026041666666666668 0.046296296296296294
4 0.39739583333333334 0.5981481481481481 0.026041666666666668 0.046296296296296294
3 0.7255208333333333 0.6185185185185185 0.026041666666666668 0.046296296296296294
3 0.7578125 0.6259259259259259 0.026041666666666668 0.046296296296296294
4 0.5708333333333333 0.6453703703703704 0.026041666666666668 0.046296296296296294
4 0.6229166666666667 0.662962962962963 0.026041666666666668 0.046296296296296294
3 0.7708333333333334 0.6638888888888889 0.026041666666666668 0.046296296296296294
1 0.5520833333333334 0.6962962962962963 0.026041666666666668 0.046296296296296294
1 0.5916666666666667 0.6972222222222222 0.026041666666666668 0.046296296296296294
1 0.746875 0.6972222222222222 0.026041666666666668 0.046296296296296294
1 0.6489583333333333 0.7018518518518518 0.026041666666666668 0.046296296296296294
1 0.5229166666666667 0.725 0.026041666666666668 0.046296296296296294
1 0.8828125 0.7425925925925926 0.026041666666666668 0.046296296296296294
1 0.47708333333333336 0.7759259259259259 0.026041666666666668 0.046296296296296294
1 0.37552083333333336 0.8185185185185185 0.026041666666666668 0.046296296296296294
1 0.7661458333333333 0.8351851851851851 0.026041666666666668 0.046296296296296294
1 0.38697916666666665 0.8472222222222222 0.026041666666666668 0.046296296296296294
1 0.9791666666666666 0.8472222222222222 0.026041666666666668 0.046296296296296294
1 0.8166666666666667 0.912962962962963 0.026041666666666668 0.046296296296296294
1 0.9739583333333334 0.9416666666666667 0.026041666666666668 0.046296296296296294
1 0.871875 0.8240740740740741 0.026041666666666668 0.046296296296296294
1 0.9916666666666667 0.8648148148148148 0.026041666666666668 0.046296296296296294
1 0.8229166666666666 0.8722222222222222 0.026041666666666668 0.046296296296296294
1 0.8270833333333333 0.8388888888888889 0.026041666666666668 0.046296296296296294
4 0.48854166666666665 0.6222222222222222 0.026041666666666668 0.046296296296296294
4 0.471875 0.5555555555555556 0.026041666666666668 0.046296296296296294
2 0.21979166666666666 0.3925925925925926 0.026041666666666668 0.046296296296296294
3 0.6770833333333334 0.6185185185185185 0.026041666666666668 0.046296296296296294
1 0.7302083333333333 0.7148148148148148 0.026041666666666668 0.046296296296296294
3 0.7666666666666667 0.587037037037037 0.026041666666666668 0.046296296296296294
3 0.75 0.6037037037037037 0.026041666666666668 0.046296296296296294
