0 0.4713541666666667 0.0962962962962963 0.026041666666666668 0.046296296296296294
0 0.4744791666666667 0.12407407407407407 0.026041666666666668 0.046296296296296294
0 0.44895833333333335 0.125 0.026041666666666668 0.046296296296296294
0 0.465625 0.13148148148148148 0.026041666666666668 0.046296296296296294
0 0.4895833333333333 0.13055555555555556 0.026041666666666668 0.046296296296296294
0 0.44166666666666665 0.1361111111111111 0.026041666666666668 0.046296296296296294
0 0.4578125 0.14444444444444443 0.026041666666666668 0.046296296296296294
0 0.49947916666666664 0.1527777777777778 0.026041666666666668 0.046296296296296294
0 0.4666666666666667 0.1685185185185185 0.026041666666666668 0.046296296296296294
0 0.4432291666666667 0.175 0.026041666666666668 0.046296296296296294
0 0.45364583333333336 0.1935185185185185 0.026041666666666668 0.046296296296296294
0 0.4421875 0.19814814814814816 0.026041666666666668 0.046296296296296294
0 0.5026041666666666 0.19907407407407407 0.026041666666666668 0.046296296296296294
0 0.44166666666666665 0.20555555555555555 0.026041666666666668 0.046296296296296294
0 0.4453125 0.2222222222222222 0.026041666666666668 0.046296296296296294
0 0.4166666666666667 0.2324074074074074 0.026041666666666668 0.046296296296296294
0 0.43072916666666666 0.22962962962962963 0.026041666666666668 0.046296296296296294
0 0.4739583333333333 0.22777777777777777 0.026041666666666668 0.046296296296296294
0 0.49166666666666664 0.22870370370370371 0.026041666666666668 0.046296296296296294
0 0.5125 0.23148148148148148 0.026041666666666668 0.046296296296296294
0 0.4635416666666667 0.24537037037037038 0.026041666666666668 0.046296296296296294
0 0.42083333333333334 0.25555555555555554 0.026041666666666668 0.046296296296296294
0 0.4734375 0.2537037037037037 0.026041666666666668 0.046296296296296294
0 0.48541666666666666 0.25462962962962965 0.026041666666666668 0.046296296296296294
0 0.4953125 0.25277777777777777 0.026041666666666668 0.046296296296296294
0 0.41302083333333334 0.2601851851851852 0.026041666666666668 0.046296296296296294
0 0.4317708333333333 0.25925925925925924 0.026041666666666668 0.046296296296296294
0 0.46822916666666664 0.26296296296296295 0.026041666666666668 0.046296296296296294
0 0.5067708333333333 0.2638888888888889 0.026041666666666668 0.046296296296296294
0 0.45364583333333336 0.2712962962962963 0.026041666666666668 0.046296296296296294
0 0.5 0.2712962962962963 0.026041666666666668 0.046296296296296294
0 0.4203125 0.2851851851851852 0.026041666666666668 0.046296296296296294
0 0.5317708333333333 0.2851851851851852 0.026041666666666668 0.046296296296296294
0 0.49947916666666664 0.2916666666666667 0.026041666666666668 0.046296296296296294
0 0.55 0.29259259259259257 0.026041666666666668 0.046296296296296294
0 0.4739583333333333 0.30185185185185187 0.026041666666666668 0.046296296296296294
0 0.503125 0.30185185185185187 0.026041666666666668 0.046296296296296294
0 0.6661458333333333 0.29444444444444445 0.026041666666666668 0.046296296296296294
0 0.45625 0.30833333333333335 0.026041666666666668 0.046296296296296294
0 0.4895833333333333 0.3111111111111111 0.026041666666666668 0.046296296296296294
0 0.4786458333333333 0.3138888888888889 0.026041666666666668 0.046296296296296294
0 0.5083333333333333 0.31574074074074077 0.026041666666666668 0.046296296296296294
0 0.5458333333333333 0.31851851851851853 0.026041666666666668 0.046296296296296294
0 0.4359375 0.33240740740740743 0.026041666666666668 0.046296296296296294
0 0.4822916666666667 0.3287037037037037 0.026041666666666668 0.046296296296296294
0 0.4890625 0.3296296296296296 0.026041666666666668 0.046296296296296294
0 0.49375 0.33240740740740743 0.026041666666666668 0.046296296296296294
0 0.5130208333333334 0.33055555555555555 0.026041666666666668 0.046296296296296294
4 0.5005208333333333 0.3453703703703704 0.026041666666666668 0.046296296296296294
4 0.5119791666666667 0.34629629629629627 0.026041666666666668 0.046296296296296294
4 0.403125 0.35555555555555557 0.026041666666666668 0.046296296296296294
4 0.415625 0.36203703703703705 0.026041666666666668 0.046296296296296294
4 0.390625 0.36944444444444446 0.026041666666666668 0.046296296296296294
4 0.5078125 0.37037037037037035 0.026041666666666668 0.046296296296296294
4 0.4041666666666667 0.37777777777777777 0.026041666666666668 0.046296296296296294
4 0.39166666666666666 0.3861111111111111 0.026041666666666668 0.046296296296296294
4 0.41510416666666666 0.3861111111111111 0.026041666666666668 0.046296296296296294
4 0.4041666666666667 0.40185185185185185 0.026041666666666668 0.046296296296296294
4 0.415625 0.40185185185185185 0.026041666666666668 0.046296296296296294
4 0.4276041666666667 0.40185185185185185 0.026041666666666668 0.046296296296296294
4 0.5088541666666667 0.4009259259259259 0.026041666666666668 0.046296296296296294
4 0.515625 0.4027777777777778 0.026041666666666668 0.046296296296296294
2 0.18541666666666667 0.4027777777777778 0.026041666666666668 0.046296296296296294
2 0.19895833333333332 0.4064814814814815 0.026041666666666668 0.046296296296296294
4 0.39114583333333336 0.4083333333333333 0.026041666666666668 0.046296296296296294
2 0.1734375 0.41574074074074074 0.026041666666666668 0.046296296296296294
4 0.4375 0.41944444444444445 0.026041666666666668 0.046296296296296294
4 0.5046875 0.4185185185185185 0.026041666666666668 0.046296296296296294
4 0.5119791666666667 0.41759259259259257 0.026041666666666668 0.046296296296296294
4 0.38333333333333336 0.42777777777777776 0.026041666666666668 0.046296296296296294
4 0.4 0.42685185185185187 0.026041666666666668 0.046296296296296294
4 0.4666666666666667 0.425 0.026041666666666668 0.046296296296296294
3 0.6713541666666667 0.42407407407407405 0.026041666666666668 0.046296296296296294
4 0.425 0.44074074074074077 0.026041666666666668 0.046296296296296294
4 0.6645833333333333 0.43703703703703706 0.026041666666666668 0.046296296296296294
3 0.7114583333333333 0.44074074074074077 0.026041666666666668 0.046296296296296294
4 0.44375 0.44537037037037036 0.026041666666666668 0.046296296296296294
4 0.5 0.44814814814814813 0.026041666666666668 0.046296296296296294
3 0.6739583333333333 0.4462962962962963 0.026041666666666668 0.046296296296296294
4 0.39479166666666665 0.45555555555555555 0.026041666666666668 0.046296296296296294
4 0.4036458333333333 0.4546296296296296 0.026041666666666668 0.046296296296296294
4 0.4119791666666667 0.45740740740740743 0.026041666666666668 0.046296296296296294
4 0.4703125 0.46111111111111114 0.026041666666666668 0.046296296296296294
3 0.6953125 0.46296296296296297 0.026041666666666668 0.046296296296296294
4 0.37916666666666665 0.47314814814814815 0.026041666666666668 0.046296296296296294
4 0.4119791666666667 0.4722222222222222 0.026041666666666668 0.046296296296296294
4 0.5348958333333333 0.4777777777777778 0.026041666666666668 0.046296296296296294
4 0.6338541666666667 0.4787037037037037 0.026041666666666668 0.046296296296296294
3 0.6776041666666667 0.47685185185185186 0.026041666666666668 0.046296296296296294
4 0.5109375 0.48703703703703705 0.026041666666666668 0.046296296296296294
4 0.6041666666666666 0.48703703703703705 0.026041666666666668 0.046296296296296294
4 0.38385416666666666 0.49537037037037035 0.026041666666666668 0.046296296296296294
4 0.615625 0.49537037037037035 0.026041666666666668 0.046296296296296294
3 0.6869791666666667 0.49722222222222223 0.026041666666666668 0.046296296296296294
3 0.6994791666666667 0.49722222222222223 0.026041666666666668 0.046296296296296294
4 0.39479166666666665 0.5055555555555555 0.026041666666666668 0.046296296296296294
4 0.4953125 0.5018518518518519 0.026041666666666668 0.046296296296296294
4 0.6333333333333333 0.5027777777777778 0.026041666666666668 0.046296296296296294
4 0.3890625 0.5111111111111111 0.026041666666666668 0.046296296296296294
4 0.4666666666666667 0.512962962962963 0.026041666666666668 0.046296296296296294
4 0.525 0.5092592592592593 0.026041666666666668 0.046296296296296294
4 0.6046875 0.5120370370370371 0.026041666666666668 0.046296296296296294
4 0.5328125 0.5212962962962963 0.026041666666666668 0.046296296296296294
4 0.5505208333333333 0.5268518518518519 0.026041666666666668 0.046296296296296294
3 0.6828125 0.5277777777777778 0.026041666666666668 0.046296296296296294
3 0.6984375 0.524074074074074 0.026041666666666668 0.046296296296296294
4 0.39479166666666665 0.5342592592592592 0.026041666666666668 0.046296296296296294
4 0.40677083333333336 0.5333333333333333 0.026041666666666668 0.046296296296296294
4 0.41875 0.5370370370370371 0.026041666666666668 0.046296296296296294
4 0.578125 0.5314814814814814 0.026041666666666668 0.046296296296296294
4 0.6572916666666667 0.5333333333333333 0.026041666666666668 0.046296296296296294
4 0.590625 0.5407407407407407 0.026041666666666668 0.046296296296296294
4 0.43697916666666664 0.55 0.026041666666666668 0.046296296296296294
4 0.38645833333333335 0.5592592592592592 0.026041666666666668 0.046296296296296294
4 0.4125 0.562037037037037 0.026041666666666668 0.046296296296296294
3 0.7369791666666666 0.5537037037037037 0.026041666666666668 0.046296296296296294
4 0.5645833333333333 0.5657407407407408 0.026041666666666668 0.046296296296296294
3 0.6708333333333333 0.5675925925925925 0.026041666666666668 0.046296296296296294
4 0.5109375 0.5861111111111111 0.026041666666666668 0.046296296296296294
4 0.5859375 0.5953703703703703 0.026041666666666668 0.046296296296296294
3 0.66875 0.5953703703703703 0.026041666666666668 0.046296296296296294
3 0.6734375 0.5953703703703703 0.026041666666666668 0.046296296296296294
4 0.5864583333333333 0.6333333333333333 0.026041666666666668 0.046296296296296294
1 0.6505208333333333 0.7046296296296296 0.026041666666666668 0.046296296296296294
1 0.603125 0.7416666666666667 0.026041666666666668 0.046296296296296294
1 0.8869791666666667 0.7472222222222222 0.026041666666666668 0.046296296296296294
1 0.36614583333333334 0.7564814814814815 0.026041666666666668 0.046296296296296294
1 0.9666666666666667 0.8111111111111111 0.026041666666666668 0.046296296296296294
1 0.8213541666666667 0.8398148148148148 0.026041666666666668 0.046296296296296294
1 0.9364583333333333 0.8583333333333333 0.026041666666666668 0.046296296296296294
1 0.765625 0.8861111111111111 0.026041666666666668 0.046296296296296294
1 0.8260416666666667 0.9194444444444444 0.026041666666666668 0.046296296296296294
1 0.7192708333333333 0.9703703703703703 0.026041666666666668 0.046296296296296294
1 0.51875 0.7907407407407407 0.026041666666666668 0.046296296296296294
1 0.44479166666666664 0.8018518518518518 0.026041666666666668 0.046296296296296294
1 0.38229166666666664 0.812962962962963 0.026041666666666668 0.046296296296296294
1 0.6875 0.975925925925926 0.026041666666666668 0.046296296296296294
1 0.8770833333333333 0.8037037037037037 0.026041666666666668 0.046296296296296294
1 0.9958333333333333 0.8611111111111112 0.026041666666666668 0.046296296296296294
1 0.984375 0.937037037037037 0.026041666666666668 0.046296296296296294
3 0.7375 0.5666666666666667 0.026041666666666668 0.046296296296296294
3 0.7489583333333333 0.5666666666666667 0.026041666666666668 0.046296296296296294
3 0.7666666666666667 0.587037037037037 0.026041666666666668 0.046296296296296294
3 0.7510416666666667 0.6185185185185185 0.026041666666666668 0.046296296296296294
1 0.746875 0.6722222222222223 0.026041666666666668 0.046296296296296294
4 0.47291666666666665 0.387037037037037 0.026041666666666668 0.046296296296296294
4 0.6239583333333333 0.5277777777777778 0.026041666666666668 0.046296296296296294
