0 0.490625 0.1287037037037037 0.026041666666666668 0.046296296296296294
0 0.45 0.13333333333333333 0.026041666666666668 0.046296296296296294
0 0.4546875 0.13240740740740742 0.026041666666666668 0.046296296296296294
0 0.46145833333333336 0.13703703703703704 0.026041666666666668 0.046296296296296294
0 0.4401041666666667 0.14351851851851852 0.026041666666666668 0.046296296296296294
0 0.45 0.1425925925925926 0.026041666666666668 0.046296296296296294
0 0.475 0.14537037037037037 0.026041666666666668 0.046296296296296294
0 0.46197916666666666 0.15185185185185185 0.026041666666666668 0.046296296296296294
0 0.490625 0.16018518518518518 0.026041666666666668 0.046296296296296294
0 0.45416666666666666 0.16666666666666666 0.026041666666666668 0.046296296296296294
0 0.4328125 0.17314814814814813 0.026041666666666668 0.046296296296296294
0 0.4671875 0.17222222222222222 0.026041666666666668 0.046296296296296294
0 0.4739583333333333 0.17685185185185184 0.026041666666666668 0.046296296296296294
0 0.5 0.17592592592592593 0.026041666666666668 0.046296296296296294
0 0.4479166666666667 0.18055555555555555 0.026041666666666668 0.046296296296296294
0 0.46197916666666666 0.1824074074074074 0.026041666666666668 0.046296296296296294
0 0.42916666666666664 0.1935185185185185 0.026041666666666668 0.046296296296296294
0 0.4744791666666667 0.19074074074074074 0.026041666666666668 0.046296296296296294
0 0.45 0.19814814814814816 0.026041666666666668 0.046296296296296294
0 0.496875 0.2388888888888889 0.026041666666666668 0.046296296296296294
0 0.503125 0.24444444444444444 0.026041666666666668 0.046296296296296294
0 0.46145833333333336 0.2518518518518518 0.026041666666666668 0.046296296296296294
0 0.4822916666666667 0.2537037037037037 0.026041666666666668 0.046296296296296294
0 0.5151041666666667 0.25555555555555554 0.026041666666666668 0.046296296296296294
0 0.42239583333333336 0.26851851851851855 0.026041666666666668 0.046296296296296294
0 0.4796875 0.27037037037037037 0.026041666666666668 0.046296296296296294
0 0.49947916666666664 0.2759259259259259 0.026041666666666668 0.046296296296296294
0 0.5109375 0.27685185185185185 0.026041666666666668 0.046296296296296294
0 0.4166666666666667 0.287962962962963 0.026041666666666668 0.046296296296296294
0 0.45729166666666665 0.2833333333333333 0.026041666666666668 0.046296296296296294
0 0.50625 0.287962962962963 0.026041666666666668 0.046296296296296294
0 0.5197916666666667 0.28703703703703703 0.026041666666666668 0.046296296296296294
0 0.5458333333333333 0.2861111111111111 0.026041666666666668 0.046296296296296294
0 0.6947916666666667 0.2861111111111111 0.026041666666666668 0.046296296296296294
0 0.4239583333333333 0.29074074074074074 0.026041666666666668 0.046296296296296294
0 0.503125 0.2953703703703704 0.026041666666666668 0.046296296296296294
0 0.5161458333333333 0.3037037037037037 0.026041666666666668 0.046296296296296294
0 0.4375 0.3055555555555556 0.026041666666666668 0.046296296296296294
0 0.44427083333333334 0.30648148148148147 0.026041666666666668 0.046296296296296294
0 0.4661458333333333 0.30648148148148147 0.026041666666666668 0.046296296296296294
0 0.4869791666666667 0.3055555555555556 0.026041666666666668 0.046296296296296294
0 0.4328125 0.32222222222222224 0.026041666666666668 0.046296296296296294
0 0.48385416666666664 0.32222222222222224 0.026041666666666668 0.046296296296296294
0 0.4942708333333333 0.32314814814814813 0.026041666666666668 0.046296296296296294
0 0.5078125 0.32685185185185184 0.026041666666666668 0.046296296296296294
0 0.515625 0.32407407407407407 0.026041666666666668 0.046296296296296294
0 0.5286458333333334 0.325 0.026041666666666668 0.046296296296296294
0 0.4453125 0.3287037037037037 0.026041666666666668 0.046296296296296294
0 0.45260416666666664 0.33240740740740743 0.026041666666666668 0.046296296296296294
4 0.4791666666666667 0.33425925925925926 0.026041666666666668 0.046296296296296294
4 0.5192708333333333 0.34074074074074073 0.026041666666666668 0.046296296296296294
4 0.4328125 0.34629629629629627 0.026041666666666668 0.046296296296296294
4 0.44895833333333335 0.34814814814814815 0.026041666666666668 0.046296296296296294
4 0.3984375 0.3509259259259259 0.026041666666666668 0.046296296296296294
4 0.4078125 0.35555555555555557 0.026041666666666668 0.046296296296296294
4 0.5078125 0.35648148148148145 0.026041666666666668 0.046296296296296294
4 0.3796875 0.36574074074074076 0.026041666666666668 0.046296296296296294
4 0.39166666666666666 0.3648148148148148 0.026041666666666668 0.046296296296296294
4 0.46458333333333335 0.362962962962963 0.026041666666666668 0.046296296296296294
4 0.5166666666666667 0.3648148148148148 0.026041666666666668 0.046296296296296294
4 0.5234375 0.3648148148148148 0.026041666666666668 0.046296296296296294
3 0.678125 0.3685185185185185 0.026041666666666668 0.046296296296296294
4 0.3984375 0.3787037037037037 0.026041666666666668 0.046296296296296294
4 0.5109375 0.37962962962962965 0.026041666666666668 0.046296296296296294
4 0.6541666666666667 0.3787037037037037 0.026041666666666668 0.046296296296296294
4 0.4921875 0.38796296296296295 0.026041666666666668 0.046296296296296294
4 0.5151041666666667 0.387037037037037 0.026041666666666668 0.046296296296296294
2 0.20416666666666666 0.3925925925925926 0.026041666666666668 0.046296296296296294
4 0.4125 0.39444444444444443 0.026041666666666668 0.046296296296296294
4 0.5119791666666667 0.39351851851851855 0.026041666666666668 0.046296296296296294
4 0.5385416666666667 0.3962962962962963 0.026041666666666668 0.046296296296296294
4 0.6546875 0.39537037037037037 0.026041666666666668 0.046296296296296294
4 0.4244791666666667 0.4111111111111111 0.026041666666666668 0.046296296296296294
4 0.49947916666666664 0.4083333333333333 0.026041666666666668 0.046296296296296294
4 0.5192708333333333 0.40925925925925927 0.026041666666666668 0.046296296296296294
2 0.1875 0.4166666666666667 0.026041666666666668 0.046296296296296294
4 0.4630208333333333 0.4185185185185185 0.026041666666666668 0.046296296296296294
4 0.6510416666666666 0.41759259259259257 0.026041666666666668 0.046296296296296294
4 0.4125 0.4351851851851852 0.026041666666666668 0.046296296296296294
4 0.46197916666666666 0.4398148148148148 0.026041666666666668 0.046296296296296294
4 0.5109375 0.4388888888888889 0.026041666666666668 0.046296296296296294
4 0.6526041666666667 0.44166666666666665 0.026041666666666668 0.046296296296296294
4 0.4817708333333333 0.44722222222222224 0.026041666666666668 0.046296296296296294
4 0.5239583333333333 0.45092592592592595 0.026041666666666668 0.046296296296296294
4 0.39479166666666665 0.45740740740740743 0.026041666666666668 0.046296296296296294
3 0.7026041666666667 0.4546296296296296 0.026041666666666668 0.046296296296296294
2 0.22135416666666666 0.4648148148148148 0.026041666666666668 0.046296296296296294
4 0.5255208333333333 0.46296296296296297 0.026041666666666668 0.046296296296296294
4 0.4734375 0.47314814814814815 0.026041666666666668 0.046296296296296294
4 0.5333333333333333 0.4722222222222222 0.026041666666666668 0.046296296296296294
4 0.6614583333333334 0.4675925925925926 0.026041666666666668 0.046296296296296294
3 0.6916666666666667 0.4740740740740741 0.026041666666666668 0.046296296296296294
4 0.49947916666666664 0.48055555555555557 0.026041666666666668 0.046296296296296294
4 0.6072916666666667 0.47962962962962963 0.026041666666666668 0.046296296296296294
4 0.628125 0.4787037037037037 0.026041666666666668 0.046296296296296294
4 0.5203125 0.487962962962963 0.026041666666666668 0.046296296296296294
3 0.6833333333333333 0.48703703703703705 0.026041666666666668 0.046296296296296294
4 0.6322916666666667 0.49537037037037035 0.026041666666666668 0.046296296296296294
4 0.5234375 0.5027777777777778 0.026041666666666668 0.046296296296296294
4 0.6239583333333333 0.5037037037037037 0.026041666666666668 0.046296296296296294
2 0.14322916666666666 0.5074074074074074 0.026041666666666668 0.046296296296296294
4 0.4791666666666667 0.5111111111111111 0.026041666666666668 0.046296296296296294
4 0.6125 0.5083333333333333 0.026041666666666668 0.046296296296296294
4 0.6369791666666667 0.5092592592592593 0.026041666666666668 0.046296296296296294
3 0.6911458333333333 0.5111111111111111 0.026041666666666668 0.046296296296296294
3 0.6869791666666667 0.5203703703703704 0.026041666666666668 0.046296296296296294
4 0.6447916666666667 0.5305555555555556 0.026041666666666668 0.046296296296296294
3 0.6697916666666667 0.5333333333333333 0.026041666666666668 0.046296296296296294
4 0.6270833333333333 0.5398148148148149 0.026041666666666668 0.046296296296296294
3 0.7208333333333333 0.5370370370370371 0.026041666666666668 0.046296296296296294
4 0.525 0.5481481481481482 0.026041666666666668 0.046296296296296294
4 0.5520833333333334 0.5546296296296296 0.026041666666666668 0.046296296296296294
4 0.596875 0.5564814814814815 0.026041666666666668 0.046296296296296294
3 0.7291666666666666 0.5611111111111111 0.026041666666666668 0.046296296296296294
3 0.7526041666666666 0.5648148148148148 0.026041666666666668 0.046296296296296294
4 0.5828125 0.5777777777777777 0.026041666666666668 0.046296296296296294
3 0.7692708333333333 0.5796296296296296 0.026041666666666668 0.046296296296296294
2 0.19635416666666666 0.587037037037037 0.026041666666666668 0.046296296296296294
4 0.6453125 0.5851851851851851 0.026041666666666668 0.046296296296296294
3 0.7614583333333333 0.6203703703703703 0.026041666666666668 0.046296296296296294
3 0.734375 0.6351851851851852 0.026041666666666668 0.046296296296296294
4 0.6666666666666666 0.6425925925925926 0.026041666666666668 0.046296296296296294
3 0.6953125 0.6342592592592593 0.026041666666666668 0.046296296296296294
4 0.6380208333333334 0.6592592592592592 0.026041666666666668 0.046296296296296294
3 0.7661458333333333 0.662962962962963 0.026041666666666668 0.046296296296296294
1 0.6619791666666667 0.712037037037037 0.026041666666666668 0.046296296296296294
1 0.15625 0.7444444444444445 0.026041666666666668 0.046296296296296294
1 0.5333333333333333 0.7537037037037037 0.026041666666666668 0.046296296296296294
1 0.8822916666666667 0.7416666666666667 0.026041666666666668 0.046296296296296294
1 0.47239583333333335 0.7509259259259259 0.026041666666666668 0.046296296296296294
1 0.5692708333333333 0.787962962962963 0.026041666666666668 0.046296296296296294
1 0.5947916666666667 0.812962962962963 0.026041666666666668 0.046296296296296294
1 0.978125 0.8481481481481481 0.026041666666666668 0.046296296296296294
1 0.7625 0.8472222222222222 0.026041666666666668 0.046296296296296294
1 0.7854166666666667 0.8685185185185185 0.026041666666666668 0.046296296296296294
1 0.39375 0.8824074074074074 0.026041666666666668 0.046296296296296294
1 0.4510416666666667 0.8962962962962963 0.026041666666666668 0.046296296296296294
1 0.34375 0.9194444444444444 0.026041666666666668 0.046296296296296294
1 0.6114583333333333 0.9185185185185185 0.026041666666666668 0.046296296296296294
1 0.6489583333333333 0.9166666666666666 0.026041666666666668 0.046296296296296294
1 0.9583333333333334 0.9472222222222222 0.026041666666666668 0.046296296296296294
1 0.35989583333333336 0.9833333333333333 0.026041666666666668 0.046296296296296294
1 0.9401041666666666 0.9953703703703703 0.026041666666666668 0.046296296296296294
1 0.828125 0.8722222222222222 0.026041666666666668 0.046296296296296294
1 0.825 0.8296296296296296 0.026041666666666668 0.046296296296296294
1 0.8729166666666667 0.812962962962963 0.026041666666666668 0.046296296296296294
1 0.9947916666666666 0.8629629629629629 0.026041666666666668 0.046296296296296294
0 0.7083333333333334 0.3037037037037037 0.026041666666666668 0.046296296296296294
2 0.215625 0.39444444444444443 0.026041666666666668 0.046296296296296294
2 0.20833333333333334 0.5444444444444444 0.026041666666666668 0.046296296296296294
2 0.22916666666666666 0.5703703703703704 0.026041666666666668 0.046296296296296294
2 0.15729166666666666 0.5833333333333334 0.026041666666666668 0.046296296296296294
1 0.6083333333333333 0.674074074074074 0.026041666666666668 0.046296296296296294
