0 0.4708333333333333 0.09537037037037037 0.026041666666666668 0.046296296296296294
0 0.478125 0.09814814814814815 0.026041666666666668 0.046296296296296294
0 0.46927083333333336 0.11481481481481481 0.026041666666666668 0.046296296296296294
0 0.490625 0.12129629629629629 0.026041666666666668 0.046296296296296294
0 0.4703125 0.13055555555555556 0.026041666666666668 0.046296296296296294
0 0.4822916666666667 0.1287037037037037 0.026041666666666668 0.046296296296296294
0 0.4421875 0.13333333333333333 0.026041666666666668 0.046296296296296294
0 0.44895833333333335 0.13425925925925927 0.026041666666666668 0.046296296296296294
0 0.46197916666666666 0.13703703703703704 0.026041666666666668 0.046296296296296294
0 0.478125 0.13703703703703704 0.026041666666666668 0.046296296296296294
0 0.43645833333333334 0.14629629629629629 0.026041666666666668 0.046296296296296294
0 0.4583333333333333 0.14166666666666666 0.026041666666666668 0.046296296296296294
0 0.490625 0.14351851851851852 0.026041666666666668 0.046296296296296294
0 0.47239583333333335 0.15185185185185185 0.026041666666666668 0.046296296296296294
0 0.4791666666666667 0.1527777777777778 0.026041666666666668 0.046296296296296294
0 0.43645833333333334 0.15925925925925927 0.026041666666666668 0.046296296296296294
0 0.46770833333333334 0.15925925925925927 0.026041666666666668 0.046296296296296294
0 0.503125 0.17314814814814813 0.026041666666666668 0.046296296296296294
0 0.4890625 0.20833333333333334 0.026041666666666668 0.046296296296296294
0 0.48541666666666666 0.2222222222222222 0.026041666666666668 0.046296296296296294
0 0.4171875 0.22870370370370371 0.026041666666666668 0.046296296296296294
0 0.4640625 0.225 0.026041666666666668 0.046296296296296294
0 0.421875 0.23796296296296296 0.026041666666666668 0.046296296296296294
0 0.4479166666666667 0.2361111111111111 0.026041666666666668 0.046296296296296294
0 0.49166666666666664 0.24074074074074073 0.026041666666666668 0.046296296296296294
0 0.4817708333333333 0.24444444444444444 0.026041666666666668 0.046296296296296294
0 0.4640625 0.24814814814814815 0.026041666666666668 0.046296296296296294
0 0.49583333333333335 0.2574074074074074 0.026041666666666668 0.046296296296296294
0 0.7036458333333333 0.2611111111111111 0.026041666666666668 0.046296296296296294
0 0.49583333333333335 0.275 0.026041666666666668 0.046296296296296294
0 0.5067708333333333 0.27870370370370373 0.026041666666666668 0.046296296296296294
0 0.5276041666666667 0.28425925925925927 0.026041666666666668 0.046296296296296294
0 0.5380208333333333 0.2851851851851852 0.026041666666666668 0.046296296296296294
0 0.5442708333333334 0.2851851851851852 0.026041666666666668 0.046296296296296294
0 0.46510416666666665 0.2935185185185185 0.026041666666666668 0.046296296296296294
0 0.49947916666666664 0.30185185185185187 0.026041666666666668 0.046296296296296294
0 0.5109375 0.3037037037037037 0.026041666666666668 0.046296296296296294
0 0.515625 0.30185185185185187 0.026041666666666668 0.046296296296296294
0 0.4119791666666667 0.3074074074074074 0.026041666666666668 0.046296296296296294
0 0.440625 0.3037037037037037 0.026041666666666668 0.046296296296296294
0 0.4484375 0.30833333333333335 0.026041666666666668 0.046296296296296294
0 0.41302083333333334 0.3175925925925926 0.026041666666666668 0.046296296296296294
0 0.428125 0.31574074074074077 0.026041666666666668 0.046296296296296294
0 0.4578125 0.3175925925925926 0.026041666666666668 0.046296296296296294
0 0.4546875 0.32685185185185184 0.026041666666666668 0.046296296296296294
0 0.6942708333333333 0.32314814814814813 0.026041666666666668 0.046296296296296294
0 0.4401041666666667 0.3296296296296296 0.026041666666666668 0.046296296296296294
0 0.4661458333333333 0.3296296296296296 0.026041666666666668 0.046296296296296294
0 0.47760416666666666 0.3296296296296296 0.026041666666666668 0.046296296296296294
0 0.5026041666666666 0.3287037037037037 0.026041666666666668 0.046296296296296294
4 0.5171875 0.34074074074074073 0.026041666666666668 0.046296296296296294
4 0.6604166666666667 0.33796296296296297 0.026041666666666668 0.046296296296296294
4 0.44947916666666665 0.3490740740740741 0.026041666666666668 0.046296296296296294
4 0.49947916666666664 0.3472222222222222 0.026041666666666668 0.046296296296296294
4 0.5125 0.3490740740740741 0.026041666666666668 0.046296296296296294
4 0.37916666666666665 0.35648148148148145 0.026041666666666668 0.046296296296296294
4 0.4041666666666667 0.35555555555555557 0.026041666666666668 0.046296296296296294
4 0.4114583333333333 0.35648148148148145 0.026041666666666668 0.046296296296296294
4 0.5166666666666667 0.3574074074074074 0.026041666666666668 0.046296296296296294
4 0.4197916666666667 0.3611111111111111 0.026041666666666668 0.046296296296296294
4 0.40729166666666666 0.3712962962962963 0.026041666666666668 0.046296296296296294
4 0.5166666666666667 0.37037037037037035 0.026041666666666668 0.046296296296296294
4 0.3953125 0.38055555555555554 0.026041666666666668 0.046296296296296294
4 0.4239583333333333 0.3787037037037037 0.026041666666666668 0.046296296296296294
2 0.2203125 0.3861111111111111 0.026041666666666668 0.046296296296296294
4 0.3796875 0.3851851851851852 0.026041666666666668 0.046296296296296294
4 0.5114583333333333 0.38796296296296295 0.026041666666666668 0.046296296296296294
4 0.4083333333333333 0.39444444444444443 0.026041666666666668 0.046296296296296294
2 0.17395833333333333 0.4046296296296296 0.026041666666666668 0.046296296296296294
4 0.42083333333333334 0.40370370370370373 0.026041666666666668 0.046296296296296294
4 0.428125 0.40185185185185185 0.026041666666666668 0.046296296296296294
4 0.5177083333333333 0.40185185185185185 0.026041666666666668 0.046296296296296294
2 0.16979166666666667 0.412962962962963 0.026041666666666668 0.046296296296296294
2 0.18854166666666666 0.4083333333333333 0.026041666666666668 0.046296296296296294
2 0.21302083333333333 0.4111111111111111 0.026041666666666668 0.046296296296296294
4 0.39114583333333336 0.4101851851851852 0.026041666666666668 0.046296296296296294
4 0.6505208333333333 0.4074074074074074 0.026041666666666668 0.046296296296296294
4 0.4041666666666667 0.42777777777777776 0.026041666666666668 0.046296296296296294
4 0.5109375 0.42592592592592593 0.026041666666666668 0.046296296296296294
4 0.5239583333333333 0.42407407407407405 0.026041666666666668 0.046296296296296294
3 0.66875 0.43333333333333335 0.026041666666666668 0.046296296296296294
4 0.41510416666666666 0.44351851851851853 0.026041666666666668 0.046296296296296294
4 0.5125 0.44166666666666665 0.026041666666666668 0.046296296296296294
3 0.7057291666666666 0.4398148148148148 0.026041666666666668 0.046296296296296294
4 0.40989583333333335 0.45925925925925926 0.026041666666666668 0.046296296296296294
4 0.46458333333333335 0.4537037037037037 0.026041666666666668 0.046296296296296294
4 0.6640625 0.4527777777777778 0.026041666666666668 0.046296296296296294
3 0.6755208333333333 0.4527777777777778 0.026041666666666668 0.046296296296296294
4 0.39427083333333335 0.4648148148148148 0.026041666666666668 0.046296296296296294
4 0.5104166666666666 0.46296296296296297 0.026041666666666668 0.046296296296296294
4 0.496875 0.47129629629629627 0.026041666666666668 0.046296296296296294
3 0.6901041666666666 0.47314814814814815 0.026041666666666668 0.046296296296296294
4 0.38697916666666665 0.4842592592592593 0.026041666666666668 0.046296296296296294
4 0.5 0.47962962962962963 0.026041666666666668 0.046296296296296294
4 0.6119791666666666 0.48703703703703705 0.026041666666666668 0.046296296296296294
4 0.6197916666666666 0.48703703703703705 0.026041666666666668 0.046296296296296294
4 0.625 0.48518518518518516 0.026041666666666668 0.046296296296296294
3 0.6911458333333333 0.48518518518518516 0.026041666666666668 0.046296296296296294
4 0.5328125 0.49722222222222223 0.026041666666666668 0.046296296296296294
3 0.678125 0.49537037037037035 0.026041666666666668 0.046296296296296294
4 0.4359375 0.5037037037037037 0.026041666666666668 0.046296296296296294
4 0.628125 0.5018518518518519 0.026041666666666668 0.046296296296296294
4 0.3828125 0.5120370370370371 0.026041666666666668 0.046296296296296294
4 0.5317708333333333 0.5111111111111111 0.026041666666666668 0.046296296296296294
4 0.6473958333333333 0.5111111111111111 0.026041666666666668 0.046296296296296294
3 0.6984375 0.5120370370370371 0.026041666666666668 0.046296296296296294
4 0.628125 0.5175925925925926 0.026041666666666668 0.046296296296296294
3 0.7203125 0.5185185185185185 0.026041666666666668 0.046296296296296294
4 0.45989583333333334 0.525 0.026041666666666668 0.046296296296296294
4 0.6640625 0.524074074074074 0.026041666666666668 0.046296296296296294
4 0.39166666666666666 0.5351851851851852 0.026041666666666668 0.046296296296296294
4 0.6484375 0.5342592592592592 0.026041666666666668 0.046296296296296294
4 0.4765625 0.5398148148148149 0.026041666666666668 0.046296296296296294
4 0.5401041666666667 0.5398148148148149 0.026041666666666668 0.046296296296296294
4 0.5947916666666667 0.5361111111111111 0.026041666666666668 0.046296296296296294
3 0.7276041666666667 0.5425925925925926 0.026041666666666668 0.046296296296296294
4 0.38229166666666664 0.5518518518518518 0.026041666666666668 0.046296296296296294
4 0.6197916666666666 0.5527777777777778 0.026041666666666668 0.046296296296296294
4 0.4078125 0.5601851851851852 0.026041666666666668 0.046296296296296294
4 0.6166666666666667 0.5740740740740741 0.026041666666666668 0.046296296296296294
3 0.715625 0.5712962962962963 0.026041666666666668 0.046296296296296294
4 0.6442708333333333 0.5777777777777777 0.026041666666666668 0.046296296296296294
3 0.7635416666666667 0.5777777777777777 0.026041666666666668 0.046296296296296294
4 0.4625 0.6277777777777778 0.026041666666666668 0.046296296296296294
4 0.6036458333333333 0.6277777777777778 0.026041666666666668 0.046296296296296294
4 0.43385416666666665 0.6416666666666667 0.026041666666666668 0.046296296296296294
4 0.6 0.6407407407407407 0.026041666666666668 0.046296296296296294
3 0.7192708333333333 0.6537037037037037 0.026041666666666668 0.046296296296296294
1 0.565625 0.6712962962962963 0.026041666666666668 0.046296296296296294
1 0.715625 0.7101851851851851 0.026041666666666668 0.046296296296296294
1 0.4864583333333333 0.712037037037037 0.026041666666666668 0.046296296296296294
1 0.5583333333333333 0.7388888888888889 0.026041666666666668 0.046296296296296294
1 0.88125 0.7453703703703703 0.026041666666666668 0.046296296296296294
1 0.6723958333333333 0.7935185185185185 0.026041666666666668 0.046296296296296294
1 0.5880208333333333 0.825925925925926 0.026041666666666668 0.046296296296296294
1 0.8197916666666667 0.8305555555555556 0.026041666666666668 0.046296296296296294
1 0.9791666666666666 0.8490740740740741 0.026041666666666668 0.046296296296296294
1 0.1671875 0.8666666666666667 0.026041666666666668 0.046296296296296294
1 0.7505208333333333 0.8833333333333333 0.026041666666666668 0.046296296296296294
1 0.8244791666666667 0.9268518518518518 0.026041666666666668 0.046296296296296294
1 0.975 0.9444444444444444 0.026041666666666668 0.046296296296296294
1 0.515625 0.9638888888888889 0.026041666666666668 0.046296296296296294
1 0.43645833333333334 0.9685185185185186 0.026041666666666668 0.046296296296296294
1 0.8802083333333334 0.8037037037037037 0.026041666666666668 0.046296296296296294
1 0.99375 0.8611111111111112 0.026041666666666668 0.046296296296296294
3 0.753125 0.5092592592592593 0.026041666666666668 0.046296296296296294
1 0.7635416666666667 0.6796296296296296 0.026041666666666668 0.046296296296296294
3 0.7541666666666667 0.6277777777777778 0.026041666666666668 0.046296296296296294
1 0.6625 0.6759259259259259 0.026041666666666668 0.046296296296296294
1 0.528125 0.7407407407407407 0.026041666666666668 0.046296296296296294
4 0.41041666666666665 0.6351851851851852 0.026041666666666668 0.046296296296296294
4 0.5802083333333333 0.55 0.026041666666666668 0.046296296296296294
4 0.5854166666666667 0.6648148148148149 0.026041666666666668 0.046296296296296294
4 0.4354166666666667 0.42407407407407405 0.026041666666666668 0.046296296296296294
2 0.171875 0.4425925925925926 0.026041666666666668 0.046296296296296294
1 0.6208333333333333 0.7833333333333333 0.026041666666666668 0.046296296296296294
