0 0.47708333333333336 0.0962962962962963 0.026041666666666668 0.046296296296296294
0 0.48333333333333334 0.12129629629629629 0.026041666666666668 0.046296296296296294
0 0.49270833333333336 0.11851851851851852 0.026041666666666668 0.046296296296296294
0 0.44166666666666665 0.13240740740740742 0.026041666666666668 0.046296296296296294
0 0.44583333333333336 0.13518518518518519 0.026041666666666668 0.046296296296296294
0 0.4546875 0.13425925925925927 0.026041666666666668 0.046296296296296294
0 0.46145833333333336 0.13518518518518519 0.026041666666666668 0.046296296296296294
0 0.46927083333333336 0.13796296296296295 0.026041666666666668 0.046296296296296294
0 0.47291666666666665 0.13703703703703704 0.026041666666666668 0.046296296296296294
0 0.4822916666666667 0.13796296296296295 0.026041666666666668 0.046296296296296294
0 0.45416666666666666 0.14444444444444443 0.026041666666666668 0.046296296296296294
0 0.490625 0.14722222222222223 0.026041666666666668 0.046296296296296294
0 0.46979166666666666 0.15185185185185185 0.026041666666666668 0.046296296296296294
0 0.48333333333333334 0.15185185185185185 0.026041666666666668 0.046296296296296294
0 0.4661458333333333 0.15925925925925927 0.026041666666666668 0.046296296296296294
0 0.47239583333333335 0.16018518518518518 0.026041666666666668 0.046296296296296294
0 0.45364583333333336 0.1675925925925926 0.026041666666666668 0.046296296296296294
0 0.43385416666666665 0.17407407407407408 0.026041666666666668 0.046296296296296294
0 0.4744791666666667 0.17592592592592593 0.026041666666666668 0.046296296296296294
0 0.4822916666666667 0.17592592592592593 0.026041666666666668 0.046296296296296294
0 0.490625 0.17314814814814813 0.026041666666666668 0.046296296296296294
0 0.5041666666666667 0.17777777777777778 0.026041666666666668 0.046296296296296294
0 0.5078125 0.17592592592592593 0.026041666666666668 0.046296296296296294
0 0.42916666666666664 0.18611111111111112 0.026041666666666668 0.046296296296296294
0 0.49583333333333335 0.18425925925925926 0.026041666666666668 0.046296296296296294
0 0.4822916666666667 0.1925925925925926 0.026041666666666668 0.046296296296296294
0 0.45364583333333336 0.20462962962962963 0.026041666666666668 0.046296296296296294
0 0.4817708333333333 0.2212962962962963 0.026041666666666668 0.046296296296296294
0 0.5145833333333333 0.23148148148148148 0.026041666666666668 0.046296296296296294
0 0.49375 0.25925925925925924 0.026041666666666668 0.046296296296296294
0 0.4828125 0.2759259259259259 0.026041666666666668 0.046296296296296294
0 0.4921875 0.2740740740740741 0.026041666666666668 0.046296296296296294
0 0.5005208333333333 0.275 0.026041666666666668 0.046296296296296294
0 0.5427083333333333 0.2777777777777778 0.026041666666666668 0.046296296296296294
0 0.5067708333333333 0.2833333333333333 0.026041666666666668 0.046296296296296294
0 0.478125 0.29444444444444445 0.026041666666666668 0.046296296296296294
0 0.4942708333333333 0.29074074074074074 0.026041666666666668 0.046296296296296294
0 0.43125 0.30648148148148147 0.026041666666666668 0.046296296296296294
0 0.5109375 0.3074074074074074 0.026041666666666668 0.046296296296296294
0 0.46927083333333336 0.31574074074074077 0.026041666666666668 0.046296296296296294
0 0.49947916666666664 0.31574074074074077 0.026041666666666668 0.046296296296296294
0 0.5151041666666667 0.3175925925925926 0.026041666666666668 0.046296296296296294
4 0.44427083333333334 0.3333333333333333 0.026041666666666668 0.046296296296296294
0 0.4578125 0.3314814814814815 0.026041666666666668 0.046296296296296294
0 0.478125 0.3296296296296296 0.026041666666666668 0.046296296296296294
4 0.46510416666666665 0.3388888888888889 0.026041666666666668 0.046296296296296294
4 0.44895833333333335 0.35 0.026041666666666668 0.046296296296296294
4 0.49114583333333334 0.34814814814814815 0.026041666666666668 0.046296296296296294
4 0.5239583333333333 0.3490740740740741 0.026041666666666668 0.046296296296296294
4 0.37552083333333336 0.35555555555555557 0.026041666666666668 0.046296296296296294
4 0.3828125 0.35555555555555557 0.026041666666666668 0.046296296296296294
4 0.38645833333333335 0.3537037037037037 0.026041666666666668 0.046296296296296294
4 0.4005208333333333 0.35462962962962963 0.026041666666666668 0.046296296296296294
4 0.40729166666666666 0.3574074074074074 0.026041666666666668 0.046296296296296294
4 0.4322916666666667 0.35462962962962963 0.026041666666666668 0.046296296296296294
4 0.4171875 0.362962962962963 0.026041666666666668 0.046296296296296294
4 0.4953125 0.362962962962963 0.026041666666666668 0.046296296296296294
4 0.6510416666666666 0.362962962962963 0.026041666666666668 0.046296296296296294
4 0.37864583333333335 0.3731481481481482 0.026041666666666668 0.046296296296296294
4 0.44479166666666664 0.3685185185185185 0.026041666666666668 0.046296296296296294
4 0.5119791666666667 0.36944444444444446 0.026041666666666668 0.046296296296296294
4 0.37864583333333335 0.3814814814814815 0.026041666666666668 0.046296296296296294
4 0.4036458333333333 0.3787037037037037 0.026041666666666668 0.046296296296296294
4 0.390625 0.38425925925925924 0.026041666666666668 0.046296296296296294
3 0.6817708333333333 0.3861111111111111 0.026041666666666668 0.046296296296296294
4 0.409375 0.39444444444444443 0.026041666666666668 0.046296296296296294
4 0.6588541666666666 0.3962962962962963 0.026041666666666668 0.046296296296296294
2 0.21510416666666668 0.4 0.026041666666666668 0.046296296296296294
4 0.37447916666666664 0.4046296296296296 0.026041666666666668 0.046296296296296294
4 0.503125 0.4 0.026041666666666668 0.046296296296296294
4 0.6536458333333334 0.40370370370370373 0.026041666666666668 0.046296296296296294
4 0.6583333333333333 0.4027777777777778 0.026041666666666668 0.046296296296296294
2 0.19739583333333333 0.40925925925925927 0.026041666666666668 0.046296296296296294
4 0.4005208333333333 0.4101851851851852 0.026041666666666668 0.046296296296296294
4 0.4453125 0.4046296296296296 0.026041666666666668 0.046296296296296294
4 0.5078125 0.41759259259259257 0.026041666666666668 0.046296296296296294
4 0.65 0.42592592592592593 0.026041666666666668 0.046296296296296294
4 0.6619791666666667 0.42777777777777776 0.026041666666666668 0.046296296296296294
2 0.21197916666666666 0.4324074074074074 0.026041666666666668 0.046296296296296294
4 0.5161458333333333 0.43425925925925923 0.026041666666666668 0.046296296296296294
2 0.18697916666666667 0.4388888888888889 0.026041666666666668 0.046296296296296294
4 0.4239583333333333 0.44166666666666665 0.026041666666666668 0.046296296296296294
3 0.7067708333333333 0.4388888888888889 0.026041666666666668 0.046296296296296294
4 0.5041666666666667 0.4462962962962963 0.026041666666666668 0.046296296296296294
4 0.6572916666666667 0.44907407407407407 0.026041666666666668 0.046296296296296294
4 0.5239583333333333 0.4583333333333333 0.026041666666666668 0.046296296296296294
4 0.5130208333333334 0.4648148148148148 0.026041666666666668 0.046296296296296294
4 0.6619791666666667 0.4648148148148148 0.026041666666666668 0.046296296296296294
3 0.7203125 0.4666666666666667 0.026041666666666668 0.046296296296296294
4 0.4078125 0.48055555555555557 0.026041666666666668 0.046296296296296294
4 0.4296875 0.4787037037037037 0.026041666666666668 0.046296296296296294
4 0.6666666666666666 0.47962962962962963 0.026041666666666668 0.046296296296296294
4 0.4046875 0.49166666666666664 0.026041666666666668 0.046296296296296294
4 0.6114583333333333 0.5037037037037037 0.026041666666666668 0.046296296296296294
3 0.7161458333333334 0.5046296296296297 0.026041666666666668 0.046296296296296294
4 0.4895833333333333 0.5092592592592593 0.026041666666666668 0.046296296296296294
4 0.5078125 0.5212962962962963 0.026041666666666668 0.046296296296296294
4 0.64375 0.5185185185185185 0.026041666666666668 0.046296296296296294
3 0.7067708333333333 0.5203703703703704 0.026041666666666668 0.046296296296296294
4 0.5208333333333334 0.524074074074074 0.026041666666666668 0.046296296296296294
3 0.6859375 0.5259259259259259 0.026041666666666668 0.046296296296296294
4 0.5 0.5342592592592592 0.026041666666666668 0.046296296296296294
4 0.5588541666666667 0.5305555555555556 0.026041666666666668 0.046296296296296294
4 0.6364583333333333 0.5351851851851852 0.026041666666666668 0.046296296296296294
3 0.7223958333333333 0.5361111111111111 0.026041666666666668 0.046296296296296294
4 0.5036458333333333 0.5435185185185185 0.026041666666666668 0.046296296296296294
4 0.5286458333333334 0.5435185185185185 0.026041666666666668 0.046296296296296294
4 0.6083333333333333 0.55 0.026041666666666668 0.046296296296296294
4 0.5703125 0.5537037037037037 0.026041666666666668 0.046296296296296294
3 0.734375 0.5564814814814815 0.026041666666666668 0.046296296296296294
4 0.659375 0.5657407407407408 0.026041666666666668 0.046296296296296294
4 0.5484375 0.5675925925925925 0.026041666666666668 0.046296296296296294
3 0.759375 0.5657407407407408 0.026041666666666668 0.046296296296296294
4 0.5916666666666667 0.5731481481481482 0.026041666666666668 0.046296296296296294
3 0.7348958333333333 0.5777777777777777 0.026041666666666668 0.046296296296296294
3 0.7515625 0.5814814814814815 0.026041666666666668 0.046296296296296294
4 0.49895833333333334 0.5935185185185186 0.026041666666666668 0.046296296296296294
4 0.38385416666666666 0.6083333333333333 0.026041666666666668 0.046296296296296294
3 0.725 0.6111111111111112 0.026041666666666668 0.046296296296296294
4 0.39895833333333336 0.6324074074074074 0.026041666666666668 0.046296296296296294
3 0.7276041666666667 0.6509259259259259 0.026041666666666668 0.046296296296296294
4 0.6375 0.6564814814814814 0.026041666666666668 0.046296296296296294
1 0.7026041666666667 0.6805555555555556 0.026041666666666668 0.046296296296296294
1 0.19427083333333334 0.7 0.026041666666666668 0.046296296296296294
1 0.6098958333333333 0.7268518518518519 0.026041666666666668 0.046296296296296294
1 0.21614583333333334 0.7398148148148148 0.026041666666666668 0.046296296296296294
1 0.13020833333333334 0.7694444444444445 0.026041666666666668 0.046296296296296294
1 0.6151041666666667 0.8138888888888889 0.026041666666666668 0.046296296296296294
1 0.7625 0.8240740740740741 0.026041666666666668 0.046296296296296294
1 0.10104166666666667 0.837037037037037 0.026041666666666668 0.046296296296296294
1 0.8286458333333333 0.8388888888888889 0.026041666666666668 0.046296296296296294
1 0.06197916666666667 0.8472222222222222 0.026041666666666668 0.046296296296296294
1 0.7880208333333333 0.8657407407407407 0.026041666666666668 0.046296296296296294
1 0.825 0.8675925925925926 0.026041666666666668 0.046296296296296294
1 0.3494791666666667 0.8722222222222222 0.026041666666666668 0.046296296296296294
1 0.4984375 0.887962962962963 0.026041666666666668 0.046296296296296294
1 0.18489583333333334 0.9101851851851852 0.026041666666666668 0.046296296296296294
1 0.027083333333333334 0.9314814814814815 0.026041666666666668 0.046296296296296294
1 0.3958333333333333 0.9472222222222222 0.026041666666666668 0.046296296296296294
1 0.71875 0.9490740740740741 0.026041666666666668 0.046296296296296294
1 0.9703125 0.9527777777777777 0.026041666666666668 0.046296296296296294
1 0.6515625 0.9703703703703703 0.026041666666666668 0.046296296296296294
1 0.35 0.987037037037037 0.026041666666666668 0.046296296296296294
1 0.090625 0.7685185185185185 0.026041666666666668 0.046296296296296294
1 0.13229166666666667 0.8962962962962963 0.026041666666666668 0.046296296296296294
1 0.15104166666666666 0.8351851851851851 0.026041666666666668 0.046296296296296294
1 0.053125 0.9518518518518518 0.026041666666666668 0.046296296296296294
1 0.21875 0.8 0.026041666666666668 0.046296296296296294
2 0.22708333333333333 0.6518518518518519 0.026041666666666668 0.046296296296296294
2 0.16041666666666668 0.49074074074074076 0.026041666666666668 0.046296296296296294
1 0.278125 0.7574074074074074 0.026041666666666668 0.046296296296296294
1 0.309375 0.7481481481481481 0.026041666666666668 0.046296296296296294
1 0.4239583333333333 0.8592592592592593 0.026041666666666668 0.046296296296296294
1 0.43854166666666666 0.8166666666666667 0.026041666666666668 0.046296296296296294
1 0.46458333333333335 0.8740740740740741 0.026041666666666668 0.046296296296296294
1 0.5927083333333333 0.9055555555555556 0.026041666666666668 0.046296296296296294
1 0.559375 0.75 0.026041666666666668 0.046296296296296294
4 0.4947916666666667 0.6574074074074074 0.026041666666666668 0.046296296296296294
1 0.4791666666666667 0.6685185185185185 0.026041666666666668 0.046296296296296294
1 0.4270833333333333 0.6722222222222223 0.026041666666666668 0.046296296296296294
4 0.48541666666666666 0.5574074074074075 0.026041666666666668 0.046296296296296294
3 0.7635416666666667 0.6259259259259259 0.026041666666666668 0.046296296296296294
1 0.78125 0.6888888888888889 0.026041666666666668 0.046296296296296294
1 0.8875 0.7388888888888889 0.026041666666666668 0.046296296296296294
1 0.865625 0.8277777777777777 0.026041666666666668 0.046296296296296294
1 0.9739583333333334 0.837037037037037 0.026041666666666668 0.046296296296296294
1 0.9875 0.8574074074074074 0.026041666666666668 0.046296296296296294
0 0.6927083333333334 0.2851851851851852 0.026041666666666668 0.046296296296296294
3 0.6677083333333333 0.5222222222222223 0.026041666666666668 0.046296296296296294
