0 0.475 0.09722222222222222 0.026041666666666668 0.046296296296296294
0 0.4953125 0.09722222222222222 0.026041666666666668 0.046296296296296294
0 0.484375 0.10462962962962963 0.026041666666666668 0.046296296296296294
0 0.478125 0.12314814814814815 0.026041666666666668 0.046296296296296294
0 0.4901041666666667 0.12222222222222222 0.026041666666666668 0.046296296296296294
0 0.4703125 0.12962962962962962 0.026041666666666668 0.046296296296296294
0 0.44166666666666665 0.13240740740740742 0.026041666666666668 0.046296296296296294
0 0.4578125 0.13518518518518519 0.026041666666666668 0.046296296296296294
0 0.490625 0.15833333333333333 0.026041666666666668 0.046296296296296294
0 0.4661458333333333 0.17685185185185184 0.026041666666666668 0.046296296296296294
0 0.4869791666666667 0.17407407407407408 0.026041666666666668 0.046296296296296294
0 0.5005208333333333 0.175 0.026041666666666668 0.046296296296296294
0 0.45416666666666666 0.1824074074074074 0.026041666666666668 0.046296296296296294
0 0.5052083333333334 0.18981481481481483 0.026041666666666668 0.046296296296296294
0 0.4953125 0.20092592592592592 0.026041666666666668 0.046296296296296294
0 0.4453125 0.20833333333333334 0.026041666666666668 0.046296296296296294
0 0.478125 0.21481481481481482 0.026041666666666668 0.046296296296296294
0 0.4453125 0.2212962962962963 0.026041666666666668 0.046296296296296294
0 0.515625 0.22314814814814815 0.026041666666666668 0.046296296296296294
0 0.478125 0.2351851851851852 0.026041666666666668 0.046296296296296294
0 0.4895833333333333 0.23796296296296296 0.026041666666666668 0.046296296296296294
0 0.44114583333333335 0.25462962962962965 0.026041666666666668 0.046296296296296294
0 0.5036458333333333 0.2537037037037037 0.026041666666666668 0.046296296296296294
0 0.678125 0.25925925925925924 0.026041666666666668 0.046296296296296294
0 0.4947916666666667 0.27037037037037037 0.026041666666666668 0.046296296296296294
0 0.5354166666666667 0.26666666666666666 0.026041666666666668 0.046296296296296294
0 0.4864583333333333 0.2777777777777778 0.026041666666666668 0.046296296296296294
0 0.5104166666666666 0.275 0.026041666666666668 0.046296296296296294
0 0.5041666666666667 0.28888888888888886 0.026041666666666668 0.046296296296296294
0 0.5328125 0.2851851851851852 0.026041666666666668 0.046296296296296294
0 0.5416666666666666 0.28425925925925927 0.026041666666666668 0.046296296296296294
0 0.44114583333333335 0.2916666666666667 0.026041666666666668 0.046296296296296294
0 0.4453125 0.3074074074074074 0.026041666666666668 0.046296296296296294
0 0.44895833333333335 0.3101851851851852 0.026041666666666668 0.046296296296296294
0 0.49895833333333334 0.3101851851851852 0.026041666666666668 0.046296296296296294
0 0.42604166666666665 0.3175925925925926 0.026041666666666668 0.046296296296296294
0 0.4328125 0.3175925925925926 0.026041666666666668 0.046296296296296294
0 0.45729166666666665 0.3138888888888889 0.026041666666666668 0.046296296296296294
0 0.475 0.31296296296296294 0.026041666666666668 0.046296296296296294
0 0.6979166666666666 0.3138888888888889 0.026041666666666668 0.046296296296296294
0 0.42135416666666664 0.325 0.026041666666666668 0.046296296296296294
0 0.4869791666666667 0.32407407407407407 0.026041666666666668 0.046296296296296294
0 0.5041666666666667 0.32407407407407407 0.026041666666666668 0.046296296296296294
0 0.44583333333333336 0.33055555555555555 0.026041666666666668 0.046296296296296294
4 0.45260416666666664 0.33425925925925926 0.026041666666666668 0.046296296296296294
4 0.49583333333333335 0.3333333333333333 0.026041666666666668 0.046296296296296294
4 0.4817708333333333 0.3388888888888889 0.026041666666666668 0.046296296296296294
4 0.528125 0.3388888888888889 0.026041666666666668 0.046296296296296294
4 0.4078125 0.34814814814814815 0.026041666666666668 0.046296296296296294
4 0.4197916666666667 0.3490740740740741 0.026041666666666668 0.046296296296296294
4 0.45260416666666664 0.34814814814814815 0.026041666666666668 0.046296296296296294
4 0.47552083333333334 0.3490740740740741 0.026041666666666668 0.046296296296296294
4 0.50625 0.3435185185185185 0.026041666666666668 0.046296296296296294
4 0.375 0.3537037037037037 0.026041666666666668 0.046296296296296294
4 0.3859375 0.35648148148148145 0.026041666666666668 0.046296296296296294
4 0.4010416666666667 0.3638888888888889 0.026041666666666668 0.046296296296296294
4 0.409375 0.3638888888888889 0.026041666666666668 0.046296296296296294
4 0.4161458333333333 0.36203703703703705 0.026041666666666668 0.046296296296296294
4 0.4661458333333333 0.3648148148148148 0.026041666666666668 0.046296296296296294
4 0.5166666666666667 0.36574074074074076 0.026041666666666668 0.046296296296296294
4 0.45 0.3731481481481482 0.026041666666666668 0.046296296296296294
4 0.5026041666666666 0.36944444444444446 0.026041666666666668 0.046296296296296294
4 0.3953125 0.3787037037037037 0.026041666666666668 0.046296296296296294
4 0.40260416666666665 0.3787037037037037 0.026041666666666668 0.046296296296296294
4 0.4244791666666667 0.37962962962962965 0.026041666666666668 0.046296296296296294
4 0.440625 0.37962962962962965 0.026041666666666668 0.046296296296296294
4 0.39166666666666666 0.38796296296296295 0.026041666666666668 0.046296296296296294
4 0.4703125 0.38425925925925924 0.026041666666666668 0.046296296296296294
4 0.5130208333333334 0.3888888888888889 0.026041666666666668 0.046296296296296294
4 0.5197916666666667 0.387037037037037 0.026041666666666668 0.046296296296296294
2 0.20260416666666667 0.39537037037037037 0.026041666666666668 0.046296296296296294
4 0.4088541666666667 0.3925925925925926 0.026041666666666668 0.046296296296296294
4 0.42083333333333334 0.4027777777777778 0.026041666666666668 0.046296296296296294
4 0.42916666666666664 0.4009259259259259 0.026041666666666668 0.046296296296296294
4 0.45364583333333336 0.4009259259259259 0.026041666666666668 0.046296296296296294
4 0.6583333333333333 0.40370370370370373 0.026041666666666668 0.046296296296296294
2 0.19479166666666667 0.4101851851851852 0.026041666666666668 0.046296296296296294
4 0.37447916666666664 0.40925925925925927 0.026041666666666668 0.046296296296296294
4 0.39010416666666664 0.4074074074074074 0.026041666666666668 0.046296296296296294
4 0.40208333333333335 0.4111111111111111 0.026041666666666668 0.046296296296296294
4 0.3796875 0.4203703703703704 0.026041666666666668 0.046296296296296294
4 0.43645833333333334 0.41759259259259257 0.026041666666666668 0.046296296296296294
4 0.6526041666666667 0.41759259259259257 0.026041666666666668 0.046296296296296294
2 0.17395833333333333 0.42314814814814816 0.026041666666666668 0.046296296296296294
4 0.3953125 0.42685185185185187 0.026041666666666668 0.046296296296296294
3 0.66875 0.42314814814814816 0.026041666666666668 0.046296296296296294
4 0.4109375 0.4351851851851852 0.026041666666666668 0.046296296296296294
4 0.525 0.4361111111111111 0.026041666666666668 0.046296296296296294
4 0.6536458333333334 0.43333333333333335 0.026041666666666668 0.046296296296296294
4 0.38229166666666664 0.44166666666666665 0.026041666666666668 0.046296296296296294
4 0.4036458333333333 0.44074074074074077 0.026041666666666668 0.046296296296296294
3 0.7057291666666666 0.4388888888888889 0.026041666666666668 0.046296296296296294
4 0.4744791666666667 0.45 0.026041666666666668 0.046296296296296294
4 0.5130208333333334 0.45092592592592595 0.026041666666666668 0.046296296296296294
4 0.38645833333333335 0.4666666666666667 0.026041666666666668 0.046296296296296294
4 0.4109375 0.46296296296296297 0.026041666666666668 0.046296296296296294
4 0.5083333333333333 0.46574074074074073 0.026041666666666668 0.046296296296296294
3 0.6890625 0.4648148148148148 0.026041666666666668 0.046296296296296294
4 0.603125 0.47685185185185186 0.026041666666666668 0.046296296296296294
3 0.6901041666666666 0.47962962962962963 0.026041666666666668 0.046296296296296294
4 0.38645833333333335 0.4888888888888889 0.026041666666666668 0.046296296296296294
4 0.5005208333333333 0.4888888888888889 0.026041666666666668 0.046296296296296294
4 0.5375 0.4898148148148148 0.026041666666666668 0.046296296296296294
3 0.6833333333333333 0.4888888888888889 0.026041666666666668 0.046296296296296294
4 0.375 0.49537037037037035 0.026041666666666668 0.046296296296296294
4 0.39427083333333335 0.49537037037037035 0.026041666666666668 0.046296296296296294
4 0.5255208333333333 0.4981481481481482 0.026041666666666668 0.046296296296296294
4 0.6125 0.49537037037037035 0.026041666666666668 0.046296296296296294
4 0.4609375 0.5027777777777778 0.026041666666666668 0.046296296296296294
4 0.6317708333333333 0.5027777777777778 0.026041666666666668 0.046296296296296294
3 0.7036458333333333 0.5027777777777778 0.026041666666666668 0.046296296296296294
4 0.3880208333333333 0.5138888888888888 0.026041666666666668 0.046296296296296294
4 0.4270833333333333 0.5231481481481481 0.026041666666666668 0.046296296296296294
4 0.6276041666666666 0.5222222222222223 0.026041666666666668 0.046296296296296294
4 0.6645833333333333 0.525 0.026041666666666668 0.046296296296296294
4 0.3958333333333333 0.5407407407407407 0.026041666666666668 0.046296296296296294
4 0.5447916666666667 0.5425925925925926 0.026041666666666668 0.046296296296296294
4 0.5817708333333333 0.5342592592592592 0.026041666666666668 0.046296296296296294
3 0.7265625 0.5407407407407407 0.026041666666666668 0.046296296296296294
4 0.5614583333333333 0.5453703703703704 0.026041666666666668 0.046296296296296294
4 0.4125 0.5592592592592592 0.026041666666666668 0.046296296296296294
4 0.4942708333333333 0.5694444444444444 0.026041666666666668 0.046296296296296294
3 0.7088541666666667 0.5722222222222222 0.026041666666666668 0.046296296296296294
3 0.7401041666666667 0.5740740740740741 0.026041666666666668 0.046296296296296294
3 0.7651041666666667 0.5888888888888889 0.026041666666666668 0.046296296296296294
3 0.7 0.6194444444444445 0.026041666666666668 0.046296296296296294
3 0.75 0.6194444444444445 0.026041666666666668 0.046296296296296294
3 0.740625 0.6638888888888889 0.026041666666666668 0.046296296296296294
1 0.8869791666666667 0.7453703703703703 0.026041666666666668 0.046296296296296294
1 0.8885416666666667 0.7944444444444444 0.026041666666666668 0.046296296296296294
1 0.8239583333333333 0.837037037037037 0.026041666666666668 0.046296296296296294
1 0.9557291666666666 0.825925925925926 0.026041666666666668 0.046296296296296294
1 0.9786458333333333 0.8462962962962963 0.026041666666666668 0.046296296296296294
1 0.6661458333333333 0.8851851851851852 0.026041666666666668 0.046296296296296294
1 0.75625 0.8972222222222223 0.026041666666666668 0.046296296296296294
1 0.9010416666666666 0.8972222222222223 0.026041666666666668 0.046296296296296294
1 0.8260416666666667 0.9166666666666666 0.026041666666666668 0.046296296296296294
4 0.47604166666666664 0.6018518518518519 0.026041666666666668 0.046296296296296294
3 0.7489583333333333 0.5203703703703704 0.026041666666666668 0.046296296296296294
4 0.63125 0.5740740740740741 0.026041666666666668 0.046296296296296294
4 0.6125 0.5407407407407407 0.026041666666666668 0.046296296296296294
4 0.6114583333333333 0.5777777777777777 0.026041666666666668 0.046296296296296294
3 0.7145833333333333 0.6425925925925926 0.026041666666666668 0.046296296296296294
1 0.99375 0.8629629629629629 0.026041666666666668 0.046296296296296294
