0 0.48385416666666664 0.12129629629629629 0.026041666666666668 0.046296296296296294
0 0.49114583333333334 0.12037037037037036 0.026041666666666668 0.046296296296296294
0 0.4708333333333333 0.13055555555555556 0.026041666666666668 0.046296296296296294
0 0.45416666666666666 0.13518518518518519 0.026041666666666668 0.046296296296296294
0 0.4625 0.13703703703703704 0.026041666666666668 0.046296296296296294
0 0.43697916666666664 0.15555555555555556 0.026041666666666668 0.046296296296296294
0 0.46197916666666666 0.15555555555555556 0.026041666666666668 0.046296296296296294
0 0.44895833333333335 0.15833333333333333 0.026041666666666668 0.046296296296296294
0 0.44895833333333335 0.16666666666666666 0.026041666666666668 0.046296296296296294
0 0.48333333333333334 0.16944444444444445 0.026041666666666668 0.046296296296296294
0 0.43125 0.175 0.026041666666666668 0.046296296296296294
0 0.5 0.175 0.026041666666666668 0.046296296296296294
0 0.478125 0.1925925925925926 0.026041666666666668 0.046296296296296294
0 0.48385416666666664 0.19814814814814816 0.026041666666666668 0.046296296296296294
0 0.475 0.21666666666666667 0.026041666666666668 0.046296296296296294
0 0.46197916666666666 0.2222222222222222 0.026041666666666668 0.046296296296296294
0 0.4322916666666667 0.23703703703703705 0.026041666666666668 0.046296296296296294
0 0.44895833333333335 0.2361111111111111 0.026041666666666668 0.046296296296296294
0 0.4390625 0.2462962962962963 0.026041666666666668 0.046296296296296294
0 0.5109375 0.2518518518518518 0.026041666666666668 0.046296296296296294
0 0.4734375 0.2759259259259259 0.026041666666666668 0.046296296296296294
0 0.4901041666666667 0.2722222222222222 0.026041666666666668 0.046296296296296294
0 0.49375 0.28425925925925927 0.026041666666666668 0.046296296296296294
0 0.6953125 0.287962962962963 0.026041666666666668 0.046296296296296294
0 0.4661458333333333 0.2962962962962963 0.026041666666666668 0.046296296296296294
0 0.5067708333333333 0.28888888888888886 0.026041666666666668 0.046296296296296294
0 0.43697916666666664 0.30092592592592593 0.026041666666666668 0.046296296296296294
0 0.4583333333333333 0.30092592592592593 0.026041666666666668 0.046296296296296294
0 0.4901041666666667 0.29907407407407405 0.026041666666666668 0.046296296296296294
0 0.5020833333333333 0.3 0.026041666666666668 0.046296296296296294
0 0.5145833333333333 0.29907407407407405 0.026041666666666668 0.046296296296296294
0 0.4739583333333333 0.30833333333333335 0.026041666666666668 0.046296296296296294
0 0.5505208333333333 0.30925925925925923 0.026041666666666668 0.046296296296296294
0 0.4234375 0.31203703703703706 0.026041666666666668 0.046296296296296294
0 0.453125 0.32037037037037036 0.026041666666666668 0.046296296296296294
0 0.4744791666666667 0.3175925925925926 0.026041666666666668 0.046296296296296294
0 0.49635416666666665 0.31851851851851853 0.026041666666666668 0.046296296296296294
0 0.7067708333333333 0.3138888888888889 0.026041666666666668 0.046296296296296294
0 0.4895833333333333 0.32592592592592595 0.026041666666666668 0.046296296296296294
0 0.4328125 0.3287037037037037 0.026041666666666668 0.046296296296296294
4 0.44947916666666665 0.33425925925925926 0.026041666666666668 0.046296296296296294
4 0.46979166666666666 0.33425925925925926 0.026041666666666668 0.046296296296296294
4 0.5109375 0.3333333333333333 0.026041666666666668 0.046296296296296294
4 0.44479166666666664 0.34074074074074073 0.026041666666666668 0.046296296296296294
4 0.5276041666666667 0.3388888888888889 0.026041666666666668 0.046296296296296294
4 0.5421875 0.3388888888888889 0.026041666666666668 0.046296296296296294
4 0.5494791666666666 0.3425925925925926 0.026041666666666668 0.046296296296296294
4 0.3848958333333333 0.35555555555555557 0.026041666666666668 0.046296296296296294
4 0.40572916666666664 0.35462962962962963 0.026041666666666668 0.046296296296296294
4 0.4114583333333333 0.3574074074074074 0.026041666666666668 0.046296296296296294
4 0.5078125 0.35648148148148145 0.026041666666666668 0.046296296296296294
4 0.5239583333333333 0.35555555555555557 0.026041666666666668 0.046296296296296294
4 0.5458333333333333 0.35833333333333334 0.026041666666666668 0.046296296296296294
4 0.37864583333333335 0.362962962962963 0.026041666666666668 0.046296296296296294
4 0.5041666666666667 0.3648148148148148 0.026041666666666668 0.046296296296296294
4 0.48072916666666665 0.37037037037037035 0.026041666666666668 0.046296296296296294
4 0.540625 0.37407407407407406 0.026041666666666668 0.046296296296296294
4 0.5145833333333333 0.38055555555555554 0.026041666666666668 0.046296296296296294
4 0.3953125 0.39351851851851855 0.026041666666666668 0.046296296296296294
4 0.49375 0.39444444444444443 0.026041666666666668 0.046296296296296294
4 0.5286458333333334 0.39537037037037037 0.026041666666666668 0.046296296296296294
4 0.5166666666666667 0.40185185185185185 0.026041666666666668 0.046296296296296294
2 0.20208333333333334 0.4074074074074074 0.026041666666666668 0.046296296296296294
4 0.375 0.40925925925925927 0.026041666666666668 0.046296296296296294
4 0.43333333333333335 0.4111111111111111 0.026041666666666668 0.046296296296296294
4 0.46979166666666666 0.40925925925925927 0.026041666666666668 0.046296296296296294
4 0.4947916666666667 0.4101851851851852 0.026041666666666668 0.046296296296296294
4 0.65 0.40555555555555556 0.026041666666666668 0.046296296296296294
3 0.7036458333333333 0.4083333333333333 0.026041666666666668 0.046296296296296294
4 0.48385416666666664 0.41574074074074074 0.026041666666666668 0.046296296296296294
4 0.5109375 0.4185185185185185 0.026041666666666668 0.046296296296296294
4 0.5375 0.41759259259259257 0.026041666666666668 0.046296296296296294
4 0.4239583333333333 0.42685185185185187 0.026041666666666668 0.046296296296296294
4 0.6604166666666667 0.42314814814814816 0.026041666666666668 0.046296296296296294
3 0.6770833333333334 0.425 0.026041666666666668 0.046296296296296294
4 0.6505208333333333 0.42962962962962964 0.026041666666666668 0.046296296296296294
4 0.6661458333333333 0.43425925925925923 0.026041666666666668 0.046296296296296294
4 0.46927083333333336 0.44722222222222224 0.026041666666666668 0.046296296296296294
4 0.6536458333333334 0.45092592592592595 0.026041666666666668 0.046296296296296294
4 0.6651041666666667 0.45 0.026041666666666668 0.046296296296296294
3 0.6911458333333333 0.4462962962962963 0.026041666666666668 0.046296296296296294
4 0.3958333333333333 0.45740740740740743 0.026041666666666668 0.046296296296296294
4 0.5119791666666667 0.4564814814814815 0.026041666666666668 0.046296296296296294
4 0.6666666666666666 0.46574074074074073 0.026041666666666668 0.046296296296296294
4 0.37395833333333334 0.47314814814814815 0.026041666666666668 0.046296296296296294
4 0.5015625 0.48055555555555557 0.026041666666666668 0.046296296296296294
3 0.6713541666666667 0.47962962962962963 0.026041666666666668 0.046296296296296294
4 0.515625 0.487962962962963 0.026041666666666668 0.046296296296296294
4 0.6447916666666667 0.48518518518518516 0.026041666666666668 0.046296296296296294
4 0.4583333333333333 0.49722222222222223 0.026041666666666668 0.046296296296296294
4 0.5161458333333333 0.4962962962962963 0.026041666666666668 0.046296296296296294
4 0.6291666666666667 0.5027777777777778 0.026041666666666668 0.046296296296296294
4 0.6442708333333333 0.5027777777777778 0.026041666666666668 0.046296296296296294
3 0.6708333333333333 0.49907407407407406 0.026041666666666668 0.046296296296296294
4 0.4947916666666667 0.5101851851851852 0.026041666666666668 0.046296296296296294
4 0.5114583333333333 0.512962962962963 0.026041666666666668 0.046296296296296294
4 0.4322916666666667 0.5203703703703704 0.026041666666666668 0.046296296296296294
4 0.5604166666666667 0.5175925925925926 0.026041666666666668 0.046296296296296294
3 0.6697916666666667 0.5166666666666667 0.026041666666666668 0.046296296296296294
3 0.6953125 0.5185185185185185 0.026041666666666668 0.046296296296296294
4 0.44947916666666665 0.5268518518518519 0.026041666666666668 0.046296296296296294
4 0.6135416666666667 0.525 0.026041666666666668 0.046296296296296294
3 0.728125 0.524074074074074 0.026041666666666668 0.046296296296296294
4 0.42552083333333335 0.537962962962963 0.026041666666666668 0.046296296296296294
3 0.7229166666666667 0.5351851851851852 0.026041666666666668 0.046296296296296294
4 0.4005208333333333 0.5407407407407407 0.026041666666666668 0.046296296296296294
4 0.515625 0.5407407407407407 0.026041666666666668 0.046296296296296294
4 0.5958333333333333 0.5416666666666666 0.026041666666666668 0.046296296296296294
4 0.4244791666666667 0.5583333333333333 0.026041666666666668 0.046296296296296294
4 0.5854166666666667 0.5555555555555556 0.026041666666666668 0.046296296296296294
3 0.7572916666666667 0.5546296296296296 0.026041666666666668 0.046296296296296294
4 0.4734375 0.5638888888888889 0.026041666666666668 0.046296296296296294
3 0.7401041666666667 0.562037037037037 0.026041666666666668 0.046296296296296294
4 0.5453125 0.5740740740740741 0.026041666666666668 0.046296296296296294
4 0.59375 0.5685185185185185 0.026041666666666668 0.046296296296296294
3 0.7666666666666667 0.5740740740740741 0.026041666666666668 0.046296296296296294
4 0.44479166666666664 0.5787037037037037 0.026041666666666668 0.046296296296296294
4 0.5739583333333333 0.5824074074074074 0.026041666666666668 0.046296296296296294
4 0.4192708333333333 0.587037037037037 0.026041666666666668 0.046296296296296294
4 0.47604166666666664 0.587037037037037 0.026041666666666668 0.046296296296296294
4 0.5203125 0.5888888888888889 0.026041666666666668 0.046296296296296294
3 0.6744791666666666 0.5888888888888889 0.026041666666666668 0.046296296296296294
4 0.6338541666666667 0.6046296296296296 0.026041666666666668 0.046296296296296294
3 0.7322916666666667 0.612037037037037 0.026041666666666668 0.046296296296296294
4 0.475 0.6185185185185185 0.026041666666666668 0.046296296296296294
4 0.5192708333333333 0.6185185185185185 0.026041666666666668 0.046296296296296294
4 0.5822916666666667 0.6259259259259259 0.026041666666666668 0.046296296296296294
4 0.39010416666666664 0.637962962962963 0.026041666666666668 0.046296296296296294
4 0.4901041666666667 0.6509259259259259 0.026041666666666668 0.046296296296296294
4 0.590625 0.6472222222222223 0.026041666666666668 0.046296296296296294
4 0.6328125 0.6555555555555556 0.026041666666666668 0.046296296296296294
1 0.4583333333333333 0.6675925925925926 0.026041666666666668 0.046296296296296294
4 0.5364583333333334 0.6592592592592592 0.026041666666666668 0.046296296296296294
1 0.70625 0.6722222222222223 0.026041666666666668 0.046296296296296294
1 0.22135416666666666 0.6972222222222222 0.026041666666666668 0.046296296296296294
1 0.14791666666666667 0.7074074074074074 0.026041666666666668 0.046296296296296294
1 0.5572916666666666 0.7194444444444444 0.026041666666666668 0.046296296296296294
1 0.6953125 0.7231481481481481 0.026041666666666668 0.046296296296296294
1 0.5036458333333333 0.725925925925926 0.026041666666666668 0.046296296296296294
1 0.7255208333333333 0.737037037037037 0.026041666666666668 0.046296296296296294
1 0.9567708333333333 0.762962962962963 0.026041666666666668 0.046296296296296294
1 0.7895833333333333 0.8083333333333333 0.026041666666666668 0.046296296296296294
1 0.8 0.8462962962962963 0.026041666666666668 0.046296296296296294
1 0.32760416666666664 0.8694444444444445 0.026041666666666668 0.046296296296296294
1 0.5979166666666667 0.899074074074074 0.026041666666666668 0.046296296296296294
1 0.934375 0.9203703703703704 0.026041666666666668 0.046296296296296294
1 0.08645833333333333 0.9444444444444444 0.026041666666666668 0.046296296296296294
1 0.44166666666666665 0.9351851851851852 0.026041666666666668 0.046296296296296294
1 0.5333333333333333 0.937962962962963 0.026041666666666668 0.046296296296296294
1 0.9661458333333334 0.95 0.026041666666666668 0.046296296296296294
1 0.5489583333333333 0.9962962962962963 0.026041666666666668 0.046296296296296294
1 0.13958333333333334 0.8814814814814815 0.026041666666666668 0.046296296296296294
1 0.21666666666666667 0.6925925925925925 0.026041666666666668 0.046296296296296294
1 0.5989583333333334 0.937037037037037 0.026041666666666668 0.046296296296296294
1 0.83125 0.9351851851851852 0.026041666666666668 0.046296296296296294
1 0.8875 0.7518518518518519 0.026041666666666668 0.046296296296296294
1 0.8291666666666667 0.8666666666666667 0.026041666666666668 0.046296296296296294
1 0.7791666666666667 0.674074074074074 0.026041666666666668 0.046296296296296294
1 0.4427083333333333 0.7037037037037037 0.026041666666666668 0.046296296296296294
1 0.45729166666666665 0.7574074074074074 0.026041666666666668 0.046296296296296294
1 0.37916666666666665 0.6777777777777778 0.026041666666666668 0.046296296296296294
4 0.6322916666666667 0.5277777777777778 0.026041666666666668 0.046296296296296294
2 0.18125 0.4777777777777778 0.026041666666666668 0.046296296296296294
2 0.18020833333333333 0.4203703703703704 0.026041666666666668 0.046296296296296294
4 0.5458333333333333 0.6370370370370371 0.026041666666666668 0.046296296296296294
3 0.6729166666666667 0.6333333333333333 0.026041666666666668 0.046296296296296294
1 0.6572916666666667 0.674074074074074 0.026041666666666668 0.046296296296296294
