0 0.4703125 0.09444444444444444 0.026041666666666668 0.046296296296296294
0 0.4796875 0.09907407407407408 0.026041666666666668 0.046296296296296294
0 0.475 0.10740740740740741 0.026041666666666668 0.046296296296296294
0 0.4869791666666667 0.10555555555555556 0.026041666666666668 0.046296296296296294
0 0.4703125 0.11481481481481481 0.026041666666666668 0.046296296296296294
0 0.4796875 0.12314814814814815 0.026041666666666668 0.046296296296296294
0 0.46197916666666666 0.1425925925925926 0.026041666666666668 0.046296296296296294
0 0.42864583333333334 0.17962962962962964 0.026041666666666668 0.046296296296296294
0 0.5125 0.1824074074074074 0.026041666666666668 0.046296296296296294
0 0.5140625 0.18518518518518517 0.026041666666666668 0.046296296296296294
0 0.453125 0.20555555555555555 0.026041666666666668 0.046296296296296294
0 0.4791666666666667 0.2074074074074074 0.026041666666666668 0.046296296296296294
0 0.49947916666666664 0.22314814814814815 0.026041666666666668 0.046296296296296294
0 0.5151041666666667 0.22037037037037038 0.026041666666666668 0.046296296296296294
0 0.4744791666666667 0.23148148148148148 0.026041666666666668 0.046296296296296294
0 0.42239583333333336 0.2351851851851852 0.026041666666666668 0.046296296296296294
0 0.42916666666666664 0.2361111111111111 0.026041666666666668 0.046296296296296294
0 0.44895833333333335 0.23703703703703705 0.026041666666666668 0.046296296296296294
0 0.4609375 0.24074074074074073 0.026041666666666668 0.046296296296296294
0 0.44166666666666665 0.24537037037037038 0.026041666666666668 0.046296296296296294
0 0.45364583333333336 0.24537037037037038 0.026041666666666668 0.046296296296296294
0 0.5072916666666667 0.24814814814814815 0.026041666666666668 0.046296296296296294
0 0.47291666666666665 0.25462962962962965 0.026041666666666668 0.046296296296296294
0 0.4901041666666667 0.2518518518518518 0.026041666666666668 0.046296296296296294
0 0.49947916666666664 0.25462962962962965 0.026041666666666668 0.046296296296296294
0 0.515625 0.2537037037037037 0.026041666666666668 0.046296296296296294
0 0.43333333333333335 0.262037037037037 0.026041666666666668 0.046296296296296294
0 0.4546875 0.262037037037037 0.026041666666666668 0.046296296296296294
0 0.5036458333333333 0.262037037037037 0.026041666666666668 0.046296296296296294
0 0.7036458333333333 0.2601851851851852 0.026041666666666668 0.046296296296296294
0 0.4625 0.27037037037037037 0.026041666666666668 0.046296296296296294
0 0.49114583333333334 0.26851851851851855 0.026041666666666668 0.046296296296296294
0 0.5255208333333333 0.27314814814814814 0.026041666666666668 0.046296296296296294
0 0.5447916666666667 0.2777777777777778 0.026041666666666668 0.046296296296296294
0 0.4875 0.2851851851851852 0.026041666666666668 0.046296296296296294
0 0.4947916666666667 0.2833333333333333 0.026041666666666668 0.046296296296296294
0 0.5067708333333333 0.2851851851851852 0.026041666666666668 0.046296296296296294
0 0.4583333333333333 0.29444444444444445 0.026041666666666668 0.046296296296296294
0 0.465625 0.2935185185185185 0.026041666666666668 0.046296296296296294
0 0.43645833333333334 0.3 0.026041666666666668 0.046296296296296294
0 0.4822916666666667 0.30277777777777776 0.026041666666666668 0.046296296296296294
0 0.5203125 0.30185185185185187 0.026041666666666668 0.046296296296296294
0 0.453125 0.31203703703703706 0.026041666666666668 0.046296296296296294
0 0.4703125 0.30925925925925923 0.026041666666666668 0.046296296296296294
0 0.5114583333333333 0.30648148148148147 0.026041666666666668 0.046296296296296294
0 0.44114583333333335 0.31666666666666665 0.026041666666666668 0.046296296296296294
0 0.4817708333333333 0.31296296296296294 0.026041666666666668 0.046296296296296294
0 0.4161458333333333 0.3314814814814815 0.026041666666666668 0.046296296296296294
4 0.428125 0.33425925925925926 0.026041666666666668 0.046296296296296294
0 0.44427083333333334 0.33240740740740743 0.026041666666666668 0.046296296296296294
0 0.4578125 0.3314814814814815 0.026041666666666668 0.046296296296296294
0 0.49166666666666664 0.33240740740740743 0.026041666666666668 0.046296296296296294
0 0.5046875 0.33240740740740743 0.026041666666666668 0.046296296296296294
0 0.5119791666666667 0.3314814814814815 0.026041666666666668 0.046296296296296294
4 0.4708333333333333 0.33611111111111114 0.026041666666666668 0.046296296296296294
4 0.4083333333333333 0.35 0.026041666666666668 0.046296296296296294
4 0.4984375 0.3472222222222222 0.026041666666666668 0.046296296296296294
4 0.375 0.3537037037037037 0.026041666666666668 0.046296296296296294
4 0.39947916666666666 0.3537037037037037 0.026041666666666668 0.046296296296296294
4 0.4203125 0.35648148148148145 0.026041666666666668 0.046296296296296294
4 0.4796875 0.35462962962962963 0.026041666666666668 0.046296296296296294
4 0.5166666666666667 0.35462962962962963 0.026041666666666668 0.046296296296296294
3 0.6770833333333334 0.35 0.026041666666666668 0.046296296296296294
4 0.3880208333333333 0.362962962962963 0.026041666666666668 0.046296296296296294
4 0.475 0.3648148148148148 0.026041666666666668 0.046296296296296294
4 0.5119791666666667 0.36203703703703705 0.026041666666666668 0.046296296296296294
4 0.459375 0.3675925925925926 0.026041666666666668 0.046296296296296294
3 0.740625 0.37037037037037035 0.026041666666666668 0.046296296296296294
4 0.5088541666666667 0.3787037037037037 0.026041666666666668 0.046296296296296294
4 0.5197916666666667 0.3888888888888889 0.026041666666666668 0.046296296296296294
4 0.37916666666666665 0.3962962962962963 0.026041666666666668 0.046296296296296294
2 0.175 0.4027777777777778 0.026041666666666668 0.046296296296296294
2 0.18958333333333333 0.40185185185185185 0.026041666666666668 0.046296296296296294
4 0.3875 0.4046296296296296 0.026041666666666668 0.046296296296296294
2 0.20520833333333333 0.4083333333333333 0.026041666666666668 0.046296296296296294
4 0.6572916666666667 0.4101851851851852 0.026041666666666668 0.046296296296296294
4 0.428125 0.41944444444444445 0.026041666666666668 0.046296296296296294
4 0.515625 0.41944444444444445 0.026041666666666668 0.046296296296296294
4 0.37864583333333335 0.43148148148148147 0.026041666666666668 0.046296296296296294
4 0.5046875 0.43333333333333335 0.026041666666666668 0.046296296296296294
4 0.5213541666666667 0.4324074074074074 0.026041666666666668 0.046296296296296294
4 0.6536458333333334 0.4351851851851852 0.026041666666666668 0.046296296296296294
4 0.4036458333333333 0.4388888888888889 0.026041666666666668 0.046296296296296294
4 0.4239583333333333 0.44074074074074077 0.026041666666666668 0.046296296296296294
4 0.44479166666666664 0.4425925925925926 0.026041666666666668 0.046296296296296294
4 0.4552083333333333 0.44074074074074077 0.026041666666666668 0.046296296296296294
3 0.7119791666666667 0.4398148148148148 0.026041666666666668 0.046296296296296294
4 0.4348958333333333 0.4462962962962963 0.026041666666666668 0.046296296296296294
4 0.5078125 0.45 0.026041666666666668 0.046296296296296294
4 0.5234375 0.44907407407407407 0.026041666666666668 0.046296296296296294
4 0.6645833333333333 0.4462962962962963 0.026041666666666668 0.046296296296296294
3 0.6869791666666667 0.44907407407407407 0.026041666666666668 0.046296296296296294
4 0.46145833333333336 0.4583333333333333 0.026041666666666668 0.046296296296296294
4 0.4125 0.46296296296296297 0.026041666666666668 0.046296296296296294
4 0.5244791666666667 0.4648148148148148 0.026041666666666668 0.046296296296296294
3 0.6744791666666666 0.46296296296296297 0.026041666666666668 0.046296296296296294
2 0.22083333333333333 0.4722222222222222 0.026041666666666668 0.046296296296296294
3 0.6822916666666666 0.4703703703703704 0.026041666666666668 0.046296296296296294
4 0.4557291666666667 0.47962962962962963 0.026041666666666668 0.046296296296296294
4 0.5161458333333333 0.48055555555555557 0.026041666666666668 0.046296296296296294
4 0.6291666666666667 0.47962962962962963 0.026041666666666668 0.046296296296296294
4 0.47760416666666666 0.4861111111111111 0.026041666666666668 0.046296296296296294
4 0.5192708333333333 0.4935185185185185 0.026041666666666668 0.046296296296296294
4 0.615625 0.5037037037037037 0.026041666666666668 0.046296296296296294
3 0.6911458333333333 0.5018518518518519 0.026041666666666668 0.046296296296296294
2 0.2203125 0.5120370370370371 0.026041666666666668 0.046296296296296294
4 0.38385416666666666 0.5027777777777778 0.026041666666666668 0.046296296296296294
4 0.5276041666666667 0.512962962962963 0.026041666666666668 0.046296296296296294
4 0.5734375 0.5185185185185185 0.026041666666666668 0.046296296296296294
4 0.6296875 0.5194444444444445 0.026041666666666668 0.046296296296296294
3 0.6984375 0.5175925925925926 0.026041666666666668 0.046296296296296294
4 0.5432291666666667 0.5296296296296297 0.026041666666666668 0.046296296296296294
3 0.728125 0.5333333333333333 0.026041666666666668 0.046296296296296294
4 0.625 0.5509259259259259 0.026041666666666668 0.046296296296296294
4 0.5515625 0.5574074074074075 0.026041666666666668 0.046296296296296294
4 0.5744791666666667 0.5564814814814815 0.026041666666666668 0.046296296296296294
3 0.7364583333333333 0.5638888888888889 0.026041666666666668 0.046296296296296294
4 0.6411458333333333 0.6037037037037037 0.026041666666666668 0.046296296296296294
4 0.5921875 0.612037037037037 0.026041666666666668 0.046296296296296294
4 0.490625 0.6157407407407407 0.026041666666666668 0.046296296296296294
3 0.753125 0.6203703703703703 0.026041666666666668 0.046296296296296294
4 0.45989583333333334 0.6268518518518519 0.026041666666666668 0.046296296296296294
4 0.5984375 0.6342592592592593 0.026041666666666668 0.046296296296296294
4 0.5416666666666666 0.6435185185185185 0.026041666666666668 0.046296296296296294
3 0.725 0.6444444444444445 0.026041666666666668 0.046296296296296294
4 0.615625 0.662962962962963 0.026041666666666668 0.046296296296296294
3 0.7078125 0.6648148148148149 0.026041666666666668 0.046296296296296294
1 0.7729166666666667 0.6722222222222223 0.026041666666666668 0.046296296296296294
1 0.7458333333333333 0.6916666666666667 0.026041666666666668 0.046296296296296294
1 0.6208333333333333 0.7518518518518519 0.026041666666666668 0.046296296296296294
1 0.8822916666666667 0.7453703703703703 0.026041666666666668 0.046296296296296294
1 0.5729166666666666 0.7898148148148149 0.026041666666666668 0.046296296296296294
1 0.8630208333333333 0.8009259259259259 0.026041666666666668 0.046296296296296294
1 0.5953125 0.8055555555555556 0.026041666666666668 0.046296296296296294
1 0.6666666666666666 0.8305555555555556 0.026041666666666668 0.046296296296296294
1 0.7661458333333333 0.8277777777777777 0.026041666666666668 0.046296296296296294
1 0.978125 0.8462962962962963 0.026041666666666668 0.046296296296296294
1 0.8239583333333333 0.8666666666666667 0.026041666666666668 0.046296296296296294
1 0.8166666666666667 0.9138888888888889 0.026041666666666668 0.046296296296296294
1 0.4421875 0.9425925925925925 0.026041666666666668 0.046296296296296294
1 0.9630208333333333 0.9453703703703704 0.026041666666666668 0.046296296296296294
1 0.9947916666666666 0.8611111111111112 0.026041666666666668 0.046296296296296294
1 0.8229166666666666 0.8222222222222222 0.026041666666666668 0.046296296296296294
3 0.7645833333333333 0.5796296296296296 0.026041666666666668 0.046296296296296294
4 0.6635416666666667 0.5296296296296297 0.026041666666666668 0.046296296296296294
0 0.45416666666666666 0.1388888888888889 0.026041666666666668 0.046296296296296294
4 0.4125 0.5222222222222223 0.026041666666666668 0.046296296296296294
3 0.7541666666666667 0.5555555555555556 0.026041666666666668 0.046296296296296294
