0 0.4859375 0.10555555555555556 0.026041666666666668 0.046296296296296294
0 0.44583333333333336 0.11944444444444445 0.026041666666666668 0.046296296296296294
0 0.4625 0.12129629629629629 0.026041666666666668 0.046296296296296294
0 0.490625 0.12222222222222222 0.026041666666666668 0.046296296296296294
0 0.4552083333333333 0.12962962962962962 0.026041666666666668 0.046296296296296294
0 0.48333333333333334 0.13055555555555556 0.026041666666666668 0.046296296296296294
0 0.45416666666666666 0.13796296296296295 0.026041666666666668 0.046296296296296294
0 0.4708333333333333 0.1361111111111111 0.026041666666666668 0.046296296296296294
0 0.4901041666666667 0.1361111111111111 0.026041666666666668 0.046296296296296294
0 0.45 0.14629629629629629 0.026041666666666668 0.046296296296296294
0 0.45677083333333335 0.1425925925925926 0.026041666666666668 0.046296296296296294
0 0.4734375 0.14537037037037037 0.026041666666666668 0.046296296296296294
0 0.4859375 0.14814814814814814 0.026041666666666668 0.046296296296296294
0 0.46979166666666666 0.1527777777777778 0.026041666666666668 0.046296296296296294
0 0.4786458333333333 0.15185185185185185 0.026041666666666668 0.046296296296296294
0 0.4661458333333333 0.17037037037037037 0.026041666666666668 0.046296296296296294
0 0.46041666666666664 0.19074074074074074 0.026041666666666668 0.046296296296296294
0 0.4609375 0.20833333333333334 0.026041666666666668 0.046296296296296294
0 0.5119791666666667 0.2064814814814815 0.026041666666666668 0.046296296296296294
0 0.4703125 0.21481481481481482 0.026041666666666668 0.046296296296296294
0 0.4708333333333333 0.22870370370370371 0.026041666666666668 0.046296296296296294
0 0.4578125 0.23703703703703705 0.026041666666666668 0.046296296296296294
0 0.5072916666666667 0.262037037037037 0.026041666666666668 0.046296296296296294
0 0.41458333333333336 0.2675925925925926 0.026041666666666668 0.046296296296296294
0 0.5078125 0.27037037037037037 0.026041666666666668 0.046296296296296294
0 0.4276041666666667 0.2851851851851852 0.026041666666666668 0.046296296296296294
0 0.5020833333333333 0.28703703703703703 0.026041666666666668 0.046296296296296294
0 0.5083333333333333 0.2833333333333333 0.026041666666666668 0.046296296296296294
0 0.6958333333333333 0.2861111111111111 0.026041666666666668 0.046296296296296294
0 0.44895833333333335 0.29259259259259257 0.026041666666666668 0.046296296296296294
0 0.48333333333333334 0.29814814814814816 0.026041666666666668 0.046296296296296294
0 0.4901041666666667 0.2972222222222222 0.026041666666666668 0.046296296296296294
0 0.4630208333333333 0.30833333333333335 0.026041666666666668 0.046296296296296294
0 0.465625 0.3055555555555556 0.026041666666666668 0.046296296296296294
0 0.4703125 0.30925925925925923 0.026041666666666668 0.046296296296296294
0 0.4786458333333333 0.3111111111111111 0.026041666666666668 0.046296296296296294
0 0.5026041666666666 0.30648148148148147 0.026041666666666668 0.046296296296296294
0 0.5119791666666667 0.3074074074074074 0.026041666666666668 0.046296296296296294
0 0.41770833333333335 0.3148148148148148 0.026041666666666668 0.046296296296296294
0 0.4234375 0.31574074074074077 0.026041666666666668 0.046296296296296294
0 0.4270833333333333 0.3148148148148148 0.026041666666666668 0.046296296296296294
0 0.45729166666666665 0.3175925925925926 0.026041666666666668 0.046296296296296294
0 0.478125 0.31574074074074077 0.026041666666666668 0.046296296296296294
0 0.49947916666666664 0.3175925925925926 0.026041666666666668 0.046296296296296294
0 0.5067708333333333 0.31851851851851853 0.026041666666666668 0.046296296296296294
0 0.7067708333333333 0.31203703703703706 0.026041666666666668 0.046296296296296294
0 0.4395833333333333 0.32407407407407407 0.026041666666666668 0.046296296296296294
0 0.515625 0.32222222222222224 0.026041666666666668 0.046296296296296294
0 0.521875 0.33055555555555555 0.026041666666666668 0.046296296296296294
0 0.6802083333333333 0.3314814814814815 0.026041666666666668 0.046296296296296294
4 0.453125 0.34074074074074073 0.026041666666666668 0.046296296296296294
4 0.5078125 0.34074074074074073 0.026041666666666668 0.046296296296296294
4 0.41041666666666665 0.3453703703703704 0.026041666666666668 0.046296296296296294
4 0.478125 0.3453703703703704 0.026041666666666668 0.046296296296296294
4 0.4864583333333333 0.34814814814814815 0.026041666666666668 0.046296296296296294
4 0.5026041666666666 0.3509259259259259 0.026041666666666668 0.046296296296296294
4 0.390625 0.35462962962962963 0.026041666666666668 0.046296296296296294
4 0.38333333333333336 0.3638888888888889 0.026041666666666668 0.046296296296296294
4 0.4239583333333333 0.3648148148148148 0.026041666666666668 0.046296296296296294
4 0.44114583333333335 0.362962962962963 0.026041666666666668 0.046296296296296294
4 0.6494791666666667 0.362962962962963 0.026041666666666668 0.046296296296296294
4 0.43333333333333335 0.37222222222222223 0.026041666666666668 0.046296296296296294
4 0.45364583333333336 0.37222222222222223 0.026041666666666668 0.046296296296296294
4 0.46927083333333336 0.3712962962962963 0.026041666666666668 0.046296296296296294
4 0.4953125 0.37222222222222223 0.026041666666666668 0.046296296296296294
4 0.4041666666666667 0.38055555555555554 0.026041666666666668 0.046296296296296294
4 0.5119791666666667 0.3814814814814815 0.026041666666666668 0.046296296296296294
4 0.4625 0.38981481481481484 0.026041666666666668 0.046296296296296294
4 0.484375 0.38796296296296295 0.026041666666666668 0.046296296296296294
4 0.39947916666666666 0.3972222222222222 0.026041666666666668 0.046296296296296294
4 0.4234375 0.3962962962962963 0.026041666666666668 0.046296296296296294
4 0.5109375 0.3925925925925926 0.026041666666666668 0.046296296296296294
2 0.17395833333333333 0.4009259259259259 0.026041666666666668 0.046296296296296294
2 0.19739583333333333 0.39814814814814814 0.026041666666666668 0.046296296296296294
2 0.21614583333333334 0.4 0.026041666666666668 0.046296296296296294
4 0.41770833333333335 0.40185185185185185 0.026041666666666668 0.046296296296296294
4 0.6567708333333333 0.40185185185185185 0.026041666666666668 0.046296296296296294
2 0.1734375 0.41759259259259257 0.026041666666666668 0.046296296296296294
2 0.21510416666666668 0.4148148148148148 0.026041666666666668 0.046296296296296294
4 0.4114583333333333 0.4166666666666667 0.026041666666666668 0.046296296296296294
4 0.4359375 0.41574074074074074 0.026041666666666668 0.046296296296296294
4 0.4875 0.4185185185185185 0.026041666666666668 0.046296296296296294
4 0.39479166666666665 0.42407407407407405 0.026041666666666668 0.046296296296296294
4 0.6494791666666667 0.44166666666666665 0.026041666666666668 0.046296296296296294
4 0.5072916666666667 0.45 0.026041666666666668 0.046296296296296294
4 0.5203125 0.4462962962962963 0.026041666666666668 0.046296296296296294
3 0.7 0.44537037037037036 0.026041666666666668 0.046296296296296294
4 0.6651041666666667 0.45555555555555555 0.026041666666666668 0.046296296296296294
3 0.678125 0.45555555555555555 0.026041666666666668 0.046296296296296294
3 0.7078125 0.45925925925925926 0.026041666666666668 0.046296296296296294
4 0.5239583333333333 0.4648148148148148 0.026041666666666668 0.046296296296296294
3 0.68125 0.4648148148148148 0.026041666666666668 0.046296296296296294
4 0.6328125 0.47962962962962963 0.026041666666666668 0.046296296296296294
4 0.6536458333333334 0.48148148148148145 0.026041666666666668 0.046296296296296294
4 0.51875 0.4888888888888889 0.026041666666666668 0.046296296296296294
3 0.6770833333333334 0.4888888888888889 0.026041666666666668 0.046296296296296294
4 0.503125 0.49444444444444446 0.026041666666666668 0.046296296296296294
4 0.6119791666666666 0.4925925925925926 0.026041666666666668 0.046296296296296294
3 0.6869791666666667 0.5037037037037037 0.026041666666666668 0.046296296296296294
4 0.5890625 0.5148148148148148 0.026041666666666668 0.046296296296296294
4 0.603125 0.5194444444444445 0.026041666666666668 0.046296296296296294
3 0.678125 0.5222222222222223 0.026041666666666668 0.046296296296296294
4 0.5125 0.525 0.026041666666666668 0.046296296296296294
4 0.5197916666666667 0.5259259259259259 0.026041666666666668 0.046296296296296294
4 0.6239583333333333 0.5259259259259259 0.026041666666666668 0.046296296296296294
4 0.6661458333333333 0.525 0.026041666666666668 0.046296296296296294
3 0.7229166666666667 0.5259259259259259 0.026041666666666668 0.046296296296296294
4 0.6078125 0.5425925925925926 0.026041666666666668 0.046296296296296294
4 0.6244791666666667 0.5425925925925926 0.026041666666666668 0.046296296296296294
4 0.625 0.5638888888888889 0.026041666666666668 0.046296296296296294
3 0.740625 0.5638888888888889 0.026041666666666668 0.046296296296296294
4 0.6625 0.5824074074074074 0.026041666666666668 0.046296296296296294
4 0.5203125 0.5888888888888889 0.026041666666666668 0.046296296296296294
4 0.6078125 0.5944444444444444 0.026041666666666668 0.046296296296296294
4 0.6291666666666667 0.6111111111111112 0.026041666666666668 0.046296296296296294
4 0.46145833333333336 0.6064814814814815 0.026041666666666668 0.046296296296296294
4 0.5119791666666667 0.6222222222222222 0.026041666666666668 0.046296296296296294
4 0.5822916666666667 0.6342592592592593 0.026041666666666668 0.046296296296296294
4 0.4171875 0.637962962962963 0.026041666666666668 0.046296296296296294
4 0.5864583333333333 0.662962962962963 0.026041666666666668 0.046296296296296294
3 0.7703125 0.6638888888888889 0.026041666666666668 0.046296296296296294
1 0.4015625 0.6814814814814815 0.026041666666666668 0.046296296296296294
1 0.44427083333333334 0.6731481481481482 0.026041666666666668 0.046296296296296294
1 0.48020833333333335 0.6898148148148148 0.026041666666666668 0.046296296296296294
1 0.7229166666666667 0.7203703703703703 0.026041666666666668 0.046296296296296294
1 0.5447916666666667 0.7129629629629629 0.026041666666666668 0.046296296296296294
1 0.38125 0.7333333333333333 0.026041666666666668 0.046296296296296294
1 0.4864583333333333 0.7379629629629629 0.026041666666666668 0.046296296296296294
1 0.5203125 0.7925925925925926 0.026041666666666668 0.046296296296296294
1 0.6802083333333333 0.787962962962963 0.026041666666666668 0.046296296296296294
1 0.25104166666666666 0.8037037037037037 0.026041666666666668 0.046296296296296294
1 0.11822916666666666 0.8194444444444444 0.026041666666666668 0.046296296296296294
1 0.015104166666666667 0.8296296296296296 0.026041666666666668 0.046296296296296294
1 0.8229166666666666 0.8388888888888889 0.026041666666666668 0.046296296296296294
1 0.05625 0.850925925925926 0.026041666666666668 0.046296296296296294
1 0.365625 0.8472222222222222 0.026041666666666668 0.046296296296296294
1 0.559375 0.8601851851851852 0.026041666666666668 0.046296296296296294
1 0.14583333333333334 0.875 0.026041666666666668 0.046296296296296294
1 0.0046875 0.8888888888888888 0.026041666666666668 0.046296296296296294
1 0.075 0.8907407407407407 0.026041666666666668 0.046296296296296294
1 0.8338541666666667 0.8953703703703704 0.026041666666666668 0.046296296296296294
1 0.6453125 0.8916666666666667 0.026041666666666668 0.046296296296296294
1 0.12864583333333332 0.9064814814814814 0.026041666666666668 0.046296296296296294
1 0.4390625 0.9009259259259259 0.026041666666666668 0.046296296296296294
1 0.4666666666666667 0.9018518518518519 0.026041666666666668 0.046296296296296294
1 0.19791666666666666 0.9055555555555556 0.026041666666666668 0.046296296296296294
1 0.40260416666666665 0.9166666666666666 0.026041666666666668 0.046296296296296294
1 0.3463541666666667 0.9342592592592592 0.026041666666666668 0.046296296296296294
1 0.28958333333333336 0.9296296296296296 0.026041666666666668 0.046296296296296294
1 0.17708333333333334 0.987037037037037 0.026041666666666668 0.046296296296296294
1 0.71875 0.8055555555555556 0.026041666666666668 0.046296296296296294
1 0.8291666666666667 0.7462962962962963 0.026041666666666668 0.046296296296296294
1 0.7833333333333333 0.9314814814814815 0.026041666666666668 0.046296296296296294
1 0.8302083333333333 0.9481481481481482 0.026041666666666668 0.046296296296296294
1 0.8895833333333333 0.7407407407407407 0.026041666666666668 0.046296296296296294
1 0.8770833333333333 0.8222222222222222 0.026041666666666668 0.046296296296296294
3 0.7625 0.6037037037037037 0.026041666666666668 0.046296296296296294
3 0.7510416666666667 0.6407407407407407 0.026041666666666668 0.046296296296296294
4 0.6614583333333334 0.6148148148148148 0.026041666666666668 0.046296296296296294
4 0.621875 0.6425925925925926 0.026041666666666668 0.046296296296296294
4 0.5375 0.6351851851851852 0.026041666666666668 0.046296296296296294
4 0.43645833333333334 0.5037037037037037 0.026041666666666668 0.046296296296296294
4 0.45 0.42407407407407405 0.026041666666666668 0.046296296296296294
3 0.7041666666666667 0.37222222222222223 0.026041666666666668 0.046296296296296294
1 0.05625 0.9629629629629629 0.026041666666666668 0.046296296296296294
1 0.071875 0.9203703703703704 0.026041666666666668 0.046296296296296294
1 0.34791666666666665 0.7648148148148148 0.026041666666666668 0.046296296296296294
1 0.515625 0.8574074074074074 0.026041666666666668 0.046296296296296294
1 0.971875 0.9462962962962963 0.026041666666666668 0.046296296296296294
