0 0.4703125 0.09537037037037037 0.026041666666666668 0.046296296296296294
0 0.4791666666666667 0.09537037037037037 0.026041666666666668 0.046296296296296294
0 0.4864583333333333 0.10462962962962963 0.026041666666666668 0.046296296296296294
0 0.4921875 0.11944444444444445 0.026041666666666668 0.046296296296296294
0 0.4947916666666667 0.12222222222222222 0.026041666666666668 0.046296296296296294
0 0.4708333333333333 0.1287037037037037 0.026041666666666668 0.046296296296296294
0 0.45364583333333336 0.13148148148148148 0.026041666666666668 0.046296296296296294
0 0.48333333333333334 0.13796296296296295 0.026041666666666668 0.046296296296296294
0 0.48854166666666665 0.1388888888888889 0.026041666666666668 0.046296296296296294
0 0.4947916666666667 0.1361111111111111 0.026041666666666668 0.046296296296296294
0 0.4625 0.14351851851851852 0.026041666666666668 0.046296296296296294
0 0.47552083333333334 0.14629629629629629 0.026041666666666668 0.046296296296296294
0 0.490625 0.14722222222222223 0.026041666666666668 0.046296296296296294
0 0.44635416666666666 0.15 0.026041666666666668 0.046296296296296294
0 0.4671875 0.1527777777777778 0.026041666666666668 0.046296296296296294
0 0.45364583333333336 0.15833333333333333 0.026041666666666668 0.046296296296296294
0 0.4875 0.17592592592592593 0.026041666666666668 0.046296296296296294
0 0.49947916666666664 0.17314814814814813 0.026041666666666668 0.046296296296296294
0 0.5083333333333333 0.17592592592592593 0.026041666666666668 0.046296296296296294
0 0.4296875 0.18055555555555555 0.026041666666666668 0.046296296296296294
0 0.43385416666666665 0.18888888888888888 0.026041666666666668 0.046296296296296294
0 0.48020833333333335 0.19907407407407407 0.026041666666666668 0.046296296296296294
0 0.4869791666666667 0.2 0.026041666666666668 0.046296296296296294
0 0.4453125 0.22870370370370371 0.026041666666666668 0.046296296296296294
0 0.478125 0.23148148148148148 0.026041666666666668 0.046296296296296294
0 0.4203125 0.2361111111111111 0.026041666666666668 0.046296296296296294
0 0.5083333333333333 0.23703703703703705 0.026041666666666668 0.046296296296296294
0 0.5203125 0.2388888888888889 0.026041666666666668 0.046296296296296294
0 0.45 0.24259259259259258 0.026041666666666668 0.046296296296296294
0 0.48333333333333334 0.24722222222222223 0.026041666666666668 0.046296296296296294
0 0.49635416666666665 0.24722222222222223 0.026041666666666668 0.046296296296296294
0 0.515625 0.2537037037037037 0.026041666666666668 0.046296296296296294
0 0.43333333333333335 0.2601851851851852 0.026041666666666668 0.046296296296296294
0 0.44114583333333335 0.26481481481481484 0.026041666666666668 0.046296296296296294
0 0.44895833333333335 0.25833333333333336 0.026041666666666668 0.046296296296296294
0 0.45729166666666665 0.25833333333333336 0.026041666666666668 0.046296296296296294
0 0.4661458333333333 0.25925925925925924 0.026041666666666668 0.046296296296296294
0 0.46979166666666666 0.2601851851851852 0.026041666666666668 0.046296296296296294
0 0.48333333333333334 0.2601851851851852 0.026041666666666668 0.046296296296296294
0 0.4942708333333333 0.2611111111111111 0.026041666666666668 0.046296296296296294
0 0.6869791666666667 0.2601851851851852 0.026041666666666668 0.046296296296296294
0 0.4192708333333333 0.26481481481481484 0.026041666666666668 0.046296296296296294
0 0.46197916666666666 0.26944444444444443 0.026041666666666668 0.046296296296296294
0 0.45416666666666666 0.27685185185185185 0.026041666666666668 0.046296296296296294
0 0.4744791666666667 0.27685185185185185 0.026041666666666668 0.046296296296296294
0 0.5 0.275 0.026041666666666668 0.046296296296296294
0 0.5239583333333333 0.2777777777777778 0.026041666666666668 0.046296296296296294
0 0.4197916666666667 0.2851851851851852 0.026041666666666668 0.046296296296296294
0 0.4864583333333333 0.2861111111111111 0.026041666666666668 0.046296296296296294
0 0.43645833333333334 0.2916666666666667 0.026041666666666668 0.046296296296296294
0 0.5067708333333333 0.29444444444444445 0.026041666666666668 0.046296296296296294
0 0.4739583333333333 0.30092592592592593 0.026041666666666668 0.046296296296296294
0 0.49895833333333334 0.30185185185185187 0.026041666666666668 0.046296296296296294
0 0.5208333333333334 0.30277777777777776 0.026041666666666668 0.046296296296296294
0 0.43697916666666664 0.30648148148148147 0.026041666666666668 0.046296296296296294
0 0.44479166666666664 0.30833333333333335 0.026041666666666668 0.046296296296296294
0 0.46145833333333336 0.30648148148148147 0.026041666666666668 0.046296296296296294
0 0.490625 0.30925925925925923 0.026041666666666668 0.046296296296296294
0 0.5125 0.30833333333333335 0.026041666666666668 0.046296296296296294
0 0.4171875 0.31666666666666665 0.026041666666666668 0.046296296296296294
0 0.4786458333333333 0.31574074074074077 0.026041666666666668 0.046296296296296294
0 0.5161458333333333 0.3194444444444444 0.026041666666666668 0.046296296296296294
0 0.5401041666666667 0.3175925925925926 0.026041666666666668 0.046296296296296294
0 0.4708333333333333 0.32407407407407407 0.026041666666666668 0.046296296296296294
0 0.49583333333333335 0.32222222222222224 0.026041666666666668 0.046296296296296294
0 0.5026041666666666 0.32314814814814813 0.026041666666666668 0.046296296296296294
0 0.5234375 0.32314814814814813 0.026041666666666668 0.046296296296296294
0 0.4453125 0.33055555555555555 0.026041666666666668 0.046296296296296294
0 0.45729166666666665 0.3314814814814815 0.026041666666666668 0.046296296296296294
4 0.5104166666666666 0.3333333333333333 0.026041666666666668 0.046296296296296294
4 0.4270833333333333 0.3416666666666667 0.026041666666666668 0.046296296296296294
4 0.49635416666666665 0.3416666666666667 0.026041666666666668 0.046296296296296294
4 0.5036458333333333 0.3398148148148148 0.026041666666666668 0.046296296296296294
4 0.415625 0.3453703703703704 0.026041666666666668 0.046296296296296294
4 0.4505208333333333 0.34629629629629627 0.026041666666666668 0.046296296296296294
4 0.45416666666666666 0.34814814814814815 0.026041666666666668 0.046296296296296294
4 0.5119791666666667 0.34629629629629627 0.026041666666666668 0.046296296296296294
4 0.38333333333333336 0.35555555555555557 0.026041666666666668 0.046296296296296294
4 0.4375 0.35833333333333334 0.026041666666666668 0.046296296296296294
3 0.6848958333333334 0.35462962962962963 0.026041666666666668 0.046296296296296294
4 0.3927083333333333 0.3638888888888889 0.026041666666666668 0.046296296296296294
4 0.4244791666666667 0.3648148148148148 0.026041666666666668 0.046296296296296294
4 0.4791666666666667 0.3638888888888889 0.026041666666666668 0.046296296296296294
4 0.5041666666666667 0.36203703703703705 0.026041666666666668 0.046296296296296294
4 0.5192708333333333 0.36203703703703705 0.026041666666666668 0.046296296296296294
4 0.6578125 0.3638888888888889 0.026041666666666668 0.046296296296296294
3 0.7270833333333333 0.35833333333333334 0.026041666666666668 0.046296296296296294
4 0.4713541666666667 0.36944444444444446 0.026041666666666668 0.046296296296296294
4 0.6515625 0.3675925925925926 0.026041666666666668 0.046296296296296294
4 0.6583333333333333 0.3787037037037037 0.026041666666666668 0.046296296296296294
4 0.4401041666666667 0.3824074074074074 0.026041666666666668 0.046296296296296294
4 0.4666666666666667 0.39444444444444443 0.026041666666666668 0.046296296296296294
4 0.5197916666666667 0.3962962962962963 0.026041666666666668 0.046296296296296294
4 0.6583333333333333 0.39444444444444443 0.026041666666666668 0.046296296296296294
2 0.21510416666666668 0.40370370370370373 0.026041666666666668 0.046296296296296294
4 0.48802083333333335 0.4 0.026041666666666668 0.046296296296296294
4 0.6510416666666666 0.4027777777777778 0.026041666666666668 0.046296296296296294
4 0.5151041666666667 0.41203703703703703 0.026041666666666668 0.046296296296296294
2 0.16979166666666667 0.41759259259259257 0.026041666666666668 0.046296296296296294
2 0.20364583333333333 0.4185185185185185 0.026041666666666668 0.046296296296296294
4 0.5145833333333333 0.4166666666666667 0.026041666666666668 0.046296296296296294
4 0.6588541666666666 0.41759259259259257 0.026041666666666668 0.046296296296296294
4 0.3802083333333333 0.42592592592592593 0.026041666666666668 0.046296296296296294
4 0.42864583333333334 0.42407407407407405 0.026041666666666668 0.046296296296296294
4 0.6505208333333333 0.425 0.026041666666666668 0.046296296296296294
4 0.5 0.43333333333333335 0.026041666666666668 0.046296296296296294
4 0.5244791666666667 0.4324074074074074 0.026041666666666668 0.046296296296296294
4 0.6609375 0.43796296296296294 0.026041666666666668 0.046296296296296294
3 0.7067708333333333 0.4388888888888889 0.026041666666666668 0.046296296296296294
4 0.4708333333333333 0.45555555555555555 0.026041666666666668 0.046296296296296294
4 0.5083333333333333 0.45555555555555555 0.026041666666666668 0.046296296296296294
3 0.6708333333333333 0.4537037037037037 0.026041666666666668 0.046296296296296294
3 0.6817708333333333 0.4537037037037037 0.026041666666666668 0.046296296296296294
4 0.45729166666666665 0.46296296296296297 0.026041666666666668 0.046296296296296294
4 0.5255208333333333 0.46574074074074073 0.026041666666666668 0.046296296296296294
4 0.4239583333333333 0.4703703703703704 0.026041666666666668 0.046296296296296294
4 0.4375 0.4740740740740741 0.026041666666666668 0.046296296296296294
4 0.5171875 0.47314814814814815 0.026041666666666668 0.046296296296296294
3 0.6921875 0.47314814814814815 0.026041666666666668 0.046296296296296294
4 0.39479166666666665 0.48055555555555557 0.026041666666666668 0.046296296296296294
3 0.7005208333333334 0.4981481481481482 0.026041666666666668 0.046296296296296294
4 0.625 0.5037037037037037 0.026041666666666668 0.046296296296296294
4 0.5307291666666667 0.5074074074074074 0.026041666666666668 0.046296296296296294
3 0.703125 0.512962962962963 0.026041666666666668 0.046296296296296294
4 0.5510416666666667 0.524074074074074 0.026041666666666668 0.046296296296296294
4 0.6666666666666666 0.5277777777777778 0.026041666666666668 0.046296296296296294
4 0.5375 0.5333333333333333 0.026041666666666668 0.046296296296296294
3 0.7203125 0.5342592592592592 0.026041666666666668 0.046296296296296294
4 0.4864583333333333 0.5407407407407407 0.026041666666666668 0.046296296296296294
4 0.6375 0.5425925925925926 0.026041666666666668 0.046296296296296294
4 0.5520833333333334 0.55 0.026041666666666668 0.046296296296296294
4 0.5776041666666667 0.5555555555555556 0.026041666666666668 0.046296296296296294
4 0.6666666666666666 0.5574074074074075 0.026041666666666668 0.046296296296296294
4 0.6078125 0.5648148148148148 0.026041666666666668 0.046296296296296294
3 0.7364583333333333 0.5657407407407408 0.026041666666666668 0.046296296296296294
4 0.6411458333333333 0.5842592592592593 0.026041666666666668 0.046296296296296294
4 0.5416666666666666 0.6194444444444445 0.026041666666666668 0.046296296296296294
3 0.7526041666666666 0.6212962962962963 0.026041666666666668 0.046296296296296294
3 0.7182291666666667 0.6240740740740741 0.026041666666666668 0.046296296296296294
4 0.5744791666666667 0.649074074074074 0.026041666666666668 0.046296296296296294
4 0.5588541666666667 0.6648148148148149 0.026041666666666668 0.046296296296296294
3 0.7723958333333333 0.6657407407407407 0.026041666666666668 0.046296296296296294
1 0.703125 0.6916666666666667 0.026041666666666668 0.046296296296296294
1 0.7411458333333333 0.6981481481481482 0.026041666666666668 0.046296296296296294
1 0.8817708333333333 0.7425925925925926 0.026041666666666668 0.046296296296296294
1 0.8619791666666666 0.7981481481481482 0.026041666666666668 0.046296296296296294
1 0.6567708333333333 0.8064814814814815 0.026041666666666668 0.046296296296296294
1 0.45416666666666666 0.8203703703703704 0.026041666666666668 0.046296296296296294
1 0.5036458333333333 0.8296296296296296 0.026041666666666668 0.046296296296296294
1 0.978125 0.8481481481481481 0.026041666666666668 0.046296296296296294
1 0.8291666666666667 0.8694444444444445 0.026041666666666668 0.046296296296296294
1 0.8161458333333333 0.912962962962963 0.026041666666666668 0.046296296296296294
1 0.9614583333333333 0.9425925925925925 0.026041666666666668 0.046296296296296294
1 0.940625 0.987037037037037 0.026041666666666668 0.046296296296296294
1 0.99375 0.8648148148148148 0.026041666666666668 0.046296296296296294
3 0.7645833333333333 0.5851851851851851 0.026041666666666668 0.046296296296296294
3 0.7541666666666667 0.5537037037037037 0.026041666666666668 0.046296296296296294
1 0.6947916666666667 0.7722222222222223 0.026041666666666668 0.046296296296296294
1 0.7645833333333333 0.8333333333333334 0.026041666666666668 0.046296296296296294
1 0.4510416666666667 0.9 0.026041666666666668 0.046296296296296294
4 0.603125 0.6518518518518519 0.026041666666666668 0.046296296296296294
2 0.22708333333333333 0.5185185185185185 0.026041666666666668 0.046296296296296294
2 0.21666666666666667 0.4777777777777778 0.026041666666666668 0.046296296296296294
2 0.16979166666666667 0.44074074074074077 0.026041666666666668 0.046296296296296294
4 0.390625 0.4166666666666667 0.026041666666666668 0.046296296296296294
