0 0.4708333333333333 0.09537037037037037 0.026041666666666668 0.046296296296296294
0 0.4744791666666667 0.09722222222222222 0.026041666666666668 0.046296296296296294
0 0.4828125 0.10462962962962963 0.026041666666666668 0.046296296296296294
0 0.4244791666666667 0.11851851851851852 0.026041666666666668 0.046296296296296294
0 0.48385416666666664 0.12222222222222222 0.026041666666666668 0.046296296296296294
0 0.49114583333333334 0.12407407407407407 0.026041666666666668 0.046296296296296294
0 0.434375 0.13703703703703704 0.026041666666666668 0.046296296296296294
0 0.4427083333333333 0.13333333333333333 0.026041666666666668 0.046296296296296294
0 0.44895833333333335 0.13333333333333333 0.026041666666666668 0.046296296296296294
0 0.4546875 0.13333333333333333 0.026041666666666668 0.046296296296296294
0 0.4625 0.13518518518518519 0.026041666666666668 0.046296296296296294
0 0.4703125 0.13703703703703704 0.026041666666666668 0.046296296296296294
0 0.47552083333333334 0.14629629629629629 0.026041666666666668 0.046296296296296294
0 0.4625 0.15185185185185185 0.026041666666666668 0.046296296296296294
0 0.428125 0.16574074074074074 0.026041666666666668 0.046296296296296294
0 0.4328125 0.16944444444444445 0.026041666666666668 0.046296296296296294
0 0.446875 0.1685185185185185 0.026041666666666668 0.046296296296296294
0 0.43333333333333335 0.17777777777777778 0.026041666666666668 0.046296296296296294
0 0.5 0.17592592592592593 0.026041666666666668 0.046296296296296294
0 0.4161458333333333 0.18425925925925926 0.026041666666666668 0.046296296296296294
0 0.43802083333333336 0.18703703703703703 0.026041666666666668 0.046296296296296294
0 0.44375 0.19074074074074074 0.026041666666666668 0.046296296296296294
0 0.4203125 0.2111111111111111 0.026041666666666668 0.046296296296296294
0 0.44479166666666664 0.21296296296296297 0.026041666666666668 0.046296296296296294
0 0.45729166666666665 0.21388888888888888 0.026041666666666668 0.046296296296296294
0 0.49166666666666664 0.21666666666666667 0.026041666666666668 0.046296296296296294
0 0.4453125 0.2222222222222222 0.026041666666666668 0.046296296296296294
0 0.48333333333333334 0.23055555555555557 0.026041666666666668 0.046296296296296294
0 0.5052083333333334 0.22870370370370371 0.026041666666666668 0.046296296296296294
0 0.43333333333333335 0.23981481481481481 0.026041666666666668 0.046296296296296294
0 0.46197916666666666 0.2361111111111111 0.026041666666666668 0.046296296296296294
0 0.428125 0.24722222222222223 0.026041666666666668 0.046296296296296294
0 0.453125 0.24537037037037038 0.026041666666666668 0.046296296296296294
0 0.4864583333333333 0.2490740740740741 0.026041666666666668 0.046296296296296294
0 0.46510416666666665 0.2537037037037037 0.026041666666666668 0.046296296296296294
0 0.5078125 0.2537037037037037 0.026041666666666668 0.046296296296296294
0 0.44635416666666666 0.2638888888888889 0.026041666666666668 0.046296296296296294
0 0.478125 0.2611111111111111 0.026041666666666668 0.046296296296296294
0 0.4864583333333333 0.2638888888888889 0.026041666666666668 0.046296296296296294
0 0.5140625 0.2601851851851852 0.026041666666666668 0.046296296296296294
0 0.43333333333333335 0.2722222222222222 0.026041666666666668 0.046296296296296294
0 0.4661458333333333 0.26944444444444443 0.026041666666666668 0.046296296296296294
0 0.5036458333333333 0.26851851851851855 0.026041666666666668 0.046296296296296294
0 0.4822916666666667 0.2796296296296296 0.026041666666666668 0.046296296296296294
0 0.5421875 0.275 0.026041666666666668 0.046296296296296294
0 0.49270833333333336 0.2851851851851852 0.026041666666666668 0.046296296296296294
0 0.415625 0.2898148148148148 0.026041666666666668 0.046296296296296294
0 0.4359375 0.29444444444444445 0.026041666666666668 0.046296296296296294
0 0.4484375 0.2916666666666667 0.026041666666666668 0.046296296296296294
0 0.5119791666666667 0.29444444444444445 0.026041666666666668 0.046296296296296294
0 0.4244791666666667 0.29907407407407405 0.026041666666666668 0.046296296296296294
0 0.45729166666666665 0.31203703703703706 0.026041666666666668 0.046296296296296294
0 0.5067708333333333 0.30925925925925923 0.026041666666666668 0.046296296296296294
0 0.43333333333333335 0.31851851851851853 0.026041666666666668 0.046296296296296294
0 0.5114583333333333 0.31666666666666665 0.026041666666666668 0.046296296296296294
0 0.703125 0.31296296296296294 0.026041666666666668 0.046296296296296294
0 0.4864583333333333 0.3296296296296296 0.026041666666666668 0.046296296296296294
4 0.4401041666666667 0.33796296296296297 0.026041666666666668 0.046296296296296294
4 0.45364583333333336 0.3388888888888889 0.026041666666666668 0.046296296296296294
4 0.4625 0.3398148148148148 0.026041666666666668 0.046296296296296294
4 0.503125 0.3472222222222222 0.026041666666666668 0.046296296296296294
4 0.5145833333333333 0.35 0.026041666666666668 0.046296296296296294
4 0.37864583333333335 0.35648148148148145 0.026041666666666668 0.046296296296296294
4 0.3953125 0.3537037037037037 0.026041666666666668 0.046296296296296294
4 0.44583333333333336 0.3592592592592593 0.026041666666666668 0.046296296296296294
4 0.4161458333333333 0.3638888888888889 0.026041666666666668 0.046296296296296294
4 0.5151041666666667 0.362962962962963 0.026041666666666668 0.046296296296296294
4 0.503125 0.37222222222222223 0.026041666666666668 0.046296296296296294
2 0.21614583333333334 0.37962962962962965 0.026041666666666668 0.046296296296296294
4 0.49583333333333335 0.38055555555555554 0.026041666666666668 0.046296296296296294
2 0.19895833333333332 0.38425925925925924 0.026041666666666668 0.046296296296296294
4 0.4453125 0.3861111111111111 0.026041666666666668 0.046296296296296294
4 0.5161458333333333 0.3861111111111111 0.026041666666666668 0.046296296296296294
4 0.4739583333333333 0.39444444444444443 0.026041666666666668 0.046296296296296294
2 0.2203125 0.40185185185185185 0.026041666666666668 0.046296296296296294
2 0.21302083333333333 0.4101851851851852 0.026041666666666668 0.046296296296296294
4 0.42604166666666665 0.40925925925925927 0.026041666666666668 0.046296296296296294
4 0.6505208333333333 0.4074074074074074 0.026041666666666668 0.046296296296296294
3 0.7026041666666667 0.40555555555555556 0.026041666666666668 0.046296296296296294
4 0.43333333333333335 0.4166666666666667 0.026041666666666668 0.046296296296296294
4 0.465625 0.4185185185185185 0.026041666666666668 0.046296296296296294
4 0.6661458333333333 0.41759259259259257 0.026041666666666668 0.046296296296296294
4 0.5083333333333333 0.42685185185185187 0.026041666666666668 0.046296296296296294
4 0.5239583333333333 0.42592592592592593 0.026041666666666668 0.046296296296296294
3 0.678125 0.42592592592592593 0.026041666666666668 0.046296296296296294
4 0.4421875 0.43333333333333335 0.026041666666666668 0.046296296296296294
4 0.4703125 0.43425925925925923 0.026041666666666668 0.046296296296296294
4 0.5125 0.4425925925925926 0.026041666666666668 0.046296296296296294
4 0.5286458333333334 0.4388888888888889 0.026041666666666668 0.046296296296296294
3 0.6713541666666667 0.44351851851851853 0.026041666666666668 0.046296296296296294
4 0.6619791666666667 0.45925925925925926 0.026041666666666668 0.046296296296296294
4 0.5046875 0.4666666666666667 0.026041666666666668 0.046296296296296294
4 0.38958333333333334 0.4703703703703704 0.026041666666666668 0.046296296296296294
3 0.678125 0.47129629629629627 0.026041666666666668 0.046296296296296294
4 0.5046875 0.48703703703703705 0.026041666666666668 0.046296296296296294
4 0.6546875 0.4898148148148148 0.026041666666666668 0.046296296296296294
4 0.378125 0.49537037037037035 0.026041666666666668 0.046296296296296294
4 0.49583333333333335 0.4935185185185185 0.026041666666666668 0.046296296296296294
4 0.5567708333333333 0.4888888888888889 0.026041666666666668 0.046296296296296294
4 0.6161458333333333 0.4935185185185185 0.026041666666666668 0.046296296296296294
4 0.6369791666666667 0.4962962962962963 0.026041666666666668 0.046296296296296294
3 0.6776041666666667 0.5018518518518519 0.026041666666666668 0.046296296296296294
4 0.6166666666666667 0.5092592592592593 0.026041666666666668 0.046296296296296294
4 0.6286458333333333 0.5111111111111111 0.026041666666666668 0.046296296296296294
4 0.4546875 0.5166666666666667 0.026041666666666668 0.046296296296296294
4 0.6109375 0.5185185185185185 0.026041666666666668 0.046296296296296294
3 0.6859375 0.5194444444444445 0.026041666666666668 0.046296296296296294
3 0.7114583333333333 0.5166666666666667 0.026041666666666668 0.046296296296296294
3 0.7494791666666667 0.5175925925925926 0.026041666666666668 0.046296296296296294
3 0.7171875 0.5277777777777778 0.026041666666666668 0.046296296296296294
4 0.5036458333333333 0.5370370370370371 0.026041666666666668 0.046296296296296294
4 0.59375 0.5351851851851852 0.026041666666666668 0.046296296296296294
4 0.665625 0.5351851851851852 0.026041666666666668 0.046296296296296294
4 0.6151041666666667 0.5398148148148149 0.026041666666666668 0.046296296296296294
3 0.6911458333333333 0.549074074074074 0.026041666666666668 0.046296296296296294
4 0.6453125 0.5592592592592592 0.026041666666666668 0.046296296296296294
4 0.4984375 0.5611111111111111 0.026041666666666668 0.046296296296296294
3 0.7291666666666666 0.5648148148148148 0.026041666666666668 0.046296296296296294
3 0.7458333333333333 0.5666666666666667 0.026041666666666668 0.046296296296296294
3 0.7661458333333333 0.5666666666666667 0.026041666666666668 0.046296296296296294
4 0.5203125 0.5731481481481482 0.026041666666666668 0.046296296296296294
4 0.6119791666666666 0.5740740740740741 0.026041666666666668 0.046296296296296294
3 0.7078125 0.5879629629629629 0.026041666666666668 0.046296296296296294
3 0.7364583333333333 0.5888888888888889 0.026041666666666668 0.046296296296296294
3 0.7203125 0.5953703703703703 0.026041666666666668 0.046296296296296294
4 0.5447916666666667 0.6203703703703703 0.026041666666666668 0.046296296296296294
4 0.415625 0.625 0.026041666666666668 0.046296296296296294
4 0.578125 0.6268518518518519 0.026041666666666668 0.046296296296296294
4 0.4578125 0.6333333333333333 0.026041666666666668 0.046296296296296294
3 0.6817708333333333 0.6518518518518519 0.026041666666666668 0.046296296296296294
1 0.7744791666666667 0.6675925925925926 0.026041666666666668 0.046296296296296294
1 0.5442708333333334 0.6722222222222223 0.026041666666666668 0.046296296296296294
4 0.5536458333333333 0.6592592592592592 0.026041666666666668 0.046296296296296294
4 0.5130208333333334 0.6648148148148149 0.026041666666666668 0.046296296296296294
1 0.22552083333333334 0.6898148148148148 0.026041666666666668 0.046296296296296294
1 0.3963541666666667 0.6842592592592592 0.026041666666666668 0.046296296296296294
1 0.7494791666666667 0.6981481481481482 0.026041666666666668 0.046296296296296294
1 0.2015625 0.7 0.026041666666666668 0.046296296296296294
1 0.7770833333333333 0.7175925925925926 0.026041666666666668 0.046296296296296294
1 0.8864583333333333 0.7490740740740741 0.026041666666666668 0.046296296296296294
1 0.8479166666666667 0.762962962962963 0.026041666666666668 0.046296296296296294
1 0.31197916666666664 0.7916666666666666 0.026041666666666668 0.046296296296296294
1 0.35208333333333336 0.7953703703703704 0.026041666666666668 0.046296296296296294
1 0.6182291666666667 0.7898148148148149 0.026041666666666668 0.046296296296296294
1 0.5260416666666666 0.8018518518518518 0.026041666666666668 0.046296296296296294
1 0.8661458333333333 0.8287037037037037 0.026041666666666668 0.046296296296296294
1 0.828125 0.8407407407407408 0.026041666666666668 0.046296296296296294
1 0.14895833333333333 0.8490740740740741 0.026041666666666668 0.046296296296296294
1 0.6723958333333333 0.8731481481481481 0.026041666666666668 0.046296296296296294
1 0.4244791666666667 0.8898148148148148 0.026041666666666668 0.046296296296296294
1 0.5036458333333333 0.9074074074074074 0.026041666666666668 0.046296296296296294
1 0.8890625 0.9046296296296297 0.026041666666666668 0.046296296296296294
1 0.8807291666666667 0.9138888888888889 0.026041666666666668 0.046296296296296294
1 0.9645833333333333 0.9407407407407408 0.026041666666666668 0.046296296296296294
1 0.8666666666666667 0.9537037037037037 0.026041666666666668 0.046296296296296294
1 0.9135416666666667 0.9546296296296296 0.026041666666666668 0.046296296296296294
1 0.17916666666666667 0.8407407407407408 0.026041666666666668 0.046296296296296294
1 0.12083333333333333 0.8185185185185185 0.026041666666666668 0.046296296296296294
1 0.209375 0.7907407407407407 0.026041666666666668 0.046296296296296294
1 0.178125 0.7314814814814815 0.026041666666666668 0.046296296296296294
2 0.19270833333333334 0.42407407407407405 0.026041666666666668 0.046296296296296294
1 0.453125 0.8055555555555556 0.026041666666666668 0.046296296296296294
1 0.46041666666666664 0.8833333333333333 0.026041666666666668 0.046296296296296294
1 0.5083333333333333 0.8481481481481481 0.026041666666666668 0.046296296296296294
1 0.5510416666666667 0.9351851851851852 0.026041666666666668 0.046296296296296294
1 0.6208333333333333 0.8240740740740741 0.026041666666666668 0.046296296296296294
1 0.7447916666666666 0.8111111111111111 0.026041666666666668 0.046296296296296294
1 0.9541666666666667 0.7537037037037037 0.026041666666666668 0.046296296296296294
1 0.83125 0.8722222222222222 0.026041666666666668 0.046296296296296294
0 0.6895833333333333 0.3 0.026041666666666668 0.046296296296296294
1 0.6541666666666667 0.6685185185185185 0.026041666666666668 0.046296296296296294
4 0.6666666666666666 0.65 0.026041666666666668 0.046296296296296294
4 0.6302083333333334 0.5666666666666667 0.026041666666666668 0.046296296296296294
4 0.6072916666666667 0.6074074074074074 0.026041666666666668 0.046296296296296294
4 0.5072916666666667 0.6092592592592593 0.026041666666666668 0.046296296296296294
4 0.38333333333333336 0.5481481481481482 0.026041666666666668 0.046296296296296294
4 0.38229166666666664 0.6092592592592593 0.026041666666666668 0.046296296296296294
1 0.5989583333333334 0.8907407407407407 0.026041666666666668 0.046296296296296294
1 0.7979166666666667 0.8462962962962963 0.026041666666666668 0.046296296296296294
4 0.41770833333333335 0.46296296296296297 0.026041666666666668 0.046296296296296294
