0 0.490625 0.12222222222222222 0.026041666666666668 0.046296296296296294
0 0.4703125 0.13055555555555556 0.026041666666666668 0.046296296296296294
0 0.47708333333333336 0.12962962962962962 0.026041666666666668 0.046296296296296294
0 0.46145833333333336 0.1361111111111111 0.026041666666666668 0.046296296296296294
0 0.490625 0.1388888888888889 0.026041666666666668 0.046296296296296294
0 0.4796875 0.14537037037037037 0.026041666666666668 0.046296296296296294
0 0.4630208333333333 0.1527777777777778 0.026041666666666668 0.046296296296296294
0 0.4739583333333333 0.1527777777777778 0.026041666666666668 0.046296296296296294
0 0.4822916666666667 0.16018518518518518 0.026041666666666668 0.046296296296296294
0 0.4625 0.16574074074074074 0.026041666666666668 0.046296296296296294
0 0.49895833333333334 0.1675925925925926 0.026041666666666668 0.046296296296296294
0 0.4317708333333333 0.17314814814814813 0.026041666666666668 0.046296296296296294
0 0.4828125 0.175 0.026041666666666668 0.046296296296296294
0 0.490625 0.175 0.026041666666666668 0.046296296296296294
0 0.49947916666666664 0.1814814814814815 0.026041666666666668 0.046296296296296294
0 0.5052083333333334 0.1814814814814815 0.026041666666666668 0.046296296296296294
0 0.5114583333333333 0.18518518518518517 0.026041666666666668 0.046296296296296294
0 0.47760416666666666 0.1925925925925926 0.026041666666666668 0.046296296296296294
0 0.5 0.19074074074074074 0.026041666666666668 0.046296296296296294
0 0.5119791666666667 0.2 0.026041666666666668 0.046296296296296294
0 0.43854166666666666 0.2064814814814815 0.026041666666666668 0.046296296296296294
0 0.5208333333333334 0.21481481481481482 0.026041666666666668 0.046296296296296294
0 0.4322916666666667 0.2601851851851852 0.026041666666666668 0.046296296296296294
0 0.5083333333333333 0.2712962962962963 0.026041666666666668 0.046296296296296294
0 0.4244791666666667 0.27685185185185185 0.026041666666666668 0.046296296296296294
0 0.5005208333333333 0.275 0.026041666666666668 0.046296296296296294
0 0.46458333333333335 0.28425925925925927 0.026041666666666668 0.046296296296296294
0 0.5036458333333333 0.2953703703703704 0.026041666666666668 0.046296296296296294
0 0.5119791666666667 0.2935185185185185 0.026041666666666668 0.046296296296296294
0 0.6901041666666666 0.29259259259259257 0.026041666666666668 0.046296296296296294
0 0.4375 0.30277777777777776 0.026041666666666668 0.046296296296296294
0 0.42552083333333335 0.30833333333333335 0.026041666666666668 0.046296296296296294
0 0.4739583333333333 0.31574074074074077 0.026041666666666668 0.046296296296296294
0 0.4859375 0.3148148148148148 0.026041666666666668 0.046296296296296294
0 0.515625 0.31851851851851853 0.026041666666666668 0.046296296296296294
0 0.7057291666666666 0.3138888888888889 0.026041666666666668 0.046296296296296294
0 0.415625 0.33055555555555555 0.026041666666666668 0.046296296296296294
0 0.44427083333333334 0.33240740740740743 0.026041666666666668 0.046296296296296294
0 0.45729166666666665 0.33055555555555555 0.026041666666666668 0.046296296296296294
0 0.4744791666666667 0.3277777777777778 0.026041666666666668 0.046296296296296294
4 0.4822916666666667 0.33425925925925926 0.026041666666666668 0.046296296296296294
4 0.5125 0.3351851851851852 0.026041666666666668 0.046296296296296294
0 0.5203125 0.3314814814814815 0.026041666666666668 0.046296296296296294
4 0.44947916666666665 0.34814814814814815 0.026041666666666668 0.046296296296296294
4 0.5041666666666667 0.34629629629629627 0.026041666666666668 0.046296296296296294
4 0.38333333333333336 0.36574074074074076 0.026041666666666668 0.046296296296296294
4 0.5208333333333334 0.362962962962963 0.026041666666666668 0.046296296296296294
4 0.44947916666666665 0.3712962962962963 0.026041666666666668 0.046296296296296294
4 0.5083333333333333 0.37037037037037035 0.026041666666666668 0.046296296296296294
4 0.4953125 0.387037037037037 0.026041666666666668 0.046296296296296294
4 0.5119791666666667 0.38981481481481484 0.026041666666666668 0.046296296296296294
4 0.5291666666666667 0.387037037037037 0.026041666666666668 0.046296296296296294
3 0.6822916666666666 0.39166666666666666 0.026041666666666668 0.046296296296296294
4 0.528125 0.4 0.026041666666666668 0.046296296296296294
4 0.65 0.40185185185185185 0.026041666666666668 0.046296296296296294
2 0.20625 0.4083333333333333 0.026041666666666668 0.046296296296296294
2 0.21302083333333333 0.40925925925925927 0.026041666666666668 0.046296296296296294
2 0.178125 0.4166666666666667 0.026041666666666668 0.046296296296296294
4 0.6666666666666666 0.4166666666666667 0.026041666666666668 0.046296296296296294
4 0.4359375 0.42777777777777776 0.026041666666666668 0.046296296296296294
4 0.4703125 0.42407407407407405 0.026041666666666668 0.046296296296296294
4 0.5036458333333333 0.4222222222222222 0.026041666666666668 0.046296296296296294
4 0.5161458333333333 0.42685185185185187 0.026041666666666668 0.046296296296296294
4 0.665625 0.43333333333333335 0.026041666666666668 0.046296296296296294
3 0.6786458333333333 0.4351851851851852 0.026041666666666668 0.046296296296296294
4 0.43697916666666664 0.4398148148148148 0.026041666666666668 0.046296296296296294
4 0.5125 0.44166666666666665 0.026041666666666668 0.046296296296296294
4 0.5203125 0.44166666666666665 0.026041666666666668 0.046296296296296294
4 0.6578125 0.44166666666666665 0.026041666666666668 0.046296296296296294
3 0.70625 0.44074074074074077 0.026041666666666668 0.046296296296296294
4 0.6583333333333333 0.45740740740740743 0.026041666666666668 0.046296296296296294
4 0.5244791666666667 0.462037037037037 0.026041666666666668 0.046296296296296294
3 0.6786458333333333 0.47314814814814815 0.026041666666666668 0.046296296296296294
4 0.37395833333333334 0.48055555555555557 0.026041666666666668 0.046296296296296294
4 0.4515625 0.4787037037037037 0.026041666666666668 0.046296296296296294
4 0.5083333333333333 0.48148148148148145 0.026041666666666668 0.046296296296296294
4 0.46979166666666666 0.48518518518518516 0.026041666666666668 0.046296296296296294
4 0.6536458333333334 0.487962962962963 0.026041666666666668 0.046296296296296294
3 0.6739583333333333 0.4962962962962963 0.026041666666666668 0.046296296296296294
3 0.6901041666666666 0.49537037037037035 0.026041666666666668 0.046296296296296294
4 0.3828125 0.5120370370370371 0.026041666666666668 0.046296296296296294
4 0.5041666666666667 0.5111111111111111 0.026041666666666668 0.046296296296296294
4 0.6338541666666667 0.5138888888888888 0.026041666666666668 0.046296296296296294
3 0.6744791666666666 0.5203703703703704 0.026041666666666668 0.046296296296296294
3 0.7036458333333333 0.5194444444444445 0.026041666666666668 0.046296296296296294
4 0.5083333333333333 0.5370370370370371 0.026041666666666668 0.046296296296296294
4 0.628125 0.537962962962963 0.026041666666666668 0.046296296296296294
3 0.71875 0.5324074074074074 0.026041666666666668 0.046296296296296294
3 0.7333333333333333 0.5333333333333333 0.026041666666666668 0.046296296296296294
4 0.440625 0.5518518518518518 0.026041666666666668 0.046296296296296294
4 0.6041666666666666 0.55 0.026041666666666668 0.046296296296296294
4 0.5708333333333333 0.5537037037037037 0.026041666666666668 0.046296296296296294
4 0.6286458333333333 0.5546296296296296 0.026041666666666668 0.046296296296296294
4 0.48802083333333335 0.5666666666666667 0.026041666666666668 0.046296296296296294
4 0.5494791666666666 0.5638888888888889 0.026041666666666668 0.046296296296296294
3 0.7395833333333334 0.562962962962963 0.026041666666666668 0.046296296296296294
3 0.7604166666666666 0.5638888888888889 0.026041666666666668 0.046296296296296294
3 0.7484375 0.5796296296296296 0.026041666666666668 0.046296296296296294
4 0.40625 0.5888888888888889 0.026041666666666668 0.046296296296296294
4 0.4234375 0.5962962962962963 0.026041666666666668 0.046296296296296294
4 0.465625 0.5907407407407408 0.026041666666666668 0.046296296296296294
4 0.48802083333333335 0.5953703703703703 0.026041666666666668 0.046296296296296294
3 0.7692708333333333 0.6083333333333333 0.026041666666666668 0.046296296296296294
4 0.41510416666666666 0.6129629629629629 0.026041666666666668 0.046296296296296294
3 0.690625 0.6111111111111112 0.026041666666666668 0.046296296296296294
4 0.4041666666666667 0.6166666666666667 0.026041666666666668 0.046296296296296294
2 0.2234375 0.6351851851851852 0.026041666666666668 0.046296296296296294
4 0.38645833333333335 0.6370370370370371 0.026041666666666668 0.046296296296296294
4 0.5885416666666666 0.6305555555555555 0.026041666666666668 0.046296296296296294
3 0.6822916666666666 0.6342592592592593 0.026041666666666668 0.046296296296296294
4 0.4171875 0.6425925925925926 0.026041666666666668 0.046296296296296294
3 0.7682291666666666 0.6657407407407407 0.026041666666666668 0.046296296296296294
1 0.509375 0.6712962962962963 0.026041666666666668 0.046296296296296294
1 0.6739583333333333 0.6833333333333333 0.026041666666666668 0.046296296296296294
1 0.7036458333333333 0.6805555555555556 0.026041666666666668 0.046296296296296294
1 0.7880208333333333 0.6814814814814815 0.026041666666666668 0.046296296296296294
1 0.6265625 0.7055555555555556 0.026041666666666668 0.046296296296296294
1 0.18229166666666666 0.7166666666666667 0.026041666666666668 0.046296296296296294
1 0.2171875 0.7222222222222222 0.026041666666666668 0.046296296296296294
1 0.16145833333333334 0.7537037037037037 0.026041666666666668 0.046296296296296294
1 0.35052083333333334 0.7527777777777778 0.026041666666666668 0.046296296296296294
1 0.8848958333333333 0.7509259259259259 0.026041666666666668 0.046296296296296294
1 0.19166666666666668 0.7907407407407407 0.026041666666666668 0.046296296296296294
1 0.31145833333333334 0.7916666666666666 0.026041666666666668 0.046296296296296294
1 0.3265625 0.8027777777777778 0.026041666666666668 0.046296296296296294
1 0.76875 0.8111111111111111 0.026041666666666668 0.046296296296296294
1 0.15572916666666667 0.8111111111111111 0.026041666666666668 0.046296296296296294
1 0.45364583333333336 0.8175925925925925 0.026041666666666668 0.046296296296296294
1 0.475 0.8203703703703704 0.026041666666666668 0.046296296296296294
1 0.7916666666666666 0.8601851851851852 0.026041666666666668 0.046296296296296294
1 0.5375 0.8564814814814815 0.026041666666666668 0.046296296296296294
1 0.8244791666666667 0.8648148148148148 0.026041666666666668 0.046296296296296294
1 0.665625 0.8759259259259259 0.026041666666666668 0.046296296296296294
1 0.496875 0.8916666666666667 0.026041666666666668 0.046296296296296294
1 0.9375 0.9138888888888889 0.026041666666666668 0.046296296296296294
1 0.8286458333333333 0.9462962962962963 0.026041666666666668 0.046296296296296294
1 0.9651041666666667 0.9462962962962963 0.026041666666666668 0.046296296296296294
1 0.43697916666666664 0.9694444444444444 0.026041666666666668 0.046296296296296294
1 0.4114583333333333 0.9777777777777777 0.026041666666666668 0.046296296296296294
1 0.115625 0.8833333333333333 0.026041666666666668 0.046296296296296294
1 0.31979166666666664 0.8537037037037037 0.026041666666666668 0.046296296296296294
1 0.390625 0.8537037037037037 0.026041666666666668 0.046296296296296294
1 0.8729166666666667 0.8185185185185185 0.026041666666666668 0.046296296296296294
1 0.9583333333333334 0.7611111111111111 0.026041666666666668 0.046296296296296294
1 0.9458333333333333 0.9555555555555556 0.026041666666666668 0.046296296296296294
4 0.603125 0.5814814814814815 0.026041666666666668 0.046296296296296294
1 0.42083333333333334 0.7203703703703703 0.026041666666666668 0.046296296296296294
1 0.38333333333333336 0.7351851851851852 0.026041666666666668 0.046296296296296294
2 0.221875 0.5722222222222222 0.026041666666666668 0.046296296296296294
2 0.221875 0.4666666666666667 0.026041666666666668 0.046296296296296294
4 0.3854166666666667 0.5611111111111111 0.026041666666666668 0.046296296296296294
4 0.4041666666666667 0.5037037037037037 0.026041666666666668 0.046296296296296294
1 0.7083333333333334 0.9851851851851852 0.026041666666666668 0.046296296296296294
