0 0.4708333333333333 0.09537037037037037 0.026041666666666668 0.046296296296296294
0 0.4786458333333333 0.09722222222222222 0.026041666666666668 0.046296296296296294
0 0.48333333333333334 0.10555555555555556 0.026041666666666668 0.046296296296296294
0 0.4703125 0.11388888888888889 0.026041666666666668 0.046296296296296294
0 0.43645833333333334 0.11574074074074074 0.026041666666666668 0.046296296296296294
0 0.4828125 0.12222222222222222 0.026041666666666668 0.046296296296296294
0 0.4703125 0.12962962962962962 0.026041666666666668 0.046296296296296294
0 0.4890625 0.1287037037037037 0.026041666666666668 0.046296296296296294
0 0.4479166666666667 0.13425925925925927 0.026041666666666668 0.046296296296296294
0 0.45260416666666664 0.13425925925925927 0.026041666666666668 0.046296296296296294
0 0.4869791666666667 0.1398148148148148 0.026041666666666668 0.046296296296296294
0 0.4630208333333333 0.14444444444444443 0.026041666666666668 0.046296296296296294
0 0.46979166666666666 0.14351851851851852 0.026041666666666668 0.046296296296296294
0 0.434375 0.15092592592592594 0.026041666666666668 0.046296296296296294
0 0.44114583333333335 0.15185185185185185 0.026041666666666668 0.046296296296296294
0 0.44947916666666665 0.1527777777777778 0.026041666666666668 0.046296296296296294
0 0.48385416666666664 0.15462962962962962 0.026041666666666668 0.046296296296296294
0 0.490625 0.1527777777777778 0.026041666666666668 0.046296296296296294
0 0.4453125 0.16018518518518518 0.026041666666666668 0.046296296296296294
0 0.453125 0.16111111111111112 0.026041666666666668 0.046296296296296294
0 0.43385416666666665 0.16944444444444445 0.026041666666666668 0.046296296296296294
0 0.44479166666666664 0.17592592592592593 0.026041666666666668 0.046296296296296294
0 0.4588541666666667 0.17685185185185184 0.026041666666666668 0.046296296296296294
0 0.5036458333333333 0.175 0.026041666666666668 0.046296296296296294
0 0.4276041666666667 0.18611111111111112 0.026041666666666668 0.046296296296296294
0 0.515625 0.1824074074074074 0.026041666666666668 0.046296296296296294
0 0.4578125 0.2 0.026041666666666668 0.046296296296296294
0 0.4869791666666667 0.20092592592592592 0.026041666666666668 0.046296296296296294
0 0.43697916666666664 0.2074074074074074 0.026041666666666668 0.046296296296296294
0 0.44479166666666664 0.21481481481481482 0.026041666666666668 0.046296296296296294
0 0.42552083333333335 0.23055555555555557 0.026041666666666668 0.046296296296296294
0 0.4203125 0.23981481481481481 0.026041666666666668 0.046296296296296294
0 0.5161458333333333 0.24444444444444444 0.026041666666666668 0.046296296296296294
0 0.48802083333333335 0.25092592592592594 0.026041666666666668 0.046296296296296294
0 0.4942708333333333 0.2564814814814815 0.026041666666666668 0.046296296296296294
0 0.415625 0.26481481481481484 0.026041666666666668 0.046296296296296294
0 0.42135416666666664 0.2601851851851852 0.026041666666666668 0.046296296296296294
0 0.45729166666666665 0.2675925925925926 0.026041666666666668 0.046296296296296294
0 0.47760416666666666 0.26851851851851855 0.026041666666666668 0.046296296296296294
0 0.4953125 0.2675925925925926 0.026041666666666668 0.046296296296296294
0 0.4661458333333333 0.2759259259259259 0.026041666666666668 0.046296296296296294
0 0.503125 0.27870370370370373 0.026041666666666668 0.046296296296296294
0 0.42864583333333334 0.28703703703703703 0.026041666666666668 0.046296296296296294
0 0.44947916666666665 0.2851851851851852 0.026041666666666668 0.046296296296296294
0 0.4578125 0.2833333333333333 0.026041666666666668 0.046296296296296294
0 0.4979166666666667 0.2851851851851852 0.026041666666666668 0.046296296296296294
0 0.5416666666666666 0.2851851851851852 0.026041666666666668 0.046296296296296294
0 0.48333333333333334 0.29259259259259257 0.026041666666666668 0.046296296296296294
0 0.46510416666666665 0.3 0.026041666666666668 0.046296296296296294
0 0.5109375 0.30092592592592593 0.026041666666666668 0.046296296296296294
0 0.44114583333333335 0.30833333333333335 0.026041666666666668 0.046296296296296294
0 0.4479166666666667 0.30833333333333335 0.026041666666666668 0.046296296296296294
0 0.4578125 0.30833333333333335 0.026041666666666668 0.046296296296296294
0 0.4125 0.31574074074074077 0.026041666666666668 0.046296296296296294
0 0.421875 0.31574074074074077 0.026041666666666668 0.046296296296296294
0 0.428125 0.31574074074074077 0.026041666666666668 0.046296296296296294
0 0.5036458333333333 0.31851851851851853 0.026041666666666668 0.046296296296296294
0 0.5161458333333333 0.3175925925925926 0.026041666666666668 0.046296296296296294
0 0.4453125 0.33240740740740743 0.026041666666666668 0.046296296296296294
0 0.46145833333333336 0.3314814814814815 0.026041666666666668 0.046296296296296294
0 0.4786458333333333 0.33240740740740743 0.026041666666666668 0.046296296296296294
0 0.5057291666666667 0.33055555555555555 0.026041666666666668 0.046296296296296294
0 0.5119791666666667 0.33240740740740743 0.026041666666666668 0.046296296296296294
4 0.4270833333333333 0.34074074074074073 0.026041666666666668 0.046296296296296294
4 0.49947916666666664 0.3453703703703704 0.026041666666666668 0.046296296296296294
4 0.375 0.35555555555555557 0.026041666666666668 0.046296296296296294
4 0.4005208333333333 0.35648148148148145 0.026041666666666668 0.046296296296296294
4 0.42864583333333334 0.35462962962962963 0.026041666666666668 0.046296296296296294
4 0.45364583333333336 0.35462962962962963 0.026041666666666668 0.046296296296296294
3 0.6671875 0.3537037037037037 0.026041666666666668 0.046296296296296294
4 0.41302083333333334 0.3648148148148148 0.026041666666666668 0.046296296296296294
4 0.4661458333333333 0.362962962962963 0.026041666666666668 0.046296296296296294
4 0.4041666666666667 0.37037037037037035 0.026041666666666668 0.046296296296296294
4 0.5114583333333333 0.37037037037037035 0.026041666666666668 0.046296296296296294
4 0.5239583333333333 0.375 0.026041666666666668 0.046296296296296294
4 0.4078125 0.37962962962962965 0.026041666666666668 0.046296296296296294
4 0.4244791666666667 0.37962962962962965 0.026041666666666668 0.046296296296296294
4 0.39479166666666665 0.38796296296296295 0.026041666666666668 0.046296296296296294
4 0.5078125 0.387037037037037 0.026041666666666668 0.046296296296296294
2 0.21666666666666667 0.39444444444444443 0.026041666666666668 0.046296296296296294
4 0.378125 0.39537037037037037 0.026041666666666668 0.046296296296296294
2 0.2046875 0.4009259259259259 0.026041666666666668 0.046296296296296294
4 0.4083333333333333 0.40185185185185185 0.026041666666666668 0.046296296296296294
4 0.4203125 0.4009259259259259 0.026041666666666668 0.046296296296296294
4 0.428125 0.40370370370370373 0.026041666666666668 0.046296296296296294
4 0.453125 0.40555555555555556 0.026041666666666668 0.046296296296296294
2 0.18333333333333332 0.4101851851851852 0.026041666666666668 0.046296296296296294
4 0.37447916666666664 0.4203703703703704 0.026041666666666668 0.046296296296296294
4 0.39479166666666665 0.4185185185185185 0.026041666666666668 0.046296296296296294
4 0.4625 0.41944444444444445 0.026041666666666668 0.046296296296296294
4 0.4796875 0.41759259259259257 0.026041666666666668 0.046296296296296294
2 0.16979166666666667 0.42314814814814816 0.026041666666666668 0.046296296296296294
4 0.38229166666666664 0.425 0.026041666666666668 0.046296296296296294
4 0.5072916666666667 0.42685185185185187 0.026041666666666668 0.046296296296296294
4 0.5197916666666667 0.42592592592592593 0.026041666666666668 0.046296296296296294
4 0.41041666666666665 0.4351851851851852 0.026041666666666668 0.046296296296296294
4 0.4822916666666667 0.4305555555555556 0.026041666666666668 0.046296296296296294
4 0.5010416666666667 0.43148148148148147 0.026041666666666668 0.046296296296296294
4 0.5494791666666666 0.4305555555555556 0.026041666666666668 0.046296296296296294
4 0.39895833333333336 0.44166666666666665 0.026041666666666668 0.046296296296296294
4 0.5114583333333333 0.4462962962962963 0.026041666666666668 0.046296296296296294
3 0.6859375 0.4398148148148148 0.026041666666666668 0.046296296296296294
3 0.70625 0.4388888888888889 0.026041666666666668 0.046296296296296294
4 0.5052083333333334 0.45 0.026041666666666668 0.046296296296296294
4 0.6666666666666666 0.44907407407407407 0.026041666666666668 0.046296296296296294
4 0.38177083333333334 0.4601851851851852 0.026041666666666668 0.046296296296296294
3 0.6765625 0.45555555555555555 0.026041666666666668 0.046296296296296294
3 0.6828125 0.4583333333333333 0.026041666666666668 0.046296296296296294
4 0.375 0.4666666666666667 0.026041666666666668 0.046296296296296294
4 0.4114583333333333 0.46574074074074073 0.026041666666666668 0.046296296296296294
4 0.38229166666666664 0.475 0.026041666666666668 0.046296296296296294
4 0.4984375 0.47962962962962963 0.026041666666666668 0.046296296296296294
3 0.6953125 0.4787037037037037 0.026041666666666668 0.046296296296296294
4 0.37552083333333336 0.487962962962963 0.026041666666666668 0.046296296296296294
4 0.3828125 0.4861111111111111 0.026041666666666668 0.046296296296296294
4 0.6192708333333333 0.48518518518518516 0.026041666666666668 0.046296296296296294
4 0.39479166666666665 0.49444444444444446 0.026041666666666668 0.046296296296296294
4 0.5125 0.49444444444444446 0.026041666666666668 0.046296296296296294
4 0.6005208333333333 0.4962962962962963 0.026041666666666668 0.046296296296296294
4 0.4484375 0.5027777777777778 0.026041666666666668 0.046296296296296294
4 0.4640625 0.4981481481481482 0.026041666666666668 0.046296296296296294
4 0.5364583333333334 0.5027777777777778 0.026041666666666668 0.046296296296296294
4 0.628125 0.5018518518518519 0.026041666666666668 0.046296296296296294
3 0.6973958333333333 0.5027777777777778 0.026041666666666668 0.046296296296296294
4 0.38229166666666664 0.5111111111111111 0.026041666666666668 0.046296296296296294
3 0.6875 0.512962962962963 0.026041666666666668 0.046296296296296294
3 0.7526041666666666 0.5120370370370371 0.026041666666666668 0.046296296296296294
4 0.4786458333333333 0.5166666666666667 0.026041666666666668 0.046296296296296294
4 0.3932291666666667 0.5342592592592592 0.026041666666666668 0.046296296296296294
4 0.44166666666666665 0.5175925925925926 0.026041666666666668 0.046296296296296294
3 0.728125 0.5351851851851852 0.026041666666666668 0.046296296296296294
4 0.5458333333333333 0.5416666666666666 0.026041666666666668 0.046296296296296294
4 0.6015625 0.537962962962963 0.026041666666666668 0.046296296296296294
4 0.540625 0.55 0.026041666666666668 0.046296296296296294
4 0.6182291666666667 0.5472222222222223 0.026041666666666668 0.046296296296296294
4 0.5520833333333334 0.5648148148148148 0.026041666666666668 0.046296296296296294
4 0.5770833333333333 0.5583333333333333 0.026041666666666668 0.046296296296296294
3 0.740625 0.5722222222222222 0.026041666666666668 0.046296296296296294
4 0.640625 0.5805555555555556 0.026041666666666668 0.046296296296296294
4 0.5208333333333334 0.6185185185185185 0.026041666666666668 0.046296296296296294
3 0.753125 0.6222222222222222 0.026041666666666668 0.046296296296296294
4 0.4125 0.6259259259259259 0.026041666666666668 0.046296296296296294
4 0.5494791666666666 0.6231481481481481 0.026041666666666668 0.046296296296296294
4 0.6 0.6370370370370371 0.026041666666666668 0.046296296296296294
4 0.4744791666666667 0.6481481481481481 0.026041666666666668 0.046296296296296294
4 0.525 0.6564814814814814 0.026041666666666668 0.046296296296296294
1 0.7666666666666667 0.675 0.026041666666666668 0.046296296296296294
1 0.41041666666666665 0.7 0.026041666666666668 0.046296296296296294
1 0.45364583333333336 0.6962962962962963 0.026041666666666668 0.046296296296296294
1 0.4953125 0.7453703703703703 0.026041666666666668 0.046296296296296294
1 0.8822916666666667 0.7388888888888889 0.026041666666666668 0.046296296296296294
1 0.5234375 0.7925925925925926 0.026041666666666668 0.046296296296296294
1 0.8286458333333333 0.8314814814814815 0.026041666666666668 0.046296296296296294
1 0.978125 0.8462962962962963 0.026041666666666668 0.046296296296296294
1 0.40989583333333335 0.8555555555555555 0.026041666666666668 0.046296296296296294
1 0.359375 0.8777777777777778 0.026041666666666668 0.046296296296296294
1 0.7484375 0.8833333333333333 0.026041666666666668 0.046296296296296294
1 0.6072916666666667 0.8861111111111111 0.026041666666666668 0.046296296296296294
1 0.6515625 0.8962962962962963 0.026041666666666668 0.046296296296296294
1 0.825 0.9138888888888889 0.026041666666666668 0.046296296296296294
1 0.8625 0.8055555555555556 0.026041666666666668 0.046296296296296294
1 0.9895833333333334 0.8666666666666667 0.026041666666666668 0.046296296296296294
1 0.9666666666666667 0.9462962962962963 0.026041666666666668 0.046296296296296294
0 0.7052083333333333 0.25925925925925924 0.026041666666666668 0.046296296296296294
3 0.759375 0.575925925925926 0.026041666666666668 0.046296296296296294
3 0.7385416666666667 0.6537037037037037 0.026041666666666668 0.046296296296296294
3 0.66875 0.5296296296296297 0.026041666666666668 0.046296296296296294
4 0.4791666666666667 0.5796296296296296 0.026041666666666668 0.046296296296296294
4 0.37916666666666665 0.5574074074074075 0.026041666666666668 0.046296296296296294
4 0.40520833333333334 0.5518518518518518 0.026041666666666668 0.046296296296296294
