0 0.4708333333333333 0.1037037037037037 0.026041666666666668 0.046296296296296294
0 0.4828125 0.10462962962962963 0.026041666666666668 0.046296296296296294
0 0.49114583333333334 0.12407407407407407 0.026041666666666668 0.046296296296296294
0 0.4427083333333333 0.13148148148148148 0.026041666666666668 0.046296296296296294
0 0.4546875 0.13333333333333333 0.026041666666666668 0.046296296296296294
0 0.46197916666666666 0.13425925925925927 0.026041666666666668 0.046296296296296294
0 0.4703125 0.1361111111111111 0.026041666666666668 0.046296296296296294
0 0.4744791666666667 0.14537037037037037 0.026041666666666668 0.046296296296296294
0 0.4630208333333333 0.1527777777777778 0.026041666666666668 0.046296296296296294
0 0.44947916666666665 0.15833333333333333 0.026041666666666668 0.046296296296296294
0 0.43125 0.17314814814814813 0.026041666666666668 0.046296296296296294
0 0.4947916666666667 0.1814814814814815 0.026041666666666668 0.046296296296296294
0 0.5072916666666667 0.1925925925925926 0.026041666666666668 0.046296296296296294
0 0.4703125 0.2074074074074074 0.026041666666666668 0.046296296296296294
0 0.4869791666666667 0.22777777777777777 0.026041666666666668 0.046296296296296294
0 0.5020833333333333 0.23703703703703705 0.026041666666666668 0.046296296296296294
0 0.4244791666666667 0.2462962962962963 0.026041666666666668 0.046296296296296294
0 0.453125 0.24166666666666667 0.026041666666666668 0.046296296296296294
0 0.5083333333333333 0.2537037037037037 0.026041666666666668 0.046296296296296294
0 0.4739583333333333 0.2611111111111111 0.026041666666666668 0.046296296296296294
0 0.453125 0.26666666666666666 0.026041666666666668 0.046296296296296294
0 0.490625 0.27037037037037037 0.026041666666666668 0.046296296296296294
0 0.4984375 0.2712962962962963 0.026041666666666668 0.046296296296296294
0 0.49114583333333334 0.2777777777777778 0.026041666666666668 0.046296296296296294
0 0.503125 0.2861111111111111 0.026041666666666668 0.046296296296296294
0 0.41770833333333335 0.2898148148148148 0.026041666666666668 0.046296296296296294
0 0.42291666666666666 0.29259259259259257 0.026041666666666668 0.046296296296296294
0 0.48541666666666666 0.29259259259259257 0.026041666666666668 0.046296296296296294
0 0.6875 0.29259259259259257 0.026041666666666668 0.046296296296296294
0 0.4197916666666667 0.3037037037037037 0.026041666666666668 0.046296296296296294
0 0.43645833333333334 0.29907407407407405 0.026041666666666668 0.046296296296296294
0 0.4401041666666667 0.3 0.026041666666666668 0.046296296296296294
0 0.528125 0.30092592592592593 0.026041666666666668 0.046296296296296294
0 0.42916666666666664 0.3055555555555556 0.026041666666666668 0.046296296296296294
0 0.45364583333333336 0.31203703703703706 0.026041666666666668 0.046296296296296294
0 0.4947916666666667 0.30833333333333335 0.026041666666666668 0.046296296296296294
0 0.50625 0.30925925925925923 0.026041666666666668 0.046296296296296294
0 0.4161458333333333 0.3175925925925926 0.026041666666666668 0.046296296296296294
0 0.4864583333333333 0.31574074074074077 0.026041666666666668 0.046296296296296294
0 0.7036458333333333 0.3138888888888889 0.026041666666666668 0.046296296296296294
0 0.4739583333333333 0.32037037037037036 0.026041666666666668 0.046296296296296294
0 0.48541666666666666 0.3314814814814815 0.026041666666666668 0.046296296296296294
0 0.5083333333333333 0.3296296296296296 0.026041666666666668 0.046296296296296294
4 0.4359375 0.33796296296296297 0.026041666666666668 0.046296296296296294
4 0.44895833333333335 0.3398148148148148 0.026041666666666668 0.046296296296296294
4 0.46875 0.33796296296296297 0.026041666666666668 0.046296296296296294
4 0.4947916666666667 0.3416666666666667 0.026041666666666668 0.046296296296296294
4 0.5338541666666666 0.33796296296296297 0.026041666666666668 0.046296296296296294
4 0.4203125 0.34629629629629627 0.026041666666666668 0.046296296296296294
4 0.4578125 0.3453703703703704 0.026041666666666668 0.046296296296296294
4 0.4859375 0.34629629629629627 0.026041666666666668 0.046296296296296294
4 0.50625 0.34814814814814815 0.026041666666666668 0.046296296296296294
4 0.3828125 0.3537037037037037 0.026041666666666668 0.046296296296296294
4 0.38958333333333334 0.35555555555555557 0.026041666666666668 0.046296296296296294
4 0.44114583333333335 0.3574074074074074 0.026041666666666668 0.046296296296296294
4 0.46979166666666666 0.3527777777777778 0.026041666666666668 0.046296296296296294
4 0.49166666666666664 0.35648148148148145 0.026041666666666668 0.046296296296296294
4 0.37552083333333336 0.3648148148148148 0.026041666666666668 0.046296296296296294
4 0.51875 0.3675925925925926 0.026041666666666668 0.046296296296296294
2 0.22083333333333333 0.37777777777777777 0.026041666666666668 0.046296296296296294
4 0.4166666666666667 0.3787037037037037 0.026041666666666668 0.046296296296296294
2 0.190625 0.3851851851851852 0.026041666666666668 0.046296296296296294
2 0.1703125 0.40185185185185185 0.026041666666666668 0.046296296296296294
4 0.6625 0.40185185185185185 0.026041666666666668 0.046296296296296294
2 0.19166666666666668 0.4101851851851852 0.026041666666666668 0.046296296296296294
2 0.20208333333333334 0.40925925925925927 0.026041666666666668 0.046296296296296294
4 0.40677083333333336 0.4074074074074074 0.026041666666666668 0.046296296296296294
4 0.4234375 0.40555555555555556 0.026041666666666668 0.046296296296296294
4 0.5036458333333333 0.40555555555555556 0.026041666666666668 0.046296296296296294
4 0.5151041666666667 0.4083333333333333 0.026041666666666668 0.046296296296296294
3 0.6994791666666667 0.41203703703703703 0.026041666666666668 0.046296296296296294
2 0.1796875 0.42314814814814816 0.026041666666666668 0.046296296296296294
2 0.19166666666666668 0.425 0.026041666666666668 0.046296296296296294
4 0.4546875 0.425 0.026041666666666668 0.046296296296296294
4 0.665625 0.4222222222222222 0.026041666666666668 0.046296296296296294
3 0.6817708333333333 0.42407407407407405 0.026041666666666668 0.046296296296296294
3 0.6744791666666666 0.44351851851851853 0.026041666666666668 0.046296296296296294
4 0.6510416666666666 0.44814814814814813 0.026041666666666668 0.046296296296296294
3 0.6880208333333333 0.45092592592592595 0.026041666666666668 0.046296296296296294
4 0.5 0.4537037037037037 0.026041666666666668 0.046296296296296294
4 0.5223958333333333 0.4583333333333333 0.026041666666666668 0.046296296296296294
4 0.6588541666666666 0.45740740740740743 0.026041666666666668 0.046296296296296294
4 0.5244791666666667 0.47314814814814815 0.026041666666666668 0.046296296296296294
3 0.671875 0.4722222222222222 0.026041666666666668 0.046296296296296294
4 0.6333333333333333 0.48148148148148145 0.026041666666666668 0.046296296296296294
4 0.39947916666666666 0.4842592592592593 0.026041666666666668 0.046296296296296294
4 0.4609375 0.487962962962963 0.026041666666666668 0.046296296296296294
4 0.6494791666666667 0.4898148148148148 0.026041666666666668 0.046296296296296294
3 0.6734375 0.4962962962962963 0.026041666666666668 0.046296296296296294
4 0.4083333333333333 0.5037037037037037 0.026041666666666668 0.046296296296296294
4 0.54375 0.5027777777777778 0.026041666666666668 0.046296296296296294
4 0.6333333333333333 0.5009259259259259 0.026041666666666668 0.046296296296296294
4 0.3776041666666667 0.5074074074074074 0.026041666666666668 0.046296296296296294
4 0.45260416666666664 0.5148148148148148 0.026041666666666668 0.046296296296296294
4 0.5239583333333333 0.5092592592592593 0.026041666666666668 0.046296296296296294
4 0.6171875 0.5111111111111111 0.026041666666666668 0.046296296296296294
4 0.6369791666666667 0.5194444444444445 0.026041666666666668 0.046296296296296294
3 0.6994791666666667 0.5175925925925926 0.026041666666666668 0.046296296296296294
3 0.7109375 0.5175925925925926 0.026041666666666668 0.046296296296296294
4 0.475 0.5268518518518519 0.026041666666666668 0.046296296296296294
4 0.5088541666666667 0.5296296296296297 0.026041666666666668 0.046296296296296294
3 0.6703125 0.5277777777777778 0.026041666666666668 0.046296296296296294
4 0.5958333333333333 0.5314814814814814 0.026041666666666668 0.046296296296296294
3 0.6833333333333333 0.5351851851851852 0.026041666666666668 0.046296296296296294
3 0.7208333333333333 0.5361111111111111 0.026041666666666668 0.046296296296296294
4 0.4109375 0.5407407407407407 0.026041666666666668 0.046296296296296294
4 0.4786458333333333 0.5407407407407407 0.026041666666666668 0.046296296296296294
4 0.5041666666666667 0.5425925925925926 0.026041666666666668 0.046296296296296294
4 0.5161458333333333 0.5444444444444444 0.026041666666666668 0.046296296296296294
4 0.42864583333333334 0.55 0.026041666666666668 0.046296296296296294
4 0.6041666666666666 0.5574074074074075 0.026041666666666668 0.046296296296296294
4 0.6276041666666666 0.5583333333333333 0.026041666666666668 0.046296296296296294
4 0.5125 0.5657407407407408 0.026041666666666668 0.046296296296296294
3 0.7515625 0.5592592592592592 0.026041666666666668 0.046296296296296294
3 0.7354166666666667 0.5712962962962963 0.026041666666666668 0.046296296296296294
4 0.4578125 0.5833333333333334 0.026041666666666668 0.046296296296296294
4 0.5130208333333334 0.5805555555555556 0.026041666666666668 0.046296296296296294
3 0.7619791666666667 0.5814814814814815 0.026041666666666668 0.046296296296296294
4 0.5734375 0.5962962962962963 0.026041666666666668 0.046296296296296294
3 0.7125 0.5962962962962963 0.026041666666666668 0.046296296296296294
4 0.5161458333333333 0.6027777777777777 0.026041666666666668 0.046296296296296294
4 0.5458333333333333 0.6129629629629629 0.026041666666666668 0.046296296296296294
4 0.5578125 0.612037037037037 0.026041666666666668 0.046296296296296294
3 0.684375 0.6203703703703703 0.026041666666666668 0.046296296296296294
3 0.7583333333333333 0.6194444444444445 0.026041666666666668 0.046296296296296294
4 0.44583333333333336 0.6268518518518519 0.026041666666666668 0.046296296296296294
4 0.6390625 0.6472222222222223 0.026041666666666668 0.046296296296296294
4 0.6229166666666667 0.6592592592592592 0.026041666666666668 0.046296296296296294
3 0.778125 0.6666666666666666 0.026041666666666668 0.046296296296296294
1 0.5510416666666667 0.6805555555555556 0.026041666666666668 0.046296296296296294
1 0.7765625 0.7175925925925926 0.026041666666666668 0.046296296296296294
1 0.83125 0.7518518518518519 0.026041666666666668 0.046296296296296294
1 0.8385416666666666 0.7583333333333333 0.026041666666666668 0.046296296296296294
1 0.9786458333333333 0.7722222222222223 0.026041666666666668 0.046296296296296294
1 0.63125 0.8027777777777778 0.026041666666666668 0.046296296296296294
1 0.7541666666666667 0.8101851851851852 0.026041666666666668 0.046296296296296294
1 0.26145833333333335 0.8166666666666667 0.026041666666666668 0.046296296296296294
1 0.8666666666666667 0.8277777777777777 0.026041666666666668 0.046296296296296294
1 0.5552083333333333 0.8268518518518518 0.026041666666666668 0.046296296296296294
1 0.6020833333333333 0.8462962962962963 0.026041666666666668 0.046296296296296294
1 0.3328125 0.8592592592592593 0.026041666666666668 0.046296296296296294
1 0.7942708333333334 0.8583333333333333 0.026041666666666668 0.046296296296296294
1 0.4552083333333333 0.8759259259259259 0.026041666666666668 0.046296296296296294
1 0.42083333333333334 0.8888888888888888 0.026041666666666668 0.046296296296296294
1 0.8973958333333333 0.9092592592592592 0.026041666666666668 0.046296296296296294
1 0.48489583333333336 0.9287037037037037 0.026041666666666668 0.046296296296296294
1 0.7197916666666667 0.9314814814814815 0.026041666666666668 0.046296296296296294
1 0.9645833333333333 0.9453703703703704 0.026041666666666668 0.046296296296296294
1 0.9380208333333333 0.9592592592592593 0.026041666666666668 0.046296296296296294
1 0.9875 0.9629629629629629 0.026041666666666668 0.046296296296296294
1 0.5333333333333333 0.9898148148148148 0.026041666666666668 0.046296296296296294
1 0.21041666666666667 0.7407407407407407 0.026041666666666668 0.046296296296296294
1 0.36041666666666666 0.8407407407407408 0.026041666666666668 0.046296296296296294
1 0.36770833333333336 0.737037037037037 0.026041666666666668 0.046296296296296294
1 0.6854166666666667 0.7962962962962963 0.026041666666666668 0.046296296296296294
1 0.8302083333333333 0.8703703703703703 0.026041666666666668 0.046296296296296294
1 0.8291666666666667 0.8351851851851851 0.026041666666666668 0.046296296296296294
1 0.8895833333333333 0.7351851851851852 0.026041666666666668 0.046296296296296294
3 0.775 0.5666666666666667 0.026041666666666668 0.046296296296296294
4 0.5895833333333333 0.6240740740740741 0.026041666666666668 0.046296296296296294
4 0.6395833333333333 0.6092592592592593 0.026041666666666668 0.046296296296296294
4 0.6583333333333333 0.6444444444444445 0.026041666666666668 0.046296296296296294
1 0.521875 0.674074074074074 0.026041666666666668 0.046296296296296294
4 0.509375 0.6518518518518519 0.026041666666666668 0.046296296296296294
1 0.54375 0.6944444444444444 0.026041666666666668 0.046296296296296294
4 0.4552083333333333 0.5462962962962963 0.026041666666666668 0.046296296296296294
4 0.44375 0.5388888888888889 0.026041666666666668 0.046296296296296294
4 0.37916666666666665 0.43148148148148147 0.026041666666666668 0.046296296296296294
3 0.6729166666666667 0.6425925925925926 0.026041666666666668 0.046296296296296294
