0 0.4703125 0.09537037037037037 0.026041666666666668 0.046296296296296294
0 0.4828125 0.10648148148148148 0.026041666666666668 0.046296296296296294
0 0.46979166666666666 0.11296296296296296 0.026041666666666668 0.046296296296296294
0 0.4828125 0.12037037037037036 0.026041666666666668 0.046296296296296294
0 0.4703125 0.1287037037037037 0.026041666666666668 0.046296296296296294
0 0.490625 0.12962962962962962 0.026041666666666668 0.046296296296296294
0 0.45364583333333336 0.13148148148148148 0.026041666666666668 0.046296296296296294
0 0.4609375 0.13703703703703704 0.026041666666666668 0.046296296296296294
0 0.475 0.14722222222222223 0.026041666666666668 0.046296296296296294
0 0.4625 0.1537037037037037 0.026041666666666668 0.046296296296296294
0 0.4703125 0.17592592592592593 0.026041666666666668 0.046296296296296294
0 0.4270833333333333 0.1814814814814815 0.026041666666666668 0.046296296296296294
0 0.503125 0.18333333333333332 0.026041666666666668 0.046296296296296294
0 0.43802083333333336 0.1962962962962963 0.026041666666666668 0.046296296296296294
0 0.4708333333333333 0.19814814814814816 0.026041666666666668 0.046296296296296294
0 0.5130208333333334 0.2037037037037037 0.026041666666666668 0.046296296296296294
0 0.4479166666666667 0.20555555555555555 0.026041666666666668 0.046296296296296294
0 0.4859375 0.2074074074074074 0.026041666666666668 0.046296296296296294
0 0.4588541666666667 0.21203703703703702 0.026041666666666668 0.046296296296296294
0 0.43697916666666664 0.22314814814814815 0.026041666666666668 0.046296296296296294
0 0.48541666666666666 0.22314814814814815 0.026041666666666668 0.046296296296296294
0 0.5125 0.2222222222222222 0.026041666666666668 0.046296296296296294
0 0.42083333333333334 0.23703703703703705 0.026041666666666668 0.046296296296296294
0 0.4296875 0.2388888888888889 0.026041666666666668 0.046296296296296294
0 0.5151041666666667 0.2462962962962963 0.026041666666666668 0.046296296296296294
0 0.4828125 0.25462962962962965 0.026041666666666668 0.046296296296296294
0 0.41510416666666666 0.26481481481481484 0.026041666666666668 0.046296296296296294
0 0.4901041666666667 0.262037037037037 0.026041666666666668 0.046296296296296294
0 0.7026041666666667 0.2601851851851852 0.026041666666666668 0.046296296296296294
0 0.44114583333333335 0.2712962962962963 0.026041666666666668 0.046296296296296294
0 0.5005208333333333 0.26851851851851855 0.026041666666666668 0.046296296296296294
0 0.50625 0.2722222222222222 0.026041666666666668 0.046296296296296294
0 0.42916666666666664 0.2759259259259259 0.026041666666666668 0.046296296296296294
0 0.5463541666666667 0.2759259259259259 0.026041666666666668 0.046296296296296294
0 0.4703125 0.2824074074074074 0.026041666666666668 0.046296296296296294
0 0.48125 0.2814814814814815 0.026041666666666668 0.046296296296296294
0 0.4119791666666667 0.2916666666666667 0.026041666666666668 0.046296296296296294
0 0.4401041666666667 0.29074074074074074 0.026041666666666668 0.046296296296296294
0 0.4510416666666667 0.29259259259259257 0.026041666666666668 0.046296296296296294
0 0.5052083333333334 0.2935185185185185 0.026041666666666668 0.046296296296296294
0 0.43333333333333335 0.30092592592592593 0.026041666666666668 0.046296296296296294
0 0.4984375 0.30185185185185187 0.026041666666666668 0.046296296296296294
0 0.5203125 0.30092592592592593 0.026041666666666668 0.046296296296296294
0 0.44895833333333335 0.3111111111111111 0.026041666666666668 0.046296296296296294
0 0.5078125 0.3074074074074074 0.026041666666666668 0.046296296296296294
0 0.5151041666666667 0.31296296296296294 0.026041666666666668 0.046296296296296294
0 0.5505208333333333 0.30833333333333335 0.026041666666666668 0.046296296296296294
0 0.43697916666666664 0.3175925925925926 0.026041666666666668 0.046296296296296294
0 0.5036458333333333 0.32592592592592595 0.026041666666666668 0.046296296296296294
0 0.44895833333333335 0.3314814814814815 0.026041666666666668 0.046296296296296294
4 0.46145833333333336 0.3333333333333333 0.026041666666666668 0.046296296296296294
4 0.5114583333333333 0.3416666666666667 0.026041666666666668 0.046296296296296294
4 0.415625 0.3490740740740741 0.026041666666666668 0.046296296296296294
4 0.45729166666666665 0.35 0.026041666666666668 0.046296296296296294
4 0.4817708333333333 0.3490740740740741 0.026041666666666668 0.046296296296296294
4 0.49947916666666664 0.3472222222222222 0.026041666666666668 0.046296296296296294
4 0.4036458333333333 0.35648148148148145 0.026041666666666668 0.046296296296296294
4 0.4234375 0.35555555555555557 0.026041666666666668 0.046296296296296294
4 0.44947916666666665 0.35555555555555557 0.026041666666666668 0.046296296296296294
4 0.5119791666666667 0.3537037037037037 0.026041666666666668 0.046296296296296294
3 0.6864583333333333 0.3537037037037037 0.026041666666666668 0.046296296296296294
4 0.42083333333333334 0.3648148148148148 0.026041666666666668 0.046296296296296294
4 0.43697916666666664 0.37037037037037035 0.026041666666666668 0.046296296296296294
4 0.46145833333333336 0.3712962962962963 0.026041666666666668 0.046296296296296294
4 0.4822916666666667 0.37037037037037035 0.026041666666666668 0.046296296296296294
3 0.7395833333333334 0.37222222222222223 0.026041666666666668 0.046296296296296294
4 0.38229166666666664 0.38055555555555554 0.026041666666666668 0.046296296296296294
4 0.40208333333333335 0.37777777777777777 0.026041666666666668 0.046296296296296294
4 0.40729166666666666 0.37777777777777777 0.026041666666666668 0.046296296296296294
4 0.5036458333333333 0.37592592592592594 0.026041666666666668 0.046296296296296294
4 0.5161458333333333 0.37777777777777777 0.026041666666666668 0.046296296296296294
2 0.2125 0.38425925925925924 0.026041666666666668 0.046296296296296294
4 0.3828125 0.38796296296296295 0.026041666666666668 0.046296296296296294
4 0.4453125 0.387037037037037 0.026041666666666668 0.046296296296296294
4 0.4083333333333333 0.39166666666666666 0.026041666666666668 0.046296296296296294
4 0.4609375 0.39444444444444443 0.026041666666666668 0.046296296296296294
4 0.4786458333333333 0.39351851851851855 0.026041666666666668 0.046296296296296294
2 0.1765625 0.40555555555555556 0.026041666666666668 0.046296296296296294
2 0.19375 0.39814814814814814 0.026041666666666668 0.046296296296296294
2 0.21197916666666666 0.4009259259259259 0.026041666666666668 0.046296296296296294
4 0.4109375 0.40370370370370373 0.026041666666666668 0.046296296296296294
4 0.421875 0.4009259259259259 0.026041666666666668 0.046296296296296294
4 0.4276041666666667 0.4009259259259259 0.026041666666666668 0.046296296296296294
4 0.37864583333333335 0.4111111111111111 0.026041666666666668 0.046296296296296294
4 0.39114583333333336 0.4083333333333333 0.026041666666666668 0.046296296296296294
4 0.40260416666666665 0.40925925925925927 0.026041666666666668 0.046296296296296294
4 0.5161458333333333 0.4111111111111111 0.026041666666666668 0.046296296296296294
4 0.6546875 0.4101851851851852 0.026041666666666668 0.046296296296296294
2 0.17760416666666667 0.4166666666666667 0.026041666666666668 0.046296296296296294
2 0.2078125 0.41944444444444445 0.026041666666666668 0.046296296296296294
4 0.4328125 0.41759259259259257 0.026041666666666668 0.046296296296296294
4 0.3828125 0.42777777777777776 0.026041666666666668 0.046296296296296294
4 0.4083333333333333 0.42685185185185187 0.026041666666666668 0.046296296296296294
4 0.4578125 0.42407407407407405 0.026041666666666668 0.046296296296296294
4 0.49375 0.43148148148148147 0.026041666666666668 0.046296296296296294
4 0.6489583333333333 0.43148148148148147 0.026041666666666668 0.046296296296296294
4 0.39479166666666665 0.43796296296296294 0.026041666666666668 0.046296296296296294
4 0.40677083333333336 0.44074074074074077 0.026041666666666668 0.046296296296296294
4 0.6609375 0.4388888888888889 0.026041666666666668 0.046296296296296294
3 0.70625 0.4398148148148148 0.026041666666666668 0.046296296296296294
4 0.37447916666666664 0.45 0.026041666666666668 0.046296296296296294
4 0.5083333333333333 0.44722222222222224 0.026041666666666668 0.046296296296296294
4 0.5239583333333333 0.45092592592592595 0.026041666666666668 0.046296296296296294
3 0.6859375 0.44907407407407407 0.026041666666666668 0.046296296296296294
4 0.39427083333333335 0.4537037037037037 0.026041666666666668 0.046296296296296294
4 0.5166666666666667 0.45740740740740743 0.026041666666666668 0.046296296296296294
4 0.5171875 0.46574074074074073 0.026041666666666668 0.046296296296296294
3 0.6734375 0.46296296296296297 0.026041666666666668 0.046296296296296294
4 0.403125 0.4722222222222222 0.026041666666666668 0.046296296296296294
4 0.44375 0.4703703703703704 0.026041666666666668 0.046296296296296294
3 0.690625 0.47129629629629627 0.026041666666666668 0.046296296296296294
4 0.38385416666666666 0.48055555555555557 0.026041666666666668 0.046296296296296294
4 0.5161458333333333 0.4787037037037037 0.026041666666666668 0.046296296296296294
2 0.16145833333333334 0.4842592592592593 0.026041666666666668 0.046296296296296294
3 0.6864583333333333 0.4888888888888889 0.026041666666666668 0.046296296296296294
4 0.5192708333333333 0.49166666666666664 0.026041666666666668 0.046296296296296294
4 0.44635416666666666 0.5111111111111111 0.026041666666666668 0.046296296296296294
4 0.4703125 0.5101851851851852 0.026041666666666668 0.046296296296296294
4 0.4942708333333333 0.5120370370370371 0.026041666666666668 0.046296296296296294
4 0.5296875 0.5055555555555555 0.026041666666666668 0.046296296296296294
4 0.6151041666666667 0.5046296296296297 0.026041666666666668 0.046296296296296294
3 0.6953125 0.5111111111111111 0.026041666666666668 0.046296296296296294
3 0.6822916666666666 0.5185185185185185 0.026041666666666668 0.046296296296296294
4 0.5114583333333333 0.5324074074074074 0.026041666666666668 0.046296296296296294
4 0.5401041666666667 0.5287037037037037 0.026041666666666668 0.046296296296296294
4 0.6666666666666666 0.5305555555555556 0.026041666666666668 0.046296296296296294
3 0.7213541666666666 0.5305555555555556 0.026041666666666668 0.046296296296296294
4 0.4328125 0.5398148148148149 0.026041666666666668 0.046296296296296294
4 0.6015625 0.5416666666666666 0.026041666666666668 0.046296296296296294
4 0.5494791666666666 0.5472222222222223 0.026041666666666668 0.046296296296296294
4 0.6270833333333333 0.5509259259259259 0.026041666666666668 0.046296296296296294
4 0.44583333333333336 0.5537037037037037 0.026041666666666668 0.046296296296296294
4 0.4630208333333333 0.5537037037037037 0.026041666666666668 0.046296296296296294
4 0.5682291666666667 0.5601851851851852 0.026041666666666668 0.046296296296296294
3 0.740625 0.5666666666666667 0.026041666666666668 0.046296296296296294
2 0.209375 0.5805555555555556 0.026041666666666668 0.046296296296296294
4 0.6390625 0.5861111111111111 0.026041666666666668 0.046296296296296294
3 0.7375 0.5962962962962963 0.026041666666666668 0.046296296296296294
4 0.5713541666666667 0.6037037037037037 0.026041666666666668 0.046296296296296294
4 0.465625 0.6138888888888889 0.026041666666666668 0.046296296296296294
4 0.5838541666666667 0.6194444444444445 0.026041666666666668 0.046296296296296294
3 0.7583333333333333 0.6268518518518519 0.026041666666666668 0.046296296296296294
4 0.6088541666666667 0.6333333333333333 0.026041666666666668 0.046296296296296294
3 0.7416666666666667 0.6444444444444445 0.026041666666666668 0.046296296296296294
1 0.7682291666666666 0.674074074074074 0.026041666666666668 0.046296296296296294
1 0.68125 0.7055555555555556 0.026041666666666668 0.046296296296296294
1 0.8854166666666666 0.7425925925925926 0.026041666666666668 0.046296296296296294
1 0.5588541666666667 0.7555555555555555 0.026041666666666668 0.046296296296296294
1 0.8619791666666666 0.8 0.026041666666666668 0.046296296296296294
1 0.9744791666666667 0.8527777777777777 0.026041666666666668 0.046296296296296294
1 0.9953125 0.8574074074074074 0.026041666666666668 0.046296296296296294
1 0.790625 0.8685185185185185 0.026041666666666668 0.046296296296296294
1 0.7036458333333333 0.9111111111111111 0.026041666666666668 0.046296296296296294
1 0.8171875 0.9194444444444444 0.026041666666666668 0.046296296296296294
1 0.9578125 0.9268518518518518 0.026041666666666668 0.046296296296296294
1 0.6786458333333333 0.9703703703703703 0.026041666666666668 0.046296296296296294
1 0.6145833333333334 0.7296296296296296 0.026041666666666668 0.046296296296296294
1 0.75625 0.7462962962962963 0.026041666666666668 0.046296296296296294
3 0.75625 0.5722222222222222 0.026041666666666668 0.046296296296296294
4 0.5197916666666667 0.6148148148148148 0.026041666666666668 0.046296296296296294
4 0.46875 0.46111111111111114 0.026041666666666668 0.046296296296296294
1 0.6333333333333333 0.8759259259259259 0.026041666666666668 0.046296296296296294
1 0.828125 0.8685185185185185 0.026041666666666668 0.046296296296296294
1 0.8208333333333333 0.8314814814814815 0.026041666666666668 0.046296296296296294
