0 0.4713541666666667 0.0962962962962963 0.026041666666666668 0.046296296296296294
0 0.4791666666666667 0.09814814814814815 0.026041666666666668 0.046296296296296294
0 0.4921875 0.12037037037037036 0.026041666666666668 0.046296296296296294
0 0.44166666666666665 0.13240740740740742 0.026041666666666668 0.046296296296296294
0 0.44947916666666665 0.13518518518518519 0.026041666666666668 0.046296296296296294
0 0.4552083333333333 0.13425925925925927 0.026041666666666668 0.046296296296296294
0 0.46197916666666666 0.1361111111111111 0.026041666666666668 0.046296296296296294
0 0.4703125 0.13703703703703704 0.026041666666666668 0.046296296296296294
0 0.48333333333333334 0.1388888888888889 0.026041666666666668 0.046296296296296294
0 0.490625 0.1388888888888889 0.026041666666666668 0.046296296296296294
0 0.4401041666666667 0.14351851851851852 0.026041666666666668 0.046296296296296294
0 0.45416666666666666 0.14537037037037037 0.026041666666666668 0.046296296296296294
0 0.4744791666666667 0.14722222222222223 0.026041666666666668 0.046296296296296294
0 0.49895833333333334 0.14537037037037037 0.026041666666666668 0.046296296296296294
0 0.46197916666666666 0.1537037037037037 0.026041666666666668 0.046296296296296294
0 0.45364583333333336 0.16111111111111112 0.026041666666666668 0.046296296296296294
0 0.4828125 0.16111111111111112 0.026041666666666668 0.046296296296296294
0 0.4901041666666667 0.16111111111111112 0.026041666666666668 0.046296296296296294
0 0.46979166666666666 0.16944444444444445 0.026041666666666668 0.046296296296296294
0 0.4734375 0.16944444444444445 0.026041666666666668 0.046296296296296294
0 0.4328125 0.17407407407407408 0.026041666666666668 0.046296296296296294
0 0.45 0.17685185185185184 0.026041666666666668 0.046296296296296294
0 0.45364583333333336 0.18425925925925926 0.026041666666666668 0.046296296296296294
0 0.46197916666666666 0.18333333333333332 0.026041666666666668 0.046296296296296294
0 0.4739583333333333 0.18333333333333332 0.026041666666666668 0.046296296296296294
0 0.5088541666666667 0.18611111111111112 0.026041666666666668 0.046296296296296294
0 0.490625 0.1925925925925926 0.026041666666666668 0.046296296296296294
0 0.45729166666666665 0.2 0.026041666666666668 0.046296296296296294
0 0.440625 0.20462962962962963 0.026041666666666668 0.046296296296296294
0 0.49322916666666666 0.21481481481481482 0.026041666666666668 0.046296296296296294
0 0.4828125 0.22314814814814815 0.026041666666666668 0.046296296296296294
0 0.5078125 0.22407407407407406 0.026041666666666668 0.046296296296296294
0 0.5036458333333333 0.23333333333333334 0.026041666666666668 0.046296296296296294
0 0.44114583333333335 0.23703703703703705 0.026041666666666668 0.046296296296296294
0 0.4703125 0.23703703703703705 0.026041666666666668 0.046296296296296294
0 0.4953125 0.2388888888888889 0.026041666666666668 0.046296296296296294
0 0.5026041666666666 0.24074074074074073 0.026041666666666668 0.046296296296296294
0 0.4875 0.24351851851851852 0.026041666666666668 0.046296296296296294
0 0.5104166666666666 0.2564814814814815 0.026041666666666668 0.046296296296296294
0 0.49322916666666666 0.27037037037037037 0.026041666666666668 0.046296296296296294
0 0.5119791666666667 0.26944444444444443 0.026041666666666668 0.046296296296296294
0 0.5046875 0.28055555555555556 0.026041666666666668 0.046296296296296294
0 0.5453125 0.2796296296296296 0.026041666666666668 0.046296296296296294
0 0.7020833333333333 0.28425925925925927 0.026041666666666668 0.046296296296296294
0 0.503125 0.29444444444444445 0.026041666666666668 0.046296296296296294
0 0.5234375 0.2935185185185185 0.026041666666666668 0.046296296296296294
0 0.6864583333333333 0.2935185185185185 0.026041666666666668 0.046296296296296294
0 0.4359375 0.30648148148148147 0.026041666666666668 0.046296296296296294
0 0.4744791666666667 0.30833333333333335 0.026041666666666668 0.046296296296296294
0 0.4869791666666667 0.30833333333333335 0.026041666666666668 0.046296296296296294
0 0.5125 0.3101851851851852 0.026041666666666668 0.046296296296296294
0 0.41822916666666665 0.31574074074074077 0.026041666666666668 0.046296296296296294
0 0.475 0.32407407407407407 0.026041666666666668 0.046296296296296294
0 0.5114583333333333 0.32407407407407407 0.026041666666666668 0.046296296296296294
0 0.528125 0.32407407407407407 0.026041666666666668 0.046296296296296294
0 0.44479166666666664 0.33055555555555555 0.026041666666666668 0.046296296296296294
0 0.45729166666666665 0.33240740740740743 0.026041666666666668 0.046296296296296294
4 0.515625 0.3398148148148148 0.026041666666666668 0.046296296296296294
4 0.45364583333333336 0.3490740740740741 0.026041666666666668 0.046296296296296294
4 0.4817708333333333 0.34629629629629627 0.026041666666666668 0.046296296296296294
4 0.37395833333333334 0.35648148148148145 0.026041666666666668 0.046296296296296294
4 0.3953125 0.35555555555555557 0.026041666666666668 0.046296296296296294
4 0.4036458333333333 0.35555555555555557 0.026041666666666668 0.046296296296296294
4 0.4125 0.35555555555555557 0.026041666666666668 0.046296296296296294
4 0.4192708333333333 0.3574074074074074 0.026041666666666668 0.046296296296296294
4 0.4453125 0.3527777777777778 0.026041666666666668 0.046296296296296294
4 0.4703125 0.35462962962962963 0.026041666666666668 0.046296296296296294
4 0.3875 0.36574074074074076 0.026041666666666668 0.046296296296296294
4 0.39947916666666666 0.37222222222222223 0.026041666666666668 0.046296296296296294
4 0.453125 0.37037037037037035 0.026041666666666668 0.046296296296296294
4 0.47760416666666666 0.37222222222222223 0.026041666666666668 0.046296296296296294
4 0.5 0.37037037037037035 0.026041666666666668 0.046296296296296294
3 0.6796875 0.36944444444444446 0.026041666666666668 0.046296296296296294
4 0.43697916666666664 0.37962962962962965 0.026041666666666668 0.046296296296296294
4 0.5151041666666667 0.3787037037037037 0.026041666666666668 0.046296296296296294
4 0.6505208333333333 0.37777777777777777 0.026041666666666668 0.046296296296296294
4 0.3875 0.387037037037037 0.026041666666666668 0.046296296296296294
4 0.5208333333333334 0.387037037037037 0.026041666666666668 0.046296296296296294
2 0.21666666666666667 0.39351851851851855 0.026041666666666668 0.046296296296296294
4 0.4828125 0.3925925925925926 0.026041666666666668 0.046296296296296294
4 0.37447916666666664 0.4027777777777778 0.026041666666666668 0.046296296296296294
4 0.38697916666666665 0.4027777777777778 0.026041666666666668 0.046296296296296294
4 0.44479166666666664 0.4009259259259259 0.026041666666666668 0.046296296296296294
4 0.45625 0.4 0.026041666666666668 0.046296296296296294
4 0.5171875 0.4027777777777778 0.026041666666666668 0.046296296296296294
2 0.18958333333333333 0.4064814814814815 0.026041666666666668 0.046296296296296294
2 0.16614583333333333 0.4185185185185185 0.026041666666666668 0.046296296296296294
4 0.4088541666666667 0.42685185185185187 0.026041666666666668 0.046296296296296294
4 0.5208333333333334 0.42685185185185187 0.026041666666666668 0.046296296296296294
4 0.5119791666666667 0.4351851851851852 0.026041666666666668 0.046296296296296294
4 0.6614583333333334 0.4351851851851852 0.026041666666666668 0.046296296296296294
4 0.4921875 0.4425925925925926 0.026041666666666668 0.046296296296296294
4 0.6552083333333333 0.4425925925925926 0.026041666666666668 0.046296296296296294
4 0.4119791666666667 0.4462962962962963 0.026041666666666668 0.046296296296296294
4 0.6651041666666667 0.44907407407407407 0.026041666666666668 0.046296296296296294
3 0.7078125 0.44537037037037036 0.026041666666666668 0.046296296296296294
4 0.4046875 0.4546296296296296 0.026041666666666668 0.046296296296296294
4 0.665625 0.462037037037037 0.026041666666666668 0.046296296296296294
3 0.6817708333333333 0.4648148148148148 0.026041666666666668 0.046296296296296294
4 0.4869791666666667 0.4666666666666667 0.026041666666666668 0.046296296296296294
4 0.5291666666666667 0.4740740740740741 0.026041666666666668 0.046296296296296294
4 0.43645833333333334 0.4777777777777778 0.026041666666666668 0.046296296296296294
3 0.678125 0.48055555555555557 0.026041666666666668 0.046296296296296294
4 0.628125 0.48703703703703705 0.026041666666666668 0.046296296296296294
3 0.6869791666666667 0.487962962962963 0.026041666666666668 0.046296296296296294
4 0.5208333333333334 0.5018518518518519 0.026041666666666668 0.046296296296296294
4 0.5328125 0.5064814814814815 0.026041666666666668 0.046296296296296294
4 0.6369791666666667 0.5055555555555555 0.026041666666666668 0.046296296296296294
4 0.428125 0.5074074074074074 0.026041666666666668 0.046296296296296294
4 0.6114583333333333 0.5101851851851852 0.026041666666666668 0.046296296296296294
3 0.6916666666666667 0.5120370370370371 0.026041666666666668 0.046296296296296294
2 0.14895833333333333 0.5231481481481481 0.026041666666666668 0.046296296296296294
4 0.5317708333333333 0.5268518518518519 0.026041666666666668 0.046296296296296294
4 0.6276041666666666 0.5333333333333333 0.026041666666666668 0.046296296296296294
3 0.6671875 0.5342592592592592 0.026041666666666668 0.046296296296296294
3 0.7177083333333333 0.5296296296296297 0.026041666666666668 0.046296296296296294
4 0.5984375 0.5481481481481482 0.026041666666666668 0.046296296296296294
4 0.5291666666666667 0.5583333333333333 0.026041666666666668 0.046296296296296294
4 0.5614583333333333 0.5601851851851852 0.026041666666666668 0.046296296296296294
4 0.5729166666666666 0.5740740740740741 0.026041666666666668 0.046296296296296294
4 0.6322916666666667 0.5694444444444444 0.026041666666666668 0.046296296296296294
3 0.7270833333333333 0.562037037037037 0.026041666666666668 0.046296296296296294
3 0.7703125 0.5888888888888889 0.026041666666666668 0.046296296296296294
2 0.20104166666666667 0.5953703703703703 0.026041666666666668 0.046296296296296294
3 0.74375 0.6018518518518519 0.026041666666666668 0.046296296296296294
4 0.4005208333333333 0.6092592592592593 0.026041666666666668 0.046296296296296294
3 0.7291666666666666 0.6222222222222222 0.026041666666666668 0.046296296296296294
4 0.590625 0.6268518518518519 0.026041666666666668 0.046296296296296294
3 0.7619791666666667 0.6277777777777778 0.026041666666666668 0.046296296296296294
4 0.6541666666666667 0.6472222222222223 0.026041666666666668 0.046296296296296294
4 0.5630208333333333 0.6518518518518519 0.026041666666666668 0.046296296296296294
4 0.6453125 0.6601851851851852 0.026041666666666668 0.046296296296296294
4 0.4317708333333333 0.6657407407407407 0.026041666666666668 0.046296296296296294
1 0.7734375 0.6712962962962963 0.026041666666666668 0.046296296296296294
1 0.5369791666666667 0.7111111111111111 0.026041666666666668 0.046296296296296294
1 0.1703125 0.7185185185185186 0.026041666666666668 0.046296296296296294
1 0.7119791666666667 0.7453703703703703 0.026041666666666668 0.046296296296296294
1 0.47552083333333334 0.7574074074074074 0.026041666666666668 0.046296296296296294
1 0.6020833333333333 0.8194444444444444 0.026041666666666668 0.046296296296296294
1 0.8223958333333333 0.8379629629629629 0.026041666666666668 0.046296296296296294
1 0.975 0.8462962962962963 0.026041666666666668 0.046296296296296294
1 0.9958333333333333 0.8583333333333333 0.026041666666666668 0.046296296296296294
1 0.828125 0.8675925925925926 0.026041666666666668 0.046296296296296294
1 0.815625 0.9120370370370371 0.026041666666666668 0.046296296296296294
1 0.9598958333333333 0.9398148148148148 0.026041666666666668 0.046296296296296294
1 0.9359375 0.9851851851851852 0.026041666666666668 0.046296296296296294
1 0.7427083333333333 0.9953703703703703 0.026041666666666668 0.046296296296296294
1 0.8666666666666667 0.8240740740740741 0.026041666666666668 0.046296296296296294
1 0.8895833333333333 0.7407407407407407 0.026041666666666668 0.046296296296296294
1 0.759375 0.8351851851851851 0.026041666666666668 0.046296296296296294
1 0.784375 0.6888888888888889 0.026041666666666668 0.046296296296296294
3 0.69375 0.6370370370370371 0.026041666666666668 0.046296296296296294
1 0.659375 0.7055555555555556 0.026041666666666668 0.046296296296296294
3 0.7583333333333333 0.5611111111111111 0.026041666666666668 0.046296296296296294
3 0.790625 0.5111111111111111 0.026041666666666668 0.046296296296296294
4 0.46041666666666664 0.4759259259259259 0.026041666666666668 0.046296296296296294
