0 0.4708333333333333 0.0962962962962963 0.026041666666666668 0.046296296296296294
0 0.4786458333333333 0.09722222222222222 0.026041666666666668 0.046296296296296294
0 0.4875 0.10462962962962963 0.026041666666666668 0.046296296296296294
0 0.48125 0.12222222222222222 0.026041666666666668 0.046296296296296294
0 0.4703125 0.12777777777777777 0.026041666666666668 0.046296296296296294
0 0.4942708333333333 0.12777777777777777 0.026041666666666668 0.046296296296296294
0 0.4432291666666667 0.13148148148148148 0.026041666666666668 0.046296296296296294
0 0.44947916666666665 0.13148148148148148 0.026041666666666668 0.046296296296296294
0 0.46145833333333336 0.13703703703703704 0.026041666666666668 0.046296296296296294
0 0.4875 0.13796296296296295 0.026041666666666668 0.046296296296296294
0 0.4947916666666667 0.1361111111111111 0.026041666666666668 0.046296296296296294
0 0.4744791666666667 0.14537037037037037 0.026041666666666668 0.046296296296296294
0 0.4630208333333333 0.15555555555555556 0.026041666666666668 0.046296296296296294
0 0.4578125 0.16574074074074074 0.026041666666666668 0.046296296296296294
0 0.5036458333333333 0.16944444444444445 0.026041666666666668 0.046296296296296294
0 0.4328125 0.17685185185185184 0.026041666666666668 0.046296296296296294
0 0.49166666666666664 0.17592592592592593 0.026041666666666668 0.046296296296296294
0 0.5125 0.17685185185185184 0.026041666666666668 0.046296296296296294
0 0.43333333333333335 0.18333333333333332 0.026041666666666668 0.046296296296296294
0 0.4578125 0.1814814814814815 0.026041666666666668 0.046296296296296294
0 0.4744791666666667 0.18518518518518517 0.026041666666666668 0.046296296296296294
0 0.49947916666666664 0.1814814814814815 0.026041666666666668 0.046296296296296294
0 0.5046875 0.18611111111111112 0.026041666666666668 0.046296296296296294
0 0.4578125 0.18981481481481483 0.026041666666666668 0.046296296296296294
0 0.4828125 0.18981481481481483 0.026041666666666668 0.046296296296296294
0 0.49895833333333334 0.19907407407407407 0.026041666666666668 0.046296296296296294
0 0.4635416666666667 0.2074074074074074 0.026041666666666668 0.046296296296296294
0 0.43385416666666665 0.21481481481481482 0.026041666666666668 0.046296296296296294
0 0.415625 0.22777777777777777 0.026041666666666668 0.046296296296296294
0 0.4276041666666667 0.2462962962962963 0.026041666666666668 0.046296296296296294
0 0.46822916666666664 0.24814814814814815 0.026041666666666668 0.046296296296296294
0 0.490625 0.24444444444444444 0.026041666666666668 0.046296296296296294
0 0.503125 0.25462962962962965 0.026041666666666668 0.046296296296296294
0 0.46197916666666666 0.27870370370370373 0.026041666666666668 0.046296296296296294
0 0.5380208333333333 0.2759259259259259 0.026041666666666668 0.046296296296296294
0 0.4197916666666667 0.28425925925925927 0.026041666666666668 0.046296296296296294
0 0.43854166666666666 0.2814814814814815 0.026041666666666668 0.046296296296296294
0 0.49166666666666664 0.2851851851851852 0.026041666666666668 0.046296296296296294
0 0.5463541666666667 0.28425925925925927 0.026041666666666668 0.046296296296296294
0 0.4791666666666667 0.2898148148148148 0.026041666666666668 0.046296296296296294
0 0.49895833333333334 0.29259259259259257 0.026041666666666668 0.046296296296296294
0 0.5098958333333333 0.2935185185185185 0.026041666666666668 0.046296296296296294
0 0.6864583333333333 0.2916666666666667 0.026041666666666668 0.046296296296296294
0 0.46145833333333336 0.30648148148148147 0.026041666666666668 0.046296296296296294
0 0.515625 0.3101851851851852 0.026041666666666668 0.046296296296296294
0 0.49114583333333334 0.3175925925925926 0.026041666666666668 0.046296296296296294
0 0.5078125 0.31574074074074077 0.026041666666666668 0.046296296296296294
0 0.7067708333333333 0.31296296296296294 0.026041666666666668 0.046296296296296294
0 0.4666666666666667 0.325 0.026041666666666668 0.046296296296296294
0 0.4390625 0.32592592592592595 0.026041666666666668 0.046296296296296294
0 0.44479166666666664 0.3296296296296296 0.026041666666666668 0.046296296296296294
0 0.453125 0.33240740740740743 0.026041666666666668 0.046296296296296294
0 0.5114583333333333 0.33240740740740743 0.026041666666666668 0.046296296296296294
0 0.5286458333333334 0.33240740740740743 0.026041666666666668 0.046296296296296294
4 0.3958333333333333 0.3490740740740741 0.026041666666666668 0.046296296296296294
4 0.42604166666666665 0.35 0.026041666666666668 0.046296296296296294
4 0.4328125 0.3490740740740741 0.026041666666666668 0.046296296296296294
4 0.37916666666666665 0.35555555555555557 0.026041666666666668 0.046296296296296294
4 0.42083333333333334 0.35648148148148145 0.026041666666666668 0.046296296296296294
4 0.44479166666666664 0.35648148148148145 0.026041666666666668 0.046296296296296294
4 0.4078125 0.362962962962963 0.026041666666666668 0.046296296296296294
4 0.478125 0.3685185185185185 0.026041666666666668 0.046296296296296294
4 0.5072916666666667 0.37037037037037035 0.026041666666666668 0.046296296296296294
4 0.5182291666666666 0.3712962962962963 0.026041666666666668 0.046296296296296294
4 0.45364583333333336 0.3851851851851852 0.026041666666666668 0.046296296296296294
4 0.49375 0.387037037037037 0.026041666666666668 0.046296296296296294
4 0.5114583333333333 0.38796296296296295 0.026041666666666668 0.046296296296296294
4 0.5322916666666667 0.387037037037037 0.026041666666666668 0.046296296296296294
4 0.5109375 0.4009259259259259 0.026041666666666668 0.046296296296296294
4 0.528125 0.40185185185185185 0.026041666666666668 0.046296296296296294
4 0.6505208333333333 0.4009259259259259 0.026041666666666668 0.046296296296296294
3 0.6807291666666667 0.4 0.026041666666666668 0.046296296296296294
2 0.19739583333333333 0.40555555555555556 0.026041666666666668 0.046296296296296294
2 0.1796875 0.4166666666666667 0.026041666666666668 0.046296296296296294
4 0.5125 0.41759259259259257 0.026041666666666668 0.046296296296296294
4 0.3765625 0.42777777777777776 0.026041666666666668 0.046296296296296294
3 0.6755208333333333 0.42777777777777776 0.026041666666666668 0.046296296296296294
4 0.5161458333333333 0.43425925925925923 0.026041666666666668 0.046296296296296294
4 0.5026041666666666 0.4425925925925926 0.026041666666666668 0.046296296296296294
3 0.6822916666666666 0.4444444444444444 0.026041666666666668 0.046296296296296294
4 0.42916666666666664 0.44814814814814813 0.026041666666666668 0.046296296296296294
4 0.49895833333333334 0.45 0.026041666666666668 0.046296296296296294
4 0.6661458333333333 0.4537037037037037 0.026041666666666668 0.046296296296296294
3 0.7072916666666667 0.4462962962962963 0.026041666666666668 0.046296296296296294
4 0.3776041666666667 0.45555555555555555 0.026041666666666668 0.046296296296296294
4 0.4010416666666667 0.4546296296296296 0.026041666666666668 0.046296296296296294
4 0.659375 0.45555555555555555 0.026041666666666668 0.046296296296296294
4 0.3854166666666667 0.4666666666666667 0.026041666666666668 0.046296296296296294
4 0.390625 0.46296296296296297 0.026041666666666668 0.046296296296296294
4 0.5192708333333333 0.4648148148148148 0.026041666666666668 0.046296296296296294
4 0.665625 0.46574074074074073 0.026041666666666668 0.046296296296296294
4 0.37447916666666664 0.47314814814814815 0.026041666666666668 0.046296296296296294
3 0.6786458333333333 0.4722222222222222 0.026041666666666668 0.046296296296296294
4 0.5083333333333333 0.48333333333333334 0.026041666666666668 0.046296296296296294
4 0.5010416666666667 0.487962962962963 0.026041666666666668 0.046296296296296294
4 0.653125 0.4861111111111111 0.026041666666666668 0.046296296296296294
4 0.509375 0.4962962962962963 0.026041666666666668 0.046296296296296294
4 0.6088541666666667 0.4962962962962963 0.026041666666666668 0.046296296296296294
4 0.6614583333333334 0.49537037037037035 0.026041666666666668 0.046296296296296294
3 0.6739583333333333 0.5055555555555555 0.026041666666666668 0.046296296296296294
4 0.5005208333333333 0.5101851851851852 0.026041666666666668 0.046296296296296294
4 0.6296875 0.512962962962963 0.026041666666666668 0.046296296296296294
3 0.70625 0.5194444444444445 0.026041666666666668 0.046296296296296294
4 0.5166666666666667 0.5351851851851852 0.026041666666666668 0.046296296296296294
3 0.675 0.5333333333333333 0.026041666666666668 0.046296296296296294
3 0.7223958333333333 0.5277777777777778 0.026041666666666668 0.046296296296296294
4 0.6291666666666667 0.5453703703703704 0.026041666666666668 0.046296296296296294
4 0.5244791666666667 0.5574074074074075 0.026041666666666668 0.046296296296296294
4 0.5682291666666667 0.5518518518518518 0.026041666666666668 0.046296296296296294
4 0.5515625 0.5592592592592592 0.026041666666666668 0.046296296296296294
3 0.7348958333333333 0.562037037037037 0.026041666666666668 0.046296296296296294
3 0.759375 0.562962962962963 0.026041666666666668 0.046296296296296294
4 0.44895833333333335 0.5611111111111111 0.026041666666666668 0.046296296296296294
4 0.4713541666666667 0.562037037037037 0.026041666666666668 0.046296296296296294
4 0.5057291666666667 0.5685185185185185 0.026041666666666668 0.046296296296296294
4 0.6078125 0.5731481481481482 0.026041666666666668 0.046296296296296294
4 0.6328125 0.5814814814814815 0.026041666666666668 0.046296296296296294
3 0.7432291666666667 0.5851851851851851 0.026041666666666668 0.046296296296296294
4 0.4234375 0.6055555555555555 0.026041666666666668 0.046296296296296294
4 0.65625 0.600925925925926 0.026041666666666668 0.046296296296296294
3 0.7614583333333333 0.6111111111111112 0.026041666666666668 0.046296296296296294
3 0.7125 0.6388888888888888 0.026041666666666668 0.046296296296296294
3 0.7453125 0.6351851851851852 0.026041666666666668 0.046296296296296294
4 0.40520833333333334 0.6425925925925926 0.026041666666666668 0.046296296296296294
4 0.49947916666666664 0.649074074074074 0.026041666666666668 0.046296296296296294
4 0.38697916666666665 0.6592592592592592 0.026041666666666668 0.046296296296296294
4 0.5171875 0.6648148148148149 0.026041666666666668 0.046296296296296294
3 0.7625 0.6657407407407407 0.026041666666666668 0.046296296296296294
1 0.6989583333333333 0.6731481481481482 0.026041666666666668 0.046296296296296294
1 0.5984375 0.6768518518518518 0.026041666666666668 0.046296296296296294
1 0.7869791666666667 0.6796296296296296 0.026041666666666668 0.046296296296296294
1 0.43697916666666664 0.6898148148148148 0.026041666666666668 0.046296296296296294
1 0.46979166666666666 0.6925925925925925 0.026041666666666668 0.046296296296296294
1 0.19010416666666666 0.7046296296296296 0.026041666666666668 0.046296296296296294
1 0.4166666666666667 0.7027777777777777 0.026041666666666668 0.046296296296296294
1 0.6401041666666667 0.7111111111111111 0.026041666666666668 0.046296296296296294
1 0.1578125 0.7398148148148148 0.026041666666666668 0.046296296296296294
1 0.8838541666666667 0.7481481481481481 0.026041666666666668 0.046296296296296294
1 0.7614583333333333 0.8092592592592592 0.026041666666666668 0.046296296296296294
1 0.46822916666666664 0.8064814814814815 0.026041666666666668 0.046296296296296294
1 0.31145833333333334 0.825 0.026041666666666668 0.046296296296296294
1 0.7984375 0.8518518518518519 0.026041666666666668 0.046296296296296294
1 0.6125 0.8537037037037037 0.026041666666666668 0.046296296296296294
1 0.7588541666666667 0.8703703703703703 0.026041666666666668 0.046296296296296294
1 0.8203125 0.8648148148148148 0.026041666666666668 0.046296296296296294
1 0.5807291666666666 0.8722222222222222 0.026041666666666668 0.046296296296296294
1 0.28177083333333336 0.8953703703703704 0.026041666666666668 0.046296296296296294
1 0.14114583333333333 0.9287037037037037 0.026041666666666668 0.046296296296296294
1 0.8265625 0.9296296296296296 0.026041666666666668 0.046296296296296294
1 0.09114583333333333 0.9342592592592592 0.026041666666666668 0.046296296296296294
1 0.965625 0.9444444444444444 0.026041666666666668 0.046296296296296294
1 0.5020833333333333 0.9546296296296296 0.026041666666666668 0.046296296296296294
1 0.08541666666666667 0.9722222222222222 0.026041666666666668 0.046296296296296294
1 0.33645833333333336 0.9685185185185186 0.026041666666666668 0.046296296296296294
1 0.1875 0.8462962962962963 0.026041666666666668 0.046296296296296294
1 0.4864583333333333 0.7518518518518519 0.026041666666666668 0.046296296296296294
1 0.5104166666666666 0.7574074074074074 0.026041666666666668 0.046296296296296294
4 0.39166666666666666 0.5944444444444444 0.026041666666666668 0.046296296296296294
4 0.3770833333333333 0.512962962962963 0.026041666666666668 0.046296296296296294
2 0.22083333333333333 0.4666666666666667 0.026041666666666668 0.046296296296296294
2 0.2125 0.4 0.026041666666666668 0.046296296296296294
1 0.8697916666666666 0.8240740740740741 0.026041666666666668 0.046296296296296294
1 0.94375 0.7814814814814814 0.026041666666666668 0.046296296296296294
1 0.93125 0.9166666666666666 0.026041666666666668 0.046296296296296294
3 0.6802083333333333 0.662962962962963 0.026041666666666668 0.046296296296296294
1 0.6729166666666667 0.6907407407407408 0.026041666666666668 0.046296296296296294
