0 0.4713541666666667 0.09444444444444444 0.026041666666666668 0.046296296296296294
0 0.4786458333333333 0.09814814814814815 0.026041666666666668 0.046296296296296294
0 0.475 0.10648148148148148 0.026041666666666668 0.046296296296296294
0 0.4822916666666667 0.1037037037037037 0.026041666666666668 0.046296296296296294
0 0.4869791666666667 0.10462962962962963 0.026041666666666668 0.046296296296296294
0 0.4703125 0.11481481481481481 0.026041666666666668 0.046296296296296294
0 0.4828125 0.12222222222222222 0.026041666666666668 0.046296296296296294
0 0.4921875 0.12037037037037036 0.026041666666666668 0.046296296296296294
0 0.49895833333333334 0.12129629629629629 0.026041666666666668 0.046296296296296294
0 0.4703125 0.12962962962962962 0.026041666666666668 0.046296296296296294
0 0.4625 0.14351851851851852 0.026041666666666668 0.046296296296296294
0 0.4739583333333333 0.14629629629629629 0.026041666666666668 0.046296296296296294
0 0.42916666666666664 0.18055555555555555 0.026041666666666668 0.046296296296296294
0 0.5151041666666667 0.1824074074074074 0.026041666666666668 0.046296296296296294
0 0.5026041666666666 0.2064814814814815 0.026041666666666668 0.046296296296296294
0 0.48541666666666666 0.2175925925925926 0.026041666666666668 0.046296296296296294
0 0.5026041666666666 0.21296296296296297 0.026041666666666668 0.046296296296296294
0 0.5208333333333334 0.21666666666666667 0.026041666666666668 0.046296296296296294
0 0.4479166666666667 0.22592592592592592 0.026041666666666668 0.046296296296296294
0 0.5119791666666667 0.23425925925925925 0.026041666666666668 0.046296296296296294
0 0.5208333333333334 0.23055555555555557 0.026041666666666668 0.046296296296296294
0 0.42083333333333334 0.23333333333333334 0.026041666666666668 0.046296296296296294
0 0.4317708333333333 0.23425925925925925 0.026041666666666668 0.046296296296296294
0 0.4625 0.2361111111111111 0.026041666666666668 0.046296296296296294
0 0.5078125 0.23981481481481481 0.026041666666666668 0.046296296296296294
0 0.4421875 0.24444444444444444 0.026041666666666668 0.046296296296296294
0 0.4479166666666667 0.24259259259259258 0.026041666666666668 0.046296296296296294
0 0.4734375 0.24537037037037038 0.026041666666666668 0.046296296296296294
0 0.5151041666666667 0.24722222222222223 0.026041666666666668 0.046296296296296294
0 0.465625 0.2537037037037037 0.026041666666666668 0.046296296296296294
0 0.48541666666666666 0.2537037037037037 0.026041666666666668 0.046296296296296294
0 0.5020833333333333 0.2537037037037037 0.026041666666666668 0.046296296296296294
0 0.4322916666666667 0.262037037037037 0.026041666666666668 0.046296296296296294
0 0.4864583333333333 0.2611111111111111 0.026041666666666668 0.046296296296296294
0 0.5046875 0.26296296296296295 0.026041666666666668 0.046296296296296294
0 0.5109375 0.2638888888888889 0.026041666666666668 0.046296296296296294
0 0.7036458333333333 0.2601851851851852 0.026041666666666668 0.046296296296296294
0 0.4666666666666667 0.26851851851851855 0.026041666666666668 0.046296296296296294
0 0.49166666666666664 0.27037037037037037 0.026041666666666668 0.046296296296296294
0 0.5036458333333333 0.27037037037037037 0.026041666666666668 0.046296296296296294
0 0.5463541666666667 0.27685185185185185 0.026041666666666668 0.046296296296296294
0 0.4859375 0.2851851851851852 0.026041666666666668 0.046296296296296294
0 0.5072916666666667 0.28703703703703703 0.026041666666666668 0.046296296296296294
0 0.5322916666666667 0.2935185185185185 0.026041666666666668 0.046296296296296294
0 0.4197916666666667 0.3 0.026041666666666668 0.046296296296296294
0 0.4864583333333333 0.30092592592592593 0.026041666666666668 0.046296296296296294
0 0.5161458333333333 0.30185185185185187 0.026041666666666668 0.046296296296296294
0 0.46197916666666666 0.3101851851851852 0.026041666666666668 0.046296296296296294
0 0.46979166666666666 0.30925925925925923 0.026041666666666668 0.046296296296296294
0 0.4786458333333333 0.30833333333333335 0.026041666666666668 0.046296296296296294
0 0.5072916666666667 0.30648148148148147 0.026041666666666668 0.046296296296296294
0 0.5489583333333333 0.30925925925925923 0.026041666666666668 0.046296296296296294
0 0.4203125 0.31666666666666665 0.026041666666666668 0.046296296296296294
0 0.4244791666666667 0.31666666666666665 0.026041666666666668 0.046296296296296294
0 0.44114583333333335 0.31666666666666665 0.026041666666666668 0.046296296296296294
0 0.45364583333333336 0.3175925925925926 0.026041666666666668 0.046296296296296294
0 0.4869791666666667 0.31574074074074077 0.026041666666666668 0.046296296296296294
0 0.5161458333333333 0.31574074074074077 0.026041666666666668 0.046296296296296294
0 0.49947916666666664 0.325 0.026041666666666668 0.046296296296296294
0 0.4473958333333333 0.33240740740740743 0.026041666666666668 0.046296296296296294
0 0.46145833333333336 0.3314814814814815 0.026041666666666668 0.046296296296296294
0 0.48020833333333335 0.33240740740740743 0.026041666666666668 0.046296296296296294
0 0.4869791666666667 0.3314814814814815 0.026041666666666668 0.046296296296296294
0 0.5119791666666667 0.3296296296296296 0.026041666666666668 0.046296296296296294
4 0.42135416666666664 0.34629629629629627 0.026041666666666668 0.046296296296296294
4 0.39895833333333336 0.3527777777777778 0.026041666666666668 0.046296296296296294
4 0.4161458333333333 0.35648148148148145 0.026041666666666668 0.046296296296296294
4 0.4239583333333333 0.35555555555555557 0.026041666666666668 0.046296296296296294
3 0.6770833333333334 0.3527777777777778 0.026041666666666668 0.046296296296296294
4 0.5114583333333333 0.36203703703703705 0.026041666666666668 0.046296296296296294
4 0.6494791666666667 0.362962962962963 0.026041666666666668 0.046296296296296294
3 0.740625 0.37037037037037035 0.026041666666666668 0.046296296296296294
4 0.38385416666666666 0.37962962962962965 0.026041666666666668 0.046296296296296294
4 0.39010416666666664 0.38055555555555554 0.026041666666666668 0.046296296296296294
4 0.503125 0.37962962962962965 0.026041666666666668 0.046296296296296294
4 0.4828125 0.387037037037037 0.026041666666666668 0.046296296296296294
4 0.51875 0.38796296296296295 0.026041666666666668 0.046296296296296294
4 0.46145833333333336 0.3907407407407407 0.026041666666666668 0.046296296296296294
4 0.6572916666666667 0.39444444444444443 0.026041666666666668 0.046296296296296294
2 0.1984375 0.39814814814814814 0.026041666666666668 0.046296296296296294
4 0.38333333333333336 0.40185185185185185 0.026041666666666668 0.046296296296296294
4 0.39947916666666666 0.4009259259259259 0.026041666666666668 0.046296296296296294
4 0.6572916666666667 0.4111111111111111 0.026041666666666668 0.046296296296296294
4 0.515625 0.4212962962962963 0.026041666666666668 0.046296296296296294
2 0.1796875 0.43333333333333335 0.026041666666666668 0.046296296296296294
4 0.49947916666666664 0.4324074074074074 0.026041666666666668 0.046296296296296294
4 0.5197916666666667 0.43333333333333335 0.026041666666666668 0.046296296296296294
4 0.37604166666666666 0.44166666666666665 0.026041666666666668 0.046296296296296294
4 0.4395833333333333 0.4425925925925926 0.026041666666666668 0.046296296296296294
3 0.7067708333333333 0.4398148148148148 0.026041666666666668 0.046296296296296294
4 0.41875 0.44814814814814813 0.026041666666666668 0.046296296296296294
4 0.509375 0.44907407407407407 0.026041666666666668 0.046296296296296294
4 0.5286458333333334 0.44907407407407407 0.026041666666666668 0.046296296296296294
4 0.6604166666666667 0.4444444444444444 0.026041666666666668 0.046296296296296294
3 0.6854166666666667 0.44722222222222224 0.026041666666666668 0.046296296296296294
4 0.5151041666666667 0.4537037037037037 0.026041666666666668 0.046296296296296294
3 0.66875 0.45092592592592595 0.026041666666666668 0.046296296296296294
4 0.4354166666666667 0.46296296296296297 0.026041666666666668 0.046296296296296294
2 0.21614583333333334 0.47129629629629627 0.026041666666666668 0.046296296296296294
4 0.45729166666666665 0.4685185185185185 0.026041666666666668 0.046296296296296294
4 0.5171875 0.47129629629629627 0.026041666666666668 0.046296296296296294
3 0.6822916666666666 0.4703703703703704 0.026041666666666668 0.046296296296296294
4 0.6239583333333333 0.4787037037037037 0.026041666666666668 0.046296296296296294
4 0.4036458333333333 0.4842592592592593 0.026041666666666668 0.046296296296296294
4 0.47604166666666664 0.4888888888888889 0.026041666666666668 0.046296296296296294
4 0.6197916666666666 0.487962962962963 0.026041666666666668 0.046296296296296294
3 0.6864583333333333 0.4861111111111111 0.026041666666666668 0.046296296296296294
4 0.38697916666666665 0.49537037037037035 0.026041666666666668 0.046296296296296294
4 0.521875 0.4962962962962963 0.026041666666666668 0.046296296296296294
4 0.6046875 0.4962962962962963 0.026041666666666668 0.046296296296296294
4 0.628125 0.49537037037037035 0.026041666666666668 0.046296296296296294
4 0.6208333333333333 0.5046296296296297 0.026041666666666668 0.046296296296296294
3 0.6953125 0.5037037037037037 0.026041666666666668 0.046296296296296294
4 0.5234375 0.5101851851851852 0.026041666666666668 0.046296296296296294
4 0.6411458333333333 0.512962962962963 0.026041666666666668 0.046296296296296294
4 0.45260416666666664 0.5166666666666667 0.026041666666666668 0.046296296296296294
4 0.49895833333333334 0.5185185185185185 0.026041666666666668 0.046296296296296294
4 0.625 0.5212962962962963 0.026041666666666668 0.046296296296296294
3 0.7 0.5175925925925926 0.026041666666666668 0.046296296296296294
4 0.6177083333333333 0.525 0.026041666666666668 0.046296296296296294
4 0.5328125 0.5305555555555556 0.026041666666666668 0.046296296296296294
4 0.5364583333333334 0.5324074074074074 0.026041666666666668 0.046296296296296294
3 0.6697916666666667 0.5407407407407407 0.026041666666666668 0.046296296296296294
4 0.4953125 0.5472222222222223 0.026041666666666668 0.046296296296296294
4 0.625 0.5462962962962963 0.026041666666666668 0.046296296296296294
4 0.6322916666666667 0.549074074074074 0.026041666666666668 0.046296296296296294
4 0.5989583333333334 0.5564814814814815 0.026041666666666668 0.046296296296296294
4 0.55 0.5611111111111111 0.026041666666666668 0.046296296296296294
4 0.5697916666666667 0.5601851851851852 0.026041666666666668 0.046296296296296294
4 0.6401041666666667 0.6027777777777777 0.026041666666666668 0.046296296296296294
3 0.753125 0.6203703703703703 0.026041666666666668 0.046296296296296294
4 0.61875 0.6444444444444445 0.026041666666666668 0.046296296296296294
3 0.759375 0.6592592592592592 0.026041666666666668 0.046296296296296294
4 0.603125 0.6620370370370371 0.026041666666666668 0.046296296296296294
1 0.7703125 0.674074074074074 0.026041666666666668 0.046296296296296294
1 0.6947916666666667 0.6787037037037037 0.026041666666666668 0.046296296296296294
1 0.4953125 0.687962962962963 0.026041666666666668 0.046296296296296294
1 0.7536458333333333 0.6972222222222222 0.026041666666666668 0.046296296296296294
1 0.4578125 0.7055555555555556 0.026041666666666668 0.046296296296296294
1 0.5380208333333333 0.7268518518518519 0.026041666666666668 0.046296296296296294
1 0.8833333333333333 0.7490740740740741 0.026041666666666668 0.046296296296296294
1 0.8244791666666667 0.7907407407407407 0.026041666666666668 0.046296296296296294
1 0.8635416666666667 0.8009259259259259 0.026041666666666668 0.046296296296296294
1 0.8630208333333333 0.8305555555555556 0.026041666666666668 0.046296296296296294
1 0.978125 0.8462962962962963 0.026041666666666668 0.046296296296296294
1 0.9958333333333333 0.8527777777777777 0.026041666666666668 0.046296296296296294
1 0.8291666666666667 0.8712962962962963 0.026041666666666668 0.046296296296296294
1 0.815625 0.9138888888888889 0.026041666666666668 0.046296296296296294
1 0.6036458333333333 0.9175925925925926 0.026041666666666668 0.046296296296296294
1 0.6307291666666667 0.937962962962963 0.026041666666666668 0.046296296296296294
1 0.6953125 0.9296296296296296 0.026041666666666668 0.046296296296296294
1 0.9630208333333333 0.9472222222222222 0.026041666666666668 0.046296296296296294
2 0.21770833333333334 0.5259259259259259 0.026041666666666668 0.046296296296296294
1 0.21875 0.9481481481481482 0.026041666666666668 0.046296296296296294
1 0.76875 0.825925925925926 0.026041666666666668 0.046296296296296294
1 0.8239583333333333 0.8296296296296296 0.026041666666666668 0.046296296296296294
3 0.7291666666666666 0.5351851851851852 0.026041666666666668 0.046296296296296294
3 0.7666666666666667 0.5833333333333334 0.026041666666666668 0.046296296296296294
3 0.740625 0.5518518518518518 0.026041666666666668 0.046296296296296294
3 0.715625 0.6407407407407407 0.026041666666666668 0.046296296296296294
4 0.39375 0.512962962962963 0.026041666666666668 0.046296296296296294
2 0.20833333333333334 0.40555555555555556 0.026041666666666668 0.046296296296296294
3 0.7510416666666667 0.5555555555555556 0.026041666666666668 0.046296296296296294
