0 0.48333333333333334 0.12037037037037036 0.026041666666666668 0.046296296296296294
0 0.490625 0.12037037037037036 0.026041666666666668 0.046296296296296294
0 0.471875 0.12962962962962962 0.026041666666666668 0.046296296296296294
0 0.47760416666666666 0.13055555555555556 0.026041666666666668 0.046296296296296294
0 0.45416666666666666 0.13333333333333333 0.026041666666666668 0.046296296296296294
0 0.4625 0.1361111111111111 0.026041666666666668 0.046296296296296294
0 0.4869791666666667 0.1398148148148148 0.026041666666666668 0.046296296296296294
0 0.46197916666666666 0.14629629629629629 0.026041666666666668 0.046296296296296294
0 0.4744791666666667 0.15833333333333333 0.026041666666666668 0.046296296296296294
0 0.44895833333333335 0.1675925925925926 0.026041666666666668 0.046296296296296294
0 0.4317708333333333 0.17407407407407408 0.026041666666666668 0.046296296296296294
0 0.48333333333333334 0.17777777777777778 0.026041666666666668 0.046296296296296294
0 0.5 0.175 0.026041666666666668 0.046296296296296294
0 0.47604166666666664 0.1925925925925926 0.026041666666666668 0.046296296296296294
0 0.48333333333333334 0.19166666666666668 0.026041666666666668 0.046296296296296294
0 0.47552083333333334 0.20925925925925926 0.026041666666666668 0.046296296296296294
0 0.4161458333333333 0.21203703703703702 0.026041666666666668 0.046296296296296294
0 0.46927083333333336 0.22870370370370371 0.026041666666666668 0.046296296296296294
0 0.4328125 0.23796296296296296 0.026041666666666668 0.046296296296296294
0 0.4505208333333333 0.24444444444444444 0.026041666666666668 0.046296296296296294
0 0.5109375 0.2537037037037037 0.026041666666666668 0.046296296296296294
0 0.43802083333333336 0.2601851851851852 0.026041666666666668 0.046296296296296294
0 0.5375 0.2675925925925926 0.026041666666666668 0.046296296296296294
0 0.5484375 0.2675925925925926 0.026041666666666668 0.046296296296296294
0 0.4661458333333333 0.27870370370370373 0.026041666666666668 0.046296296296296294
0 0.4739583333333333 0.27870370370370373 0.026041666666666668 0.046296296296296294
0 0.4947916666666667 0.2740740740740741 0.026041666666666668 0.046296296296296294
0 0.6947916666666667 0.28703703703703703 0.026041666666666668 0.046296296296296294
0 0.5067708333333333 0.2916666666666667 0.026041666666666668 0.046296296296296294
0 0.4359375 0.30185185185185187 0.026041666666666668 0.046296296296296294
0 0.46197916666666666 0.30185185185185187 0.026041666666666668 0.046296296296296294
0 0.46927083333333336 0.30092592592592593 0.026041666666666668 0.046296296296296294
0 0.4901041666666667 0.30185185185185187 0.026041666666666668 0.046296296296296294
0 0.5020833333333333 0.30185185185185187 0.026041666666666668 0.046296296296296294
0 0.515625 0.30185185185185187 0.026041666666666668 0.046296296296296294
0 0.5463541666666667 0.3055555555555556 0.026041666666666668 0.046296296296296294
0 0.4239583333333333 0.31296296296296294 0.026041666666666668 0.046296296296296294
0 0.478125 0.31574074074074077 0.026041666666666668 0.046296296296296294
0 0.70625 0.31203703703703706 0.026041666666666668 0.046296296296296294
0 0.4947916666666667 0.32592592592592595 0.026041666666666668 0.046296296296296294
0 0.43697916666666664 0.3314814814814815 0.026041666666666668 0.046296296296296294
0 0.46927083333333336 0.33055555555555555 0.026041666666666668 0.046296296296296294
0 0.5109375 0.3314814814814815 0.026041666666666668 0.046296296296296294
4 0.4484375 0.3398148148148148 0.026041666666666668 0.046296296296296294
4 0.4244791666666667 0.34814814814814815 0.026041666666666668 0.046296296296296294
4 0.4421875 0.34814814814814815 0.026041666666666668 0.046296296296296294
4 0.5171875 0.3472222222222222 0.026041666666666668 0.046296296296296294
4 0.5380208333333333 0.34629629629629627 0.026041666666666668 0.046296296296296294
4 0.4046875 0.3537037037037037 0.026041666666666668 0.046296296296296294
4 0.5421875 0.35648148148148145 0.026041666666666668 0.046296296296296294
4 0.384375 0.362962962962963 0.026041666666666668 0.046296296296296294
4 0.5041666666666667 0.36574074074074076 0.026041666666666668 0.046296296296296294
4 0.503125 0.3787037037037037 0.026041666666666668 0.046296296296296294
4 0.515625 0.3787037037037037 0.026041666666666668 0.046296296296296294
4 0.5416666666666666 0.37592592592592594 0.026041666666666668 0.046296296296296294
4 0.3932291666666667 0.38796296296296295 0.026041666666666668 0.046296296296296294
4 0.4515625 0.3888888888888889 0.026041666666666668 0.046296296296296294
4 0.5229166666666667 0.3861111111111111 0.026041666666666668 0.046296296296296294
4 0.425 0.39444444444444443 0.026041666666666668 0.046296296296296294
4 0.46875 0.3962962962962963 0.026041666666666668 0.046296296296296294
4 0.5359375 0.39444444444444443 0.026041666666666668 0.046296296296296294
4 0.6572916666666667 0.39444444444444443 0.026041666666666668 0.046296296296296294
4 0.43385416666666665 0.4027777777777778 0.026041666666666668 0.046296296296296294
4 0.4947916666666667 0.40185185185185185 0.026041666666666668 0.046296296296296294
4 0.5171875 0.40185185185185185 0.026041666666666668 0.046296296296296294
2 0.20260416666666667 0.40925925925925927 0.026041666666666668 0.046296296296296294
4 0.5208333333333334 0.41388888888888886 0.026041666666666668 0.046296296296296294
4 0.6505208333333333 0.40925925925925927 0.026041666666666668 0.046296296296296294
3 0.7036458333333333 0.4083333333333333 0.026041666666666668 0.046296296296296294
2 0.175 0.41574074074074074 0.026041666666666668 0.046296296296296294
4 0.5119791666666667 0.4166666666666667 0.026041666666666668 0.046296296296296294
4 0.6583333333333333 0.4166666666666667 0.026041666666666668 0.046296296296296294
4 0.375 0.42685185185185187 0.026041666666666668 0.046296296296296294
4 0.4244791666666667 0.42592592592592593 0.026041666666666668 0.046296296296296294
4 0.46979166666666666 0.42314814814814816 0.026041666666666668 0.046296296296296294
3 0.6677083333333333 0.42592592592592593 0.026041666666666668 0.046296296296296294
4 0.4739583333333333 0.4351851851851852 0.026041666666666668 0.046296296296296294
4 0.665625 0.45092592592592595 0.026041666666666668 0.046296296296296294
2 0.17864583333333334 0.45555555555555555 0.026041666666666668 0.046296296296296294
4 0.46875 0.4638888888888889 0.026041666666666668 0.046296296296296294
4 0.6666666666666666 0.4638888888888889 0.026041666666666668 0.046296296296296294
4 0.4979166666666667 0.47685185185185186 0.026041666666666668 0.046296296296296294
4 0.5114583333333333 0.4787037037037037 0.026041666666666668 0.046296296296296294
3 0.6713541666666667 0.4777777777777778 0.026041666666666668 0.046296296296296294
4 0.5161458333333333 0.48703703703703705 0.026041666666666668 0.046296296296296294
4 0.5625 0.4888888888888889 0.026041666666666668 0.046296296296296294
4 0.6255208333333333 0.487962962962963 0.026041666666666668 0.046296296296296294
4 0.6447916666666667 0.487962962962963 0.026041666666666668 0.046296296296296294
4 0.4484375 0.5 0.026041666666666668 0.046296296296296294
3 0.6703125 0.5037037037037037 0.026041666666666668 0.046296296296296294
4 0.45729166666666665 0.5120370370370371 0.026041666666666668 0.046296296296296294
4 0.4942708333333333 0.5074074074074074 0.026041666666666668 0.046296296296296294
4 0.515625 0.5083333333333333 0.026041666666666668 0.046296296296296294
3 0.6989583333333333 0.5101851851851852 0.026041666666666668 0.046296296296296294
3 0.69375 0.5203703703703704 0.026041666666666668 0.046296296296296294
4 0.5151041666666667 0.5212962962962963 0.026041666666666668 0.046296296296296294
4 0.6119791666666666 0.525 0.026041666666666668 0.046296296296296294
4 0.6333333333333333 0.525 0.026041666666666668 0.046296296296296294
3 0.721875 0.5212962962962963 0.026041666666666668 0.046296296296296294
4 0.4322916666666667 0.5324074074074074 0.026041666666666668 0.046296296296296294
4 0.45625 0.5342592592592592 0.026041666666666668 0.046296296296296294
4 0.4015625 0.537962962962963 0.026041666666666668 0.046296296296296294
4 0.5994791666666667 0.5425925925925926 0.026041666666666668 0.046296296296296294
4 0.4375 0.5564814814814815 0.026041666666666668 0.046296296296296294
4 0.4817708333333333 0.5555555555555556 0.026041666666666668 0.046296296296296294
4 0.5286458333333334 0.5583333333333333 0.026041666666666668 0.046296296296296294
4 0.5864583333333333 0.5592592592592592 0.026041666666666668 0.046296296296296294
3 0.7572916666666667 0.5537037037037037 0.026041666666666668 0.046296296296296294
4 0.5796875 0.5675925925925925 0.026041666666666668 0.046296296296296294
3 0.7390625 0.5592592592592592 0.026041666666666668 0.046296296296296294
4 0.41822916666666665 0.5675925925925925 0.026041666666666668 0.046296296296296294
4 0.47291666666666665 0.575925925925926 0.026041666666666668 0.046296296296296294
4 0.5447916666666667 0.5694444444444444 0.026041666666666668 0.046296296296296294
4 0.525 0.587037037037037 0.026041666666666668 0.046296296296296294
4 0.5484375 0.5861111111111111 0.026041666666666668 0.046296296296296294
4 0.5619791666666667 0.5888888888888889 0.026041666666666668 0.046296296296296294
4 0.46145833333333336 0.5962962962962963 0.026041666666666668 0.046296296296296294
4 0.5828125 0.5962962962962963 0.026041666666666668 0.046296296296296294
4 0.5291666666666667 0.6046296296296296 0.026041666666666668 0.046296296296296294
3 0.7375 0.6129629629629629 0.026041666666666668 0.046296296296296294
4 0.46979166666666666 0.6342592592592593 0.026041666666666668 0.046296296296296294
4 0.4947916666666667 0.6342592592592593 0.026041666666666668 0.046296296296296294
4 0.5234375 0.6351851851851852 0.026041666666666668 0.046296296296296294
4 0.4901041666666667 0.65 0.026041666666666668 0.046296296296296294
4 0.5895833333333333 0.6416666666666667 0.026041666666666668 0.046296296296296294
4 0.6302083333333334 0.6583333333333333 0.026041666666666668 0.046296296296296294
1 0.49166666666666664 0.6685185185185185 0.026041666666666668 0.046296296296296294
1 0.45416666666666666 0.6768518518518518 0.026041666666666668 0.046296296296296294
1 0.6625 0.6805555555555556 0.026041666666666668 0.046296296296296294
1 0.4427083333333333 0.6925925925925925 0.026041666666666668 0.046296296296296294
1 0.49166666666666664 0.6972222222222222 0.026041666666666668 0.046296296296296294
1 0.5364583333333334 0.6925925925925925 0.026041666666666668 0.046296296296296294
1 0.7453125 0.7138888888888889 0.026041666666666668 0.046296296296296294
1 0.115625 0.7407407407407407 0.026041666666666668 0.046296296296296294
1 0.7109375 0.7601851851851852 0.026041666666666668 0.046296296296296294
1 0.9510416666666667 0.7722222222222223 0.026041666666666668 0.046296296296296294
1 0.7890625 0.812962962962963 0.026041666666666668 0.046296296296296294
1 0.5645833333333333 0.8361111111111111 0.026041666666666668 0.046296296296296294
1 0.7989583333333333 0.8453703703703703 0.026041666666666668 0.046296296296296294
1 0.5604166666666667 0.8481481481481481 0.026041666666666668 0.046296296296296294
1 0.825 0.875 0.026041666666666668 0.046296296296296294
1 0.4270833333333333 0.8851851851851852 0.026041666666666668 0.046296296296296294
1 0.9333333333333333 0.9277777777777778 0.026041666666666668 0.046296296296296294
1 0.11614583333333334 0.9324074074074075 0.026041666666666668 0.046296296296296294
1 0.534375 0.9333333333333333 0.026041666666666668 0.046296296296296294
1 0.29583333333333334 0.9592592592592593 0.026041666666666668 0.046296296296296294
1 0.3729166666666667 0.975 0.026041666666666668 0.046296296296296294
1 0.9041666666666667 0.9796296296296296 0.026041666666666668 0.046296296296296294
1 0.9369791666666667 0.9805555555555555 0.026041666666666668 0.046296296296296294
1 0.5442708333333334 0.987037037037037 0.026041666666666668 0.046296296296296294
1 0.20520833333333333 0.7425925925925926 0.026041666666666668 0.046296296296296294
1 0.19270833333333334 0.7111111111111111 0.026041666666666668 0.046296296296296294
1 0.365625 0.7537037037037037 0.026041666666666668 0.046296296296296294
1 0.8958333333333334 0.737037037037037 0.026041666666666668 0.046296296296296294
1 0.96875 0.9407407407407408 0.026041666666666668 0.046296296296296294
3 0.7822916666666667 0.6611111111111111 0.026041666666666668 0.046296296296296294
1 0.7083333333333334 0.6777777777777778 0.026041666666666668 0.046296296296296294
3 0.6802083333333333 0.6666666666666666 0.026041666666666668 0.046296296296296294
3 0.671875 0.6333333333333333 0.026041666666666668 0.046296296296296294
4 0.625 0.6074074074074074 0.026041666666666668 0.046296296296296294
4 0.54375 0.6444444444444445 0.026041666666666668 0.046296296296296294
4 0.5614583333333333 0.6333333333333333 0.026041666666666668 0.046296296296296294
4 0.3770833333333333 0.5888888888888889 0.026041666666666668 0.046296296296296294
2 0.225 0.4666666666666667 0.026041666666666668 0.046296296296296294
4 0.4427083333333333 0.43703703703703706 0.026041666666666668 0.046296296296296294
4 0.409375 0.43703703703703706 0.026041666666666668 0.046296296296296294
