0 0.4713541666666667 0.09444444444444444 0.026041666666666668 0.046296296296296294
0 0.4791666666666667 0.09537037037037037 0.026041666666666668 0.046296296296296294
0 0.48802083333333335 0.09722222222222222 0.026041666666666668 0.046296296296296294
0 0.4708333333333333 0.11388888888888889 0.026041666666666668 0.046296296296296294
0 0.4921875 0.11944444444444445 0.026041666666666668 0.046296296296296294
0 0.4947916666666667 0.12037037037037036 0.026041666666666668 0.046296296296296294
0 0.4546875 0.13148148148148148 0.026041666666666668 0.046296296296296294
0 0.4869791666666667 0.1388888888888889 0.026041666666666668 0.046296296296296294
0 0.4625 0.1425925925925926 0.026041666666666668 0.046296296296296294
0 0.4744791666666667 0.14537037037037037 0.026041666666666668 0.046296296296296294
0 0.46875 0.1527777777777778 0.026041666666666668 0.046296296296296294
0 0.49895833333333334 0.17314814814814813 0.026041666666666668 0.046296296296296294
0 0.4296875 0.18055555555555555 0.026041666666666668 0.046296296296296294
0 0.43385416666666665 0.18796296296296297 0.026041666666666668 0.046296296296296294
0 0.4744791666666667 0.18796296296296297 0.026041666666666668 0.046296296296296294
0 0.4864583333333333 0.19074074074074074 0.026041666666666668 0.046296296296296294
0 0.4432291666666667 0.22777777777777777 0.026041666666666668 0.046296296296296294
0 0.4791666666666667 0.22962962962962963 0.026041666666666668 0.046296296296296294
0 0.5197916666666667 0.23055555555555557 0.026041666666666668 0.046296296296296294
0 0.42135416666666664 0.23333333333333334 0.026041666666666668 0.046296296296296294
0 0.490625 0.23796296296296296 0.026041666666666668 0.046296296296296294
0 0.5083333333333333 0.2361111111111111 0.026041666666666668 0.046296296296296294
0 0.44947916666666665 0.24722222222222223 0.026041666666666668 0.046296296296296294
0 0.4734375 0.24259259259259258 0.026041666666666668 0.046296296296296294
0 0.4895833333333333 0.2462962962962963 0.026041666666666668 0.046296296296296294
0 0.42916666666666664 0.2537037037037037 0.026041666666666668 0.046296296296296294
0 0.440625 0.25462962962962965 0.026041666666666668 0.046296296296296294
0 0.5145833333333333 0.25277777777777777 0.026041666666666668 0.046296296296296294
0 0.44947916666666665 0.25925925925925924 0.026041666666666668 0.046296296296296294
0 0.46197916666666666 0.2611111111111111 0.026041666666666668 0.046296296296296294
0 0.46927083333333336 0.2611111111111111 0.026041666666666668 0.046296296296296294
0 0.48125 0.26296296296296295 0.026041666666666668 0.046296296296296294
0 0.490625 0.25833333333333336 0.026041666666666668 0.046296296296296294
0 0.503125 0.262037037037037 0.026041666666666668 0.046296296296296294
0 0.703125 0.25925925925925924 0.026041666666666668 0.046296296296296294
0 0.4328125 0.2712962962962963 0.026041666666666668 0.046296296296296294
0 0.44375 0.2712962962962963 0.026041666666666668 0.046296296296296294
0 0.4786458333333333 0.26944444444444443 0.026041666666666668 0.046296296296296294
0 0.5208333333333334 0.2675925925925926 0.026041666666666668 0.046296296296296294
0 0.4244791666666667 0.2796296296296296 0.026041666666666668 0.046296296296296294
0 0.4864583333333333 0.2777777777777778 0.026041666666666668 0.046296296296296294
0 0.540625 0.275 0.026041666666666668 0.046296296296296294
0 0.4744791666666667 0.2851851851851852 0.026041666666666668 0.046296296296296294
0 0.5078125 0.2861111111111111 0.026041666666666668 0.046296296296296294
0 0.528125 0.28425925925925927 0.026041666666666668 0.046296296296296294
0 0.4276041666666667 0.29259259259259257 0.026041666666666668 0.046296296296296294
0 0.44947916666666665 0.29444444444444445 0.026041666666666668 0.046296296296296294
0 0.49895833333333334 0.2935185185185185 0.026041666666666668 0.046296296296296294
0 0.4401041666666667 0.30092592592592593 0.026041666666666668 0.046296296296296294
0 0.49166666666666664 0.30185185185185187 0.026041666666666668 0.046296296296296294
0 0.5161458333333333 0.30277777777777776 0.026041666666666668 0.046296296296296294
0 0.43333333333333335 0.30833333333333335 0.026041666666666668 0.046296296296296294
0 0.4791666666666667 0.30833333333333335 0.026041666666666668 0.046296296296296294
0 0.4984375 0.3101851851851852 0.026041666666666668 0.046296296296296294
0 0.5239583333333333 0.30925925925925923 0.026041666666666668 0.046296296296296294
0 0.5416666666666666 0.3101851851851852 0.026041666666666668 0.046296296296296294
0 0.4203125 0.3194444444444444 0.026041666666666668 0.046296296296296294
0 0.453125 0.31666666666666665 0.026041666666666668 0.046296296296296294
0 0.5151041666666667 0.31574074074074077 0.026041666666666668 0.046296296296296294
0 0.478125 0.32222222222222224 0.026041666666666668 0.046296296296296294
0 0.5197916666666667 0.32592592592592595 0.026041666666666668 0.046296296296296294
0 0.5322916666666667 0.32685185185185184 0.026041666666666668 0.046296296296296294
0 0.42239583333333336 0.33055555555555555 0.026041666666666668 0.046296296296296294
0 0.43125 0.3314814814814815 0.026041666666666668 0.046296296296296294
0 0.4583333333333333 0.33240740740740743 0.026041666666666668 0.046296296296296294
4 0.5067708333333333 0.3333333333333333 0.026041666666666668 0.046296296296296294
4 0.44427083333333334 0.3398148148148148 0.026041666666666668 0.046296296296296294
4 0.465625 0.3388888888888889 0.026041666666666668 0.046296296296296294
4 0.49947916666666664 0.3398148148148148 0.026041666666666668 0.046296296296296294
4 0.4166666666666667 0.3453703703703704 0.026041666666666668 0.046296296296296294
4 0.4546875 0.35 0.026041666666666668 0.046296296296296294
4 0.375 0.35555555555555557 0.026041666666666668 0.046296296296296294
4 0.378125 0.35648148148148145 0.026041666666666668 0.046296296296296294
4 0.3953125 0.3537037037037037 0.026041666666666668 0.046296296296296294
4 0.4036458333333333 0.35555555555555557 0.026041666666666668 0.046296296296296294
4 0.4328125 0.35462962962962963 0.026041666666666668 0.046296296296296294
4 0.503125 0.35648148148148145 0.026041666666666668 0.046296296296296294
3 0.6854166666666667 0.35462962962962963 0.026041666666666668 0.046296296296296294
4 0.3828125 0.36574074074074076 0.026041666666666668 0.046296296296296294
4 0.390625 0.3648148148148148 0.026041666666666668 0.046296296296296294
4 0.42604166666666665 0.3648148148148148 0.026041666666666668 0.046296296296296294
4 0.45 0.36574074074074076 0.026041666666666668 0.046296296296296294
4 0.515625 0.3611111111111111 0.026041666666666668 0.046296296296296294
3 0.7463541666666667 0.362962962962963 0.026041666666666668 0.046296296296296294
4 0.37447916666666664 0.37222222222222223 0.026041666666666668 0.046296296296296294
4 0.5072916666666667 0.3731481481481482 0.026041666666666668 0.046296296296296294
4 0.65 0.3685185185185185 0.026041666666666668 0.046296296296296294
4 0.3984375 0.37962962962962965 0.026041666666666668 0.046296296296296294
4 0.4739583333333333 0.3851851851851852 0.026041666666666668 0.046296296296296294
4 0.503125 0.3861111111111111 0.026041666666666668 0.046296296296296294
4 0.5239583333333333 0.3851851851851852 0.026041666666666668 0.046296296296296294
4 0.38697916666666665 0.39351851851851855 0.026041666666666668 0.046296296296296294
4 0.4244791666666667 0.39351851851851855 0.026041666666666668 0.046296296296296294
4 0.4864583333333333 0.39351851851851855 0.026041666666666668 0.046296296296296294
4 0.51875 0.3962962962962963 0.026041666666666668 0.046296296296296294
2 0.1859375 0.41203703703703703 0.026041666666666668 0.046296296296296294
4 0.4661458333333333 0.4111111111111111 0.026041666666666668 0.046296296296296294
4 0.5145833333333333 0.412962962962963 0.026041666666666668 0.046296296296296294
4 0.40677083333333336 0.4166666666666667 0.026041666666666668 0.046296296296296294
4 0.4239583333333333 0.41388888888888886 0.026041666666666668 0.046296296296296294
4 0.5161458333333333 0.4185185185185185 0.026041666666666668 0.046296296296296294
4 0.6546875 0.41574074074074074 0.026041666666666668 0.046296296296296294
4 0.43333333333333335 0.425 0.026041666666666668 0.046296296296296294
4 0.375 0.43148148148148147 0.026041666666666668 0.046296296296296294
4 0.5041666666666667 0.43425925925925923 0.026041666666666668 0.046296296296296294
3 0.7072916666666667 0.4388888888888889 0.026041666666666668 0.046296296296296294
4 0.44166666666666665 0.44907407407407407 0.026041666666666668 0.046296296296296294
4 0.503125 0.45555555555555555 0.026041666666666668 0.046296296296296294
3 0.6682291666666667 0.4537037037037037 0.026041666666666668 0.046296296296296294
3 0.690625 0.45555555555555555 0.026041666666666668 0.046296296296296294
4 0.5255208333333333 0.46574074074074073 0.026041666666666668 0.046296296296296294
4 0.5171875 0.47314814814814815 0.026041666666666668 0.046296296296296294
3 0.6682291666666667 0.46944444444444444 0.026041666666666668 0.046296296296296294
3 0.6911458333333333 0.47129629629629627 0.026041666666666668 0.046296296296296294
4 0.4432291666666667 0.48055555555555557 0.026041666666666668 0.046296296296296294
4 0.4609375 0.4759259259259259 0.026041666666666668 0.046296296296296294
4 0.6583333333333333 0.47962962962962963 0.026041666666666668 0.046296296296296294
4 0.42083333333333334 0.4861111111111111 0.026041666666666668 0.046296296296296294
4 0.5119791666666667 0.4861111111111111 0.026041666666666668 0.046296296296296294
4 0.5203125 0.4962962962962963 0.026041666666666668 0.046296296296296294
3 0.6953125 0.49722222222222223 0.026041666666666668 0.046296296296296294
2 0.22083333333333333 0.5101851851851852 0.026041666666666668 0.046296296296296294
4 0.5244791666666667 0.5101851851851852 0.026041666666666668 0.046296296296296294
4 0.6302083333333334 0.5101851851851852 0.026041666666666668 0.046296296296296294
4 0.6609375 0.5120370370370371 0.026041666666666668 0.046296296296296294
3 0.6989583333333333 0.5185185185185185 0.026041666666666668 0.046296296296296294
3 0.6671875 0.5287037037037037 0.026041666666666668 0.046296296296296294
4 0.5489583333333333 0.5296296296296297 0.026041666666666668 0.046296296296296294
3 0.7255208333333333 0.5342592592592592 0.026041666666666668 0.046296296296296294
4 0.63125 0.5472222222222223 0.026041666666666668 0.046296296296296294
4 0.5520833333333334 0.5564814814814815 0.026041666666666668 0.046296296296296294
4 0.5770833333333333 0.5555555555555556 0.026041666666666668 0.046296296296296294
3 0.7359375 0.5555555555555556 0.026041666666666668 0.046296296296296294
4 0.6083333333333333 0.5657407407407408 0.026041666666666668 0.046296296296296294
4 0.6385416666666667 0.5685185185185185 0.026041666666666668 0.046296296296296294
3 0.7625 0.5796296296296296 0.026041666666666668 0.046296296296296294
4 0.6239583333333333 0.587037037037037 0.026041666666666668 0.046296296296296294
3 0.7375 0.5935185185185186 0.026041666666666668 0.046296296296296294
4 0.5755208333333334 0.6046296296296296 0.026041666666666668 0.046296296296296294
4 0.5822916666666667 0.6055555555555555 0.026041666666666668 0.046296296296296294
4 0.5953125 0.6138888888888889 0.026041666666666668 0.046296296296296294
3 0.753125 0.6277777777777778 0.026041666666666668 0.046296296296296294
4 0.5953125 0.6564814814814814 0.026041666666666668 0.046296296296296294
4 0.5515625 0.662962962962963 0.026041666666666668 0.046296296296296294
3 0.7713541666666667 0.6638888888888889 0.026041666666666668 0.046296296296296294
1 0.5765625 0.6888888888888889 0.026041666666666668 0.046296296296296294
1 0.7036458333333333 0.6861111111111111 0.026041666666666668 0.046296296296296294
1 0.753125 0.6981481481481482 0.026041666666666668 0.046296296296296294
1 0.8822916666666667 0.7472222222222222 0.026041666666666668 0.046296296296296294
1 0.4578125 0.8185185185185185 0.026041666666666668 0.046296296296296294
1 0.7166666666666667 0.8212962962962963 0.026041666666666668 0.046296296296296294
1 0.7661458333333333 0.8324074074074074 0.026041666666666668 0.046296296296296294
1 0.9786458333333333 0.8481481481481481 0.026041666666666668 0.046296296296296294
1 0.6765625 0.8592592592592593 0.026041666666666668 0.046296296296296294
1 0.8328125 0.8694444444444445 0.026041666666666668 0.046296296296296294
1 0.8171875 0.9185185185185185 0.026041666666666668 0.046296296296296294
1 0.9630208333333333 0.9425925925925925 0.026041666666666668 0.046296296296296294
1 0.42864583333333334 0.9583333333333334 0.026041666666666668 0.046296296296296294
1 0.9947916666666666 0.8648148148148148 0.026041666666666668 0.046296296296296294
1 0.81875 0.8314814814814815 0.026041666666666668 0.046296296296296294
1 0.4895833333333333 0.8870370370370371 0.026041666666666668 0.046296296296296294
3 0.71875 0.6370370370370371 0.026041666666666668 0.046296296296296294
1 0.725 0.6777777777777778 0.026041666666666668 0.046296296296296294
0 0.4427083333333333 0.14814814814814814 0.026041666666666668 0.046296296296296294
4 0.475 0.48703703703703705 0.026041666666666668 0.046296296296296294
4 0.4875 0.562962962962963 0.026041666666666668 0.046296296296296294
4 0.39895833333333336 0.5092592592592593 0.026041666666666668 0.046296296296296294
2 0.21041666666666667 0.3907407407407407 0.026041666666666668 0.046296296296296294
2 0.209375 0.4166666666666667 0.026041666666666668 0.046296296296296294
3 0.7541666666666667 0.5592592592592592 0.026041666666666668 0.046296296296296294
