0 0.4947916666666667 0.12962962962962962 0.026041666666666668 0.046296296296296294
0 0.4505208333333333 0.13333333333333333 0.026041666666666668 0.046296296296296294
0 0.46197916666666666 0.1361111111111111 0.026041666666666668 0.046296296296296294
0 0.4875 0.1388888888888889 0.026041666666666668 0.046296296296296294
0 0.4583333333333333 0.14537037037037037 0.026041666666666668 0.046296296296296294
0 0.47552083333333334 0.14444444444444443 0.026041666666666668 0.046296296296296294
0 0.4822916666666667 0.14537037037037037 0.026041666666666668 0.046296296296296294
0 0.4625 0.15462962962962962 0.026041666666666668 0.046296296296296294
0 0.44895833333333335 0.15925925925925927 0.026041666666666668 0.046296296296296294
0 0.48385416666666664 0.16111111111111112 0.026041666666666668 0.046296296296296294
0 0.49114583333333334 0.1685185185185185 0.026041666666666668 0.046296296296296294
0 0.4317708333333333 0.17592592592592593 0.026041666666666668 0.046296296296296294
0 0.5005208333333333 0.175 0.026041666666666668 0.046296296296296294
0 0.5119791666666667 0.17777777777777778 0.026041666666666668 0.046296296296296294
0 0.45989583333333334 0.18425925925925926 0.026041666666666668 0.046296296296296294
0 0.46510416666666665 0.18055555555555555 0.026041666666666668 0.046296296296296294
0 0.478125 0.18333333333333332 0.026041666666666668 0.046296296296296294
0 0.4328125 0.19074074074074074 0.026041666666666668 0.046296296296296294
0 0.5067708333333333 0.20185185185185187 0.026041666666666668 0.046296296296296294
0 0.478125 0.20555555555555555 0.026041666666666668 0.046296296296296294
0 0.43333333333333335 0.21388888888888888 0.026041666666666668 0.046296296296296294
0 0.4864583333333333 0.21481481481481482 0.026041666666666668 0.046296296296296294
0 0.5072916666666667 0.21296296296296297 0.026041666666666668 0.046296296296296294
0 0.5020833333333333 0.225 0.026041666666666668 0.046296296296296294
0 0.4161458333333333 0.2324074074074074 0.026041666666666668 0.046296296296296294
0 0.5145833333333333 0.23981481481481481 0.026041666666666668 0.046296296296296294
0 0.4276041666666667 0.24537037037037038 0.026041666666666668 0.046296296296296294
0 0.4671875 0.25925925925925924 0.026041666666666668 0.046296296296296294
0 0.5041666666666667 0.2611111111111111 0.026041666666666668 0.046296296296296294
0 0.4786458333333333 0.26944444444444443 0.026041666666666668 0.046296296296296294
0 0.415625 0.2777777777777778 0.026041666666666668 0.046296296296296294
0 0.5447916666666667 0.27685185185185185 0.026041666666666668 0.046296296296296294
0 0.4354166666666667 0.28425925925925927 0.026041666666666668 0.046296296296296294
0 0.45416666666666666 0.2824074074074074 0.026041666666666668 0.046296296296296294
0 0.478125 0.2861111111111111 0.026041666666666668 0.046296296296296294
0 0.49895833333333334 0.287962962962963 0.026041666666666668 0.046296296296296294
0 0.51875 0.2851851851851852 0.026041666666666668 0.046296296296296294
0 0.5333333333333333 0.287962962962963 0.026041666666666668 0.046296296296296294
0 0.5078125 0.2916666666666667 0.026041666666666668 0.046296296296296294
0 0.6911458333333333 0.29259259259259257 0.026041666666666668 0.046296296296296294
0 0.49583333333333335 0.30277777777777776 0.026041666666666668 0.046296296296296294
0 0.503125 0.30462962962962964 0.026041666666666668 0.046296296296296294
0 0.51875 0.29907407407407405 0.026041666666666668 0.046296296296296294
0 0.4203125 0.3074074074074074 0.026041666666666668 0.046296296296296294
0 0.7067708333333333 0.31296296296296294 0.026041666666666668 0.046296296296296294
0 0.49895833333333334 0.32592592592592595 0.026041666666666668 0.046296296296296294
0 0.44375 0.33055555555555555 0.026041666666666668 0.046296296296296294
0 0.45625 0.3296296296296296 0.026041666666666668 0.046296296296296294
4 0.5104166666666666 0.3398148148148148 0.026041666666666668 0.046296296296296294
4 0.44166666666666665 0.3490740740740741 0.026041666666666668 0.046296296296296294
4 0.49635416666666665 0.3472222222222222 0.026041666666666668 0.046296296296296294
4 0.49895833333333334 0.3638888888888889 0.026041666666666668 0.046296296296296294
4 0.5119791666666667 0.3712962962962963 0.026041666666666668 0.046296296296296294
4 0.5182291666666666 0.3731481481481482 0.026041666666666668 0.046296296296296294
4 0.521875 0.3712962962962963 0.026041666666666668 0.046296296296296294
4 0.39791666666666664 0.38055555555555554 0.026041666666666668 0.046296296296296294
4 0.4895833333333333 0.39351851851851855 0.026041666666666668 0.046296296296296294
4 0.5083333333333333 0.39444444444444443 0.026041666666666668 0.046296296296296294
4 0.5359375 0.39351851851851855 0.026041666666666668 0.046296296296296294
4 0.6578125 0.39444444444444443 0.026041666666666668 0.046296296296296294
2 0.209375 0.40185185185185185 0.026041666666666668 0.046296296296296294
2 0.21510416666666668 0.39814814814814814 0.026041666666666668 0.046296296296296294
4 0.453125 0.4027777777777778 0.026041666666666668 0.046296296296296294
4 0.5239583333333333 0.41203703703703703 0.026041666666666668 0.046296296296296294
3 0.6979166666666666 0.40925925925925927 0.026041666666666668 0.046296296296296294
2 0.16979166666666667 0.41759259259259257 0.026041666666666668 0.046296296296296294
2 0.19947916666666668 0.41759259259259257 0.026041666666666668 0.046296296296296294
4 0.5161458333333333 0.4185185185185185 0.026041666666666668 0.046296296296296294
4 0.6578125 0.4166666666666667 0.026041666666666668 0.046296296296296294
3 0.6828125 0.425 0.026041666666666668 0.046296296296296294
4 0.46145833333333336 0.43333333333333335 0.026041666666666668 0.046296296296296294
3 0.6703125 0.43425925925925923 0.026041666666666668 0.046296296296296294
3 0.6822916666666666 0.44166666666666665 0.026041666666666668 0.046296296296296294
4 0.5114583333333333 0.44907407407407407 0.026041666666666668 0.046296296296296294
4 0.6536458333333334 0.44814814814814813 0.026041666666666668 0.046296296296296294
3 0.675 0.45185185185185184 0.026041666666666668 0.046296296296296294
4 0.4984375 0.4583333333333333 0.026041666666666668 0.046296296296296294
3 0.68125 0.45740740740740743 0.026041666666666668 0.046296296296296294
4 0.4114583333333333 0.46574074074074073 0.026041666666666668 0.046296296296296294
4 0.4630208333333333 0.45925925925925926 0.026041666666666668 0.046296296296296294
4 0.5203125 0.4648148148148148 0.026041666666666668 0.046296296296296294
3 0.6703125 0.4648148148148148 0.026041666666666668 0.046296296296296294
4 0.3875 0.47962962962962963 0.026041666666666668 0.046296296296296294
4 0.5041666666666667 0.4787037037037037 0.026041666666666668 0.046296296296296294
3 0.6703125 0.48055555555555557 0.026041666666666668 0.046296296296296294
4 0.628125 0.48703703703703705 0.026041666666666668 0.046296296296296294
4 0.6447916666666667 0.48703703703703705 0.026041666666666668 0.046296296296296294
4 0.41875 0.49537037037037035 0.026041666666666668 0.046296296296296294
4 0.44166666666666665 0.49074074074074076 0.026041666666666668 0.046296296296296294
4 0.46979166666666666 0.49444444444444446 0.026041666666666668 0.046296296296296294
4 0.5161458333333333 0.49907407407407406 0.026041666666666668 0.046296296296296294
3 0.6697916666666667 0.4962962962962963 0.026041666666666668 0.046296296296296294
4 0.39166666666666666 0.5046296296296297 0.026041666666666668 0.046296296296296294
4 0.6458333333333334 0.5018518518518519 0.026041666666666668 0.046296296296296294
3 0.6697916666666667 0.5055555555555555 0.026041666666666668 0.046296296296296294
3 0.6916666666666667 0.5037037037037037 0.026041666666666668 0.046296296296296294
3 0.7083333333333334 0.5101851851851852 0.026041666666666668 0.046296296296296294
4 0.5026041666666666 0.5185185185185185 0.026041666666666668 0.046296296296296294
4 0.45416666666666666 0.5268518518518519 0.026041666666666668 0.046296296296296294
4 0.6083333333333333 0.524074074074074 0.026041666666666668 0.046296296296296294
4 0.625 0.5277777777777778 0.026041666666666668 0.046296296296296294
4 0.6661458333333333 0.5287037037037037 0.026041666666666668 0.046296296296296294
4 0.5135416666666667 0.5342592592592592 0.026041666666666668 0.046296296296296294
3 0.7234375 0.5324074074074074 0.026041666666666668 0.046296296296296294
4 0.6619791666666667 0.5518518518518518 0.026041666666666668 0.046296296296296294
4 0.5260416666666666 0.5564814814814815 0.026041666666666668 0.046296296296296294
4 0.5875 0.5537037037037037 0.026041666666666668 0.046296296296296294
4 0.615625 0.5537037037037037 0.026041666666666668 0.046296296296296294
4 0.5713541666666667 0.5638888888888889 0.026041666666666668 0.046296296296296294
3 0.734375 0.562037037037037 0.026041666666666668 0.046296296296296294
4 0.41770833333333335 0.5722222222222222 0.026041666666666668 0.046296296296296294
4 0.4661458333333333 0.5722222222222222 0.026041666666666668 0.046296296296296294
4 0.5942708333333333 0.5712962962962963 0.026041666666666668 0.046296296296296294
3 0.6953125 0.5731481481481482 0.026041666666666668 0.046296296296296294
4 0.4484375 0.5805555555555556 0.026041666666666668 0.046296296296296294
3 0.7255208333333333 0.5833333333333334 0.026041666666666668 0.046296296296296294
4 0.40520833333333334 0.5888888888888889 0.026041666666666668 0.046296296296296294
4 0.6578125 0.5981481481481481 0.026041666666666668 0.046296296296296294
3 0.7166666666666667 0.6037037037037037 0.026041666666666668 0.046296296296296294
4 0.4869791666666667 0.6185185185185185 0.026041666666666668 0.046296296296296294
2 0.19739583333333333 0.6166666666666667 0.026041666666666668 0.046296296296296294
3 0.7239583333333334 0.6277777777777778 0.026041666666666668 0.046296296296296294
4 0.49166666666666664 0.6407407407407407 0.026041666666666668 0.046296296296296294
3 0.7708333333333334 0.6592592592592592 0.026041666666666668 0.046296296296296294
4 0.503125 0.6666666666666666 0.026041666666666668 0.046296296296296294
4 0.6276041666666666 0.6620370370370371 0.026041666666666668 0.046296296296296294
3 0.6822916666666666 0.6666666666666666 0.026041666666666668 0.046296296296296294
1 0.6989583333333333 0.6675925925925926 0.026041666666666668 0.046296296296296294
1 0.5473958333333333 0.6722222222222223 0.026041666666666668 0.046296296296296294
1 0.7833333333333333 0.6814814814814815 0.026041666666666668 0.046296296296296294
1 0.5234375 0.6851851851851852 0.026041666666666668 0.046296296296296294
1 0.61875 0.6916666666666667 0.026041666666666668 0.046296296296296294
1 0.15208333333333332 0.6916666666666667 0.026041666666666668 0.046296296296296294
1 0.21666666666666667 0.7018518518518518 0.026041666666666668 0.046296296296296294
1 0.7364583333333333 0.7064814814814815 0.026041666666666668 0.046296296296296294
1 0.5473958333333333 0.7064814814814815 0.026041666666666668 0.046296296296296294
1 0.43802083333333336 0.7222222222222222 0.026041666666666668 0.046296296296296294
1 0.6057291666666667 0.7166666666666667 0.026041666666666668 0.046296296296296294
1 0.5973958333333333 0.7518518518518519 0.026041666666666668 0.046296296296296294
1 0.18072916666666666 0.8018518518518518 0.026041666666666668 0.046296296296296294
1 0.6755208333333333 0.8074074074074075 0.026041666666666668 0.046296296296296294
1 0.7604166666666666 0.812037037037037 0.026041666666666668 0.046296296296296294
1 0.9276041666666667 0.8166666666666667 0.026041666666666668 0.046296296296296294
1 0.6630208333333333 0.8444444444444444 0.026041666666666668 0.046296296296296294
1 0.6942708333333333 0.8527777777777777 0.026041666666666668 0.046296296296296294
1 0.7984375 0.8481481481481481 0.026041666666666668 0.046296296296296294
1 0.5755208333333334 0.862037037037037 0.026041666666666668 0.046296296296296294
1 0.36666666666666664 0.8583333333333333 0.026041666666666668 0.046296296296296294
1 0.19270833333333334 0.8712962962962963 0.026041666666666668 0.046296296296296294
1 0.28489583333333335 0.9083333333333333 0.026041666666666668 0.046296296296296294
1 0.9130208333333333 0.9157407407407407 0.026041666666666668 0.046296296296296294
1 0.825 0.9425925925925925 0.026041666666666668 0.046296296296296294
1 0.5229166666666667 0.9481481481481482 0.026041666666666668 0.046296296296296294
1 0.9666666666666667 0.9462962962962963 0.026041666666666668 0.046296296296296294
1 0.13854166666666667 0.8666666666666667 0.026041666666666668 0.046296296296296294
1 0.1 0.8981481481481481 0.026041666666666668 0.046296296296296294
2 0.22604166666666667 0.4703703703703704 0.026041666666666668 0.046296296296296294
2 0.18333333333333332 0.4185185185185185 0.026041666666666668 0.046296296296296294
1 0.440625 0.8425925925925926 0.026041666666666668 0.046296296296296294
1 0.43854166666666666 0.75 0.026041666666666668 0.046296296296296294
4 0.39479166666666665 0.6370370370370371 0.026041666666666668 0.046296296296296294
1 0.8270833333333333 0.8685185185185185 0.026041666666666668 0.046296296296296294
1 0.9697916666666667 0.8203703703703704 0.026041666666666668 0.046296296296296294
1 0.884375 0.7870370370370371 0.026041666666666668 0.046296296296296294
1 0.8895833333333333 0.7444444444444445 0.026041666666666668 0.046296296296296294
1 0.9427083333333334 0.9685185185185186 0.026041666666666668 0.046296296296296294
1 0.678125 0.7296296296296296 0.026041666666666668 0.046296296296296294
1 0.5916666666666667 0.837037037037037 0.026041666666666668 0.046296296296296294
1 0.5864583333333333 0.7962962962962963 0.026041666666666668 0.046296296296296294
3 0.7489583333333333 0.562962962962963 0.026041666666666668 0.046296296296296294
3 0.7510416666666667 0.6166666666666667 0.026041666666666668 0.046296296296296294
3 0.7645833333333333 0.5796296296296296 0.026041666666666668 0.046296296296296294
1 0.7510416666666667 0.6722222222222223 0.026041666666666668 0.046296296296296294
