0 0.4708333333333333 0.09537037037037037 0.026041666666666668 0.046296296296296294
0 0.4786458333333333 0.09722222222222222 0.026041666666666668 0.046296296296296294
0 0.46979166666666666 0.11388888888888889 0.026041666666666668 0.046296296296296294
0 0.4828125 0.12129629629629629 0.026041666666666668 0.046296296296296294
0 0.4953125 0.12222222222222222 0.026041666666666668 0.046296296296296294
0 0.4510416666666667 0.12685185185185185 0.026041666666666668 0.046296296296296294
0 0.4552083333333333 0.1287037037037037 0.026041666666666668 0.046296296296296294
0 0.4708333333333333 0.13055555555555556 0.026041666666666668 0.046296296296296294
0 0.44166666666666665 0.13518518518518519 0.026041666666666668 0.046296296296296294
0 0.48489583333333336 0.13796296296296295 0.026041666666666668 0.046296296296296294
0 0.4765625 0.14629629629629629 0.026041666666666668 0.046296296296296294
0 0.45 0.15462962962962962 0.026041666666666668 0.046296296296296294
0 0.4713541666666667 0.15092592592592594 0.026041666666666668 0.046296296296296294
0 0.46197916666666666 0.16111111111111112 0.026041666666666668 0.046296296296296294
0 0.4453125 0.1675925925925926 0.026041666666666668 0.046296296296296294
0 0.43333333333333335 0.17222222222222222 0.026041666666666668 0.046296296296296294
0 0.5005208333333333 0.17407407407407408 0.026041666666666668 0.046296296296296294
0 0.4661458333333333 0.20277777777777778 0.026041666666666668 0.046296296296296294
0 0.44114583333333335 0.24444444444444444 0.026041666666666668 0.046296296296296294
0 0.46927083333333336 0.26851851851851855 0.026041666666666668 0.046296296296296294
0 0.490625 0.2657407407407407 0.026041666666666668 0.046296296296296294
0 0.5020833333333333 0.2675925925925926 0.026041666666666668 0.046296296296296294
0 0.5484375 0.2675925925925926 0.026041666666666668 0.046296296296296294
0 0.49895833333333334 0.2814814814814815 0.026041666666666668 0.046296296296296294
0 0.4166666666666667 0.2935185185185185 0.026041666666666668 0.046296296296296294
0 0.690625 0.2935185185185185 0.026041666666666668 0.046296296296296294
0 0.503125 0.30185185185185187 0.026041666666666668 0.046296296296296294
0 0.43645833333333334 0.30925925925925923 0.026041666666666668 0.046296296296296294
0 0.5494791666666666 0.30925925925925923 0.026041666666666668 0.046296296296296294
0 0.42135416666666664 0.31666666666666665 0.026041666666666668 0.046296296296296294
0 0.4484375 0.31666666666666665 0.026041666666666668 0.046296296296296294
0 0.48802083333333335 0.3175925925925926 0.026041666666666668 0.046296296296296294
0 0.50625 0.31574074074074077 0.026041666666666668 0.046296296296296294
0 0.70625 0.31296296296296294 0.026041666666666668 0.046296296296296294
0 0.5151041666666667 0.33240740740740743 0.026041666666666668 0.046296296296296294
4 0.4317708333333333 0.3388888888888889 0.026041666666666668 0.046296296296296294
4 0.4484375 0.3388888888888889 0.026041666666666668 0.046296296296296294
4 0.5036458333333333 0.33796296296296297 0.026041666666666668 0.046296296296296294
4 0.37916666666666665 0.35648148148148145 0.026041666666666668 0.046296296296296294
4 0.3875 0.35462962962962963 0.026041666666666668 0.046296296296296294
4 0.3958333333333333 0.35555555555555557 0.026041666666666668 0.046296296296296294
4 0.4114583333333333 0.35555555555555557 0.026041666666666668 0.046296296296296294
4 0.4421875 0.3592592592592593 0.026041666666666668 0.046296296296296294
4 0.5453125 0.35555555555555557 0.026041666666666668 0.046296296296296294
4 0.4276041666666667 0.362962962962963 0.026041666666666668 0.046296296296296294
4 0.4817708333333333 0.36203703703703705 0.026041666666666668 0.046296296296296294
4 0.5197916666666667 0.3648148148148148 0.026041666666666668 0.046296296296296294
4 0.378125 0.37407407407407406 0.026041666666666668 0.046296296296296294
4 0.4203125 0.3712962962962963 0.026041666666666668 0.046296296296296294
4 0.465625 0.37037037037037035 0.026041666666666668 0.046296296296296294
4 0.540625 0.3814814814814815 0.026041666666666668 0.046296296296296294
4 0.42083333333333334 0.387037037037037 0.026041666666666668 0.046296296296296294
4 0.42864583333333334 0.38796296296296295 0.026041666666666668 0.046296296296296294
4 0.44583333333333336 0.3861111111111111 0.026041666666666668 0.046296296296296294
4 0.5114583333333333 0.38796296296296295 0.026041666666666668 0.046296296296296294
4 0.4088541666666667 0.39444444444444443 0.026041666666666668 0.046296296296296294
4 0.5411458333333333 0.3962962962962963 0.026041666666666668 0.046296296296296294
3 0.6697916666666667 0.3925925925925926 0.026041666666666668 0.046296296296296294
4 0.4557291666666667 0.3990740740740741 0.026041666666666668 0.046296296296296294
4 0.4822916666666667 0.4027777777777778 0.026041666666666668 0.046296296296296294
4 0.5286458333333334 0.4027777777777778 0.026041666666666668 0.046296296296296294
2 0.19479166666666667 0.4064814814814815 0.026041666666666668 0.046296296296296294
4 0.4979166666666667 0.4101851851851852 0.026041666666666668 0.046296296296296294
4 0.5161458333333333 0.4101851851851852 0.026041666666666668 0.046296296296296294
4 0.65 0.4074074074074074 0.026041666666666668 0.046296296296296294
3 0.7036458333333333 0.4074074074074074 0.026041666666666668 0.046296296296296294
4 0.4328125 0.4185185185185185 0.026041666666666668 0.046296296296296294
4 0.44583333333333336 0.4185185185185185 0.026041666666666668 0.046296296296296294
4 0.4666666666666667 0.41759259259259257 0.026041666666666668 0.046296296296296294
4 0.6619791666666667 0.4185185185185185 0.026041666666666668 0.046296296296296294
2 0.17916666666666667 0.425 0.026041666666666668 0.046296296296296294
4 0.425 0.42592592592592593 0.026041666666666668 0.046296296296296294
3 0.675 0.42777777777777776 0.026041666666666668 0.046296296296296294
4 0.5192708333333333 0.43333333333333335 0.026041666666666668 0.046296296296296294
4 0.403125 0.44351851851851853 0.026041666666666668 0.046296296296296294
4 0.47291666666666665 0.44074074074074077 0.026041666666666668 0.046296296296296294
4 0.41510416666666666 0.44907407407407407 0.026041666666666668 0.046296296296296294
4 0.4484375 0.45 0.026041666666666668 0.046296296296296294
4 0.43645833333333334 0.4564814814814815 0.026041666666666668 0.046296296296296294
4 0.4625 0.45555555555555555 0.026041666666666668 0.046296296296296294
4 0.46875 0.4583333333333333 0.026041666666666668 0.046296296296296294
4 0.5125 0.45740740740740743 0.026041666666666668 0.046296296296296294
4 0.6625 0.45740740740740743 0.026041666666666668 0.046296296296296294
4 0.4 0.46574074074074073 0.026041666666666668 0.046296296296296294
4 0.5197916666666667 0.4675925925925926 0.026041666666666668 0.046296296296296294
3 0.6703125 0.4648148148148148 0.026041666666666668 0.046296296296296294
4 0.38645833333333335 0.4787037037037037 0.026041666666666668 0.046296296296296294
4 0.45364583333333336 0.4824074074074074 0.026041666666666668 0.046296296296296294
4 0.5130208333333334 0.48148148148148145 0.026041666666666668 0.046296296296296294
4 0.4328125 0.48703703703703705 0.026041666666666668 0.046296296296296294
4 0.44479166666666664 0.487962962962963 0.026041666666666668 0.046296296296296294
4 0.47708333333333336 0.48703703703703705 0.026041666666666668 0.046296296296296294
4 0.4942708333333333 0.48703703703703705 0.026041666666666668 0.046296296296296294
4 0.653125 0.487962962962963 0.026041666666666668 0.046296296296296294
3 0.6744791666666666 0.4888888888888889 0.026041666666666668 0.046296296296296294
4 0.5125 0.4935185185185185 0.026041666666666668 0.046296296296296294
4 0.5489583333333333 0.4925925925925926 0.026041666666666668 0.046296296296296294
4 0.6291666666666667 0.4962962962962963 0.026041666666666668 0.046296296296296294
4 0.4453125 0.5046296296296297 0.026041666666666668 0.046296296296296294
4 0.4947916666666667 0.5092592592592593 0.026041666666666668 0.046296296296296294
4 0.621875 0.512962962962963 0.026041666666666668 0.046296296296296294
4 0.6375 0.512962962962963 0.026041666666666668 0.046296296296296294
4 0.39479166666666665 0.5185185185185185 0.026041666666666668 0.046296296296296294
4 0.5151041666666667 0.5203703703703704 0.026041666666666668 0.046296296296296294
4 0.6130208333333333 0.5185185185185185 0.026041666666666668 0.046296296296296294
4 0.6447916666666667 0.5203703703703704 0.026041666666666668 0.046296296296296294
3 0.690625 0.5185185185185185 0.026041666666666668 0.046296296296296294
3 0.6802083333333333 0.525 0.026041666666666668 0.046296296296296294
3 0.7197916666666667 0.5268518518518519 0.026041666666666668 0.046296296296296294
3 0.7125 0.5351851851851852 0.026041666666666668 0.046296296296296294
4 0.45989583333333334 0.537962962962963 0.026041666666666668 0.046296296296296294
4 0.5057291666666667 0.5435185185185185 0.026041666666666668 0.046296296296296294
4 0.5942708333333333 0.5416666666666666 0.026041666666666668 0.046296296296296294
4 0.5286458333333334 0.5657407407407408 0.026041666666666668 0.046296296296296294
4 0.5578125 0.5666666666666667 0.026041666666666668 0.046296296296296294
4 0.5739583333333333 0.5648148148148148 0.026041666666666668 0.046296296296296294
4 0.5901041666666667 0.5657407407407408 0.026041666666666668 0.046296296296296294
3 0.7302083333333333 0.562037037037037 0.026041666666666668 0.046296296296296294
3 0.7427083333333333 0.5648148148148148 0.026041666666666668 0.046296296296296294
4 0.6 0.5805555555555556 0.026041666666666668 0.046296296296296294
3 0.6786458333333333 0.5824074074074074 0.026041666666666668 0.046296296296296294
4 0.5875 0.5888888888888889 0.026041666666666668 0.046296296296296294
3 0.759375 0.5898148148148148 0.026041666666666668 0.046296296296296294
4 0.5364583333333334 0.5953703703703703 0.026041666666666668 0.046296296296296294
4 0.553125 0.5990740740740741 0.026041666666666668 0.046296296296296294
4 0.5708333333333333 0.612037037037037 0.026041666666666668 0.046296296296296294
3 0.753125 0.6111111111111112 0.026041666666666668 0.046296296296296294
4 0.42864583333333334 0.6212962962962963 0.026041666666666668 0.046296296296296294
4 0.5911458333333334 0.637962962962963 0.026041666666666668 0.046296296296296294
3 0.7338541666666667 0.6361111111111111 0.026041666666666668 0.046296296296296294
4 0.4744791666666667 0.6407407407407407 0.026041666666666668 0.046296296296296294
4 0.6270833333333333 0.6611111111111111 0.026041666666666668 0.046296296296296294
3 0.7828125 0.6638888888888889 0.026041666666666668 0.046296296296296294
1 0.6583333333333333 0.674074074074074 0.026041666666666668 0.046296296296296294
1 0.4942708333333333 0.6805555555555556 0.026041666666666668 0.046296296296296294
1 0.5338541666666666 0.6787037037037037 0.026041666666666668 0.046296296296296294
1 0.7072916666666667 0.6814814814814815 0.026041666666666668 0.046296296296296294
1 0.5432291666666667 0.6888888888888889 0.026041666666666668 0.046296296296296294
1 0.6328125 0.7138888888888889 0.026041666666666668 0.046296296296296294
1 0.45364583333333336 0.7194444444444444 0.026041666666666668 0.046296296296296294
1 0.8895833333333333 0.7425925925925926 0.026041666666666668 0.046296296296296294
1 0.8328125 0.7592592592592593 0.026041666666666668 0.046296296296296294
1 0.915625 0.7870370370370371 0.026041666666666668 0.046296296296296294
1 0.44479166666666664 0.8157407407407408 0.026041666666666668 0.046296296296296294
1 0.48541666666666666 0.8138888888888889 0.026041666666666668 0.046296296296296294
1 0.24270833333333333 0.8435185185185186 0.026041666666666668 0.046296296296296294
1 0.7947916666666667 0.8564814814814815 0.026041666666666668 0.046296296296296294
1 0.8328125 0.8685185185185185 0.026041666666666668 0.046296296296296294
1 0.875 0.8666666666666667 0.026041666666666668 0.046296296296296294
1 0.9088541666666666 0.912962962962963 0.026041666666666668 0.046296296296296294
1 0.9432291666666667 0.9842592592592593 0.026041666666666668 0.046296296296296294
1 0.3875 0.9925925925925926 0.026041666666666668 0.046296296296296294
1 0.5130208333333334 0.9907407407407407 0.026041666666666668 0.046296296296296294
1 0.4375 0.9314814814814815 0.026041666666666668 0.046296296296296294
1 0.7791666666666667 0.8111111111111111 0.026041666666666668 0.046296296296296294
1 0.78125 0.7111111111111111 0.026041666666666668 0.046296296296296294
1 0.9625 0.9259259259259259 0.026041666666666668 0.046296296296296294
4 0.4083333333333333 0.5907407407407408 0.026041666666666668 0.046296296296296294
4 0.38333333333333336 0.6074074074074074 0.026041666666666668 0.046296296296296294
3 0.6802083333333333 0.6240740740740741 0.026041666666666668 0.046296296296296294
1 0.6791666666666667 0.6796296296296296 0.026041666666666668 0.046296296296296294
3 0.7114583333333333 0.5518518518518518 0.026041666666666668 0.046296296296296294
1 0.5666666666666667 0.6685185185185185 0.026041666666666668 0.046296296296296294
4 0.5770833333333333 0.6462962962962963 0.026041666666666668 0.046296296296296294
1 0.7135416666666666 0.7611111111111111 0.026041666666666668 0.046296296296296294
