0 0.471875 0.09722222222222222 0.026041666666666668 0.046296296296296294
0 0.4744791666666667 0.09814814814814815 0.026041666666666668 0.046296296296296294
0 0.4796875 0.09814814814814815 0.026041666666666668 0.046296296296296294
0 0.48385416666666664 0.10555555555555556 0.026041666666666668 0.046296296296296294
0 0.4875 0.10648148148148148 0.026041666666666668 0.046296296296296294
0 0.4703125 0.12222222222222222 0.026041666666666668 0.046296296296296294
0 0.49583333333333335 0.12037037037037036 0.026041666666666668 0.046296296296296294
0 0.47760416666666666 0.13148148148148148 0.026041666666666668 0.046296296296296294
0 0.48802083333333335 0.12962962962962962 0.026041666666666668 0.046296296296296294
0 0.4546875 0.13148148148148148 0.026041666666666668 0.046296296296296294
0 0.46145833333333336 0.1361111111111111 0.026041666666666668 0.046296296296296294
0 0.4947916666666667 0.13796296296296295 0.026041666666666668 0.046296296296296294
0 0.4395833333333333 0.14166666666666666 0.026041666666666668 0.046296296296296294
0 0.4744791666666667 0.14629629629629629 0.026041666666666668 0.046296296296296294
0 0.4953125 0.14537037037037037 0.026041666666666668 0.046296296296296294
0 0.4635416666666667 0.15 0.026041666666666668 0.046296296296296294
0 0.4791666666666667 0.15833333333333333 0.026041666666666668 0.046296296296296294
0 0.4864583333333333 0.16018518518518518 0.026041666666666668 0.046296296296296294
0 0.49895833333333334 0.175 0.026041666666666668 0.046296296296296294
0 0.44114583333333335 0.18333333333333332 0.026041666666666668 0.046296296296296294
0 0.4739583333333333 0.18055555555555555 0.026041666666666668 0.046296296296296294
0 0.5151041666666667 0.18333333333333332 0.026041666666666668 0.046296296296296294
0 0.5119791666666667 0.19444444444444445 0.026041666666666668 0.046296296296296294
0 0.43125 0.2 0.026041666666666668 0.046296296296296294
0 0.46770833333333334 0.2 0.026041666666666668 0.046296296296296294
0 0.44583333333333336 0.2074074074074074 0.026041666666666668 0.046296296296296294
0 0.4578125 0.20462962962962963 0.026041666666666668 0.046296296296296294
0 0.43802083333333336 0.2175925925925926 0.026041666666666668 0.046296296296296294
0 0.4786458333333333 0.21666666666666667 0.026041666666666668 0.046296296296296294
0 0.42135416666666664 0.22962962962962963 0.026041666666666668 0.046296296296296294
0 0.4473958333333333 0.23425925925925925 0.026041666666666668 0.046296296296296294
0 0.503125 0.22870370370370371 0.026041666666666668 0.046296296296296294
0 0.4791666666666667 0.23703703703703705 0.026041666666666668 0.046296296296296294
0 0.4901041666666667 0.2361111111111111 0.026041666666666668 0.046296296296296294
0 0.43020833333333336 0.24722222222222223 0.026041666666666668 0.046296296296296294
0 0.41302083333333334 0.25462962962962965 0.026041666666666668 0.046296296296296294
0 0.490625 0.2601851851851852 0.026041666666666668 0.046296296296296294
0 0.6744791666666666 0.2611111111111111 0.026041666666666668 0.046296296296296294
0 0.49114583333333334 0.2759259259259259 0.026041666666666668 0.046296296296296294
0 0.503125 0.287962962962963 0.026041666666666668 0.046296296296296294
0 0.5338541666666666 0.28425925925925927 0.026041666666666668 0.046296296296296294
0 0.4354166666666667 0.29074074074074074 0.026041666666666668 0.046296296296296294
0 0.5286458333333334 0.29444444444444445 0.026041666666666668 0.046296296296296294
0 0.4234375 0.30092592592592593 0.026041666666666668 0.046296296296296294
0 0.478125 0.30092592592592593 0.026041666666666668 0.046296296296296294
0 0.43697916666666664 0.30648148148148147 0.026041666666666668 0.046296296296296294
0 0.44583333333333336 0.30925925925925923 0.026041666666666668 0.046296296296296294
0 0.49895833333333334 0.30925925925925923 0.026041666666666668 0.046296296296296294
0 0.4171875 0.31574074074074077 0.026041666666666668 0.046296296296296294
0 0.42864583333333334 0.3175925925925926 0.026041666666666668 0.046296296296296294
0 0.45729166666666665 0.3175925925925926 0.026041666666666668 0.046296296296296294
0 0.47708333333333336 0.3148148148148148 0.026041666666666668 0.046296296296296294
0 0.5067708333333333 0.31666666666666665 0.026041666666666668 0.046296296296296294
0 0.5317708333333333 0.31574074074074077 0.026041666666666668 0.046296296296296294
4 0.4234375 0.3333333333333333 0.026041666666666668 0.046296296296296294
0 0.4401041666666667 0.3314814814814815 0.026041666666666668 0.046296296296296294
4 0.4515625 0.33425925925925926 0.026041666666666668 0.046296296296296294
0 0.5026041666666666 0.33240740740740743 0.026041666666666668 0.046296296296296294
4 0.4171875 0.3416666666666667 0.026041666666666668 0.046296296296296294
4 0.4739583333333333 0.3398148148148148 0.026041666666666668 0.046296296296296294
4 0.4947916666666667 0.3398148148148148 0.026041666666666668 0.046296296296296294
4 0.5380208333333333 0.3398148148148148 0.026041666666666668 0.046296296296296294
4 0.4125 0.3490740740740741 0.026041666666666668 0.046296296296296294
4 0.4791666666666667 0.3472222222222222 0.026041666666666668 0.046296296296296294
4 0.4864583333333333 0.3490740740740741 0.026041666666666668 0.046296296296296294
4 0.4713541666666667 0.35648148148148145 0.026041666666666668 0.046296296296296294
4 0.5114583333333333 0.35648148148148145 0.026041666666666668 0.046296296296296294
4 0.4083333333333333 0.362962962962963 0.026041666666666668 0.046296296296296294
4 0.415625 0.3611111111111111 0.026041666666666668 0.046296296296296294
4 0.5114583333333333 0.362962962962963 0.026041666666666668 0.046296296296296294
4 0.4 0.3787037037037037 0.026041666666666668 0.046296296296296294
4 0.40260416666666665 0.37777777777777777 0.026041666666666668 0.046296296296296294
4 0.4359375 0.3824074074074074 0.026041666666666668 0.046296296296296294
4 0.5036458333333333 0.37962962962962965 0.026041666666666668 0.046296296296296294
4 0.5109375 0.37777777777777777 0.026041666666666668 0.046296296296296294
4 0.5151041666666667 0.3787037037037037 0.026041666666666668 0.046296296296296294
4 0.38697916666666665 0.3861111111111111 0.026041666666666668 0.046296296296296294
4 0.4161458333333333 0.387037037037037 0.026041666666666668 0.046296296296296294
4 0.4244791666666667 0.38333333333333336 0.026041666666666668 0.046296296296296294
4 0.5 0.3861111111111111 0.026041666666666668 0.046296296296296294
4 0.5197916666666667 0.387037037037037 0.026041666666666668 0.046296296296296294
4 0.45729166666666665 0.3925925925925926 0.026041666666666668 0.046296296296296294
2 0.21666666666666667 0.4009259259259259 0.026041666666666668 0.046296296296296294
4 0.4078125 0.40370370370370373 0.026041666666666668 0.046296296296296294
4 0.42864583333333334 0.4009259259259259 0.026041666666666668 0.046296296296296294
4 0.4786458333333333 0.4009259259259259 0.026041666666666668 0.046296296296296294
4 0.4875 0.4009259259259259 0.026041666666666668 0.046296296296296294
4 0.515625 0.40185185185185185 0.026041666666666668 0.046296296296296294
4 0.6510416666666666 0.4 0.026041666666666668 0.046296296296296294
4 0.3958333333333333 0.40925925925925927 0.026041666666666668 0.046296296296296294
4 0.43333333333333335 0.41759259259259257 0.026041666666666668 0.046296296296296294
4 0.4583333333333333 0.41574074074074074 0.026041666666666668 0.046296296296296294
4 0.5041666666666667 0.4166666666666667 0.026041666666666668 0.046296296296296294
4 0.515625 0.41759259259259257 0.026041666666666668 0.046296296296296294
3 0.6703125 0.42407407407407405 0.026041666666666668 0.046296296296296294
4 0.4161458333333333 0.4351851851851852 0.026041666666666668 0.046296296296296294
4 0.3875 0.44351851851851853 0.026041666666666668 0.046296296296296294
4 0.39479166666666665 0.44166666666666665 0.026041666666666668 0.046296296296296294
4 0.5130208333333334 0.44166666666666665 0.026041666666666668 0.046296296296296294
3 0.6697916666666667 0.4388888888888889 0.026041666666666668 0.046296296296296294
3 0.7046875 0.4398148148148148 0.026041666666666668 0.046296296296296294
4 0.4036458333333333 0.44722222222222224 0.026041666666666668 0.046296296296296294
4 0.4666666666666667 0.44814814814814813 0.026041666666666668 0.046296296296296294
3 0.6776041666666667 0.44814814814814813 0.026041666666666668 0.046296296296296294
4 0.37916666666666665 0.4564814814814815 0.026041666666666668 0.046296296296296294
4 0.38697916666666665 0.45925925925925926 0.026041666666666668 0.046296296296296294
4 0.4114583333333333 0.4648148148148148 0.026041666666666668 0.046296296296296294
3 0.6901041666666666 0.4666666666666667 0.026041666666666668 0.046296296296296294
4 0.37447916666666664 0.47314814814814815 0.026041666666666668 0.046296296296296294
4 0.3875 0.4740740740740741 0.026041666666666668 0.046296296296296294
4 0.5067708333333333 0.4722222222222222 0.026041666666666668 0.046296296296296294
3 0.6713541666666667 0.4722222222222222 0.026041666666666668 0.046296296296296294
4 0.6203125 0.4787037037037037 0.026041666666666668 0.046296296296296294
4 0.6630208333333333 0.48055555555555557 0.026041666666666668 0.046296296296296294
3 0.6901041666666666 0.4787037037037037 0.026041666666666668 0.046296296296296294
4 0.38697916666666665 0.48703703703703705 0.026041666666666668 0.046296296296296294
4 0.5348958333333333 0.48703703703703705 0.026041666666666668 0.046296296296296294
4 0.6036458333333333 0.4842592592592593 0.026041666666666668 0.046296296296296294
3 0.675 0.487962962962963 0.026041666666666668 0.046296296296296294
4 0.3953125 0.49537037037037035 0.026041666666666668 0.046296296296296294
3 0.6911458333333333 0.49444444444444446 0.026041666666666668 0.046296296296296294
4 0.5244791666666667 0.5055555555555555 0.026041666666666668 0.046296296296296294
4 0.6161458333333333 0.5046296296296297 0.026041666666666668 0.046296296296296294
4 0.6317708333333333 0.5046296296296297 0.026041666666666668 0.046296296296296294
3 0.7 0.5037037037037037 0.026041666666666668 0.046296296296296294
4 0.3890625 0.512962962962963 0.026041666666666668 0.046296296296296294
4 0.5161458333333333 0.5212962962962963 0.026041666666666668 0.046296296296296294
4 0.6276041666666666 0.5203703703703704 0.026041666666666668 0.046296296296296294
4 0.6489583333333333 0.5194444444444445 0.026041666666666668 0.046296296296296294
4 0.5359375 0.524074074074074 0.026041666666666668 0.046296296296296294
4 0.665625 0.5259259259259259 0.026041666666666668 0.046296296296296294
4 0.42291666666666666 0.5351851851851852 0.026041666666666668 0.046296296296296294
4 0.5828125 0.5314814814814814 0.026041666666666668 0.046296296296296294
4 0.39114583333333336 0.5425925925925926 0.026041666666666668 0.046296296296296294
4 0.45 0.5407407407407407 0.026041666666666668 0.046296296296296294
4 0.5541666666666667 0.5361111111111111 0.026041666666666668 0.046296296296296294
3 0.728125 0.5416666666666666 0.026041666666666668 0.046296296296296294
4 0.4161458333333333 0.562037037037037 0.026041666666666668 0.046296296296296294
4 0.640625 0.5796296296296296 0.026041666666666668 0.046296296296296294
3 0.7088541666666667 0.5787037037037037 0.026041666666666668 0.046296296296296294
4 0.6052083333333333 0.5842592592592593 0.026041666666666668 0.046296296296296294
3 0.7708333333333334 0.5879629629629629 0.026041666666666668 0.046296296296296294
3 0.7041666666666667 0.6574074074074074 0.026041666666666668 0.046296296296296294
1 0.7411458333333333 0.6703703703703704 0.026041666666666668 0.046296296296296294
1 0.5505208333333333 0.7 0.026041666666666668 0.046296296296296294
1 0.5848958333333333 0.7222222222222222 0.026041666666666668 0.046296296296296294
1 0.8869791666666667 0.7398148148148148 0.026041666666666668 0.046296296296296294
1 0.9671875 0.8046296296296296 0.026041666666666668 0.046296296296296294
1 0.8067708333333333 0.8277777777777777 0.026041666666666668 0.046296296296296294
1 0.828125 0.8324074074074074 0.026041666666666668 0.046296296296296294
1 0.9953125 0.8592592592592593 0.026041666666666668 0.046296296296296294
1 0.75625 0.8907407407407407 0.026041666666666668 0.046296296296296294
1 0.9036458333333334 0.912962962962963 0.026041666666666668 0.046296296296296294
1 0.8244791666666667 0.9287037037037037 0.026041666666666668 0.046296296296296294
0 0.7 0.3148148148148148 0.026041666666666668 0.046296296296296294
3 0.6947916666666667 0.5962962962962963 0.026041666666666668 0.046296296296296294
3 0.7489583333333333 0.5222222222222223 0.026041666666666668 0.046296296296296294
1 0.55 0.7574074074074074 0.026041666666666668 0.046296296296296294
2 0.17083333333333334 0.43148148148148147 0.026041666666666668 0.046296296296296294
3 0.753125 0.6166666666666667 0.026041666666666668 0.046296296296296294
4 0.4822916666666667 0.45 0.026041666666666668 0.046296296296296294
