0 0.4739583333333333 0.08703703703703704 0.026041666666666668 0.046296296296296294
0 0.4708333333333333 0.09814814814814815 0.026041666666666668 0.046296296296296294
0 0.48385416666666664 0.09814814814814815 0.026041666666666668 0.046296296296296294
0 0.49166666666666664 0.09814814814814815 0.026041666666666668 0.046296296296296294
0 0.465625 0.12037037037037036 0.026041666666666668 0.046296296296296294
0 0.4817708333333333 0.12129629629629629 0.026041666666666668 0.046296296296296294
0 0.4947916666666667 0.12129629629629629 0.026041666666666668 0.046296296296296294
0 0.4583333333333333 0.1259259259259259 0.026041666666666668 0.046296296296296294
0 0.46510416666666665 0.13055555555555556 0.026041666666666668 0.046296296296296294
0 0.48333333333333334 0.12777777777777777 0.026041666666666668 0.046296296296296294
0 0.4427083333333333 0.13425925925925927 0.026041666666666668 0.046296296296296294
0 0.4505208333333333 0.13703703703703704 0.026041666666666668 0.046296296296296294
0 0.475 0.1388888888888889 0.026041666666666668 0.046296296296296294
0 0.4864583333333333 0.13703703703703704 0.026041666666666668 0.046296296296296294
0 0.49375 0.13796296296296295 0.026041666666666668 0.046296296296296294
0 0.4661458333333333 0.1425925925925926 0.026041666666666668 0.046296296296296294
0 0.49583333333333335 0.1527777777777778 0.026041666666666668 0.046296296296296294
0 0.45 0.16111111111111112 0.026041666666666668 0.046296296296296294
0 0.47552083333333334 0.16111111111111112 0.026041666666666668 0.046296296296296294
0 0.4822916666666667 0.15925925925925927 0.026041666666666668 0.046296296296296294
0 0.4328125 0.17592592592592593 0.026041666666666668 0.046296296296296294
0 0.4479166666666667 0.175 0.026041666666666668 0.046296296296296294
0 0.4953125 0.17407407407407408 0.026041666666666668 0.046296296296296294
0 0.4375 0.18518518518518517 0.026041666666666668 0.046296296296296294
0 0.465625 0.18611111111111112 0.026041666666666668 0.046296296296296294
0 0.5119791666666667 0.18425925925925926 0.026041666666666668 0.046296296296296294
0 0.44114583333333335 0.1935185185185185 0.026041666666666668 0.046296296296296294
0 0.5005208333333333 0.19166666666666668 0.026041666666666668 0.046296296296296294
0 0.45729166666666665 0.19814814814814816 0.026041666666666668 0.046296296296296294
0 0.46875 0.1962962962962963 0.026041666666666668 0.046296296296296294
0 0.5119791666666667 0.19907407407407407 0.026041666666666668 0.046296296296296294
0 0.42604166666666665 0.2064814814814815 0.026041666666666668 0.046296296296296294
0 0.4505208333333333 0.21388888888888888 0.026041666666666668 0.046296296296296294
0 0.46145833333333336 0.21296296296296297 0.026041666666666668 0.046296296296296294
0 0.44947916666666665 0.21944444444444444 0.026041666666666668 0.046296296296296294
0 0.41510416666666666 0.22962962962962963 0.026041666666666668 0.046296296296296294
0 0.43333333333333335 0.22685185185185186 0.026041666666666668 0.046296296296296294
0 0.5119791666666667 0.2490740740740741 0.026041666666666668 0.046296296296296294
0 0.4817708333333333 0.26666666666666666 0.026041666666666668 0.046296296296296294
0 0.5005208333333333 0.26944444444444443 0.026041666666666668 0.046296296296296294
0 0.5130208333333334 0.27685185185185185 0.026041666666666668 0.046296296296296294
0 0.5203125 0.2796296296296296 0.026041666666666668 0.046296296296296294
0 0.6916666666666667 0.2861111111111111 0.026041666666666668 0.046296296296296294
0 0.45364583333333336 0.30185185185185187 0.026041666666666668 0.046296296296296294
0 0.5192708333333333 0.30185185185185187 0.026041666666666668 0.046296296296296294
0 0.5114583333333333 0.3111111111111111 0.026041666666666668 0.046296296296296294
0 0.43333333333333335 0.3148148148148148 0.026041666666666668 0.046296296296296294
0 0.5239583333333333 0.31666666666666665 0.026041666666666668 0.046296296296296294
0 0.7072916666666667 0.3111111111111111 0.026041666666666668 0.046296296296296294
4 0.4401041666666667 0.3333333333333333 0.026041666666666668 0.046296296296296294
0 0.5046875 0.3314814814814815 0.026041666666666668 0.046296296296296294
0 0.5125 0.3314814814814815 0.026041666666666668 0.046296296296296294
4 0.45260416666666664 0.34074074074074073 0.026041666666666668 0.046296296296296294
4 0.5072916666666667 0.3425925925925926 0.026041666666666668 0.046296296296296294
4 0.4161458333333333 0.35 0.026041666666666668 0.046296296296296294
4 0.4354166666666667 0.3490740740740741 0.026041666666666668 0.046296296296296294
4 0.44479166666666664 0.3490740740740741 0.026041666666666668 0.046296296296296294
4 0.46197916666666666 0.3453703703703704 0.026041666666666668 0.046296296296296294
4 0.47239583333333335 0.3472222222222222 0.026041666666666668 0.046296296296296294
4 0.45416666666666666 0.35555555555555557 0.026041666666666668 0.046296296296296294
4 0.49895833333333334 0.3574074074074074 0.026041666666666668 0.046296296296296294
4 0.39479166666666665 0.36203703703703705 0.026041666666666668 0.046296296296296294
4 0.41510416666666666 0.3638888888888889 0.026041666666666668 0.046296296296296294
4 0.44583333333333336 0.3611111111111111 0.026041666666666668 0.046296296296296294
4 0.378125 0.37407407407407406 0.026041666666666668 0.046296296296296294
4 0.453125 0.3712962962962963 0.026041666666666668 0.046296296296296294
4 0.46979166666666666 0.36944444444444446 0.026041666666666668 0.046296296296296294
4 0.4947916666666667 0.3712962962962963 0.026041666666666668 0.046296296296296294
2 0.2203125 0.3787037037037037 0.026041666666666668 0.046296296296296294
4 0.44166666666666665 0.3787037037037037 0.026041666666666668 0.046296296296296294
4 0.42916666666666664 0.3861111111111111 0.026041666666666668 0.046296296296296294
4 0.45260416666666664 0.38796296296296295 0.026041666666666668 0.046296296296296294
4 0.5192708333333333 0.38981481481481484 0.026041666666666668 0.046296296296296294
4 0.4859375 0.40370370370370373 0.026041666666666668 0.046296296296296294
4 0.5078125 0.40185185185185185 0.026041666666666668 0.046296296296296294
2 0.1703125 0.40925925925925927 0.026041666666666668 0.046296296296296294
2 0.22083333333333333 0.4083333333333333 0.026041666666666668 0.046296296296296294
4 0.665625 0.40925925925925927 0.026041666666666668 0.046296296296296294
2 0.1875 0.41944444444444445 0.026041666666666668 0.046296296296296294
4 0.4375 0.4166666666666667 0.026041666666666668 0.046296296296296294
4 0.475 0.4185185185185185 0.026041666666666668 0.046296296296296294
4 0.4703125 0.42685185185185187 0.026041666666666668 0.046296296296296294
4 0.6588541666666666 0.425 0.026041666666666668 0.046296296296296294
3 0.703125 0.42407407407407405 0.026041666666666668 0.046296296296296294
4 0.5088541666666667 0.4324074074074074 0.026041666666666668 0.046296296296296294
3 0.6901041666666666 0.43148148148148147 0.026041666666666668 0.046296296296296294
4 0.390625 0.44074074074074077 0.026041666666666668 0.046296296296296294
4 0.5239583333333333 0.4425925925925926 0.026041666666666668 0.046296296296296294
3 0.66875 0.44074074074074077 0.026041666666666668 0.046296296296296294
4 0.4578125 0.4527777777777778 0.026041666666666668 0.046296296296296294
4 0.6578125 0.44722222222222224 0.026041666666666668 0.046296296296296294
4 0.4078125 0.45555555555555555 0.026041666666666668 0.046296296296296294
3 0.678125 0.4564814814814815 0.026041666666666668 0.046296296296296294
3 0.6916666666666667 0.4648148148148148 0.026041666666666668 0.046296296296296294
4 0.5083333333333333 0.4703703703703704 0.026041666666666668 0.046296296296296294
4 0.6291666666666667 0.4888888888888889 0.026041666666666668 0.046296296296296294
3 0.6973958333333333 0.49722222222222223 0.026041666666666668 0.046296296296296294
4 0.603125 0.5018518518518519 0.026041666666666668 0.046296296296296294
3 0.6786458333333333 0.5009259259259259 0.026041666666666668 0.046296296296296294
4 0.5083333333333333 0.5111111111111111 0.026041666666666668 0.046296296296296294
3 0.6708333333333333 0.5222222222222223 0.026041666666666668 0.046296296296296294
4 0.5958333333333333 0.5259259259259259 0.026041666666666668 0.046296296296296294
4 0.6203125 0.5259259259259259 0.026041666666666668 0.046296296296296294
4 0.4166666666666667 0.5333333333333333 0.026041666666666668 0.046296296296296294
4 0.5078125 0.5416666666666666 0.026041666666666668 0.046296296296296294
3 0.7255208333333333 0.5370370370370371 0.026041666666666668 0.046296296296296294
4 0.61875 0.5481481481481482 0.026041666666666668 0.046296296296296294
4 0.521875 0.5574074074074075 0.026041666666666668 0.046296296296296294
4 0.6359375 0.5555555555555556 0.026041666666666668 0.046296296296296294
4 0.6041666666666666 0.5648148148148148 0.026041666666666668 0.046296296296296294
3 0.7364583333333333 0.5638888888888889 0.026041666666666668 0.046296296296296294
4 0.3958333333333333 0.5722222222222222 0.026041666666666668 0.046296296296296294
3 0.7520833333333333 0.5694444444444444 0.026041666666666668 0.046296296296296294
3 0.7614583333333333 0.5703703703703704 0.026041666666666668 0.046296296296296294
4 0.5036458333333333 0.5768518518518518 0.026041666666666668 0.046296296296296294
4 0.6270833333333333 0.5796296296296296 0.026041666666666668 0.046296296296296294
4 0.6369791666666667 0.5879629629629629 0.026041666666666668 0.046296296296296294
4 0.6098958333333333 0.5953703703703703 0.026041666666666668 0.046296296296296294
4 0.665625 0.5925925925925926 0.026041666666666668 0.046296296296296294
4 0.46875 0.5981481481481481 0.026041666666666668 0.046296296296296294
4 0.44635416666666666 0.6046296296296296 0.026041666666666668 0.046296296296296294
4 0.6421875 0.6111111111111112 0.026041666666666668 0.046296296296296294
4 0.39166666666666666 0.6194444444444445 0.026041666666666668 0.046296296296296294
4 0.575 0.637962962962963 0.026041666666666668 0.046296296296296294
4 0.5411458333333333 0.6416666666666667 0.026041666666666668 0.046296296296296294
4 0.4864583333333333 0.6611111111111111 0.026041666666666668 0.046296296296296294
1 0.496875 0.6824074074074075 0.026041666666666668 0.046296296296296294
1 0.7697916666666667 0.7101851851851851 0.026041666666666668 0.046296296296296294
1 0.5651041666666666 0.7175925925925926 0.026041666666666668 0.046296296296296294
1 0.7104166666666667 0.7305555555555555 0.026041666666666668 0.046296296296296294
1 0.921875 0.75 0.026041666666666668 0.046296296296296294
1 0.8822916666666667 0.7537037037037037 0.026041666666666668 0.046296296296296294
1 0.5927083333333333 0.7592592592592593 0.026041666666666668 0.046296296296296294
1 0.825 0.7592592592592593 0.026041666666666668 0.046296296296296294
1 0.4630208333333333 0.7824074074074074 0.026041666666666668 0.046296296296296294
1 0.7395833333333334 0.787962962962963 0.026041666666666668 0.046296296296296294
1 0.346875 0.7898148148148149 0.026041666666666668 0.046296296296296294
1 0.42291666666666666 0.7907407407407407 0.026041666666666668 0.046296296296296294
1 0.696875 0.8166666666666667 0.026041666666666668 0.046296296296296294
1 0.38177083333333334 0.8194444444444444 0.026041666666666668 0.046296296296296294
1 0.6296875 0.8101851851851852 0.026041666666666668 0.046296296296296294
1 0.6619791666666667 0.8240740740740741 0.026041666666666668 0.046296296296296294
1 0.7802083333333333 0.8333333333333334 0.026041666666666668 0.046296296296296294
1 0.8739583333333333 0.837037037037037 0.026041666666666668 0.046296296296296294
1 0.33489583333333334 0.8527777777777777 0.026041666666666668 0.046296296296296294
1 0.5744791666666667 0.8648148148148148 0.026041666666666668 0.046296296296296294
1 0.6166666666666667 0.8685185185185185 0.026041666666666668 0.046296296296296294
1 0.3515625 0.8777777777777778 0.026041666666666668 0.046296296296296294
1 0.44635416666666666 0.8935185185185185 0.026041666666666668 0.046296296296296294
1 0.48489583333333336 0.8935185185185185 0.026041666666666668 0.046296296296296294
1 0.3072916666666667 0.899074074074074 0.026041666666666668 0.046296296296296294
1 0.5494791666666666 0.8981481481481481 0.026041666666666668 0.046296296296296294
1 0.521875 0.9046296296296297 0.026041666666666668 0.046296296296296294
1 0.6333333333333333 0.9287037037037037 0.026041666666666668 0.046296296296296294
1 0.9598958333333333 0.9416666666666667 0.026041666666666668 0.046296296296296294
2 0.178125 0.4388888888888889 0.026041666666666668 0.046296296296296294
1 0.7427083333333333 0.9185185185185185 0.026041666666666668 0.046296296296296294
1 0.8260416666666667 0.8722222222222222 0.026041666666666668 0.046296296296296294
1 0.8270833333333333 0.8351851851851851 0.026041666666666668 0.046296296296296294
1 0.8791666666666667 0.9222222222222223 0.026041666666666668 0.046296296296296294
3 0.7625 0.6518518518518519 0.026041666666666668 0.046296296296296294
3 0.759375 0.6185185185185185 0.026041666666666668 0.046296296296296294
3 0.7697916666666667 0.6 0.026041666666666668 0.046296296296296294
3 0.6958333333333333 0.5185185185185185 0.026041666666666668 0.046296296296296294
4 0.59375 0.6296296296296297 0.026041666666666668 0.046296296296296294
4 0.6166666666666667 0.6111111111111112 0.026041666666666668 0.046296296296296294
4 0.5177083333333333 0.6574074074074074 0.026041666666666668 0.046296296296296294
1 0.46041666666666664 0.6925925925925925 0.026041666666666668 0.046296296296296294
4 0.434375 0.45740740740740743 0.026041666666666668 0.046296296296296294
4 0.41875 0.4111111111111111 0.026041666666666668 0.046296296296296294
4 0.4 0.6666666666666666 0.026041666666666668 0.046296296296296294
1 0.665625 0.6907407407407408 0.026041666666666668 0.046296296296296294
