0 0.4708333333333333 0.09537037037037037 0.026041666666666668 0.046296296296296294
0 0.4791666666666667 0.09722222222222222 0.026041666666666668 0.046296296296296294
0 0.4869791666666667 0.09814814814814815 0.026041666666666668 0.046296296296296294
0 0.49114583333333334 0.12222222222222222 0.026041666666666668 0.046296296296296294
0 0.42552083333333335 0.1287037037037037 0.026041666666666668 0.046296296296296294
0 0.434375 0.1361111111111111 0.026041666666666668 0.046296296296296294
0 0.43802083333333336 0.13333333333333333 0.026041666666666668 0.046296296296296294
0 0.4421875 0.13333333333333333 0.026041666666666668 0.046296296296296294
0 0.4552083333333333 0.13425925925925927 0.026041666666666668 0.046296296296296294
0 0.4296875 0.14444444444444443 0.026041666666666668 0.046296296296296294
0 0.47552083333333334 0.14444444444444443 0.026041666666666668 0.046296296296296294
0 0.43333333333333335 0.1824074074074074 0.026041666666666668 0.046296296296296294
0 0.5010416666666667 0.18425925925925926 0.026041666666666668 0.046296296296296294
0 0.5119791666666667 0.18333333333333332 0.026041666666666668 0.046296296296296294
0 0.4328125 0.2074074074074074 0.026041666666666668 0.046296296296296294
0 0.49947916666666664 0.2222222222222222 0.026041666666666668 0.046296296296296294
0 0.4276041666666667 0.23796296296296296 0.026041666666666668 0.046296296296296294
0 0.453125 0.2388888888888889 0.026041666666666668 0.046296296296296294
0 0.45729166666666665 0.2462962962962963 0.026041666666666668 0.046296296296296294
0 0.44427083333333334 0.25555555555555554 0.026041666666666668 0.046296296296296294
0 0.46458333333333335 0.26296296296296295 0.026041666666666668 0.046296296296296294
0 0.48802083333333335 0.25925925925925924 0.026041666666666668 0.046296296296296294
0 0.4875 0.2657407407407407 0.026041666666666668 0.046296296296296294
0 0.4953125 0.26944444444444443 0.026041666666666668 0.046296296296296294
0 0.515625 0.2675925925925926 0.026041666666666668 0.046296296296296294
0 0.5270833333333333 0.26944444444444443 0.026041666666666668 0.046296296296296294
0 0.5208333333333334 0.2777777777777778 0.026041666666666668 0.046296296296296294
0 0.5317708333333333 0.2777777777777778 0.026041666666666668 0.046296296296296294
0 0.5208333333333334 0.287962962962963 0.026041666666666668 0.046296296296296294
0 0.5453125 0.28703703703703703 0.026041666666666668 0.046296296296296294
0 0.4166666666666667 0.28888888888888886 0.026041666666666668 0.046296296296296294
0 0.43645833333333334 0.2953703703703704 0.026041666666666668 0.046296296296296294
0 0.5088541666666667 0.29444444444444445 0.026041666666666668 0.046296296296296294
0 0.6875 0.29259259259259257 0.026041666666666668 0.046296296296296294
0 0.42083333333333334 0.30092592592592593 0.026041666666666668 0.046296296296296294
0 0.42864583333333334 0.3 0.026041666666666668 0.046296296296296294
0 0.46927083333333336 0.30092592592592593 0.026041666666666668 0.046296296296296294
0 0.4864583333333333 0.29814814814814816 0.026041666666666668 0.046296296296296294
0 0.42552083333333335 0.3101851851851852 0.026041666666666668 0.046296296296296294
0 0.4359375 0.3101851851851852 0.026041666666666668 0.046296296296296294
0 0.4864583333333333 0.31666666666666665 0.026041666666666668 0.046296296296296294
0 0.5078125 0.31666666666666665 0.026041666666666668 0.046296296296296294
0 0.7067708333333333 0.31203703703703706 0.026041666666666668 0.046296296296296294
0 0.41875 0.32685185185185184 0.026041666666666668 0.046296296296296294
0 0.4354166666666667 0.3296296296296296 0.026041666666666668 0.046296296296296294
4 0.4244791666666667 0.33796296296296297 0.026041666666666668 0.046296296296296294
4 0.4354166666666667 0.337037037037037 0.026041666666666668 0.046296296296296294
4 0.5401041666666667 0.3398148148148148 0.026041666666666668 0.046296296296296294
4 0.45364583333333336 0.34814814814814815 0.026041666666666668 0.046296296296296294
4 0.3828125 0.35648148148148145 0.026041666666666668 0.046296296296296294
4 0.4354166666666667 0.35462962962962963 0.026041666666666668 0.046296296296296294
4 0.4401041666666667 0.3527777777777778 0.026041666666666668 0.046296296296296294
4 0.46979166666666666 0.35555555555555557 0.026041666666666668 0.046296296296296294
4 0.540625 0.35185185185185186 0.026041666666666668 0.046296296296296294
4 0.37447916666666664 0.36574074074074076 0.026041666666666668 0.046296296296296294
4 0.39427083333333335 0.36574074074074076 0.026041666666666668 0.046296296296296294
4 0.44895833333333335 0.3611111111111111 0.026041666666666668 0.046296296296296294
4 0.46197916666666666 0.3648148148148148 0.026041666666666668 0.046296296296296294
4 0.4791666666666667 0.3638888888888889 0.026041666666666668 0.046296296296296294
4 0.5192708333333333 0.36574074074074076 0.026041666666666668 0.046296296296296294
2 0.21666666666666667 0.37777777777777777 0.026041666666666668 0.046296296296296294
4 0.4119791666666667 0.3787037037037037 0.026041666666666668 0.046296296296296294
4 0.46145833333333336 0.3768518518518518 0.026041666666666668 0.046296296296296294
4 0.484375 0.3787037037037037 0.026041666666666668 0.046296296296296294
4 0.42916666666666664 0.39444444444444443 0.026041666666666668 0.046296296296296294
4 0.5166666666666667 0.3962962962962963 0.026041666666666668 0.046296296296296294
4 0.5427083333333333 0.39166666666666666 0.026041666666666668 0.046296296296296294
4 0.6619791666666667 0.39444444444444443 0.026041666666666668 0.046296296296296294
3 0.6994791666666667 0.39351851851851855 0.026041666666666668 0.046296296296296294
4 0.4088541666666667 0.40370370370370373 0.026041666666666668 0.046296296296296294
2 0.17447916666666666 0.4101851851851852 0.026041666666666668 0.046296296296296294
2 0.20364583333333333 0.4111111111111111 0.026041666666666668 0.046296296296296294
4 0.38177083333333334 0.40925925925925927 0.026041666666666668 0.046296296296296294
4 0.3854166666666667 0.4101851851851852 0.026041666666666668 0.046296296296296294
4 0.4 0.4101851851851852 0.026041666666666668 0.046296296296296294
3 0.7041666666666667 0.4101851851851852 0.026041666666666668 0.046296296296296294
4 0.5171875 0.42407407407407405 0.026041666666666668 0.046296296296296294
4 0.665625 0.42685185185185187 0.026041666666666668 0.046296296296296294
3 0.6864583333333333 0.42407407407407405 0.026041666666666668 0.046296296296296294
4 0.4270833333333333 0.43333333333333335 0.026041666666666668 0.046296296296296294
4 0.4588541666666667 0.43333333333333335 0.026041666666666668 0.046296296296296294
4 0.4661458333333333 0.4351851851851852 0.026041666666666668 0.046296296296296294
4 0.4979166666666667 0.4324074074074074 0.026041666666666668 0.046296296296296294
3 0.6958333333333333 0.4324074074074074 0.026041666666666668 0.046296296296296294
4 0.4161458333333333 0.4388888888888889 0.026041666666666668 0.046296296296296294
4 0.5208333333333334 0.44166666666666665 0.026041666666666668 0.046296296296296294
3 0.675 0.4425925925925926 0.026041666666666668 0.046296296296296294
3 0.6822916666666666 0.44166666666666665 0.026041666666666668 0.046296296296296294
3 0.6682291666666667 0.44907407407407407 0.026041666666666668 0.046296296296296294
3 0.6916666666666667 0.45 0.026041666666666668 0.046296296296296294
4 0.37864583333333335 0.4583333333333333 0.026041666666666668 0.046296296296296294
4 0.4869791666666667 0.4648148148148148 0.026041666666666668 0.046296296296296294
4 0.6619791666666667 0.4648148148148148 0.026041666666666668 0.046296296296296294
4 0.39114583333333336 0.4722222222222222 0.026041666666666668 0.046296296296296294
4 0.43125 0.47129629629629627 0.026041666666666668 0.046296296296296294
4 0.4739583333333333 0.4740740740740741 0.026041666666666668 0.046296296296296294
3 0.675 0.47314814814814815 0.026041666666666668 0.046296296296296294
4 0.45416666666666666 0.4888888888888889 0.026041666666666668 0.046296296296296294
4 0.6578125 0.487962962962963 0.026041666666666668 0.046296296296296294
3 0.66875 0.4898148148148148 0.026041666666666668 0.046296296296296294
4 0.38958333333333334 0.49074074074074076 0.026041666666666668 0.046296296296296294
4 0.44583333333333336 0.49722222222222223 0.026041666666666668 0.046296296296296294
4 0.49375 0.4962962962962963 0.026041666666666668 0.046296296296296294
4 0.628125 0.4962962962962963 0.026041666666666668 0.046296296296296294
4 0.6453125 0.5064814814814815 0.026041666666666668 0.046296296296296294
4 0.45729166666666665 0.5111111111111111 0.026041666666666668 0.046296296296296294
4 0.46927083333333336 0.5111111111111111 0.026041666666666668 0.046296296296296294
3 0.7119791666666667 0.5111111111111111 0.026041666666666668 0.046296296296296294
4 0.4875 0.5222222222222223 0.026041666666666668 0.046296296296296294
4 0.6161458333333333 0.5194444444444445 0.026041666666666668 0.046296296296296294
4 0.6338541666666667 0.5194444444444445 0.026041666666666668 0.046296296296296294
3 0.6958333333333333 0.5194444444444445 0.026041666666666668 0.046296296296296294
4 0.4588541666666667 0.5268518518518519 0.026041666666666668 0.046296296296296294
3 0.66875 0.5259259259259259 0.026041666666666668 0.046296296296296294
4 0.5953125 0.5324074074074074 0.026041666666666668 0.046296296296296294
3 0.7208333333333333 0.5361111111111111 0.026041666666666668 0.046296296296296294
4 0.44479166666666664 0.5435185185185185 0.026041666666666668 0.046296296296296294
4 0.46145833333333336 0.5398148148148149 0.026041666666666668 0.046296296296296294
4 0.40625 0.5509259259259259 0.026041666666666668 0.046296296296296294
4 0.4390625 0.5583333333333333 0.026041666666666668 0.046296296296296294
4 0.6666666666666666 0.5583333333333333 0.026041666666666668 0.046296296296296294
4 0.41875 0.5638888888888889 0.026041666666666668 0.046296296296296294
4 0.5171875 0.5648148148148148 0.026041666666666668 0.046296296296296294
3 0.7609375 0.5703703703703704 0.026041666666666668 0.046296296296296294
4 0.5869791666666667 0.5898148148148148 0.026041666666666668 0.046296296296296294
4 0.6401041666666667 0.5879629629629629 0.026041666666666668 0.046296296296296294
4 0.6234375 0.5972222222222222 0.026041666666666668 0.046296296296296294
4 0.5458333333333333 0.6037037037037037 0.026041666666666668 0.046296296296296294
4 0.5651041666666666 0.6037037037037037 0.026041666666666668 0.046296296296296294
4 0.6666666666666666 0.6037037037037037 0.026041666666666668 0.046296296296296294
3 0.6869791666666667 0.6148148148148148 0.026041666666666668 0.046296296296296294
3 0.7166666666666667 0.6203703703703703 0.026041666666666668 0.046296296296296294
4 0.6078125 0.6268518518518519 0.026041666666666668 0.046296296296296294
4 0.415625 0.6444444444444445 0.026041666666666668 0.046296296296296294
4 0.5703125 0.6574074074074074 0.026041666666666668 0.046296296296296294
4 0.6182291666666667 0.6537037037037037 0.026041666666666668 0.046296296296296294
4 0.5213541666666667 0.6574074074074074 0.026041666666666668 0.046296296296296294
1 0.55 0.6796296296296296 0.026041666666666668 0.046296296296296294
1 0.6166666666666667 0.7148148148148148 0.026041666666666668 0.046296296296296294
1 0.7776041666666667 0.7203703703703703 0.026041666666666668 0.046296296296296294
1 0.6625 0.7305555555555555 0.026041666666666668 0.046296296296296294
1 0.8895833333333333 0.7194444444444444 0.026041666666666668 0.046296296296296294
1 0.496875 0.7314814814814815 0.026041666666666668 0.046296296296296294
1 0.58125 0.7583333333333333 0.026041666666666668 0.046296296296296294
1 0.8348958333333333 0.7611111111111111 0.026041666666666668 0.046296296296296294
1 0.6953125 0.7768518518518519 0.026041666666666668 0.046296296296296294
1 0.9828125 0.774074074074074 0.026041666666666668 0.046296296296296294
1 0.7541666666666667 0.8064814814814815 0.026041666666666668 0.046296296296296294
1 0.8296875 0.8240740740740741 0.026041666666666668 0.046296296296296294
1 0.865625 0.8287037037037037 0.026041666666666668 0.046296296296296294
1 0.246875 0.8472222222222222 0.026041666666666668 0.046296296296296294
1 0.7911458333333333 0.850925925925926 0.026041666666666668 0.046296296296296294
1 0.8328125 0.8685185185185185 0.026041666666666668 0.046296296296296294
1 0.3098958333333333 0.8666666666666667 0.026041666666666668 0.046296296296296294
1 0.4588541666666667 0.8898148148148148 0.026041666666666668 0.046296296296296294
1 0.39947916666666666 0.8935185185185185 0.026041666666666668 0.046296296296296294
1 0.9119791666666667 0.9175925925925926 0.026041666666666668 0.046296296296296294
1 0.32864583333333336 0.9425925925925925 0.026041666666666668 0.046296296296296294
1 0.9651041666666667 0.9444444444444444 0.026041666666666668 0.046296296296296294
1 0.9385416666666667 0.950925925925926 0.026041666666666668 0.046296296296296294
1 0.6286458333333333 0.9657407407407408 0.026041666666666668 0.046296296296296294
1 0.5239583333333333 0.9861111111111112 0.026041666666666668 0.046296296296296294
2 0.23020833333333332 0.6425925925925926 0.026041666666666668 0.046296296296296294
1 0.5104166666666666 0.7777777777777778 0.026041666666666668 0.046296296296296294
3 0.7666666666666667 0.5888888888888889 0.026041666666666668 0.046296296296296294
3 0.7583333333333333 0.6333333333333333 0.026041666666666668 0.046296296296296294
1 0.7770833333333333 0.6777777777777778 0.026041666666666668 0.046296296296296294
4 0.51875 0.5851851851851851 0.026041666666666668 0.046296296296296294
4 0.6104166666666667 0.5425925925925926 0.026041666666666668 0.046296296296296294
3 0.7385416666666667 0.5666666666666667 0.026041666666666668 0.046296296296296294
3 0.7125 0.5518518518518518 0.026041666666666668 0.046296296296296294
