0 0.4708333333333333 0.09537037037037037 0.026041666666666668 0.046296296296296294
0 0.475 0.09722222222222222 0.026041666666666668 0.046296296296296294
0 0.4791666666666667 0.09907407407407408 0.026041666666666668 0.046296296296296294
0 0.4869791666666667 0.10462962962962963 0.026041666666666668 0.046296296296296294
0 0.46979166666666666 0.11388888888888889 0.026041666666666668 0.046296296296296294
0 0.48385416666666664 0.12314814814814815 0.026041666666666668 0.046296296296296294
0 0.4921875 0.12129629629629629 0.026041666666666668 0.046296296296296294
0 0.4708333333333333 0.12962962962962962 0.026041666666666668 0.046296296296296294
0 0.47760416666666666 0.13055555555555556 0.026041666666666668 0.046296296296296294
0 0.43854166666666666 0.13240740740740742 0.026041666666666668 0.046296296296296294
0 0.44947916666666665 0.13333333333333333 0.026041666666666668 0.046296296296296294
0 0.4546875 0.13333333333333333 0.026041666666666668 0.046296296296296294
0 0.4625 0.13796296296296295 0.026041666666666668 0.046296296296296294
0 0.4869791666666667 0.13796296296296295 0.026041666666666668 0.046296296296296294
0 0.44635416666666666 0.14629629629629629 0.026041666666666668 0.046296296296296294
0 0.471875 0.14444444444444443 0.026041666666666668 0.046296296296296294
0 0.4625 0.1527777777777778 0.026041666666666668 0.046296296296296294
0 0.44583333333333336 0.1712962962962963 0.026041666666666668 0.046296296296296294
0 0.43333333333333335 0.175 0.026041666666666668 0.046296296296296294
0 0.5005208333333333 0.17314814814814813 0.026041666666666668 0.046296296296296294
0 0.5130208333333334 0.18333333333333332 0.026041666666666668 0.046296296296296294
0 0.5010416666666667 0.18888888888888888 0.026041666666666668 0.046296296296296294
0 0.5088541666666667 0.20092592592592592 0.026041666666666668 0.046296296296296294
0 0.44583333333333336 0.20555555555555555 0.026041666666666668 0.046296296296296294
0 0.4588541666666667 0.20555555555555555 0.026041666666666668 0.046296296296296294
0 0.4203125 0.21203703703703702 0.026041666666666668 0.046296296296296294
0 0.4625 0.22685185185185186 0.026041666666666668 0.046296296296296294
0 0.47760416666666666 0.22592592592592592 0.026041666666666668 0.046296296296296294
0 0.43333333333333335 0.2388888888888889 0.026041666666666668 0.046296296296296294
0 0.4661458333333333 0.2351851851851852 0.026041666666666668 0.046296296296296294
0 0.5036458333333333 0.23796296296296296 0.026041666666666668 0.046296296296296294
0 0.4270833333333333 0.2462962962962963 0.026041666666666668 0.046296296296296294
0 0.49166666666666664 0.24537037037037038 0.026041666666666668 0.046296296296296294
0 0.5083333333333333 0.2462962962962963 0.026041666666666668 0.046296296296296294
0 0.5151041666666667 0.24814814814814815 0.026041666666666668 0.046296296296296294
0 0.453125 0.25555555555555554 0.026041666666666668 0.046296296296296294
0 0.5026041666666666 0.2518518518518518 0.026041666666666668 0.046296296296296294
0 0.43645833333333334 0.2611111111111111 0.026041666666666668 0.046296296296296294
0 0.48333333333333334 0.262037037037037 0.026041666666666668 0.046296296296296294
0 0.4984375 0.2657407407407407 0.026041666666666668 0.046296296296296294
0 0.5145833333333333 0.2601851851851852 0.026041666666666668 0.046296296296296294
0 0.5072916666666667 0.26944444444444443 0.026041666666666668 0.046296296296296294
0 0.5484375 0.2675925925925926 0.026041666666666668 0.046296296296296294
0 0.4453125 0.27685185185185185 0.026041666666666668 0.046296296296296294
0 0.47760416666666666 0.27685185185185185 0.026041666666666668 0.046296296296296294
0 0.4817708333333333 0.275 0.026041666666666668 0.046296296296296294
0 0.5416666666666666 0.2759259259259259 0.026041666666666668 0.046296296296296294
0 0.4947916666666667 0.28425925925925927 0.026041666666666668 0.046296296296296294
0 0.5057291666666667 0.2861111111111111 0.026041666666666668 0.046296296296296294
0 0.5286458333333334 0.28425925925925927 0.026041666666666668 0.046296296296296294
0 0.41510416666666666 0.2898148148148148 0.026041666666666668 0.046296296296296294
0 0.4270833333333333 0.2935185185185185 0.026041666666666668 0.046296296296296294
0 0.4484375 0.30092592592592593 0.026041666666666668 0.046296296296296294
0 0.5072916666666667 0.30092592592592593 0.026041666666666668 0.046296296296296294
0 0.515625 0.30185185185185187 0.026041666666666668 0.046296296296296294
0 0.4578125 0.3101851851851852 0.026041666666666668 0.046296296296296294
0 0.49895833333333334 0.30925925925925923 0.026041666666666668 0.046296296296296294
0 0.48333333333333334 0.31574074074074077 0.026041666666666668 0.046296296296296294
0 0.7072916666666667 0.3111111111111111 0.026041666666666668 0.046296296296296294
0 0.5125 0.32407407407407407 0.026041666666666668 0.046296296296296294
0 0.5197916666666667 0.325 0.026041666666666668 0.046296296296296294
0 0.44635416666666666 0.3314814814814815 0.026041666666666668 0.046296296296296294
4 0.5364583333333334 0.3333333333333333 0.026041666666666668 0.046296296296296294
4 0.4625 0.3416666666666667 0.026041666666666668 0.046296296296296294
4 0.5140625 0.3592592592592593 0.026041666666666668 0.046296296296296294
4 0.41354166666666664 0.3611111111111111 0.026041666666666668 0.046296296296296294
4 0.45416666666666666 0.37037037037037035 0.026041666666666668 0.046296296296296294
4 0.5151041666666667 0.37037037037037035 0.026041666666666668 0.046296296296296294
2 0.21614583333333334 0.3768518518518518 0.026041666666666668 0.046296296296296294
2 0.19635416666666666 0.3824074074074074 0.026041666666666668 0.046296296296296294
4 0.4984375 0.387037037037037 0.026041666666666668 0.046296296296296294
4 0.5197916666666667 0.3861111111111111 0.026041666666666668 0.046296296296296294
4 0.425 0.3888888888888889 0.026041666666666668 0.046296296296296294
4 0.4421875 0.39537037037037037 0.026041666666666668 0.046296296296296294
4 0.6630208333333333 0.4046296296296296 0.026041666666666668 0.046296296296296294
4 0.5161458333333333 0.41203703703703703 0.026041666666666668 0.046296296296296294
3 0.7036458333333333 0.4064814814814815 0.026041666666666668 0.046296296296296294
2 0.203125 0.41574074074074074 0.026041666666666668 0.046296296296296294
4 0.45 0.41574074074074074 0.026041666666666668 0.046296296296296294
4 0.6505208333333333 0.4148148148148148 0.026041666666666668 0.046296296296296294
2 0.1828125 0.42407407407407405 0.026041666666666668 0.046296296296296294
4 0.5083333333333333 0.42777777777777776 0.026041666666666668 0.046296296296296294
4 0.5286458333333334 0.425 0.026041666666666668 0.046296296296296294
4 0.6619791666666667 0.42407407407407405 0.026041666666666668 0.046296296296296294
4 0.4671875 0.4324074074074074 0.026041666666666668 0.046296296296296294
3 0.6869791666666667 0.42962962962962964 0.026041666666666668 0.046296296296296294
4 0.4114583333333333 0.4388888888888889 0.026041666666666668 0.046296296296296294
4 0.6541666666666667 0.4425925925925926 0.026041666666666668 0.046296296296296294
3 0.6734375 0.43796296296296294 0.026041666666666668 0.046296296296296294
4 0.5125 0.45 0.026041666666666668 0.046296296296296294
3 0.6859375 0.44722222222222224 0.026041666666666668 0.046296296296296294
4 0.5052083333333334 0.4583333333333333 0.026041666666666668 0.046296296296296294
4 0.6625 0.4638888888888889 0.026041666666666668 0.046296296296296294
4 0.39114583333333336 0.46944444444444444 0.026041666666666668 0.046296296296296294
3 0.6734375 0.4722222222222222 0.026041666666666668 0.046296296296296294
4 0.4234375 0.4787037037037037 0.026041666666666668 0.046296296296296294
4 0.6546875 0.48333333333333334 0.026041666666666668 0.046296296296296294
4 0.646875 0.48703703703703705 0.026041666666666668 0.046296296296296294
4 0.5041666666666667 0.49537037037037035 0.026041666666666668 0.046296296296296294
4 0.628125 0.4962962962962963 0.026041666666666668 0.046296296296296294
4 0.45729166666666665 0.5037037037037037 0.026041666666666668 0.046296296296296294
3 0.6776041666666667 0.5027777777777778 0.026041666666666668 0.046296296296296294
4 0.6208333333333333 0.512962962962963 0.026041666666666668 0.046296296296296294
3 0.6901041666666666 0.5185185185185185 0.026041666666666668 0.046296296296296294
3 0.7583333333333333 0.5185185185185185 0.026041666666666668 0.046296296296296294
3 0.6692708333333334 0.5287037037037037 0.026041666666666668 0.046296296296296294
3 0.7161458333333334 0.5268518518518519 0.026041666666666668 0.046296296296296294
4 0.5083333333333333 0.5324074074074074 0.026041666666666668 0.046296296296296294
4 0.59375 0.5314814814814814 0.026041666666666668 0.046296296296296294
4 0.615625 0.5342592592592592 0.026041666666666668 0.046296296296296294
4 0.384375 0.5435185185185185 0.026041666666666668 0.046296296296296294
3 0.7369791666666666 0.5592592592592592 0.026041666666666668 0.046296296296296294
4 0.4979166666666667 0.562037037037037 0.026041666666666668 0.046296296296296294
4 0.4484375 0.5685185185185185 0.026041666666666668 0.046296296296296294
4 0.4244791666666667 0.5787037037037037 0.026041666666666668 0.046296296296296294
4 0.390625 0.5861111111111111 0.026041666666666668 0.046296296296296294
4 0.6 0.5898148148148148 0.026041666666666668 0.046296296296296294
3 0.7375 0.5879629629629629 0.026041666666666668 0.046296296296296294
3 0.7197916666666667 0.5944444444444444 0.026041666666666668 0.046296296296296294
4 0.5619791666666667 0.6287037037037037 0.026041666666666668 0.046296296296296294
1 0.775 0.6675925925925926 0.026041666666666668 0.046296296296296294
1 0.5177083333333333 0.6703703703703704 0.026041666666666668 0.046296296296296294
4 0.5572916666666666 0.6666666666666666 0.026041666666666668 0.046296296296296294
1 0.5401041666666667 0.6824074074074075 0.026041666666666668 0.046296296296296294
1 0.20260416666666667 0.6972222222222222 0.026041666666666668 0.046296296296296294
1 0.7786458333333334 0.7166666666666667 0.026041666666666668 0.046296296296296294
1 0.565625 0.7472222222222222 0.026041666666666668 0.046296296296296294
1 0.5375 0.7537037037037037 0.026041666666666668 0.046296296296296294
1 0.8223958333333333 0.7518518518518519 0.026041666666666668 0.046296296296296294
1 0.884375 0.75 0.026041666666666668 0.046296296296296294
1 0.9541666666666667 0.7685185185185185 0.026041666666666668 0.046296296296296294
1 0.6098958333333333 0.7925925925925926 0.026041666666666668 0.046296296296296294
1 0.3078125 0.8046296296296296 0.026041666666666668 0.046296296296296294
1 0.4875 0.8305555555555556 0.026041666666666668 0.046296296296296294
1 0.5359375 0.8222222222222222 0.026041666666666668 0.046296296296296294
1 0.8625 0.825925925925926 0.026041666666666668 0.046296296296296294
1 0.828125 0.8398148148148148 0.026041666666666668 0.046296296296296294
1 0.15833333333333333 0.8444444444444444 0.026041666666666668 0.046296296296296294
1 0.7947916666666667 0.8425925925925926 0.026041666666666668 0.046296296296296294
1 0.4625 0.8759259259259259 0.026041666666666668 0.046296296296296294
1 0.6307291666666667 0.8805555555555555 0.026041666666666668 0.046296296296296294
1 0.8859375 0.9018518518518519 0.026041666666666668 0.046296296296296294
1 0.96875 0.9435185185185185 0.026041666666666668 0.046296296296296294
1 0.9161458333333333 0.9527777777777777 0.026041666666666668 0.046296296296296294
1 0.65625 0.9740740740740741 0.026041666666666668 0.046296296296296294
1 0.940625 0.987037037037037 0.026041666666666668 0.046296296296296294
1 0.9947916666666666 0.9944444444444445 0.026041666666666668 0.046296296296296294
1 0.07291666666666667 0.8796296296296297 0.026041666666666668 0.046296296296296294
1 0.1875 0.8388888888888889 0.026041666666666668 0.046296296296296294
1 0.20729166666666668 0.7870370370370371 0.026041666666666668 0.046296296296296294
1 0.178125 0.7277777777777777 0.026041666666666668 0.046296296296296294
1 0.346875 0.7518518518518519 0.026041666666666668 0.046296296296296294
1 0.428125 0.8925925925925926 0.026041666666666668 0.046296296296296294
1 0.5416666666666666 0.912962962962963 0.026041666666666668 0.046296296296296294
1 0.7447916666666666 0.8074074074074075 0.026041666666666668 0.046296296296296294
1 0.7375 0.6925925925925925 0.026041666666666668 0.046296296296296294
1 0.690625 0.6722222222222223 0.026041666666666668 0.046296296296296294
3 0.6677083333333333 0.662962962962963 0.026041666666666668 0.046296296296296294
4 0.640625 0.6425925925925926 0.026041666666666668 0.046296296296296294
4 0.6166666666666667 0.575925925925926 0.026041666666666668 0.046296296296296294
4 0.6041666666666666 0.6111111111111112 0.026041666666666668 0.046296296296296294
4 0.6197916666666666 0.5944444444444444 0.026041666666666668 0.046296296296296294
4 0.5875 0.6388888888888888 0.026041666666666668 0.046296296296296294
4 0.5197916666666667 0.6092592592592593 0.026041666666666668 0.046296296296296294
4 0.553125 0.47962962962962963 0.026041666666666668 0.046296296296296294
4 0.3770833333333333 0.5 0.026041666666666668 0.046296296296296294
1 0.8322916666666667 0.8629629629629629 0.026041666666666668 0.046296296296296294
3 0.765625 0.5796296296296296 0.026041666666666668 0.046296296296296294
3 0.703125 0.5944444444444444 0.026041666666666668 0.046296296296296294
0 0.6885416666666667 0.2962962962962963 0.026041666666666668 0.046296296296296294
4 0.5270833333333333 0.575925925925926 0.026041666666666668 0.046296296296296294
4 0.3885416666666667 0.6518518518518519 0.026041666666666668 0.046296296296296294
4 0.546875 0.37962962962962965 0.026041666666666668 0.046296296296296294
4 0.646875 0.5574074074074075 0.026041666666666668 0.046296296296296294
