0 0.4744791666666667 0.09907407407407408 0.026041666666666668 0.046296296296296294
0 0.4828125 0.10555555555555556 0.026041666666666668 0.046296296296296294
0 0.44427083333333334 0.125 0.026041666666666668 0.046296296296296294
0 0.4583333333333333 0.1259259259259259 0.026041666666666668 0.046296296296296294
0 0.4703125 0.12962962962962962 0.026041666666666668 0.046296296296296294
0 0.4786458333333333 0.1287037037037037 0.026041666666666668 0.046296296296296294
0 0.4890625 0.1287037037037037 0.026041666666666668 0.046296296296296294
0 0.4947916666666667 0.13055555555555556 0.026041666666666668 0.046296296296296294
0 0.440625 0.13703703703703704 0.026041666666666668 0.046296296296296294
0 0.42916666666666664 0.14074074074074075 0.026041666666666668 0.046296296296296294
0 0.453125 0.14351851851851852 0.026041666666666668 0.046296296296296294
0 0.46197916666666666 0.14444444444444443 0.026041666666666668 0.046296296296296294
0 0.4739583333333333 0.14629629629629629 0.026041666666666668 0.046296296296296294
0 0.49114583333333334 0.14351851851851852 0.026041666666666668 0.046296296296296294
0 0.49895833333333334 0.14537037037037037 0.026041666666666668 0.046296296296296294
0 0.43385416666666665 0.1537037037037037 0.026041666666666668 0.046296296296296294
0 0.440625 0.15185185185185185 0.026041666666666668 0.046296296296296294
0 0.4671875 0.15925925925925927 0.026041666666666668 0.046296296296296294
0 0.4828125 0.15925925925925927 0.026041666666666668 0.046296296296296294
0 0.4901041666666667 0.16018518518518518 0.026041666666666668 0.046296296296296294
0 0.49583333333333335 0.1675925925925926 0.026041666666666668 0.046296296296296294
0 0.515625 0.17222222222222222 0.026041666666666668 0.046296296296296294
0 0.5036458333333333 0.17407407407407408 0.026041666666666668 0.046296296296296294
0 0.5083333333333333 0.17685185185185184 0.026041666666666668 0.046296296296296294
0 0.5083333333333333 0.19166666666666668 0.026041666666666668 0.046296296296296294
0 0.4625 0.20833333333333334 0.026041666666666668 0.046296296296296294
0 0.4864583333333333 0.2111111111111111 0.026041666666666668 0.046296296296296294
0 0.48072916666666665 0.22870370370370371 0.026041666666666668 0.046296296296296294
0 0.45625 0.23703703703703705 0.026041666666666668 0.046296296296296294
0 0.490625 0.23796296296296296 0.026041666666666668 0.046296296296296294
0 0.4161458333333333 0.24444444444444444 0.026041666666666668 0.046296296296296294
0 0.4317708333333333 0.24351851851851852 0.026041666666666668 0.046296296296296294
0 0.46927083333333336 0.2537037037037037 0.026041666666666668 0.046296296296296294
0 0.49635416666666665 0.25555555555555554 0.026041666666666668 0.046296296296296294
0 0.703125 0.2601851851851852 0.026041666666666668 0.046296296296296294
0 0.46927083333333336 0.26851851851851855 0.026041666666666668 0.046296296296296294
0 0.4953125 0.275 0.026041666666666668 0.046296296296296294
0 0.4265625 0.2833333333333333 0.026041666666666668 0.046296296296296294
0 0.4984375 0.2861111111111111 0.026041666666666668 0.046296296296296294
0 0.5161458333333333 0.2814814814814815 0.026041666666666668 0.046296296296296294
0 0.5265625 0.2824074074074074 0.026041666666666668 0.046296296296296294
0 0.5401041666666667 0.28703703703703703 0.026041666666666668 0.046296296296296294
0 0.4739583333333333 0.3 0.026041666666666668 0.046296296296296294
0 0.5072916666666667 0.3037037037037037 0.026041666666666668 0.046296296296296294
0 0.6541666666666667 0.3 0.026041666666666668 0.046296296296296294
0 0.4427083333333333 0.30648148148148147 0.026041666666666668 0.046296296296296294
0 0.4484375 0.3074074074074074 0.026041666666666668 0.046296296296296294
0 0.4953125 0.30925925925925923 0.026041666666666668 0.046296296296296294
0 0.5328125 0.3074074074074074 0.026041666666666668 0.046296296296296294
0 0.6953125 0.31666666666666665 0.026041666666666668 0.046296296296296294
0 0.42135416666666664 0.32407407407407407 0.026041666666666668 0.046296296296296294
0 0.4625 0.325 0.026041666666666668 0.046296296296296294
0 0.4744791666666667 0.32592592592592595 0.026041666666666668 0.046296296296296294
0 0.4171875 0.33240740740740743 0.026041666666666668 0.046296296296296294
0 0.4453125 0.3296296296296296 0.026041666666666668 0.046296296296296294
4 0.5119791666666667 0.33425925925925926 0.026041666666666668 0.046296296296296294
4 0.4557291666666667 0.3398148148148148 0.026041666666666668 0.046296296296296294
4 0.4041666666666667 0.3490740740740741 0.026041666666666668 0.046296296296296294
4 0.4192708333333333 0.3472222222222222 0.026041666666666668 0.046296296296296294
4 0.5114583333333333 0.34814814814814815 0.026041666666666668 0.046296296296296294
4 0.3875 0.35833333333333334 0.026041666666666668 0.046296296296296294
4 0.44583333333333336 0.3537037037037037 0.026041666666666668 0.046296296296296294
4 0.40260416666666665 0.3648148148148148 0.026041666666666668 0.046296296296296294
4 0.425 0.362962962962963 0.026041666666666668 0.046296296296296294
4 0.45416666666666666 0.3731481481481482 0.026041666666666668 0.046296296296296294
4 0.5072916666666667 0.3685185185185185 0.026041666666666668 0.046296296296296294
4 0.403125 0.37777777777777777 0.026041666666666668 0.046296296296296294
4 0.38229166666666664 0.3861111111111111 0.026041666666666668 0.046296296296296294
4 0.3984375 0.3907407407407407 0.026041666666666668 0.046296296296296294
4 0.4234375 0.3851851851851852 0.026041666666666668 0.046296296296296294
4 0.40729166666666666 0.40185185185185185 0.026041666666666668 0.046296296296296294
4 0.4197916666666667 0.40185185185185185 0.026041666666666668 0.046296296296296294
4 0.4317708333333333 0.4 0.026041666666666668 0.046296296296296294
4 0.44114583333333335 0.40370370370370373 0.026041666666666668 0.046296296296296294
4 0.65 0.4 0.026041666666666668 0.046296296296296294
2 0.21197916666666666 0.4064814814814815 0.026041666666666668 0.046296296296296294
4 0.390625 0.4111111111111111 0.026041666666666668 0.046296296296296294
4 0.4015625 0.41388888888888886 0.026041666666666668 0.046296296296296294
4 0.440625 0.4185185185185185 0.026041666666666668 0.046296296296296294
2 0.17135416666666667 0.42592592592592593 0.026041666666666668 0.046296296296296294
2 0.19166666666666668 0.4222222222222222 0.026041666666666668 0.046296296296296294
4 0.3828125 0.42592592592592593 0.026041666666666668 0.046296296296296294
4 0.42552083333333335 0.42685185185185187 0.026041666666666668 0.046296296296296294
3 0.6692708333333334 0.42314814814814816 0.026041666666666668 0.046296296296296294
4 0.39479166666666665 0.4324074074074074 0.026041666666666668 0.046296296296296294
4 0.4109375 0.4425925925925926 0.026041666666666668 0.046296296296296294
3 0.7072916666666667 0.4388888888888889 0.026041666666666668 0.046296296296296294
4 0.39166666666666666 0.44907407407407407 0.026041666666666668 0.046296296296296294
4 0.39895833333333336 0.4462962962962963 0.026041666666666668 0.046296296296296294
4 0.3796875 0.45740740740740743 0.026041666666666668 0.046296296296296294
4 0.40989583333333335 0.45555555555555555 0.026041666666666668 0.046296296296296294
3 0.6776041666666667 0.4564814814814815 0.026041666666666668 0.046296296296296294
4 0.3875 0.4666666666666667 0.026041666666666668 0.046296296296296294
4 0.5192708333333333 0.46296296296296297 0.026041666666666668 0.046296296296296294
4 0.39114583333333336 0.4759259259259259 0.026041666666666668 0.046296296296296294
4 0.4114583333333333 0.4703703703703704 0.026041666666666668 0.046296296296296294
3 0.6953125 0.47314814814814815 0.026041666666666668 0.046296296296296294
4 0.46041666666666664 0.48055555555555557 0.026041666666666668 0.046296296296296294
4 0.39010416666666664 0.4888888888888889 0.026041666666666668 0.046296296296296294
4 0.49895833333333334 0.487962962962963 0.026041666666666668 0.046296296296296294
4 0.6286458333333333 0.487962962962963 0.026041666666666668 0.046296296296296294
4 0.5328125 0.4962962962962963 0.026041666666666668 0.046296296296296294
4 0.6010416666666667 0.4962962962962963 0.026041666666666668 0.046296296296296294
4 0.6057291666666667 0.49722222222222223 0.026041666666666668 0.046296296296296294
4 0.6119791666666666 0.4935185185185185 0.026041666666666668 0.046296296296296294
3 0.6833333333333333 0.49537037037037035 0.026041666666666668 0.046296296296296294
4 0.39895833333333336 0.5027777777777778 0.026041666666666668 0.046296296296296294
4 0.5276041666666667 0.5037037037037037 0.026041666666666668 0.046296296296296294
4 0.628125 0.5 0.026041666666666668 0.046296296296296294
3 0.703125 0.5027777777777778 0.026041666666666668 0.046296296296296294
4 0.3854166666666667 0.5120370370370371 0.026041666666666668 0.046296296296296294
3 0.753125 0.5120370370370371 0.026041666666666668 0.046296296296296294
4 0.45677083333333335 0.5194444444444445 0.026041666666666668 0.046296296296296294
4 0.428125 0.5259259259259259 0.026041666666666668 0.046296296296296294
4 0.6630208333333333 0.5222222222222223 0.026041666666666668 0.046296296296296294
4 0.5291666666666667 0.5324074074074074 0.026041666666666668 0.046296296296296294
3 0.7239583333333334 0.5351851851851852 0.026041666666666668 0.046296296296296294
4 0.5385416666666667 0.5398148148148149 0.026041666666666668 0.046296296296296294
4 0.5614583333333333 0.5407407407407407 0.026041666666666668 0.046296296296296294
4 0.5822916666666667 0.5351851851851852 0.026041666666666668 0.046296296296296294
4 0.6119791666666666 0.5518518518518518 0.026041666666666668 0.046296296296296294
4 0.6114583333333333 0.5740740740740741 0.026041666666666668 0.046296296296296294
3 0.7322916666666667 0.5712962962962963 0.026041666666666668 0.046296296296296294
3 0.7651041666666667 0.5796296296296296 0.026041666666666668 0.046296296296296294
4 0.540625 0.5907407407407408 0.026041666666666668 0.046296296296296294
4 0.5322916666666667 0.6027777777777777 0.026041666666666668 0.046296296296296294
4 0.6203125 0.6259259259259259 0.026041666666666668 0.046296296296296294
3 0.7463541666666667 0.6324074074074074 0.026041666666666668 0.046296296296296294
4 0.63125 0.6388888888888888 0.026041666666666668 0.046296296296296294
3 0.7161458333333334 0.649074074074074 0.026041666666666668 0.046296296296296294
1 0.19895833333333332 0.6694444444444444 0.026041666666666668 0.046296296296296294
1 0.6739583333333333 0.6805555555555556 0.026041666666666668 0.046296296296296294
1 0.7614583333333333 0.6787037037037037 0.026041666666666668 0.046296296296296294
1 0.5057291666666667 0.7231481481481481 0.026041666666666668 0.046296296296296294
1 0.5505208333333333 0.7277777777777777 0.026041666666666668 0.046296296296296294
1 0.88125 0.7462962962962963 0.026041666666666668 0.046296296296296294
1 0.596875 0.7898148148148149 0.026041666666666668 0.046296296296296294
1 0.6197916666666666 0.8 0.026041666666666668 0.046296296296296294
1 0.6645833333333333 0.8361111111111111 0.026041666666666668 0.046296296296296294
1 0.8255208333333334 0.8407407407407408 0.026041666666666668 0.046296296296296294
1 0.978125 0.8462962962962963 0.026041666666666668 0.046296296296296294
1 0.8229166666666666 0.9185185185185185 0.026041666666666668 0.046296296296296294
1 0.9796875 0.937962962962963 0.026041666666666668 0.046296296296296294
1 0.7890625 0.9953703703703703 0.026041666666666668 0.046296296296296294
1 0.890625 0.7981481481481482 0.026041666666666668 0.046296296296296294
1 0.9947916666666666 0.8648148148148148 0.026041666666666668 0.046296296296296294
1 0.7572916666666667 0.8018518518518518 0.026041666666666668 0.046296296296296294
4 0.475 0.575925925925926 0.026041666666666668 0.046296296296296294
4 0.4125 0.5555555555555556 0.026041666666666668 0.046296296296296294
4 0.38958333333333334 0.5518518518518518 0.026041666666666668 0.046296296296296294
2 0.190625 0.4074074074074074 0.026041666666666668 0.046296296296296294
2 0.17916666666666667 0.4111111111111111 0.026041666666666668 0.046296296296296294
4 0.5197916666666667 0.4166666666666667 0.026041666666666668 0.046296296296296294
