0 0.47552083333333334 0.08518518518518518 0.026041666666666668 0.046296296296296294
0 0.484375 0.10555555555555556 0.026041666666666668 0.046296296296296294
0 0.4875 0.12314814814814815 0.026041666666666668 0.046296296296296294
0 0.4796875 0.1287037037037037 0.026041666666666668 0.046296296296296294
0 0.4552083333333333 0.13333333333333333 0.026041666666666668 0.046296296296296294
0 0.46145833333333336 0.1361111111111111 0.026041666666666668 0.046296296296296294
0 0.4703125 0.1361111111111111 0.026041666666666668 0.046296296296296294
0 0.49166666666666664 0.13796296296296295 0.026041666666666668 0.046296296296296294
0 0.440625 0.1425925925925926 0.026041666666666668 0.046296296296296294
0 0.4744791666666667 0.14814814814814814 0.026041666666666668 0.046296296296296294
0 0.43697916666666664 0.15462962962962962 0.026041666666666668 0.046296296296296294
0 0.4828125 0.15555555555555556 0.026041666666666668 0.046296296296296294
0 0.4744791666666667 0.16018518518518518 0.026041666666666668 0.046296296296296294
0 0.4453125 0.17037037037037037 0.026041666666666668 0.046296296296296294
0 0.4328125 0.17314814814814813 0.026041666666666668 0.046296296296296294
0 0.4984375 0.17314814814814813 0.026041666666666668 0.046296296296296294
0 0.49114583333333334 0.18333333333333332 0.026041666666666668 0.046296296296296294
0 0.5098958333333333 0.1824074074074074 0.026041666666666668 0.046296296296296294
0 0.5010416666666667 0.18703703703703703 0.026041666666666668 0.046296296296296294
0 0.4661458333333333 0.19814814814814816 0.026041666666666668 0.046296296296296294
0 0.478125 0.2 0.026041666666666668 0.046296296296296294
0 0.4744791666666667 0.22685185185185186 0.026041666666666668 0.046296296296296294
0 0.5072916666666667 0.22777777777777777 0.026041666666666668 0.046296296296296294
0 0.4328125 0.2388888888888889 0.026041666666666668 0.046296296296296294
0 0.43802083333333336 0.25462962962962965 0.026041666666666668 0.046296296296296294
0 0.4661458333333333 0.2537037037037037 0.026041666666666668 0.046296296296296294
0 0.47760416666666666 0.2601851851851852 0.026041666666666668 0.046296296296296294
0 0.4901041666666667 0.25833333333333336 0.026041666666666668 0.046296296296296294
0 0.5078125 0.2574074074074074 0.026041666666666668 0.046296296296296294
0 0.4359375 0.26944444444444443 0.026041666666666668 0.046296296296296294
0 0.5 0.27037037037037037 0.026041666666666668 0.046296296296296294
0 0.4661458333333333 0.27685185185185185 0.026041666666666668 0.046296296296296294
0 0.5453125 0.2777777777777778 0.026041666666666668 0.046296296296296294
0 0.453125 0.2833333333333333 0.026041666666666668 0.046296296296296294
0 0.478125 0.2851851851851852 0.026041666666666668 0.046296296296296294
0 0.49114583333333334 0.28425925925925927 0.026041666666666668 0.046296296296296294
0 0.4973958333333333 0.2861111111111111 0.026041666666666668 0.046296296296296294
0 0.415625 0.29259259259259257 0.026041666666666668 0.046296296296296294
0 0.6869791666666667 0.29259259259259257 0.026041666666666668 0.046296296296296294
0 0.43645833333333334 0.3 0.026041666666666668 0.046296296296296294
0 0.5067708333333333 0.29907407407407405 0.026041666666666668 0.046296296296296294
0 0.46927083333333336 0.30925925925925923 0.026041666666666668 0.046296296296296294
0 0.4875 0.3074074074074074 0.026041666666666668 0.046296296296296294
0 0.49947916666666664 0.30648148148148147 0.026041666666666668 0.046296296296296294
0 0.4166666666666667 0.3138888888888889 0.026041666666666668 0.046296296296296294
0 0.428125 0.31851851851851853 0.026041666666666668 0.046296296296296294
0 0.4484375 0.3175925925925926 0.026041666666666668 0.046296296296296294
0 0.4609375 0.31666666666666665 0.026041666666666668 0.046296296296296294
0 0.7036458333333333 0.31574074074074077 0.026041666666666668 0.046296296296296294
0 0.48072916666666665 0.32592592592592595 0.026041666666666668 0.046296296296296294
0 0.5119791666666667 0.32222222222222224 0.026041666666666668 0.046296296296296294
0 0.43645833333333334 0.3296296296296296 0.026041666666666668 0.046296296296296294
0 0.503125 0.3314814814814815 0.026041666666666668 0.046296296296296294
4 0.4239583333333333 0.337037037037037 0.026041666666666668 0.046296296296296294
4 0.44947916666666665 0.337037037037037 0.026041666666666668 0.046296296296296294
4 0.5291666666666667 0.34074074074074073 0.026041666666666668 0.046296296296296294
4 0.43645833333333334 0.3435185185185185 0.026041666666666668 0.046296296296296294
4 0.4515625 0.3472222222222222 0.026041666666666668 0.046296296296296294
4 0.5166666666666667 0.3490740740740741 0.026041666666666668 0.046296296296296294
4 0.37864583333333335 0.35648148148148145 0.026041666666666668 0.046296296296296294
4 0.5078125 0.35462962962962963 0.026041666666666668 0.046296296296296294
4 0.39114583333333336 0.36574074074074076 0.026041666666666668 0.046296296296296294
4 0.4635416666666667 0.3685185185185185 0.026041666666666668 0.046296296296296294
4 0.5203125 0.37037037037037035 0.026041666666666668 0.046296296296296294
2 0.215625 0.37777777777777777 0.026041666666666668 0.046296296296296294
4 0.39166666666666666 0.37777777777777777 0.026041666666666668 0.046296296296296294
4 0.4744791666666667 0.37777777777777777 0.026041666666666668 0.046296296296296294
4 0.5130208333333334 0.3787037037037037 0.026041666666666668 0.046296296296296294
2 0.19166666666666668 0.38425925925925924 0.026041666666666668 0.046296296296296294
4 0.528125 0.38796296296296295 0.026041666666666668 0.046296296296296294
4 0.4166666666666667 0.4027777777777778 0.026041666666666668 0.046296296296296294
4 0.4197916666666667 0.4074074074074074 0.026041666666666668 0.046296296296296294
4 0.5213541666666667 0.412962962962963 0.026041666666666668 0.046296296296296294
3 0.7052083333333333 0.4083333333333333 0.026041666666666668 0.046296296296296294
4 0.6494791666666667 0.41574074074074074 0.026041666666666668 0.046296296296296294
2 0.175 0.42592592592592593 0.026041666666666668 0.046296296296296294
4 0.428125 0.425 0.026041666666666668 0.046296296296296294
4 0.6609375 0.4222222222222222 0.026041666666666668 0.046296296296296294
3 0.6833333333333333 0.42685185185185187 0.026041666666666668 0.046296296296296294
4 0.4078125 0.4324074074074074 0.026041666666666668 0.046296296296296294
3 0.6703125 0.4305555555555556 0.026041666666666668 0.046296296296296294
3 0.6744791666666666 0.44074074074074077 0.026041666666666668 0.046296296296296294
3 0.6828125 0.45 0.026041666666666668 0.046296296296296294
4 0.4125 0.45740740740740743 0.026041666666666668 0.046296296296296294
4 0.5166666666666667 0.45740740740740743 0.026041666666666668 0.046296296296296294
4 0.6578125 0.45925925925925926 0.026041666666666668 0.046296296296296294
3 0.6875 0.45740740740740743 0.026041666666666668 0.046296296296296294
4 0.4703125 0.46296296296296297 0.026041666666666668 0.046296296296296294
3 0.6697916666666667 0.47129629629629627 0.026041666666666668 0.046296296296296294
4 0.4375 0.48055555555555557 0.026041666666666668 0.046296296296296294
4 0.653125 0.4824074074074074 0.026041666666666668 0.046296296296296294
3 0.7161458333333334 0.48055555555555557 0.026041666666666668 0.046296296296296294
3 0.6739583333333333 0.487962962962963 0.026041666666666668 0.046296296296296294
4 0.45677083333333335 0.49537037037037035 0.026041666666666668 0.046296296296296294
4 0.6322916666666667 0.4962962962962963 0.026041666666666668 0.046296296296296294
4 0.65 0.4981481481481482 0.026041666666666668 0.046296296296296294
4 0.5078125 0.4981481481481482 0.026041666666666668 0.046296296296296294
3 0.684375 0.5018518518518519 0.026041666666666668 0.046296296296296294
4 0.6322916666666667 0.5083333333333333 0.026041666666666668 0.046296296296296294
4 0.48125 0.5157407407407407 0.026041666666666668 0.046296296296296294
4 0.6151041666666667 0.5203703703703704 0.026041666666666668 0.046296296296296294
3 0.69375 0.5166666666666667 0.026041666666666668 0.046296296296296294
3 0.709375 0.5138888888888888 0.026041666666666668 0.046296296296296294
3 0.6692708333333334 0.5268518518518519 0.026041666666666668 0.046296296296296294
4 0.5916666666666667 0.5342592592592592 0.026041666666666668 0.046296296296296294
4 0.6041666666666666 0.5333333333333333 0.026041666666666668 0.046296296296296294
4 0.615625 0.5324074074074074 0.026041666666666668 0.046296296296296294
3 0.7203125 0.5351851851851852 0.026041666666666668 0.046296296296296294
4 0.4947916666666667 0.5425925925925926 0.026041666666666668 0.046296296296296294
4 0.440625 0.5481481481481482 0.026041666666666668 0.046296296296296294
4 0.3890625 0.549074074074074 0.026041666666666668 0.046296296296296294
4 0.6197916666666666 0.5592592592592592 0.026041666666666668 0.046296296296296294
4 0.6369791666666667 0.5648148148148148 0.026041666666666668 0.046296296296296294
3 0.7588541666666667 0.5657407407407408 0.026041666666666668 0.046296296296296294
4 0.4239583333333333 0.5703703703703704 0.026041666666666668 0.046296296296296294
4 0.5151041666666667 0.5731481481481482 0.026041666666666668 0.046296296296296294
4 0.6197916666666666 0.5731481481481482 0.026041666666666668 0.046296296296296294
3 0.7364583333333333 0.5722222222222222 0.026041666666666668 0.046296296296296294
3 0.7619791666666667 0.5824074074074074 0.026041666666666668 0.046296296296296294
4 0.534375 0.5888888888888889 0.026041666666666668 0.046296296296296294
4 0.6 0.6 0.026041666666666668 0.046296296296296294
4 0.40729166666666666 0.6055555555555555 0.026041666666666668 0.046296296296296294
4 0.5708333333333333 0.6027777777777777 0.026041666666666668 0.046296296296296294
4 0.5776041666666667 0.6 0.026041666666666668 0.046296296296296294
3 0.7395833333333334 0.6037037037037037 0.026041666666666668 0.046296296296296294
4 0.4359375 0.6129629629629629 0.026041666666666668 0.046296296296296294
4 0.46197916666666666 0.6259259259259259 0.026041666666666668 0.046296296296296294
4 0.5953125 0.6240740740740741 0.026041666666666668 0.046296296296296294
4 0.4796875 0.6416666666666667 0.026041666666666668 0.046296296296296294
4 0.40729166666666666 0.6481481481481481 0.026041666666666668 0.046296296296296294
4 0.6489583333333333 0.6472222222222223 0.026041666666666668 0.046296296296296294
3 0.7010416666666667 0.6453703703703704 0.026041666666666668 0.046296296296296294
2 0.20885416666666667 0.6592592592592592 0.026041666666666668 0.046296296296296294
4 0.42083333333333334 0.6611111111111111 0.026041666666666668 0.046296296296296294
3 0.7796875 0.6583333333333333 0.026041666666666668 0.046296296296296294
1 0.5234375 0.6712962962962963 0.026041666666666668 0.046296296296296294
1 0.5453125 0.674074074074074 0.026041666666666668 0.046296296296296294
1 0.7791666666666667 0.7212962962962963 0.026041666666666668 0.046296296296296294
1 0.453125 0.7324074074074074 0.026041666666666668 0.046296296296296294
1 0.828125 0.7509259259259259 0.026041666666666668 0.046296296296296294
1 0.2078125 0.7814814814814814 0.026041666666666668 0.046296296296296294
1 0.9833333333333333 0.7787037037037037 0.026041666666666668 0.046296296296296294
1 0.15625 0.7935185185185185 0.026041666666666668 0.046296296296296294
1 0.7546875 0.8083333333333333 0.026041666666666668 0.046296296296296294
1 0.8630208333333333 0.8277777777777777 0.026041666666666668 0.046296296296296294
1 0.23385416666666667 0.8601851851851852 0.026041666666666668 0.046296296296296294
1 0.790625 0.8472222222222222 0.026041666666666668 0.046296296296296294
1 0.50625 0.8675925925925926 0.026041666666666668 0.046296296296296294
1 0.6119791666666666 0.8592592592592593 0.026041666666666668 0.046296296296296294
1 0.8244791666666667 0.8685185185185185 0.026041666666666668 0.046296296296296294
1 0.4625 0.8731481481481481 0.026041666666666668 0.046296296296296294
1 0.6385416666666667 0.8712962962962963 0.026041666666666668 0.046296296296296294
1 0.42135416666666664 0.8888888888888888 0.026041666666666668 0.046296296296296294
1 0.9088541666666666 0.9157407407407407 0.026041666666666668 0.046296296296296294
1 0.9651041666666667 0.9435185185185185 0.026041666666666668 0.046296296296296294
1 0.6932291666666667 0.9555555555555556 0.026041666666666668 0.046296296296296294
1 0.9291666666666667 0.9722222222222222 0.026041666666666668 0.046296296296296294
1 0.5 0.9740740740740741 0.026041666666666668 0.046296296296296294
1 0.7307291666666667 0.9953703703703703 0.026041666666666668 0.046296296296296294
1 0.38125 0.8203703703703704 0.026041666666666668 0.046296296296296294
1 0.34479166666666666 0.8629629629629629 0.026041666666666668 0.046296296296296294
1 0.34375 0.7981481481481482 0.026041666666666668 0.046296296296296294
2 0.20416666666666666 0.4148148148148148 0.026041666666666668 0.046296296296296294
1 0.8927083333333333 0.774074074074074 0.026041666666666668 0.046296296296296294
1 0.8791666666666667 0.7425925925925926 0.026041666666666668 0.046296296296296294
1 0.8354166666666667 0.8277777777777777 0.026041666666666668 0.046296296296296294
3 0.7135416666666666 0.5981481481481481 0.026041666666666668 0.046296296296296294
3 0.7083333333333334 0.5851851851851851 0.026041666666666668 0.046296296296296294
3 0.71875 0.5592592592592592 0.026041666666666668 0.046296296296296294
3 0.6708333333333333 0.6166666666666667 0.026041666666666668 0.046296296296296294
4 0.5666666666666667 0.6222222222222222 0.026041666666666668 0.046296296296296294
4 0.534375 0.6240740740740741 0.026041666666666668 0.046296296296296294
4 0.428125 0.48333333333333334 0.026041666666666668 0.046296296296296294
4 0.4083333333333333 0.4925925925925926 0.026041666666666668 0.046296296296296294
