0 0.4703125 0.09537037037037037 0.026041666666666668 0.046296296296296294
0 0.44166666666666665 0.13148148148148148 0.026041666666666668 0.046296296296296294
0 0.44895833333333335 0.13425925925925927 0.026041666666666668 0.046296296296296294
0 0.4546875 0.13055555555555556 0.026041666666666668 0.046296296296296294
0 0.4609375 0.13425925925925927 0.026041666666666668 0.046296296296296294
0 0.48854166666666665 0.1388888888888889 0.026041666666666668 0.046296296296296294
0 0.4401041666666667 0.14351851851851852 0.026041666666666668 0.046296296296296294
0 0.475 0.14629629629629629 0.026041666666666668 0.046296296296296294
0 0.44583333333333336 0.1537037037037037 0.026041666666666668 0.046296296296296294
0 0.46197916666666666 0.1527777777777778 0.026041666666666668 0.046296296296296294
0 0.48333333333333334 0.15185185185185185 0.026041666666666668 0.046296296296296294
0 0.4942708333333333 0.16111111111111112 0.026041666666666668 0.046296296296296294
0 0.44895833333333335 0.16574074074074074 0.026041666666666668 0.046296296296296294
0 0.46197916666666666 0.1685185185185185 0.026041666666666668 0.046296296296296294
0 0.48802083333333335 0.1685185185185185 0.026041666666666668 0.046296296296296294
0 0.43125 0.17222222222222222 0.026041666666666668 0.046296296296296294
0 0.4739583333333333 0.17685185185185184 0.026041666666666668 0.046296296296296294
0 0.44479166666666664 0.18425925925925926 0.026041666666666668 0.046296296296296294
0 0.4625 0.18333333333333332 0.026041666666666668 0.046296296296296294
0 0.49114583333333334 0.1824074074074074 0.026041666666666668 0.046296296296296294
0 0.5041666666666667 0.18333333333333332 0.026041666666666668 0.046296296296296294
0 0.5119791666666667 0.18611111111111112 0.026041666666666668 0.046296296296296294
0 0.5119791666666667 0.22407407407407406 0.026041666666666668 0.046296296296296294
0 0.47760416666666666 0.22777777777777777 0.026041666666666668 0.046296296296296294
0 0.5125 0.23703703703703705 0.026041666666666668 0.046296296296296294
0 0.5078125 0.25462962962962965 0.026041666666666668 0.046296296296296294
0 0.4171875 0.2601851851851852 0.026041666666666668 0.046296296296296294
0 0.46145833333333336 0.275 0.026041666666666668 0.046296296296296294
0 0.4869791666666667 0.2722222222222222 0.026041666666666668 0.046296296296296294
0 0.49322916666666666 0.2740740740740741 0.026041666666666668 0.046296296296296294
0 0.5375 0.275 0.026041666666666668 0.046296296296296294
0 0.5458333333333333 0.27870370370370373 0.026041666666666668 0.046296296296296294
0 0.4265625 0.28055555555555556 0.026041666666666668 0.046296296296296294
0 0.46197916666666666 0.28055555555555556 0.026041666666666668 0.046296296296296294
0 0.4708333333333333 0.2814814814814815 0.026041666666666668 0.046296296296296294
0 0.5078125 0.2851851851851852 0.026041666666666668 0.046296296296296294
0 0.69375 0.28425925925925927 0.026041666666666668 0.046296296296296294
0 0.44375 0.29074074074074074 0.026041666666666668 0.046296296296296294
0 0.4744791666666667 0.29259259259259257 0.026041666666666668 0.046296296296296294
0 0.48125 0.29259259259259257 0.026041666666666668 0.046296296296296294
0 0.49947916666666664 0.2916666666666667 0.026041666666666668 0.046296296296296294
0 0.41875 0.30092592592592593 0.026041666666666668 0.046296296296296294
0 0.4322916666666667 0.2962962962962963 0.026041666666666668 0.046296296296296294
0 0.7020833333333333 0.30092592592592593 0.026041666666666668 0.046296296296296294
0 0.43645833333333334 0.31574074074074077 0.026041666666666668 0.046296296296296294
0 0.49166666666666664 0.31574074074074077 0.026041666666666668 0.046296296296296294
0 0.5161458333333333 0.31666666666666665 0.026041666666666668 0.046296296296296294
0 0.5078125 0.32592592592592595 0.026041666666666668 0.046296296296296294
0 0.45 0.3296296296296296 0.026041666666666668 0.046296296296296294
0 0.45677083333333335 0.33240740740740743 0.026041666666666668 0.046296296296296294
4 0.49583333333333335 0.3398148148148148 0.026041666666666668 0.046296296296296294
4 0.4505208333333333 0.3490740740740741 0.026041666666666668 0.046296296296296294
4 0.503125 0.3490740740740741 0.026041666666666668 0.046296296296296294
4 0.5208333333333334 0.34814814814814815 0.026041666666666668 0.046296296296296294
4 0.3953125 0.35833333333333334 0.026041666666666668 0.046296296296296294
4 0.49583333333333335 0.36203703703703705 0.026041666666666668 0.046296296296296294
4 0.3734375 0.36944444444444446 0.026041666666666668 0.046296296296296294
4 0.5083333333333333 0.36944444444444446 0.026041666666666668 0.046296296296296294
4 0.528125 0.37222222222222223 0.026041666666666668 0.046296296296296294
3 0.7276041666666667 0.3712962962962963 0.026041666666666668 0.046296296296296294
4 0.390625 0.38055555555555554 0.026041666666666668 0.046296296296296294
4 0.5130208333333334 0.3888888888888889 0.026041666666666668 0.046296296296296294
4 0.5401041666666667 0.3888888888888889 0.026041666666666668 0.046296296296296294
3 0.68125 0.39166666666666666 0.026041666666666668 0.046296296296296294
4 0.38177083333333334 0.4046296296296296 0.026041666666666668 0.046296296296296294
4 0.5296875 0.4009259259259259 0.026041666666666668 0.046296296296296294
4 0.6541666666666667 0.40185185185185185 0.026041666666666668 0.046296296296296294
2 0.19010416666666666 0.4064814814814815 0.026041666666666668 0.046296296296296294
4 0.3953125 0.4074074074074074 0.026041666666666668 0.046296296296296294
4 0.4203125 0.412962962962963 0.026041666666666668 0.046296296296296294
4 0.5119791666666667 0.4111111111111111 0.026041666666666668 0.046296296296296294
2 0.21875 0.4185185185185185 0.026041666666666668 0.046296296296296294
4 0.5072916666666667 0.4185185185185185 0.026041666666666668 0.046296296296296294
4 0.6572916666666667 0.41759259259259257 0.026041666666666668 0.046296296296296294
4 0.6609375 0.4166666666666667 0.026041666666666668 0.046296296296296294
4 0.415625 0.42777777777777776 0.026041666666666668 0.046296296296296294
4 0.4546875 0.42592592592592593 0.026041666666666668 0.046296296296296294
4 0.5166666666666667 0.43333333333333335 0.026041666666666668 0.046296296296296294
3 0.6703125 0.43425925925925923 0.026041666666666668 0.046296296296296294
4 0.38229166666666664 0.4388888888888889 0.026041666666666668 0.046296296296296294
3 0.7114583333333333 0.4388888888888889 0.026041666666666668 0.046296296296296294
4 0.4125 0.45740740740740743 0.026041666666666668 0.046296296296296294
3 0.6708333333333333 0.4564814814814815 0.026041666666666668 0.046296296296296294
4 0.4046875 0.4648148148148148 0.026041666666666668 0.046296296296296294
4 0.4401041666666667 0.4638888888888889 0.026041666666666668 0.046296296296296294
4 0.5239583333333333 0.4666666666666667 0.026041666666666668 0.046296296296296294
4 0.41510416666666666 0.4787037037037037 0.026041666666666668 0.046296296296296294
4 0.5161458333333333 0.48333333333333334 0.026041666666666668 0.046296296296296294
4 0.6541666666666667 0.47962962962962963 0.026041666666666668 0.046296296296296294
4 0.4359375 0.48518518518518516 0.026041666666666668 0.046296296296296294
4 0.4557291666666667 0.48518518518518516 0.026041666666666668 0.046296296296296294
4 0.5989583333333334 0.48703703703703705 0.026041666666666668 0.046296296296296294
3 0.6770833333333334 0.4842592592592593 0.026041666666666668 0.046296296296296294
4 0.5161458333333333 0.4962962962962963 0.026041666666666668 0.046296296296296294
4 0.6583333333333333 0.4935185185185185 0.026041666666666668 0.046296296296296294
3 0.6859375 0.4935185185185185 0.026041666666666668 0.046296296296296294
4 0.39114583333333336 0.5009259259259259 0.026041666666666668 0.046296296296296294
4 0.46822916666666664 0.5 0.026041666666666668 0.046296296296296294
4 0.6125 0.5027777777777778 0.026041666666666668 0.046296296296296294
3 0.7161458333333334 0.5074074074074074 0.026041666666666668 0.046296296296296294
4 0.5109375 0.5148148148148148 0.026041666666666668 0.046296296296296294
4 0.378125 0.5185185185185185 0.026041666666666668 0.046296296296296294
4 0.4088541666666667 0.5166666666666667 0.026041666666666668 0.046296296296296294
4 0.6369791666666667 0.5194444444444445 0.026041666666666668 0.046296296296296294
3 0.7078125 0.5203703703703704 0.026041666666666668 0.046296296296296294
4 0.44166666666666665 0.5259259259259259 0.026041666666666668 0.046296296296296294
3 0.6697916666666667 0.5259259259259259 0.026041666666666668 0.046296296296296294
3 0.69375 0.525 0.026041666666666668 0.046296296296296294
4 0.5255208333333333 0.5342592592592592 0.026041666666666668 0.046296296296296294
4 0.6276041666666666 0.5361111111111111 0.026041666666666668 0.046296296296296294
3 0.7125 0.5351851851851852 0.026041666666666668 0.046296296296296294
4 0.4791666666666667 0.5361111111111111 0.026041666666666668 0.046296296296296294
4 0.5489583333333333 0.5472222222222223 0.026041666666666668 0.046296296296296294
4 0.5916666666666667 0.5472222222222223 0.026041666666666668 0.046296296296296294
3 0.6708333333333333 0.5601851851851852 0.026041666666666668 0.046296296296296294
4 0.6166666666666667 0.5657407407407408 0.026041666666666668 0.046296296296296294
3 0.690625 0.5657407407407408 0.026041666666666668 0.046296296296296294
3 0.740625 0.562037037037037 0.026041666666666668 0.046296296296296294
3 0.7609375 0.562962962962963 0.026041666666666668 0.046296296296296294
4 0.6541666666666667 0.5824074074074074 0.026041666666666668 0.046296296296296294
3 0.7369791666666666 0.5796296296296296 0.026041666666666668 0.046296296296296294
3 0.6869791666666667 0.5898148148148148 0.026041666666666668 0.046296296296296294
3 0.7442708333333333 0.5907407407407408 0.026041666666666668 0.046296296296296294
3 0.6791666666666667 0.612037037037037 0.026041666666666668 0.046296296296296294
3 0.725 0.6175925925925926 0.026041666666666668 0.046296296296296294
3 0.7651041666666667 0.6268518518518519 0.026041666666666668 0.046296296296296294
2 0.21614583333333334 0.6361111111111111 0.026041666666666668 0.046296296296296294
3 0.7682291666666666 0.6444444444444445 0.026041666666666668 0.046296296296296294
4 0.39895833333333336 0.6462962962962963 0.026041666666666668 0.046296296296296294
3 0.728125 0.65 0.026041666666666668 0.046296296296296294
4 0.4947916666666667 0.6583333333333333 0.026041666666666668 0.046296296296296294
1 0.19479166666666667 0.674074074074074 0.026041666666666668 0.046296296296296294
1 0.7026041666666667 0.6787037037037037 0.026041666666666668 0.046296296296296294
1 0.775 0.6814814814814815 0.026041666666666668 0.046296296296296294
1 0.2203125 0.7064814814814815 0.026041666666666668 0.046296296296296294
1 0.5911458333333334 0.7018518518518518 0.026041666666666668 0.046296296296296294
1 0.884375 0.7472222222222222 0.026041666666666668 0.046296296296296294
1 0.26197916666666665 0.7611111111111111 0.026041666666666668 0.046296296296296294
1 0.1109375 0.8037037037037037 0.026041666666666668 0.046296296296296294
1 0.9354166666666667 0.8268518518518518 0.026041666666666668 0.046296296296296294
1 0.13385416666666666 0.8333333333333334 0.026041666666666668 0.046296296296296294
1 0.7869791666666667 0.8379629629629629 0.026041666666666668 0.046296296296296294
1 0.43072916666666666 0.8824074074074074 0.026041666666666668 0.046296296296296294
1 0.496875 0.887962962962963 0.026041666666666668 0.046296296296296294
1 0.3463541666666667 0.9611111111111111 0.026041666666666668 0.046296296296296294
1 0.39895833333333336 0.9574074074074074 0.026041666666666668 0.046296296296296294
1 0.10833333333333334 0.9796296296296296 0.026041666666666668 0.046296296296296294
1 0.11770833333333333 0.8907407407407407 0.026041666666666668 0.046296296296296294
1 0.4395833333333333 0.937037037037037 0.026041666666666668 0.046296296296296294
2 0.20833333333333334 0.4703703703703704 0.026041666666666668 0.046296296296296294
2 0.16875 0.42407407407407405 0.026041666666666668 0.046296296296296294
4 0.5802083333333333 0.5722222222222222 0.026041666666666668 0.046296296296296294
4 0.621875 0.6444444444444445 0.026041666666666668 0.046296296296296294
1 0.678125 0.6888888888888889 0.026041666666666668 0.046296296296296294
1 0.7229166666666667 0.7592592592592593 0.026041666666666668 0.046296296296296294
1 0.7645833333333333 0.837037037037037 0.026041666666666668 0.046296296296296294
1 0.8270833333333333 0.8777777777777778 0.026041666666666668 0.046296296296296294
1 0.8270833333333333 0.8333333333333334 0.026041666666666668 0.046296296296296294
1 0.8697916666666666 0.8166666666666667 0.026041666666666668 0.046296296296296294
1 0.9895833333333334 0.8555555555555555 0.026041666666666668 0.046296296296296294
1 0.9677083333333333 0.9851851851851852 0.026041666666666668 0.046296296296296294
