0 0.47239583333333335 0.0962962962962963 0.026041666666666668 0.046296296296296294
0 0.48020833333333335 0.09907407407407408 0.026041666666666668 0.046296296296296294
0 0.4869791666666667 0.09907407407407408 0.026041666666666668 0.046296296296296294
0 0.49166666666666664 0.12222222222222222 0.026041666666666668 0.046296296296296294
0 0.45677083333333335 0.1259259259259259 0.026041666666666668 0.046296296296296294
0 0.46145833333333336 0.1287037037037037 0.026041666666666668 0.046296296296296294
0 0.43697916666666664 0.13333333333333333 0.026041666666666668 0.046296296296296294
0 0.4427083333333333 0.13240740740740742 0.026041666666666668 0.046296296296296294
0 0.48385416666666664 0.13703703703703704 0.026041666666666668 0.046296296296296294
0 0.43072916666666666 0.1425925925925926 0.026041666666666668 0.046296296296296294
0 0.45 0.1425925925925926 0.026041666666666668 0.046296296296296294
0 0.45729166666666665 0.14074074074074075 0.026041666666666668 0.046296296296296294
0 0.4744791666666667 0.14907407407407408 0.026041666666666668 0.046296296296296294
0 0.43802083333333336 0.15185185185185185 0.026041666666666668 0.046296296296296294
0 0.4786458333333333 0.1537037037037037 0.026041666666666668 0.046296296296296294
0 0.4546875 0.15925925925925927 0.026041666666666668 0.046296296296296294
0 0.46197916666666666 0.15925925925925927 0.026041666666666668 0.046296296296296294
0 0.44114583333333335 0.17314814814814813 0.026041666666666668 0.046296296296296294
0 0.44166666666666665 0.1824074074074074 0.026041666666666668 0.046296296296296294
0 0.46927083333333336 0.2 0.026041666666666668 0.046296296296296294
0 0.49114583333333334 0.19907407407407407 0.026041666666666668 0.046296296296296294
0 0.5119791666666667 0.19814814814814816 0.026041666666666668 0.046296296296296294
0 0.446875 0.20462962962962963 0.026041666666666668 0.046296296296296294
0 0.45625 0.2074074074074074 0.026041666666666668 0.046296296296296294
0 0.46197916666666666 0.20833333333333334 0.026041666666666668 0.046296296296296294
0 0.5005208333333333 0.20462962962962963 0.026041666666666668 0.046296296296296294
0 0.43802083333333336 0.21388888888888888 0.026041666666666668 0.046296296296296294
0 0.4864583333333333 0.21388888888888888 0.026041666666666668 0.046296296296296294
0 0.46510416666666665 0.22870370370370371 0.026041666666666668 0.046296296296296294
0 0.49895833333333334 0.23148148148148148 0.026041666666666668 0.046296296296296294
0 0.47760416666666666 0.2462962962962963 0.026041666666666668 0.046296296296296294
0 0.4322916666666667 0.2777777777777778 0.026041666666666668 0.046296296296296294
0 0.5052083333333334 0.2759259259259259 0.026041666666666668 0.046296296296296294
0 0.5328125 0.27685185185185185 0.026041666666666668 0.046296296296296294
0 0.5411458333333333 0.2759259259259259 0.026041666666666668 0.046296296296296294
0 0.6963541666666667 0.28703703703703703 0.026041666666666668 0.046296296296296294
0 0.4515625 0.29259259259259257 0.026041666666666668 0.046296296296296294
0 0.46927083333333336 0.2916666666666667 0.026041666666666668 0.046296296296296294
0 0.50625 0.29074074074074074 0.026041666666666668 0.046296296296296294
0 0.44114583333333335 0.3 0.026041666666666668 0.046296296296296294
0 0.4869791666666667 0.29907407407407405 0.026041666666666668 0.046296296296296294
0 0.4984375 0.30277777777777776 0.026041666666666668 0.046296296296296294
0 0.43333333333333335 0.3194444444444444 0.026041666666666668 0.046296296296296294
0 0.49895833333333334 0.31296296296296294 0.026041666666666668 0.046296296296296294
0 0.515625 0.31851851851851853 0.026041666666666668 0.046296296296296294
0 0.7026041666666667 0.31574074074074077 0.026041666666666668 0.046296296296296294
0 0.45625 0.325 0.026041666666666668 0.046296296296296294
0 0.47604166666666664 0.32407407407407407 0.026041666666666668 0.046296296296296294
0 0.4317708333333333 0.33055555555555555 0.026041666666666668 0.046296296296296294
4 0.44427083333333334 0.3333333333333333 0.026041666666666668 0.046296296296296294
0 0.4947916666666667 0.3314814814814815 0.026041666666666668 0.046296296296296294
4 0.5067708333333333 0.33425925925925926 0.026041666666666668 0.046296296296296294
4 0.5458333333333333 0.3333333333333333 0.026041666666666668 0.046296296296296294
4 0.415625 0.33611111111111114 0.026041666666666668 0.046296296296296294
4 0.44427083333333334 0.34814814814814815 0.026041666666666668 0.046296296296296294
4 0.46927083333333336 0.34814814814814815 0.026041666666666668 0.046296296296296294
4 0.5078125 0.3472222222222222 0.026041666666666668 0.046296296296296294
4 0.375 0.35555555555555557 0.026041666666666668 0.046296296296296294
4 0.38697916666666665 0.35462962962962963 0.026041666666666668 0.046296296296296294
4 0.390625 0.35555555555555557 0.026041666666666668 0.046296296296296294
4 0.5036458333333333 0.3574074074074074 0.026041666666666668 0.046296296296296294
4 0.40625 0.3712962962962963 0.026041666666666668 0.046296296296296294
4 0.509375 0.36944444444444446 0.026041666666666668 0.046296296296296294
4 0.39114583333333336 0.375 0.026041666666666668 0.046296296296296294
4 0.5197916666666667 0.37962962962962965 0.026041666666666668 0.046296296296296294
4 0.5083333333333333 0.3925925925925926 0.026041666666666668 0.046296296296296294
2 0.20677083333333332 0.4 0.026041666666666668 0.046296296296296294
2 0.21927083333333333 0.4009259259259259 0.026041666666666668 0.046296296296296294
4 0.515625 0.4046296296296296 0.026041666666666668 0.046296296296296294
4 0.5083333333333333 0.4111111111111111 0.026041666666666668 0.046296296296296294
4 0.6541666666666667 0.41388888888888886 0.026041666666666668 0.046296296296296294
2 0.1734375 0.4185185185185185 0.026041666666666668 0.046296296296296294
2 0.2 0.4185185185185185 0.026041666666666668 0.046296296296296294
4 0.43072916666666666 0.4212962962962963 0.026041666666666668 0.046296296296296294
2 0.19375 0.43148148148148147 0.026041666666666668 0.046296296296296294
3 0.69375 0.4287037037037037 0.026041666666666668 0.046296296296296294
2 0.2078125 0.44166666666666665 0.026041666666666668 0.046296296296296294
4 0.65 0.44074074074074077 0.026041666666666668 0.046296296296296294
4 0.6630208333333333 0.44907407407407407 0.026041666666666668 0.046296296296296294
3 0.7020833333333333 0.44814814814814813 0.026041666666666668 0.046296296296296294
4 0.6546875 0.4564814814814815 0.026041666666666668 0.046296296296296294
3 0.6713541666666667 0.45740740740740743 0.026041666666666668 0.046296296296296294
3 0.6796875 0.45555555555555555 0.026041666666666668 0.046296296296296294
4 0.45364583333333336 0.46296296296296297 0.026041666666666668 0.046296296296296294
4 0.5213541666666667 0.46574074074074073 0.026041666666666668 0.046296296296296294
4 0.6583333333333333 0.46574074074074073 0.026041666666666668 0.046296296296296294
4 0.4161458333333333 0.46944444444444444 0.026041666666666668 0.046296296296296294
4 0.6546875 0.475 0.026041666666666668 0.046296296296296294
3 0.690625 0.47314814814814815 0.026041666666666668 0.046296296296296294
4 0.5166666666666667 0.48055555555555557 0.026041666666666668 0.046296296296296294
4 0.4953125 0.48518518518518516 0.026041666666666668 0.046296296296296294
4 0.6276041666666666 0.4888888888888889 0.026041666666666668 0.046296296296296294
4 0.6161458333333333 0.49537037037037035 0.026041666666666668 0.046296296296296294
3 0.6828125 0.49444444444444446 0.026041666666666668 0.046296296296296294
3 0.7026041666666667 0.5037037037037037 0.026041666666666668 0.046296296296296294
4 0.39010416666666664 0.5111111111111111 0.026041666666666668 0.046296296296296294
4 0.5078125 0.5185185185185185 0.026041666666666668 0.046296296296296294
4 0.5197916666666667 0.5185185185185185 0.026041666666666668 0.046296296296296294
4 0.5994791666666667 0.5175925925925926 0.026041666666666668 0.046296296296296294
3 0.6979166666666666 0.5175925925925926 0.026041666666666668 0.046296296296296294
3 0.715625 0.5185185185185185 0.026041666666666668 0.046296296296296294
4 0.6234375 0.5268518518518519 0.026041666666666668 0.046296296296296294
4 0.665625 0.5277777777777778 0.026041666666666668 0.046296296296296294
4 0.525 0.5425925925925926 0.026041666666666668 0.046296296296296294
3 0.7203125 0.5407407407407407 0.026041666666666668 0.046296296296296294
4 0.6322916666666667 0.5472222222222223 0.026041666666666668 0.046296296296296294
4 0.5171875 0.5583333333333333 0.026041666666666668 0.046296296296296294
3 0.7359375 0.5592592592592592 0.026041666666666668 0.046296296296296294
3 0.7578125 0.562037037037037 0.026041666666666668 0.046296296296296294
3 0.765625 0.575925925925926 0.026041666666666668 0.046296296296296294
4 0.6614583333333334 0.5777777777777777 0.026041666666666668 0.046296296296296294
4 0.6375 0.5879629629629629 0.026041666666666668 0.046296296296296294
4 0.5078125 0.5925925925925926 0.026041666666666668 0.046296296296296294
3 0.7286458333333333 0.612037037037037 0.026041666666666668 0.046296296296296294
4 0.5291666666666667 0.6203703703703703 0.026041666666666668 0.046296296296296294
4 0.4161458333333333 0.6240740740740741 0.026041666666666668 0.046296296296296294
3 0.7078125 0.6407407407407407 0.026041666666666668 0.046296296296296294
4 0.45 0.6509259259259259 0.026041666666666668 0.046296296296296294
4 0.565625 0.6574074074074074 0.026041666666666668 0.046296296296296294
3 0.775 0.6583333333333333 0.026041666666666668 0.046296296296296294
1 0.13697916666666668 0.6944444444444444 0.026041666666666668 0.046296296296296294
1 0.5489583333333333 0.7 0.026041666666666668 0.046296296296296294
1 0.18177083333333333 0.712037037037037 0.026041666666666668 0.046296296296296294
1 0.5046875 0.7185185185185186 0.026041666666666668 0.046296296296296294
1 0.8859375 0.7490740740740741 0.026041666666666668 0.046296296296296294
1 0.9036458333333334 0.7481481481481481 0.026041666666666668 0.046296296296296294
1 0.19270833333333334 0.7666666666666667 0.026041666666666668 0.046296296296296294
1 0.8276041666666667 0.7583333333333333 0.026041666666666668 0.046296296296296294
1 0.590625 0.7833333333333333 0.026041666666666668 0.046296296296296294
1 0.5776041666666667 0.7962962962962963 0.026041666666666668 0.046296296296296294
1 0.8208333333333333 0.8481481481481481 0.026041666666666668 0.046296296296296294
1 0.8760416666666667 0.8388888888888889 0.026041666666666668 0.046296296296296294
1 0.5890625 0.8462962962962963 0.026041666666666668 0.046296296296296294
1 0.44166666666666665 0.8981481481481481 0.026041666666666668 0.046296296296296294
1 0.4703125 0.9018518518518519 0.026041666666666668 0.046296296296296294
1 0.8625 0.9157407407407407 0.026041666666666668 0.046296296296296294
1 0.2734375 0.9175925925925926 0.026041666666666668 0.046296296296296294
1 0.4 0.9212962962962963 0.026041666666666668 0.046296296296296294
1 0.23333333333333334 0.9222222222222223 0.026041666666666668 0.046296296296296294
1 0.5645833333333333 0.9444444444444444 0.026041666666666668 0.046296296296296294
1 0.1125 0.9574074074074074 0.026041666666666668 0.046296296296296294
1 0.2791666666666667 0.9601851851851851 0.026041666666666668 0.046296296296296294
1 0.9786458333333333 0.9592592592592593 0.026041666666666668 0.046296296296296294
1 0.221875 0.7018518518518518 0.026041666666666668 0.046296296296296294
1 0.37604166666666666 0.8759259259259259 0.026041666666666668 0.046296296296296294
1 0.38645833333333335 0.9648148148148148 0.026041666666666668 0.046296296296296294
1 0.39895833333333336 0.7203703703703703 0.026041666666666668 0.046296296296296294
1 0.6447916666666667 0.85 0.026041666666666668 0.046296296296296294
1 0.8072916666666666 0.9166666666666666 0.026041666666666668 0.046296296296296294
1 0.825 0.8703703703703703 0.026041666666666668 0.046296296296296294
1 0.7239583333333334 0.7185185185185186 0.026041666666666668 0.046296296296296294
1 0.7552083333333334 0.7222222222222222 0.026041666666666668 0.046296296296296294
3 0.74375 0.6314814814814815 0.026041666666666668 0.046296296296296294
4 0.6041666666666666 0.6444444444444445 0.026041666666666668 0.046296296296296294
4 0.6177083333333333 0.6203703703703703 0.026041666666666668 0.046296296296296294
4 0.5770833333333333 0.6388888888888888 0.026041666666666668 0.046296296296296294
4 0.6125 0.587037037037037 0.026041666666666668 0.046296296296296294
4 0.61875 0.5648148148148148 0.026041666666666668 0.046296296296296294
4 0.653125 0.6129629629629629 0.026041666666666668 0.046296296296296294
4 0.49166666666666664 0.4203703703703704 0.026041666666666668 0.046296296296296294
