0 0.4708333333333333 0.0962962962962963 0.026041666666666668 0.046296296296296294
0 0.4817708333333333 0.09814814814814815 0.026041666666666668 0.046296296296296294
0 0.49270833333333336 0.12037037037037036 0.026041666666666668 0.046296296296296294
0 0.4625 0.1361111111111111 0.026041666666666668 0.046296296296296294
0 0.46979166666666666 0.13796296296296295 0.026041666666666668 0.046296296296296294
0 0.44114583333333335 0.14074074074074075 0.026041666666666668 0.046296296296296294
0 0.44947916666666665 0.14351851851851852 0.026041666666666668 0.046296296296296294
0 0.4546875 0.1425925925925926 0.026041666666666668 0.046296296296296294
0 0.475 0.14722222222222223 0.026041666666666668 0.046296296296296294
0 0.48333333333333334 0.15555555555555556 0.026041666666666668 0.046296296296296294
0 0.4609375 0.15925925925925927 0.026041666666666668 0.046296296296296294
0 0.4661458333333333 0.16203703703703703 0.026041666666666668 0.046296296296296294
0 0.490625 0.16203703703703703 0.026041666666666668 0.046296296296296294
0 0.4739583333333333 0.16944444444444445 0.026041666666666668 0.046296296296296294
0 0.4942708333333333 0.17037037037037037 0.026041666666666668 0.046296296296296294
0 0.4328125 0.17314814814814813 0.026041666666666668 0.046296296296296294
0 0.46197916666666666 0.17592592592592593 0.026041666666666668 0.046296296296296294
0 0.44479166666666664 0.17962962962962964 0.026041666666666668 0.046296296296296294
0 0.45364583333333336 0.18518518518518517 0.026041666666666668 0.046296296296296294
0 0.475 0.19074074074074074 0.026041666666666668 0.046296296296296294
0 0.490625 0.19537037037037036 0.026041666666666668 0.046296296296296294
0 0.44114583333333335 0.20092592592592592 0.026041666666666668 0.046296296296296294
0 0.45729166666666665 0.20555555555555555 0.026041666666666668 0.046296296296296294
0 0.49583333333333335 0.2101851851851852 0.026041666666666668 0.046296296296296294
0 0.4869791666666667 0.21296296296296297 0.026041666666666668 0.046296296296296294
0 0.5057291666666667 0.22870370370370371 0.026041666666666668 0.046296296296296294
0 0.5109375 0.23148148148148148 0.026041666666666668 0.046296296296296294
0 0.41302083333333334 0.23703703703703705 0.026041666666666668 0.046296296296296294
0 0.47552083333333334 0.2361111111111111 0.026041666666666668 0.046296296296296294
0 0.4869791666666667 0.24259259259259258 0.026041666666666668 0.046296296296296294
0 0.4973958333333333 0.24444444444444444 0.026041666666666668 0.046296296296296294
0 0.5151041666666667 0.25462962962962965 0.026041666666666668 0.046296296296296294
0 0.49322916666666666 0.26851851851851855 0.026041666666666668 0.046296296296296294
0 0.5489583333333333 0.26851851851851855 0.026041666666666668 0.046296296296296294
0 0.4578125 0.2759259259259259 0.026041666666666668 0.046296296296296294
0 0.5057291666666667 0.2796296296296296 0.026041666666666668 0.046296296296296294
0 0.546875 0.2796296296296296 0.026041666666666668 0.046296296296296294
0 0.5229166666666667 0.2851851851851852 0.026041666666666668 0.046296296296296294
0 0.7083333333333334 0.28425925925925927 0.026041666666666668 0.046296296296296294
0 0.5411458333333333 0.2935185185185185 0.026041666666666668 0.046296296296296294
0 0.6864583333333333 0.29259259259259257 0.026041666666666668 0.046296296296296294
0 0.5036458333333333 0.30185185185185187 0.026041666666666668 0.046296296296296294
0 0.5161458333333333 0.30462962962962964 0.026041666666666668 0.046296296296296294
0 0.44166666666666665 0.3074074074074074 0.026041666666666668 0.046296296296296294
0 0.4739583333333333 0.30925925925925923 0.026041666666666668 0.046296296296296294
0 0.4203125 0.31666666666666665 0.026041666666666668 0.046296296296296294
0 0.45416666666666666 0.31666666666666665 0.026041666666666668 0.046296296296296294
0 0.4666666666666667 0.3175925925925926 0.026041666666666668 0.046296296296296294
0 0.4786458333333333 0.31666666666666665 0.026041666666666668 0.046296296296296294
0 0.4947916666666667 0.325 0.026041666666666668 0.046296296296296294
0 0.5291666666666667 0.325 0.026041666666666668 0.046296296296296294
0 0.44479166666666664 0.33055555555555555 0.026041666666666668 0.046296296296296294
4 0.4583333333333333 0.33425925925925926 0.026041666666666668 0.046296296296296294
0 0.5072916666666667 0.3314814814814815 0.026041666666666668 0.046296296296296294
4 0.41510416666666666 0.3388888888888889 0.026041666666666668 0.046296296296296294
4 0.4875 0.3398148148148148 0.026041666666666668 0.046296296296296294
4 0.453125 0.3472222222222222 0.026041666666666668 0.046296296296296294
4 0.4739583333333333 0.3453703703703704 0.026041666666666668 0.046296296296296294
4 0.5161458333333333 0.35 0.026041666666666668 0.046296296296296294
4 0.37447916666666664 0.35555555555555557 0.026041666666666668 0.046296296296296294
4 0.39479166666666665 0.35555555555555557 0.026041666666666668 0.046296296296296294
4 0.4036458333333333 0.35555555555555557 0.026041666666666668 0.046296296296296294
4 0.415625 0.35462962962962963 0.026041666666666668 0.046296296296296294
4 0.4453125 0.35185185185185186 0.026041666666666668 0.046296296296296294
4 0.37447916666666664 0.3638888888888889 0.026041666666666668 0.046296296296296294
4 0.3875 0.36574074074074076 0.026041666666666668 0.046296296296296294
4 0.4739583333333333 0.362962962962963 0.026041666666666668 0.046296296296296294
4 0.5036458333333333 0.3611111111111111 0.026041666666666668 0.046296296296296294
4 0.4 0.37407407407407406 0.026041666666666668 0.046296296296296294
4 0.46510416666666665 0.3712962962962963 0.026041666666666668 0.046296296296296294
3 0.6796875 0.3685185185185185 0.026041666666666668 0.046296296296296294
4 0.4114583333333333 0.38055555555555554 0.026041666666666668 0.046296296296296294
4 0.43697916666666664 0.3814814814814815 0.026041666666666668 0.046296296296296294
4 0.5151041666666667 0.37777777777777777 0.026041666666666668 0.046296296296296294
4 0.6505208333333333 0.37777777777777777 0.026041666666666668 0.046296296296296294
4 0.6541666666666667 0.3787037037037037 0.026041666666666668 0.046296296296296294
4 0.3828125 0.3861111111111111 0.026041666666666668 0.046296296296296294
4 0.39114583333333336 0.387037037037037 0.026041666666666668 0.046296296296296294
4 0.478125 0.387037037037037 0.026041666666666668 0.046296296296296294
4 0.5036458333333333 0.38425925925925924 0.026041666666666668 0.046296296296296294
4 0.37864583333333335 0.3962962962962963 0.026041666666666668 0.046296296296296294
4 0.39427083333333335 0.4027777777777778 0.026041666666666668 0.046296296296296294
4 0.40729166666666666 0.4027777777777778 0.026041666666666668 0.046296296296296294
4 0.4661458333333333 0.4027777777777778 0.026041666666666668 0.046296296296296294
4 0.5171875 0.4027777777777778 0.026041666666666668 0.046296296296296294
2 0.1875 0.4083333333333333 0.026041666666666668 0.046296296296296294
4 0.4453125 0.41203703703703703 0.026041666666666668 0.046296296296296294
2 0.16510416666666666 0.4185185185185185 0.026041666666666668 0.046296296296296294
4 0.428125 0.4166666666666667 0.026041666666666668 0.046296296296296294
4 0.6489583333333333 0.4166666666666667 0.026041666666666668 0.046296296296296294
4 0.4786458333333333 0.4212962962962963 0.026041666666666668 0.046296296296296294
4 0.51875 0.42407407407407405 0.026041666666666668 0.046296296296296294
4 0.6578125 0.43425925925925923 0.026041666666666668 0.046296296296296294
4 0.49114583333333334 0.4425925925925926 0.026041666666666668 0.046296296296296294
4 0.5026041666666666 0.4425925925925926 0.026041666666666668 0.046296296296296294
4 0.515625 0.44351851851851853 0.026041666666666668 0.046296296296296294
4 0.6541666666666667 0.44351851851851853 0.026041666666666668 0.046296296296296294
4 0.4078125 0.44907407407407407 0.026041666666666668 0.046296296296296294
4 0.5119791666666667 0.45 0.026041666666666668 0.046296296296296294
3 0.7083333333333334 0.44537037037037036 0.026041666666666668 0.046296296296296294
4 0.3963541666666667 0.45555555555555555 0.026041666666666668 0.046296296296296294
4 0.5239583333333333 0.4564814814814815 0.026041666666666668 0.046296296296296294
4 0.43072916666666666 0.46111111111111114 0.026041666666666668 0.046296296296296294
4 0.5078125 0.4675925925925926 0.026041666666666668 0.046296296296296294
4 0.4869791666666667 0.4675925925925926 0.026041666666666668 0.046296296296296294
4 0.5 0.4703703703703704 0.026041666666666668 0.046296296296296294
4 0.5322916666666667 0.48333333333333334 0.026041666666666668 0.046296296296296294
4 0.6119791666666666 0.4787037037037037 0.026041666666666668 0.046296296296296294
4 0.6286458333333333 0.4787037037037037 0.026041666666666668 0.046296296296296294
4 0.625 0.4898148148148148 0.026041666666666668 0.046296296296296294
4 0.6375 0.49537037037037035 0.026041666666666668 0.046296296296296294
3 0.6916666666666667 0.4962962962962963 0.026041666666666668 0.046296296296296294
4 0.41822916666666665 0.49722222222222223 0.026041666666666668 0.046296296296296294
4 0.5046875 0.5027777777777778 0.026041666666666668 0.046296296296296294
4 0.5244791666666667 0.5046296296296297 0.026041666666666668 0.046296296296296294
4 0.5291666666666667 0.5092592592592593 0.026041666666666668 0.046296296296296294
4 0.6114583333333333 0.5111111111111111 0.026041666666666668 0.046296296296296294
3 0.6911458333333333 0.5120370370370371 0.026041666666666668 0.046296296296296294
2 0.14375 0.5157407407407407 0.026041666666666668 0.046296296296296294
4 0.6234375 0.5259259259259259 0.026041666666666668 0.046296296296296294
4 0.6651041666666667 0.5212962962962963 0.026041666666666668 0.046296296296296294
4 0.5348958333333333 0.5342592592592592 0.026041666666666668 0.046296296296296294
3 0.71875 0.5305555555555556 0.026041666666666668 0.046296296296296294
4 0.640625 0.5527777777777778 0.026041666666666668 0.046296296296296294
4 0.5421875 0.5555555555555556 0.026041666666666668 0.046296296296296294
4 0.5661458333333333 0.5509259259259259 0.026041666666666668 0.046296296296296294
4 0.6317708333333333 0.5666666666666667 0.026041666666666668 0.046296296296296294
3 0.728125 0.5648148148148148 0.026041666666666668 0.046296296296296294
2 0.1921875 0.5768518518518518 0.026041666666666668 0.046296296296296294
3 0.7609375 0.5879629629629629 0.026041666666666668 0.046296296296296294
3 0.74375 0.600925925925926 0.026041666666666668 0.046296296296296294
3 0.728125 0.6212962962962963 0.026041666666666668 0.046296296296296294
3 0.7625 0.6259259259259259 0.026041666666666668 0.046296296296296294
4 0.39895833333333336 0.6277777777777778 0.026041666666666668 0.046296296296296294
4 0.5927083333333333 0.65 0.026041666666666668 0.046296296296296294
4 0.6447916666666667 0.6638888888888889 0.026041666666666668 0.046296296296296294
1 0.5609375 0.6675925925925926 0.026041666666666668 0.046296296296296294
1 0.7744791666666667 0.6712962962962963 0.026041666666666668 0.046296296296296294
1 0.43125 0.687037037037037 0.026041666666666668 0.046296296296296294
1 0.16875 0.712037037037037 0.026041666666666668 0.046296296296296294
1 0.5411458333333333 0.7185185185185186 0.026041666666666668 0.046296296296296294
1 0.8838541666666667 0.7453703703703703 0.026041666666666668 0.046296296296296294
1 0.47552083333333334 0.7546296296296297 0.026041666666666668 0.046296296296296294
1 0.5838541666666667 0.7962962962962963 0.026041666666666668 0.046296296296296294
1 0.8286458333333333 0.8398148148148148 0.026041666666666668 0.046296296296296294
1 0.9744791666666667 0.8472222222222222 0.026041666666666668 0.046296296296296294
1 0.9953125 0.8574074074074074 0.026041666666666668 0.046296296296296294
1 0.8255208333333334 0.8694444444444445 0.026041666666666668 0.046296296296296294
1 0.8161458333333333 0.9101851851851852 0.026041666666666668 0.046296296296296294
1 0.9604166666666667 0.9425925925925925 0.026041666666666668 0.046296296296296294
1 0.7255208333333333 0.950925925925926 0.026041666666666668 0.046296296296296294
1 0.6505208333333333 0.9685185185185186 0.026041666666666668 0.046296296296296294
1 0.9416666666666667 0.9944444444444445 0.026041666666666668 0.046296296296296294
1 0.2708333333333333 0.7481481481481481 0.026041666666666668 0.046296296296296294
2 0.20416666666666666 0.39814814814814814 0.026041666666666668 0.046296296296296294
1 0.86875 0.8111111111111111 0.026041666666666668 0.046296296296296294
1 0.71875 0.7351851851851852 0.026041666666666668 0.046296296296296294
3 0.6916666666666667 0.6351851851851852 0.026041666666666668 0.046296296296296294
1 0.659375 0.7037037037037037 0.026041666666666668 0.046296296296296294
3 0.753125 0.5685185185185185 0.026041666666666668 0.046296296296296294
3 0.7958333333333333 0.5185185185185185 0.026041666666666668 0.046296296296296294
1 0.7635416666666667 0.8407407407407408 0.026041666666666668 0.046296296296296294
1 0.7833333333333333 0.6925925925925925 0.026041666666666668 0.046296296296296294
4 0.4635416666666667 0.4703703703703704 0.026041666666666668 0.046296296296296294
