0 0.46979166666666666 0.11296296296296296 0.026041666666666668 0.046296296296296294
0 0.4635416666666667 0.12129629629629629 0.026041666666666668 0.046296296296296294
0 0.48333333333333334 0.1175925925925926 0.026041666666666668 0.046296296296296294
0 0.4890625 0.12037037037037036 0.026041666666666668 0.046296296296296294
0 0.4703125 0.1287037037037037 0.026041666666666668 0.046296296296296294
0 0.478125 0.12962962962962962 0.026041666666666668 0.046296296296296294
0 0.43854166666666666 0.13518518518518519 0.026041666666666668 0.046296296296296294
0 0.45 0.13796296296296295 0.026041666666666668 0.046296296296296294
0 0.4578125 0.13796296296296295 0.026041666666666668 0.046296296296296294
0 0.490625 0.13796296296296295 0.026041666666666668 0.046296296296296294
0 0.4713541666666667 0.14814814814814814 0.026041666666666668 0.046296296296296294
0 0.46197916666666666 0.1527777777777778 0.026041666666666668 0.046296296296296294
0 0.48333333333333334 0.15462962962962962 0.026041666666666668 0.046296296296296294
0 0.4625 0.1685185185185185 0.026041666666666668 0.046296296296296294
0 0.4317708333333333 0.17407407407407408 0.026041666666666668 0.046296296296296294
0 0.5083333333333333 0.17962962962962964 0.026041666666666668 0.046296296296296294
0 0.4921875 0.18888888888888888 0.026041666666666668 0.046296296296296294
0 0.4390625 0.2222222222222222 0.026041666666666668 0.046296296296296294
0 0.5145833333333333 0.23055555555555557 0.026041666666666668 0.046296296296296294
0 0.45729166666666665 0.23425925925925925 0.026041666666666668 0.046296296296296294
0 0.4713541666666667 0.23703703703703705 0.026041666666666668 0.046296296296296294
0 0.45625 0.24351851851851852 0.026041666666666668 0.046296296296296294
0 0.5083333333333333 0.27685185185185185 0.026041666666666668 0.046296296296296294
0 0.5151041666666667 0.2777777777777778 0.026041666666666668 0.046296296296296294
0 0.5338541666666666 0.2759259259259259 0.026041666666666668 0.046296296296296294
0 0.5447916666666667 0.2777777777777778 0.026041666666666668 0.046296296296296294
0 0.45729166666666665 0.2935185185185185 0.026041666666666668 0.046296296296296294
0 0.6911458333333333 0.29074074074074074 0.026041666666666668 0.046296296296296294
0 0.45 0.30092592592592593 0.026041666666666668 0.046296296296296294
0 0.48333333333333334 0.2972222222222222 0.026041666666666668 0.046296296296296294
0 0.49375 0.2962962962962963 0.026041666666666668 0.046296296296296294
0 0.5067708333333333 0.30277777777777776 0.026041666666666668 0.046296296296296294
0 0.42291666666666666 0.30648148148148147 0.026041666666666668 0.046296296296296294
0 0.5411458333333333 0.3101851851851852 0.026041666666666668 0.046296296296296294
0 0.7 0.31203703703703706 0.026041666666666668 0.046296296296296294
0 0.4171875 0.3148148148148148 0.026041666666666668 0.046296296296296294
0 0.4234375 0.31666666666666665 0.026041666666666668 0.046296296296296294
0 0.49895833333333334 0.31296296296296294 0.026041666666666668 0.046296296296296294
0 0.515625 0.3148148148148148 0.026041666666666668 0.046296296296296294
0 0.48333333333333334 0.32407407407407407 0.026041666666666668 0.046296296296296294
0 0.44427083333333334 0.33240740740740743 0.026041666666666668 0.046296296296296294
0 0.4609375 0.33240740740740743 0.026041666666666668 0.046296296296296294
0 0.5 0.3296296296296296 0.026041666666666668 0.046296296296296294
4 0.5104166666666666 0.3333333333333333 0.026041666666666668 0.046296296296296294
0 0.55 0.3314814814814815 0.026041666666666668 0.046296296296296294
4 0.45260416666666664 0.33796296296296297 0.026041666666666668 0.046296296296296294
4 0.471875 0.33796296296296297 0.026041666666666668 0.046296296296296294
4 0.48333333333333334 0.337037037037037 0.026041666666666668 0.046296296296296294
4 0.503125 0.34074074074074073 0.026041666666666668 0.046296296296296294
4 0.428125 0.3435185185185185 0.026041666666666668 0.046296296296296294
4 0.44479166666666664 0.3453703703703704 0.026041666666666668 0.046296296296296294
4 0.3796875 0.3537037037037037 0.026041666666666668 0.046296296296296294
4 0.4119791666666667 0.35555555555555557 0.026041666666666668 0.046296296296296294
4 0.4578125 0.3537037037037037 0.026041666666666668 0.046296296296296294
4 0.5072916666666667 0.35648148148148145 0.026041666666666668 0.046296296296296294
4 0.465625 0.36203703703703705 0.026041666666666668 0.046296296296296294
4 0.4119791666666667 0.37592592592592594 0.026041666666666668 0.046296296296296294
4 0.515625 0.38055555555555554 0.026041666666666668 0.046296296296296294
4 0.65 0.3787037037037037 0.026041666666666668 0.046296296296296294
4 0.3848958333333333 0.38333333333333336 0.026041666666666668 0.046296296296296294
4 0.4317708333333333 0.3925925925925926 0.026041666666666668 0.046296296296296294
4 0.4947916666666667 0.39351851851851855 0.026041666666666668 0.046296296296296294
4 0.5067708333333333 0.3962962962962963 0.026041666666666668 0.046296296296296294
4 0.6588541666666666 0.39166666666666666 0.026041666666666668 0.046296296296296294
4 0.6505208333333333 0.3990740740740741 0.026041666666666668 0.046296296296296294
4 0.6552083333333333 0.4101851851851852 0.026041666666666668 0.046296296296296294
3 0.6671875 0.4101851851851852 0.026041666666666668 0.046296296296296294
2 0.175 0.4203703703703704 0.026041666666666668 0.046296296296296294
2 0.2 0.41574074074074074 0.026041666666666668 0.046296296296296294
4 0.4244791666666667 0.43148148148148147 0.026041666666666668 0.046296296296296294
4 0.6541666666666667 0.43333333333333335 0.026041666666666668 0.046296296296296294
4 0.6614583333333334 0.43425925925925923 0.026041666666666668 0.046296296296296294
3 0.6901041666666666 0.4287037037037037 0.026041666666666668 0.046296296296296294
4 0.41770833333333335 0.4444444444444444 0.026041666666666668 0.046296296296296294
4 0.5078125 0.4398148148148148 0.026041666666666668 0.046296296296296294
4 0.5192708333333333 0.44166666666666665 0.026041666666666668 0.046296296296296294
3 0.6703125 0.43796296296296294 0.026041666666666668 0.046296296296296294
3 0.7114583333333333 0.4398148148148148 0.026041666666666668 0.046296296296296294
3 0.7052083333333333 0.45 0.026041666666666668 0.046296296296296294
4 0.3828125 0.45740740740740743 0.026041666666666668 0.046296296296296294
4 0.5276041666666667 0.45555555555555555 0.026041666666666668 0.046296296296296294
4 0.6520833333333333 0.4564814814814815 0.026041666666666668 0.046296296296296294
4 0.5161458333333333 0.46296296296296297 0.026041666666666668 0.046296296296296294
3 0.678125 0.4666666666666667 0.026041666666666668 0.046296296296296294
4 0.6536458333333334 0.4703703703703704 0.026041666666666668 0.046296296296296294
3 0.6869791666666667 0.4722222222222222 0.026041666666666668 0.046296296296296294
4 0.5 0.48055555555555557 0.026041666666666668 0.046296296296296294
4 0.5213541666666667 0.47962962962962963 0.026041666666666668 0.046296296296296294
4 0.6119791666666666 0.4824074074074074 0.026041666666666668 0.046296296296296294
4 0.6375 0.47962962962962963 0.026041666666666668 0.046296296296296294
3 0.6786458333333333 0.4888888888888889 0.026041666666666668 0.046296296296296294
4 0.6083333333333333 0.49722222222222223 0.026041666666666668 0.046296296296296294
3 0.6963541666666667 0.4962962962962963 0.026041666666666668 0.046296296296296294
4 0.3984375 0.5037037037037037 0.026041666666666668 0.046296296296296294
4 0.6625 0.5046296296296297 0.026041666666666668 0.046296296296296294
4 0.5067708333333333 0.5101851851851852 0.026041666666666668 0.046296296296296294
4 0.596875 0.5083333333333333 0.026041666666666668 0.046296296296296294
4 0.6026041666666667 0.512962962962963 0.026041666666666668 0.046296296296296294
4 0.4328125 0.5175925925925926 0.026041666666666668 0.046296296296296294
4 0.4588541666666667 0.525 0.026041666666666668 0.046296296296296294
4 0.403125 0.5333333333333333 0.026041666666666668 0.046296296296296294
4 0.6234375 0.5324074074074074 0.026041666666666668 0.046296296296296294
3 0.6739583333333333 0.5351851851851852 0.026041666666666668 0.046296296296296294
3 0.6984375 0.5324074074074074 0.026041666666666668 0.046296296296296294
4 0.5171875 0.5435185185185185 0.026041666666666668 0.046296296296296294
4 0.6364583333333333 0.5574074074074075 0.026041666666666668 0.046296296296296294
3 0.73125 0.5555555555555556 0.026041666666666668 0.046296296296296294
4 0.6078125 0.5675925925925925 0.026041666666666668 0.046296296296296294
4 0.6661458333333333 0.5675925925925925 0.026041666666666668 0.046296296296296294
4 0.603125 0.5824074074074074 0.026041666666666668 0.046296296296296294
4 0.6604166666666667 0.5898148148148148 0.026041666666666668 0.046296296296296294
4 0.5057291666666667 0.5953703703703703 0.026041666666666668 0.046296296296296294
4 0.5328125 0.6064814814814815 0.026041666666666668 0.046296296296296294
4 0.6088541666666667 0.6027777777777777 0.026041666666666668 0.046296296296296294
4 0.6536458333333334 0.6148148148148148 0.026041666666666668 0.046296296296296294
3 0.759375 0.6175925925925926 0.026041666666666668 0.046296296296296294
2 0.21510416666666668 0.6314814814814815 0.026041666666666668 0.046296296296296294
4 0.5010416666666667 0.6296296296296297 0.026041666666666668 0.046296296296296294
4 0.5489583333333333 0.6398148148148148 0.026041666666666668 0.046296296296296294
4 0.625 0.6425925925925926 0.026041666666666668 0.046296296296296294
3 0.6880208333333333 0.6416666666666667 0.026041666666666668 0.046296296296296294
4 0.640625 0.6481481481481481 0.026041666666666668 0.046296296296296294
1 0.4786458333333333 0.675 0.026041666666666668 0.046296296296296294
1 0.7208333333333333 0.7037037037037037 0.026041666666666668 0.046296296296296294
1 0.16979166666666667 0.7361111111111112 0.026041666666666668 0.046296296296296294
1 0.8822916666666667 0.7537037037037037 0.026041666666666668 0.046296296296296294
1 0.9104166666666667 0.7601851851851852 0.026041666666666668 0.046296296296296294
1 0.37916666666666665 0.7787037037037037 0.026041666666666668 0.046296296296296294
1 0.8270833333333333 0.8416666666666667 0.026041666666666668 0.046296296296296294
1 0.8755208333333333 0.8342592592592593 0.026041666666666668 0.046296296296296294
1 0.521875 0.8472222222222222 0.026041666666666668 0.046296296296296294
1 0.7713541666666667 0.8472222222222222 0.026041666666666668 0.046296296296296294
1 0.3958333333333333 0.8712962962962963 0.026041666666666668 0.046296296296296294
1 0.43802083333333336 0.8981481481481481 0.026041666666666668 0.046296296296296294
1 0.4661458333333333 0.9138888888888889 0.026041666666666668 0.046296296296296294
1 0.8447916666666667 0.9092592592592592 0.026041666666666668 0.046296296296296294
1 0.1203125 0.9287037037037037 0.026041666666666668 0.046296296296296294
1 0.2390625 0.924074074074074 0.026041666666666668 0.046296296296296294
1 0.8119791666666667 0.9314814814814815 0.026041666666666668 0.046296296296296294
1 0.26666666666666666 0.9333333333333333 0.026041666666666668 0.046296296296296294
1 0.04479166666666667 0.9675925925925926 0.026041666666666668 0.046296296296296294
1 0.27447916666666666 0.9657407407407408 0.026041666666666668 0.046296296296296294
1 0.16354166666666667 0.8092592592592592 0.026041666666666668 0.046296296296296294
1 0.16770833333333332 0.7703703703703704 0.026041666666666668 0.046296296296296294
2 0.175 0.4703703703703704 0.026041666666666668 0.046296296296296294
2 0.21770833333333334 0.40555555555555556 0.026041666666666668 0.046296296296296294
1 0.6541666666666667 0.9259259259259259 0.026041666666666668 0.046296296296296294
1 0.6885416666666667 0.9148148148148149 0.026041666666666668 0.046296296296296294
1 0.8322916666666667 0.7574074074074074 0.026041666666666668 0.046296296296296294
1 0.871875 0.9574074074074074 0.026041666666666668 0.046296296296296294
1 0.9791666666666666 0.9629629629629629 0.026041666666666668 0.046296296296296294
3 0.7083333333333334 0.6537037037037037 0.026041666666666668 0.046296296296296294
3 0.7572916666666667 0.562962962962963 0.026041666666666668 0.046296296296296294
1 0.7770833333333333 0.6796296296296296 0.026041666666666668 0.046296296296296294
3 0.7635416666666667 0.6388888888888888 0.026041666666666668 0.046296296296296294
3 0.7729166666666667 0.587037037037037 0.026041666666666668 0.046296296296296294
0 0.7072916666666667 0.32037037037037036 0.026041666666666668 0.046296296296296294
4 0.6395833333333333 0.5888888888888889 0.026041666666666668 0.046296296296296294
4 0.578125 0.6351851851851852 0.026041666666666668 0.046296296296296294
4 0.4583333333333333 0.5481481481481482 0.026041666666666668 0.046296296296296294
4 0.40729166666666666 0.5777777777777777 0.026041666666666668 0.046296296296296294
4 0.484375 0.43148148148148147 0.026041666666666668 0.046296296296296294
1 0.70625 0.7703703703703704 0.026041666666666668 0.046296296296296294
