0 0.46979166666666666 0.09444444444444444 0.026041666666666668 0.046296296296296294
0 0.4791666666666667 0.0962962962962963 0.026041666666666668 0.046296296296296294
0 0.4817708333333333 0.1037037037037037 0.026041666666666668 0.046296296296296294
0 0.4869791666666667 0.10462962962962963 0.026041666666666668 0.046296296296296294
0 0.46979166666666666 0.11296296296296296 0.026041666666666668 0.046296296296296294
0 0.49166666666666664 0.12129629629629629 0.026041666666666668 0.046296296296296294
0 0.4713541666666667 0.1259259259259259 0.026041666666666668 0.046296296296296294
0 0.4609375 0.1361111111111111 0.026041666666666668 0.046296296296296294
0 0.496875 0.13796296296296295 0.026041666666666668 0.046296296296296294
0 0.475 0.14537037037037037 0.026041666666666668 0.046296296296296294
0 0.4625 0.15 0.026041666666666668 0.046296296296296294
0 0.475 0.16018518518518518 0.026041666666666668 0.046296296296296294
0 0.475 0.17592592592592593 0.026041666666666668 0.046296296296296294
0 0.4869791666666667 0.175 0.026041666666666668 0.046296296296296294
0 0.515625 0.18333333333333332 0.026041666666666668 0.046296296296296294
0 0.4505208333333333 0.19074074074074074 0.026041666666666668 0.046296296296296294
0 0.4625 0.19074074074074074 0.026041666666666668 0.046296296296296294
0 0.4734375 0.20092592592592592 0.026041666666666668 0.046296296296296294
0 0.4901041666666667 0.20555555555555555 0.026041666666666668 0.046296296296296294
0 0.4484375 0.2111111111111111 0.026041666666666668 0.046296296296296294
0 0.4197916666666667 0.2388888888888889 0.026041666666666668 0.046296296296296294
0 0.46927083333333336 0.2361111111111111 0.026041666666666668 0.046296296296296294
0 0.4359375 0.24444444444444444 0.026041666666666668 0.046296296296296294
0 0.4875 0.24722222222222223 0.026041666666666668 0.046296296296296294
0 0.5114583333333333 0.24537037037037038 0.026041666666666668 0.046296296296296294
0 0.4796875 0.25462962962962965 0.026041666666666668 0.046296296296296294
0 0.5 0.2537037037037037 0.026041666666666668 0.046296296296296294
0 0.46197916666666666 0.26481481481481484 0.026041666666666668 0.046296296296296294
0 0.5026041666666666 0.26481481481481484 0.026041666666666668 0.046296296296296294
0 0.7026041666666667 0.2601851851851852 0.026041666666666668 0.046296296296296294
0 0.4947916666666667 0.26944444444444443 0.026041666666666668 0.046296296296296294
0 0.4583333333333333 0.28055555555555556 0.026041666666666668 0.046296296296296294
0 0.5036458333333333 0.2759259259259259 0.026041666666666668 0.046296296296296294
0 0.5161458333333333 0.28703703703703703 0.026041666666666668 0.046296296296296294
0 0.440625 0.29259259259259257 0.026041666666666668 0.046296296296296294
0 0.4588541666666667 0.29074074074074074 0.026041666666666668 0.046296296296296294
0 0.465625 0.3 0.026041666666666668 0.046296296296296294
0 0.47760416666666666 0.3 0.026041666666666668 0.046296296296296294
0 0.5125 0.3037037037037037 0.026041666666666668 0.046296296296296294
0 0.5333333333333333 0.30185185185185187 0.026041666666666668 0.046296296296296294
0 0.5380208333333333 0.30277777777777776 0.026041666666666668 0.046296296296296294
0 0.44114583333333335 0.3074074074074074 0.026041666666666668 0.046296296296296294
0 0.4583333333333333 0.30833333333333335 0.026041666666666668 0.046296296296296294
0 0.5078125 0.31851851851851853 0.026041666666666668 0.046296296296296294
0 0.5286458333333334 0.32592592592592595 0.026041666666666668 0.046296296296296294
0 0.4322916666666667 0.3314814814814815 0.026041666666666668 0.046296296296296294
0 0.44375 0.3296296296296296 0.026041666666666668 0.046296296296296294
0 0.46041666666666664 0.3314814814814815 0.026041666666666668 0.046296296296296294
0 0.5114583333333333 0.3314814814814815 0.026041666666666668 0.046296296296296294
4 0.415625 0.34444444444444444 0.026041666666666668 0.046296296296296294
4 0.42604166666666665 0.3472222222222222 0.026041666666666668 0.046296296296296294
4 0.4546875 0.3509259259259259 0.026041666666666668 0.046296296296296294
4 0.5 0.34629629629629627 0.026041666666666668 0.046296296296296294
4 0.6661458333333333 0.3453703703703704 0.026041666666666668 0.046296296296296294
4 0.39947916666666666 0.35648148148148145 0.026041666666666668 0.046296296296296294
4 0.4328125 0.35462962962962963 0.026041666666666668 0.046296296296296294
4 0.4453125 0.35555555555555557 0.026041666666666668 0.046296296296296294
4 0.5119791666666667 0.35462962962962963 0.026041666666666668 0.046296296296296294
4 0.42083333333333334 0.3648148148148148 0.026041666666666668 0.046296296296296294
4 0.4036458333333333 0.3712962962962963 0.026041666666666668 0.046296296296296294
4 0.39427083333333335 0.3814814814814815 0.026041666666666668 0.046296296296296294
4 0.4166666666666667 0.3787037037037037 0.026041666666666668 0.046296296296296294
4 0.4234375 0.38055555555555554 0.026041666666666668 0.046296296296296294
4 0.503125 0.37777777777777777 0.026041666666666668 0.046296296296296294
2 0.2125 0.39166666666666666 0.026041666666666668 0.046296296296296294
4 0.3734375 0.39444444444444443 0.026041666666666668 0.046296296296296294
4 0.40677083333333336 0.3962962962962963 0.026041666666666668 0.046296296296296294
4 0.4203125 0.40370370370370373 0.026041666666666668 0.046296296296296294
4 0.45989583333333334 0.4 0.026041666666666668 0.046296296296296294
4 0.5109375 0.39814814814814814 0.026041666666666668 0.046296296296296294
4 0.521875 0.4027777777777778 0.026041666666666668 0.046296296296296294
4 0.6546875 0.4027777777777778 0.026041666666666668 0.046296296296296294
2 0.1953125 0.4074074074074074 0.026041666666666668 0.046296296296296294
4 0.3875 0.40925925925925927 0.026041666666666668 0.046296296296296294
4 0.41302083333333334 0.41203703703703703 0.026041666666666668 0.046296296296296294
4 0.5171875 0.412962962962963 0.026041666666666668 0.046296296296296294
4 0.3734375 0.4148148148148148 0.026041666666666668 0.046296296296296294
4 0.39895833333333336 0.4166666666666667 0.026041666666666668 0.046296296296296294
4 0.6489583333333333 0.4203703703703704 0.026041666666666668 0.046296296296296294
4 0.38229166666666664 0.42592592592592593 0.026041666666666668 0.046296296296296294
4 0.43333333333333335 0.42592592592592593 0.026041666666666668 0.046296296296296294
4 0.41041666666666665 0.43425925925925923 0.026041666666666668 0.046296296296296294
4 0.47760416666666666 0.4324074074074074 0.026041666666666668 0.046296296296296294
4 0.5083333333333333 0.43425925925925923 0.026041666666666668 0.046296296296296294
4 0.5208333333333334 0.43425925925925923 0.026041666666666668 0.046296296296296294
4 0.6494791666666667 0.43148148148148147 0.026041666666666668 0.046296296296296294
4 0.39947916666666666 0.43796296296296294 0.026041666666666668 0.046296296296296294
4 0.4578125 0.44166666666666665 0.026041666666666668 0.046296296296296294
4 0.4734375 0.44166666666666665 0.026041666666666668 0.046296296296296294
3 0.6869791666666667 0.43796296296296294 0.026041666666666668 0.046296296296296294
3 0.70625 0.4388888888888889 0.026041666666666668 0.046296296296296294
4 0.3875 0.44907407407407407 0.026041666666666668 0.046296296296296294
4 0.4078125 0.44814814814814813 0.026041666666666668 0.046296296296296294
4 0.525 0.45185185185185184 0.026041666666666668 0.046296296296296294
4 0.6598958333333333 0.44814814814814813 0.026041666666666668 0.046296296296296294
3 0.675 0.4546296296296296 0.026041666666666668 0.046296296296296294
4 0.5197916666666667 0.4666666666666667 0.026041666666666668 0.046296296296296294
3 0.6854166666666667 0.45925925925925926 0.026041666666666668 0.046296296296296294
4 0.38333333333333336 0.475 0.026041666666666668 0.046296296296296294
4 0.5119791666666667 0.4740740740740741 0.026041666666666668 0.046296296296296294
4 0.378125 0.4824074074074074 0.026041666666666668 0.046296296296296294
4 0.6197916666666666 0.4777777777777778 0.026041666666666668 0.046296296296296294
3 0.6947916666666667 0.4787037037037037 0.026041666666666668 0.046296296296296294
4 0.5078125 0.4898148148148148 0.026041666666666668 0.046296296296296294
3 0.6739583333333333 0.4888888888888889 0.026041666666666668 0.046296296296296294
4 0.5989583333333334 0.4935185185185185 0.026041666666666668 0.046296296296296294
4 0.51875 0.5 0.026041666666666668 0.046296296296296294
4 0.6286458333333333 0.5009259259259259 0.026041666666666668 0.046296296296296294
3 0.6958333333333333 0.5018518518518519 0.026041666666666668 0.046296296296296294
4 0.6354166666666666 0.5120370370370371 0.026041666666666668 0.046296296296296294
3 0.7505208333333333 0.5101851851851852 0.026041666666666668 0.046296296296296294
4 0.38333333333333336 0.5203703703703704 0.026041666666666668 0.046296296296296294
4 0.4661458333333333 0.5166666666666667 0.026041666666666668 0.046296296296296294
4 0.53125 0.5092592592592593 0.026041666666666668 0.046296296296296294
4 0.6291666666666667 0.5175925925925926 0.026041666666666668 0.046296296296296294
4 0.6645833333333333 0.524074074074074 0.026041666666666668 0.046296296296296294
4 0.48541666666666666 0.5296296296296297 0.026041666666666668 0.046296296296296294
4 0.5453125 0.5287037037037037 0.026041666666666668 0.046296296296296294
3 0.7197916666666667 0.5351851851851852 0.026041666666666668 0.046296296296296294
4 0.6020833333333333 0.5398148148148149 0.026041666666666668 0.046296296296296294
4 0.6276041666666666 0.5462962962962963 0.026041666666666668 0.046296296296296294
4 0.5520833333333334 0.549074074074074 0.026041666666666668 0.046296296296296294
4 0.5609375 0.562962962962963 0.026041666666666668 0.046296296296296294
4 0.4234375 0.5796296296296296 0.026041666666666668 0.046296296296296294
4 0.459375 0.5805555555555556 0.026041666666666668 0.046296296296296294
4 0.6322916666666667 0.575 0.026041666666666668 0.046296296296296294
3 0.7036458333333333 0.5879629629629629 0.026041666666666668 0.046296296296296294
3 0.7708333333333334 0.5907407407407408 0.026041666666666668 0.046296296296296294
4 0.39479166666666665 0.5972222222222222 0.026041666666666668 0.046296296296296294
4 0.5296875 0.6212962962962963 0.026041666666666668 0.046296296296296294
4 0.6052083333333333 0.6277777777777778 0.026041666666666668 0.046296296296296294
4 0.41770833333333335 0.6351851851851852 0.026041666666666668 0.046296296296296294
4 0.6005208333333333 0.6435185185185185 0.026041666666666668 0.046296296296296294
4 0.5588541666666667 0.6592592592592592 0.026041666666666668 0.046296296296296294
3 0.7369791666666666 0.6564814814814814 0.026041666666666668 0.046296296296296294
1 0.4244791666666667 0.6805555555555556 0.026041666666666668 0.046296296296296294
1 0.7661458333333333 0.6824074074074075 0.026041666666666668 0.046296296296296294
1 0.8854166666666666 0.7398148148148148 0.026041666666666668 0.046296296296296294
1 0.6557291666666667 0.8092592592592592 0.026041666666666668 0.046296296296296294
1 0.0067708333333333336 0.8231481481481482 0.026041666666666668 0.046296296296296294
1 0.8296875 0.8305555555555556 0.026041666666666668 0.046296296296296294
1 0.37604166666666666 0.8324074074074074 0.026041666666666668 0.046296296296296294
1 0.9791666666666666 0.8472222222222222 0.026041666666666668 0.046296296296296294
1 0.3380208333333333 0.8796296296296297 0.026041666666666668 0.046296296296296294
1 0.746875 0.8740740740740741 0.026041666666666668 0.046296296296296294
1 0.6208333333333333 0.9175925925925926 0.026041666666666668 0.046296296296296294
1 0.6578125 0.9222222222222223 0.026041666666666668 0.046296296296296294
1 0.8182291666666667 0.9175925925925926 0.026041666666666668 0.046296296296296294
1 0.8796875 0.9083333333333333 0.026041666666666668 0.046296296296296294
1 0.40208333333333335 0.924074074074074 0.026041666666666668 0.046296296296296294
1 0.9927083333333333 0.8648148148148148 0.026041666666666668 0.046296296296296294
1 0.9625 0.9444444444444444 0.026041666666666668 0.046296296296296294
3 0.7552083333333334 0.6277777777777778 0.026041666666666668 0.046296296296296294
4 0.48854166666666665 0.5611111111111111 0.026041666666666668 0.046296296296296294
4 0.44166666666666665 0.4981481481481482 0.026041666666666668 0.046296296296296294
4 0.49375 0.6055555555555555 0.026041666666666668 0.046296296296296294
4 0.5916666666666667 0.5611111111111111 0.026041666666666668 0.046296296296296294
4 0.41041666666666665 0.4888888888888889 0.026041666666666668 0.046296296296296294
4 0.403125 0.5166666666666667 0.026041666666666668 0.046296296296296294
2 0.16979166666666667 0.42962962962962964 0.026041666666666668 0.046296296296296294
