0 0.4708333333333333 0.09444444444444444 0.026041666666666668 0.046296296296296294
0 0.4786458333333333 0.09814814814814815 0.026041666666666668 0.046296296296296294
0 0.4828125 0.10648148148148148 0.026041666666666668 0.046296296296296294
0 0.46979166666666666 0.11481481481481481 0.026041666666666668 0.046296296296296294
0 0.4895833333333333 0.12962962962962962 0.026041666666666668 0.046296296296296294
0 0.45416666666666666 0.13333333333333333 0.026041666666666668 0.046296296296296294
0 0.46145833333333336 0.13518518518518519 0.026041666666666668 0.046296296296296294
0 0.4901041666666667 0.1388888888888889 0.026041666666666668 0.046296296296296294
0 0.471875 0.14444444444444443 0.026041666666666668 0.046296296296296294
0 0.4588541666666667 0.15092592592592594 0.026041666666666668 0.046296296296296294
0 0.4671875 0.1527777777777778 0.026041666666666668 0.046296296296296294
0 0.4786458333333333 0.15185185185185185 0.026041666666666668 0.046296296296296294
0 0.4744791666666667 0.16111111111111112 0.026041666666666668 0.046296296296296294
0 0.4942708333333333 0.16018518518518518 0.026041666666666668 0.046296296296296294
0 0.440625 0.17407407407407408 0.026041666666666668 0.046296296296296294
0 0.4609375 0.18333333333333332 0.026041666666666668 0.046296296296296294
0 0.47239583333333335 0.19074074074074074 0.026041666666666668 0.046296296296296294
0 0.43697916666666664 0.21481481481481482 0.026041666666666668 0.046296296296296294
0 0.4942708333333333 0.22407407407407406 0.026041666666666668 0.046296296296296294
0 0.5109375 0.2222222222222222 0.026041666666666668 0.046296296296296294
0 0.478125 0.2324074074074074 0.026041666666666668 0.046296296296296294
0 0.5067708333333333 0.2324074074074074 0.026041666666666668 0.046296296296296294
0 0.42083333333333334 0.2361111111111111 0.026041666666666668 0.046296296296296294
0 0.49947916666666664 0.24074074074074073 0.026041666666666668 0.046296296296296294
0 0.415625 0.24814814814814815 0.026041666666666668 0.046296296296296294
0 0.48541666666666666 0.24444444444444444 0.026041666666666668 0.046296296296296294
0 0.5151041666666667 0.24722222222222223 0.026041666666666668 0.046296296296296294
0 0.49583333333333335 0.262037037037037 0.026041666666666668 0.046296296296296294
0 0.465625 0.26851851851851855 0.026041666666666668 0.046296296296296294
0 0.503125 0.2712962962962963 0.026041666666666668 0.046296296296296294
0 0.43697916666666664 0.2796296296296296 0.026041666666666668 0.046296296296296294
0 0.45208333333333334 0.2759259259259259 0.026041666666666668 0.046296296296296294
0 0.5083333333333333 0.29259259259259257 0.026041666666666668 0.046296296296296294
0 0.4453125 0.30092592592592593 0.026041666666666668 0.046296296296296294
0 0.4328125 0.3111111111111111 0.026041666666666668 0.046296296296296294
0 0.453125 0.30833333333333335 0.026041666666666668 0.046296296296296294
0 0.5 0.30925925925925923 0.026041666666666668 0.046296296296296294
0 0.5286458333333334 0.3074074074074074 0.026041666666666668 0.046296296296296294
0 0.5369791666666667 0.30925925925925923 0.026041666666666668 0.046296296296296294
0 0.6567708333333333 0.30648148148148147 0.026041666666666668 0.046296296296296294
0 0.44166666666666665 0.3148148148148148 0.026041666666666668 0.046296296296296294
0 0.5421875 0.31666666666666665 0.026041666666666668 0.046296296296296294
0 0.55 0.31666666666666665 0.026041666666666668 0.046296296296296294
0 0.5203125 0.32685185185185184 0.026041666666666668 0.046296296296296294
4 0.42916666666666664 0.3351851851851852 0.026041666666666668 0.046296296296296294
0 0.44427083333333334 0.33240740740740743 0.026041666666666668 0.046296296296296294
0 0.45677083333333335 0.33240740740740743 0.026041666666666668 0.046296296296296294
4 0.5161458333333333 0.3333333333333333 0.026041666666666668 0.046296296296296294
4 0.4125 0.3388888888888889 0.026041666666666668 0.046296296296296294
4 0.4203125 0.3416666666666667 0.026041666666666668 0.046296296296296294
4 0.4744791666666667 0.34074074074074073 0.026041666666666668 0.046296296296296294
4 0.4453125 0.3453703703703704 0.026041666666666668 0.046296296296296294
4 0.5098958333333333 0.3490740740740741 0.026041666666666668 0.046296296296296294
4 0.39114583333333336 0.35555555555555557 0.026041666666666668 0.046296296296296294
4 0.3953125 0.35462962962962963 0.026041666666666668 0.046296296296296294
4 0.40260416666666665 0.35555555555555557 0.026041666666666668 0.046296296296296294
4 0.4583333333333333 0.35555555555555557 0.026041666666666668 0.046296296296296294
4 0.4796875 0.35555555555555557 0.026041666666666668 0.046296296296296294
4 0.4942708333333333 0.35185185185185186 0.026041666666666668 0.046296296296296294
4 0.5020833333333333 0.35648148148148145 0.026041666666666668 0.046296296296296294
4 0.37447916666666664 0.3648148148148148 0.026041666666666668 0.046296296296296294
4 0.3875 0.36666666666666664 0.026041666666666668 0.046296296296296294
4 0.43333333333333335 0.3611111111111111 0.026041666666666668 0.046296296296296294
4 0.40729166666666666 0.36944444444444446 0.026041666666666668 0.046296296296296294
4 0.4192708333333333 0.3685185185185185 0.026041666666666668 0.046296296296296294
4 0.5041666666666667 0.3731481481481482 0.026041666666666668 0.046296296296296294
3 0.6770833333333334 0.36018518518518516 0.026041666666666668 0.046296296296296294
4 0.43645833333333334 0.38055555555555554 0.026041666666666668 0.046296296296296294
4 0.49635416666666665 0.3787037037037037 0.026041666666666668 0.046296296296296294
4 0.4125 0.387037037037037 0.026041666666666668 0.046296296296296294
4 0.4197916666666667 0.387037037037037 0.026041666666666668 0.046296296296296294
4 0.46927083333333336 0.38981481481481484 0.026041666666666668 0.046296296296296294
4 0.5161458333333333 0.39444444444444443 0.026041666666666668 0.046296296296296294
4 0.65 0.3925925925925926 0.026041666666666668 0.046296296296296294
4 0.38177083333333334 0.40370370370370373 0.026041666666666668 0.046296296296296294
4 0.5 0.4027777777777778 0.026041666666666668 0.046296296296296294
4 0.5072916666666667 0.4046296296296296 0.026041666666666668 0.046296296296296294
2 0.19427083333333334 0.4074074074074074 0.026041666666666668 0.046296296296296294
4 0.4114583333333333 0.4101851851851852 0.026041666666666668 0.046296296296296294
4 0.6546875 0.4111111111111111 0.026041666666666668 0.046296296296296294
2 0.16927083333333334 0.4148148148148148 0.026041666666666668 0.046296296296296294
4 0.3953125 0.4185185185185185 0.026041666666666668 0.046296296296296294
4 0.490625 0.4166666666666667 0.026041666666666668 0.046296296296296294
4 0.6552083333333333 0.4185185185185185 0.026041666666666668 0.046296296296296294
4 0.4739583333333333 0.425 0.026041666666666668 0.046296296296296294
4 0.5072916666666667 0.42592592592592593 0.026041666666666668 0.046296296296296294
4 0.475 0.4388888888888889 0.026041666666666668 0.046296296296296294
4 0.5067708333333333 0.44351851851851853 0.026041666666666668 0.046296296296296294
4 0.659375 0.4388888888888889 0.026041666666666668 0.046296296296296294
3 0.70625 0.4398148148148148 0.026041666666666668 0.046296296296296294
4 0.4317708333333333 0.45 0.026041666666666668 0.046296296296296294
4 0.4947916666666667 0.45092592592592595 0.026041666666666668 0.046296296296296294
4 0.5244791666666667 0.45 0.026041666666666668 0.046296296296296294
4 0.4265625 0.45740740740740743 0.026041666666666668 0.046296296296296294
3 0.6875 0.45555555555555555 0.026041666666666668 0.046296296296296294
4 0.6625 0.46296296296296297 0.026041666666666668 0.046296296296296294
4 0.48125 0.47129629629629627 0.026041666666666668 0.046296296296296294
4 0.5067708333333333 0.4703703703703704 0.026041666666666668 0.046296296296296294
3 0.6833333333333333 0.4740740740740741 0.026041666666666668 0.046296296296296294
2 0.2203125 0.4777777777777778 0.026041666666666668 0.046296296296296294
4 0.5244791666666667 0.4824074074074074 0.026041666666666668 0.046296296296296294
4 0.5197916666666667 0.4888888888888889 0.026041666666666668 0.046296296296296294
4 0.6234375 0.4888888888888889 0.026041666666666668 0.046296296296296294
3 0.7 0.4888888888888889 0.026041666666666668 0.046296296296296294
4 0.5119791666666667 0.5037037037037037 0.026041666666666668 0.046296296296296294
4 0.5296875 0.5037037037037037 0.026041666666666668 0.046296296296296294
4 0.4661458333333333 0.5157407407407407 0.026041666666666668 0.046296296296296294
4 0.63125 0.5175925925925926 0.026041666666666668 0.046296296296296294
3 0.66875 0.5185185185185185 0.026041666666666668 0.046296296296296294
3 0.7125 0.5277777777777778 0.026041666666666668 0.046296296296296294
4 0.4609375 0.5324074074074074 0.026041666666666668 0.046296296296296294
4 0.5536458333333333 0.5324074074074074 0.026041666666666668 0.046296296296296294
4 0.49166666666666664 0.5398148148148149 0.026041666666666668 0.046296296296296294
4 0.5828125 0.5416666666666666 0.026041666666666668 0.046296296296296294
4 0.434375 0.5583333333333333 0.026041666666666668 0.046296296296296294
4 0.5411458333333333 0.5546296296296296 0.026041666666666668 0.046296296296296294
4 0.6234375 0.5564814814814815 0.026041666666666668 0.046296296296296294
3 0.7036458333333333 0.5583333333333333 0.026041666666666668 0.046296296296296294
4 0.5989583333333334 0.5648148148148148 0.026041666666666668 0.046296296296296294
3 0.7598958333333333 0.5685185185185185 0.026041666666666668 0.046296296296296294
4 0.653125 0.5814814814814815 0.026041666666666668 0.046296296296296294
4 0.3984375 0.6111111111111112 0.026041666666666668 0.046296296296296294
4 0.4125 0.6277777777777778 0.026041666666666668 0.046296296296296294
3 0.7578125 0.6277777777777778 0.026041666666666668 0.046296296296296294
4 0.40729166666666666 0.6527777777777778 0.026041666666666668 0.046296296296296294
4 0.621875 0.6583333333333333 0.026041666666666668 0.046296296296296294
3 0.7744791666666667 0.662962962962963 0.026041666666666668 0.046296296296296294
1 0.5213541666666667 0.6898148148148148 0.026041666666666668 0.046296296296296294
1 0.7119791666666667 0.6990740740740741 0.026041666666666668 0.046296296296296294
1 0.884375 0.7444444444444445 0.026041666666666668 0.046296296296296294
1 0.4822916666666667 0.8148148148148148 0.026041666666666668 0.046296296296296294
1 0.8286458333333333 0.8324074074074074 0.026041666666666668 0.046296296296296294
1 0.7619791666666667 0.8379629629629629 0.026041666666666668 0.046296296296296294
1 0.9802083333333333 0.8481481481481481 0.026041666666666668 0.046296296296296294
1 0.5822916666666667 0.8648148148148148 0.026041666666666668 0.046296296296296294
1 0.8255208333333334 0.8694444444444445 0.026041666666666668 0.046296296296296294
1 0.815625 0.9194444444444444 0.026041666666666668 0.046296296296296294
1 0.5463541666666667 0.9268518518518518 0.026041666666666668 0.046296296296296294
1 0.6848958333333334 0.9268518518518518 0.026041666666666668 0.046296296296296294
1 0.9739583333333334 0.9490740740740741 0.026041666666666668 0.046296296296296294
1 0.5869791666666667 0.987037037037037 0.026041666666666668 0.046296296296296294
1 0.8677083333333333 0.8222222222222222 0.026041666666666668 0.046296296296296294
1 0.9927083333333333 0.8592592592592593 0.026041666666666668 0.046296296296296294
1 0.7145833333333333 0.9814814814814815 0.026041666666666668 0.046296296296296294
1 0.740625 0.6944444444444444 0.026041666666666668 0.046296296296296294
3 0.721875 0.562962962962963 0.026041666666666668 0.046296296296296294
3 0.771875 0.5833333333333334 0.026041666666666668 0.046296296296296294
0 0.690625 0.29074074074074074 0.026041666666666668 0.046296296296296294
2 0.175 0.47962962962962963 0.026041666666666668 0.046296296296296294
2 0.21666666666666667 0.40185185185185185 0.026041666666666668 0.046296296296296294
4 0.4083333333333333 0.5018518518518519 0.026041666666666668 0.046296296296296294
4 0.37083333333333335 0.42777777777777776 0.026041666666666668 0.046296296296296294
4 0.509375 0.5462962962962963 0.026041666666666668 0.046296296296296294
1 0.5260416666666666 0.774074074074074 0.026041666666666668 0.046296296296296294
