0 0.4713541666666667 0.09444444444444444 0.026041666666666668 0.046296296296296294
0 0.4744791666666667 0.09814814814814815 0.026041666666666668 0.046296296296296294
0 0.48333333333333334 0.10555555555555556 0.026041666666666668 0.046296296296296294
0 0.4713541666666667 0.11481481481481481 0.026041666666666668 0.046296296296296294
0 0.465625 0.12777777777777777 0.026041666666666668 0.046296296296296294
0 0.44166666666666665 0.13055555555555556 0.026041666666666668 0.046296296296296294
0 0.44895833333333335 0.13518518518518519 0.026041666666666668 0.046296296296296294
0 0.45416666666666666 0.13240740740740742 0.026041666666666668 0.046296296296296294
0 0.46041666666666664 0.1388888888888889 0.026041666666666668 0.046296296296296294
0 0.4828125 0.13796296296296295 0.026041666666666668 0.046296296296296294
0 0.47552083333333334 0.14629629629629629 0.026041666666666668 0.046296296296296294
0 0.4630208333333333 0.15185185185185185 0.026041666666666668 0.046296296296296294
0 0.4427083333333333 0.1685185185185185 0.026041666666666668 0.046296296296296294
0 0.4296875 0.1824074074074074 0.026041666666666668 0.046296296296296294
0 0.5125 0.18333333333333332 0.026041666666666668 0.046296296296296294
0 0.4328125 0.19444444444444445 0.026041666666666668 0.046296296296296294
0 0.4796875 0.22037037037037038 0.026041666666666668 0.046296296296296294
0 0.48541666666666666 0.22314814814814815 0.026041666666666668 0.046296296296296294
0 0.49895833333333334 0.22037037037037038 0.026041666666666668 0.046296296296296294
0 0.4578125 0.22870370370370371 0.026041666666666668 0.046296296296296294
0 0.46770833333333334 0.22777777777777777 0.026041666666666668 0.046296296296296294
0 0.42083333333333334 0.23425925925925925 0.026041666666666668 0.046296296296296294
0 0.49947916666666664 0.23425925925925925 0.026041666666666668 0.046296296296296294
0 0.5088541666666667 0.24074074074074073 0.026041666666666668 0.046296296296296294
0 0.5125 0.24722222222222223 0.026041666666666668 0.046296296296296294
0 0.4296875 0.2518518518518518 0.026041666666666668 0.046296296296296294
0 0.44895833333333335 0.25462962962962965 0.026041666666666668 0.046296296296296294
0 0.4822916666666667 0.2537037037037037 0.026041666666666668 0.046296296296296294
0 0.5078125 0.2537037037037037 0.026041666666666668 0.046296296296296294
0 0.41458333333333336 0.26296296296296295 0.026041666666666668 0.046296296296296294
0 0.46979166666666666 0.26296296296296295 0.026041666666666668 0.046296296296296294
0 0.49895833333333334 0.2638888888888889 0.026041666666666668 0.046296296296296294
0 0.4375 0.26666666666666666 0.026041666666666668 0.046296296296296294
0 0.46145833333333336 0.27037037037037037 0.026041666666666668 0.046296296296296294
0 0.515625 0.27037037037037037 0.026041666666666668 0.046296296296296294
0 0.44114583333333335 0.2777777777777778 0.026041666666666668 0.046296296296296294
0 0.4484375 0.27314814814814814 0.026041666666666668 0.046296296296296294
0 0.43333333333333335 0.2851851851851852 0.026041666666666668 0.046296296296296294
0 0.45625 0.287962962962963 0.026041666666666668 0.046296296296296294
0 0.4739583333333333 0.2851851851851852 0.026041666666666668 0.046296296296296294
0 0.5026041666666666 0.2851851851851852 0.026041666666666668 0.046296296296296294
0 0.6947916666666667 0.2861111111111111 0.026041666666666668 0.046296296296296294
0 0.4578125 0.30092592592592593 0.026041666666666668 0.046296296296296294
0 0.5015625 0.3 0.026041666666666668 0.046296296296296294
0 0.4890625 0.30833333333333335 0.026041666666666668 0.046296296296296294
0 0.42135416666666664 0.31666666666666665 0.026041666666666668 0.046296296296296294
0 0.4276041666666667 0.3175925925925926 0.026041666666666668 0.046296296296296294
0 0.4395833333333333 0.3148148148148148 0.026041666666666668 0.046296296296296294
0 0.45260416666666664 0.3194444444444444 0.026041666666666668 0.046296296296296294
0 0.5166666666666667 0.31666666666666665 0.026041666666666668 0.046296296296296294
0 0.478125 0.32407407407407407 0.026041666666666668 0.046296296296296294
0 0.5359375 0.32592592592592595 0.026041666666666668 0.046296296296296294
4 0.415625 0.33425925925925926 0.026041666666666668 0.046296296296296294
0 0.4239583333333333 0.33240740740740743 0.026041666666666668 0.046296296296296294
0 0.46145833333333336 0.33240740740740743 0.026041666666666668 0.046296296296296294
0 0.5067708333333333 0.3314814814814815 0.026041666666666668 0.046296296296296294
4 0.4322916666666667 0.3388888888888889 0.026041666666666668 0.046296296296296294
4 0.44895833333333335 0.33611111111111114 0.026041666666666668 0.046296296296296294
4 0.5145833333333333 0.3398148148148148 0.026041666666666668 0.046296296296296294
4 0.415625 0.35 0.026041666666666668 0.046296296296296294
4 0.49583333333333335 0.34629629629629627 0.026041666666666668 0.046296296296296294
4 0.5083333333333333 0.3490740740740741 0.026041666666666668 0.046296296296296294
3 0.7145833333333333 0.34629629629629627 0.026041666666666668 0.046296296296296294
4 0.375 0.3537037037037037 0.026041666666666668 0.046296296296296294
4 0.3953125 0.35462962962962963 0.026041666666666668 0.046296296296296294
4 0.40729166666666666 0.35648148148148145 0.026041666666666668 0.046296296296296294
4 0.4578125 0.3537037037037037 0.026041666666666668 0.046296296296296294
4 0.46927083333333336 0.35555555555555557 0.026041666666666668 0.046296296296296294
4 0.5208333333333334 0.35648148148148145 0.026041666666666668 0.046296296296296294
3 0.6848958333333334 0.3527777777777778 0.026041666666666668 0.046296296296296294
4 0.37395833333333334 0.3638888888888889 0.026041666666666668 0.046296296296296294
4 0.5005208333333333 0.36203703703703705 0.026041666666666668 0.046296296296296294
4 0.38385416666666666 0.37222222222222223 0.026041666666666668 0.046296296296296294
4 0.515625 0.37037037037037035 0.026041666666666668 0.046296296296296294
4 0.65 0.37037037037037035 0.026041666666666668 0.046296296296296294
4 0.6546875 0.3685185185185185 0.026041666666666668 0.046296296296296294
4 0.4296875 0.3824074074074074 0.026041666666666668 0.046296296296296294
4 0.5171875 0.3851851851851852 0.026041666666666668 0.046296296296296294
4 0.540625 0.387037037037037 0.026041666666666668 0.046296296296296294
4 0.6552083333333333 0.3851851851851852 0.026041666666666668 0.046296296296296294
4 0.375 0.40370370370370373 0.026041666666666668 0.046296296296296294
4 0.5104166666666666 0.40185185185185185 0.026041666666666668 0.046296296296296294
2 0.2 0.4101851851851852 0.026041666666666668 0.046296296296296294
4 0.4041666666666667 0.41203703703703703 0.026041666666666668 0.046296296296296294
4 0.425 0.4083333333333333 0.026041666666666668 0.046296296296296294
4 0.44114583333333335 0.4101851851851852 0.026041666666666668 0.046296296296296294
4 0.5203125 0.40925925925925927 0.026041666666666668 0.046296296296296294
4 0.6552083333333333 0.41203703703703703 0.026041666666666668 0.046296296296296294
4 0.378125 0.4203703703703704 0.026041666666666668 0.046296296296296294
4 0.48125 0.4166666666666667 0.026041666666666668 0.046296296296296294
2 0.18333333333333332 0.42592592592592593 0.026041666666666668 0.046296296296296294
4 0.43333333333333335 0.42592592592592593 0.026041666666666668 0.046296296296296294
4 0.5125 0.42777777777777776 0.026041666666666668 0.046296296296296294
4 0.4453125 0.43333333333333335 0.026041666666666668 0.046296296296296294
4 0.45729166666666665 0.4351851851851852 0.026041666666666668 0.046296296296296294
4 0.5239583333333333 0.43333333333333335 0.026041666666666668 0.046296296296296294
4 0.6578125 0.43148148148148147 0.026041666666666668 0.046296296296296294
4 0.4979166666666667 0.4398148148148148 0.026041666666666668 0.046296296296296294
3 0.7083333333333334 0.43796296296296294 0.026041666666666668 0.046296296296296294
2 0.1828125 0.44722222222222224 0.026041666666666668 0.046296296296296294
4 0.5067708333333333 0.45092592592592595 0.026041666666666668 0.046296296296296294
4 0.5229166666666667 0.44722222222222224 0.026041666666666668 0.046296296296296294
2 0.19114583333333332 0.45740740740740743 0.026041666666666668 0.046296296296296294
4 0.45364583333333336 0.4546296296296296 0.026041666666666668 0.046296296296296294
4 0.6666666666666666 0.4537037037037037 0.026041666666666668 0.046296296296296294
3 0.6864583333333333 0.4537037037037037 0.026041666666666668 0.046296296296296294
4 0.5223958333333333 0.4648148148148148 0.026041666666666668 0.046296296296296294
3 0.68125 0.4722222222222222 0.026041666666666668 0.046296296296296294
2 0.21458333333333332 0.48055555555555557 0.026041666666666668 0.046296296296296294
4 0.5125 0.47962962962962963 0.026041666666666668 0.046296296296296294
3 0.6692708333333334 0.4787037037037037 0.026041666666666668 0.046296296296296294
4 0.515625 0.4888888888888889 0.026041666666666668 0.046296296296296294
3 0.6942708333333333 0.487962962962963 0.026041666666666668 0.046296296296296294
4 0.525 0.49537037037037035 0.026041666666666668 0.046296296296296294
4 0.5239583333333333 0.5083333333333333 0.026041666666666668 0.046296296296296294
3 0.7026041666666667 0.5111111111111111 0.026041666666666668 0.046296296296296294
2 0.2203125 0.5175925925925926 0.026041666666666668 0.046296296296296294
4 0.6364583333333333 0.5166666666666667 0.026041666666666668 0.046296296296296294
4 0.5572916666666666 0.524074074074074 0.026041666666666668 0.046296296296296294
4 0.6651041666666667 0.5259259259259259 0.026041666666666668 0.046296296296296294
3 0.7239583333333334 0.5324074074074074 0.026041666666666668 0.046296296296296294
4 0.6348958333333333 0.549074074074074 0.026041666666666668 0.046296296296296294
4 0.58125 0.5546296296296296 0.026041666666666668 0.046296296296296294
4 0.6041666666666666 0.5564814814814815 0.026041666666666668 0.046296296296296294
3 0.7484375 0.5583333333333333 0.026041666666666668 0.046296296296296294
4 0.4588541666666667 0.562037037037037 0.026041666666666668 0.046296296296296294
3 0.7354166666666667 0.5648148148148148 0.026041666666666668 0.046296296296296294
3 0.7619791666666667 0.5824074074074074 0.026041666666666668 0.046296296296296294
4 0.6489583333333333 0.5907407407407408 0.026041666666666668 0.046296296296296294
4 0.625 0.6046296296296296 0.026041666666666668 0.046296296296296294
4 0.5203125 0.6287037037037037 0.026041666666666668 0.046296296296296294
4 0.5979166666666667 0.6240740740740741 0.026041666666666668 0.046296296296296294
4 0.528125 0.637962962962963 0.026041666666666668 0.046296296296296294
4 0.5588541666666667 0.6666666666666666 0.026041666666666668 0.046296296296296294
4 0.6098958333333333 0.662962962962963 0.026041666666666668 0.046296296296296294
3 0.7734375 0.6638888888888889 0.026041666666666668 0.046296296296296294
1 0.5151041666666667 0.6703703703703704 0.026041666666666668 0.046296296296296294
1 0.7203125 0.6796296296296296 0.026041666666666668 0.046296296296296294
1 0.6911458333333333 0.6944444444444444 0.026041666666666668 0.046296296296296294
1 0.7578125 0.7037037037037037 0.026041666666666668 0.046296296296296294
1 0.6322916666666667 0.7296296296296296 0.026041666666666668 0.046296296296296294
1 0.8869791666666667 0.7425925925925926 0.026041666666666668 0.046296296296296294
1 0.6692708333333334 0.7592592592592593 0.026041666666666668 0.046296296296296294
1 0.4546875 0.8203703703703704 0.026041666666666668 0.046296296296296294
1 0.8239583333333333 0.8324074074074074 0.026041666666666668 0.046296296296296294
1 0.7666666666666667 0.837037037037037 0.026041666666666668 0.046296296296296294
1 0.978125 0.8472222222222222 0.026041666666666668 0.046296296296296294
1 0.709375 0.8574074074074074 0.026041666666666668 0.046296296296296294
1 0.8291666666666667 0.8694444444444445 0.026041666666666668 0.046296296296296294
1 0.8161458333333333 0.9148148148148149 0.026041666666666668 0.046296296296296294
1 0.9567708333333333 0.9259259259259259 0.026041666666666668 0.046296296296296294
1 0.9364583333333333 0.9851851851851852 0.026041666666666668 0.046296296296296294
1 0.8729166666666667 0.8 0.026041666666666668 0.046296296296296294
1 0.9916666666666667 0.8648148148148148 0.026041666666666668 0.046296296296296294
3 0.7552083333333334 0.6351851851851852 0.026041666666666668 0.046296296296296294
3 0.7020833333333333 0.6259259259259259 0.026041666666666668 0.046296296296296294
4 0.5 0.5462962962962963 0.026041666666666668 0.046296296296296294
4 0.4822916666666667 0.46111111111111114 0.026041666666666668 0.046296296296296294
4 0.47291666666666665 0.4388888888888889 0.026041666666666668 0.046296296296296294
1 0.5322916666666667 0.7222222222222222 0.026041666666666668 0.046296296296296294
