0 0.4713541666666667 0.0962962962962963 0.026041666666666668 0.046296296296296294
0 0.47552083333333334 0.09814814814814815 0.026041666666666668 0.046296296296296294
0 0.48020833333333335 0.09814814814814815 0.026041666666666668 0.046296296296296294
0 0.4864583333333333 0.09814814814814815 0.026041666666666668 0.046296296296296294
0 0.4671875 0.12314814814814815 0.026041666666666668 0.046296296296296294
0 0.48333333333333334 0.12314814814814815 0.026041666666666668 0.046296296296296294
0 0.490625 0.12129629629629629 0.026041666666666668 0.046296296296296294
0 0.46145833333333336 0.13333333333333333 0.026041666666666668 0.046296296296296294
0 0.44166666666666665 0.13333333333333333 0.026041666666666668 0.046296296296296294
0 0.4546875 0.1361111111111111 0.026041666666666668 0.046296296296296294
0 0.4703125 0.13703703703703704 0.026041666666666668 0.046296296296296294
0 0.46145833333333336 0.14351851851851852 0.026041666666666668 0.046296296296296294
0 0.4744791666666667 0.14537037037037037 0.026041666666666668 0.046296296296296294
0 0.48541666666666666 0.14814814814814814 0.026041666666666668 0.046296296296296294
0 0.45364583333333336 0.16203703703703703 0.026041666666666668 0.046296296296296294
0 0.46197916666666666 0.16111111111111112 0.026041666666666668 0.046296296296296294
0 0.4708333333333333 0.16018518518518518 0.026041666666666668 0.046296296296296294
0 0.4786458333333333 0.15925925925925927 0.026041666666666668 0.046296296296296294
0 0.49947916666666664 0.16203703703703703 0.026041666666666668 0.046296296296296294
0 0.49166666666666664 0.17685185185185184 0.026041666666666668 0.046296296296296294
0 0.42916666666666664 0.17962962962962964 0.026041666666666668 0.046296296296296294
0 0.440625 0.17962962962962964 0.026041666666666668 0.046296296296296294
0 0.5119791666666667 0.18518518518518517 0.026041666666666668 0.046296296296296294
0 0.49947916666666664 0.18888888888888888 0.026041666666666668 0.046296296296296294
0 0.5072916666666667 0.19166666666666668 0.026041666666666668 0.046296296296296294
0 0.43697916666666664 0.19814814814814816 0.026041666666666668 0.046296296296296294
0 0.47239583333333335 0.19907407407407407 0.026041666666666668 0.046296296296296294
0 0.46145833333333336 0.20555555555555555 0.026041666666666668 0.046296296296296294
0 0.4859375 0.2064814814814815 0.026041666666666668 0.046296296296296294
0 0.5041666666666667 0.20925925925925926 0.026041666666666668 0.046296296296296294
0 0.465625 0.22314814814814815 0.026041666666666668 0.046296296296296294
0 0.4864583333333333 0.2212962962962963 0.026041666666666668 0.046296296296296294
0 0.44583333333333336 0.24537037037037038 0.026041666666666668 0.046296296296296294
0 0.45364583333333336 0.26944444444444443 0.026041666666666668 0.046296296296296294
0 0.528125 0.26851851851851855 0.026041666666666668 0.046296296296296294
0 0.5421875 0.26666666666666666 0.026041666666666668 0.046296296296296294
0 0.4869791666666667 0.2759259259259259 0.026041666666666668 0.046296296296296294
0 0.428125 0.28425925925925927 0.026041666666666668 0.046296296296296294
0 0.5109375 0.28425925925925927 0.026041666666666668 0.046296296296296294
0 0.6947916666666667 0.28703703703703703 0.026041666666666668 0.046296296296296294
0 0.43697916666666664 0.2916666666666667 0.026041666666666668 0.046296296296296294
0 0.4161458333333333 0.29907407407407405 0.026041666666666668 0.046296296296296294
0 0.4875 0.29907407407407405 0.026041666666666668 0.046296296296296294
0 0.4947916666666667 0.30185185185185187 0.026041666666666668 0.046296296296296294
0 0.5109375 0.30092592592592593 0.026041666666666668 0.046296296296296294
0 0.4322916666666667 0.31574074074074077 0.026041666666666668 0.046296296296296294
0 0.49895833333333334 0.3175925925925926 0.026041666666666668 0.046296296296296294
0 0.5161458333333333 0.31574074074074077 0.026041666666666668 0.046296296296296294
0 0.70625 0.31296296296296294 0.026041666666666668 0.046296296296296294
0 0.45 0.325 0.026041666666666668 0.046296296296296294
0 0.4739583333333333 0.32407407407407407 0.026041666666666668 0.046296296296296294
0 0.49114583333333334 0.3314814814814815 0.026041666666666668 0.046296296296296294
4 0.5104166666666666 0.33425925925925926 0.026041666666666668 0.046296296296296294
4 0.6536458333333334 0.3333333333333333 0.026041666666666668 0.046296296296296294
4 0.44427083333333334 0.3416666666666667 0.026041666666666668 0.046296296296296294
4 0.465625 0.3425925925925926 0.026041666666666668 0.046296296296296294
4 0.4953125 0.34074074074074073 0.026041666666666668 0.046296296296296294
4 0.503125 0.3388888888888889 0.026041666666666668 0.046296296296296294
4 0.4661458333333333 0.3490740740740741 0.026041666666666668 0.046296296296296294
4 0.5067708333333333 0.3509259259259259 0.026041666666666668 0.046296296296296294
4 0.37864583333333335 0.3574074074074074 0.026041666666666668 0.046296296296296294
4 0.4083333333333333 0.35648148148148145 0.026041666666666668 0.046296296296296294
4 0.434375 0.35555555555555557 0.026041666666666668 0.046296296296296294
4 0.4953125 0.362962962962963 0.026041666666666668 0.046296296296296294
4 0.4822916666666667 0.37037037037037035 0.026041666666666668 0.046296296296296294
4 0.5026041666666666 0.37037037037037035 0.026041666666666668 0.046296296296296294
4 0.4109375 0.375 0.026041666666666668 0.046296296296296294
4 0.5078125 0.37777777777777777 0.026041666666666668 0.046296296296296294
4 0.37916666666666665 0.387037037037037 0.026041666666666668 0.046296296296296294
4 0.6546875 0.38796296296296295 0.026041666666666668 0.046296296296296294
4 0.38697916666666665 0.39537037037037037 0.026041666666666668 0.046296296296296294
4 0.453125 0.39444444444444443 0.026041666666666668 0.046296296296296294
4 0.49947916666666664 0.39351851851851855 0.026041666666666668 0.046296296296296294
4 0.5078125 0.39166666666666666 0.026041666666666668 0.046296296296296294
4 0.5151041666666667 0.39537037037037037 0.026041666666666668 0.046296296296296294
4 0.6541666666666667 0.3962962962962963 0.026041666666666668 0.046296296296296294
2 0.2046875 0.4064814814814815 0.026041666666666668 0.046296296296296294
2 0.2125 0.4111111111111111 0.026041666666666668 0.046296296296296294
4 0.41041666666666665 0.4064814814814815 0.026041666666666668 0.046296296296296294
4 0.43125 0.4083333333333333 0.026041666666666668 0.046296296296296294
4 0.45364583333333336 0.4101851851851852 0.026041666666666668 0.046296296296296294
4 0.5119791666666667 0.41388888888888886 0.026041666666666668 0.046296296296296294
2 0.18541666666666667 0.4148148148148148 0.026041666666666668 0.046296296296296294
4 0.48541666666666666 0.41759259259259257 0.026041666666666668 0.046296296296296294
4 0.6515625 0.4185185185185185 0.026041666666666668 0.046296296296296294
4 0.6578125 0.41944444444444445 0.026041666666666668 0.046296296296296294
4 0.38697916666666665 0.42685185185185187 0.026041666666666668 0.046296296296296294
4 0.440625 0.42685185185185187 0.026041666666666668 0.046296296296296294
4 0.4578125 0.42592592592592593 0.026041666666666668 0.046296296296296294
4 0.4244791666666667 0.4324074074074074 0.026041666666666668 0.046296296296296294
4 0.6588541666666666 0.43333333333333335 0.026041666666666668 0.046296296296296294
4 0.43385416666666665 0.4425925925925926 0.026041666666666668 0.046296296296296294
4 0.440625 0.4388888888888889 0.026041666666666668 0.046296296296296294
4 0.45260416666666664 0.4425925925925926 0.026041666666666668 0.046296296296296294
4 0.48125 0.44074074074074077 0.026041666666666668 0.046296296296296294
4 0.6505208333333333 0.4388888888888889 0.026041666666666668 0.046296296296296294
4 0.525 0.45 0.026041666666666668 0.046296296296296294
3 0.703125 0.44814814814814813 0.026041666666666668 0.046296296296296294
4 0.6661458333333333 0.4546296296296296 0.026041666666666668 0.046296296296296294
3 0.6791666666666667 0.45555555555555555 0.026041666666666668 0.046296296296296294
4 0.5192708333333333 0.46574074074074073 0.026041666666666668 0.046296296296296294
4 0.6583333333333333 0.4638888888888889 0.026041666666666668 0.046296296296296294
4 0.5125 0.48055555555555557 0.026041666666666668 0.046296296296296294
4 0.6322916666666667 0.4777777777777778 0.026041666666666668 0.046296296296296294
4 0.39947916666666666 0.4981481481481482 0.026041666666666668 0.046296296296296294
4 0.4947916666666667 0.49722222222222223 0.026041666666666668 0.046296296296296294
4 0.6114583333333333 0.4935185185185185 0.026041666666666668 0.046296296296296294
3 0.6739583333333333 0.4962962962962963 0.026041666666666668 0.046296296296296294
4 0.4359375 0.5037037037037037 0.026041666666666668 0.046296296296296294
4 0.40520833333333334 0.5194444444444445 0.026041666666666668 0.046296296296296294
4 0.5203125 0.5166666666666667 0.026041666666666668 0.046296296296296294
4 0.6046875 0.5203703703703704 0.026041666666666668 0.046296296296296294
3 0.6953125 0.5194444444444445 0.026041666666666668 0.046296296296296294
3 0.6744791666666666 0.5231481481481481 0.026041666666666668 0.046296296296296294
3 0.7161458333333334 0.525 0.026041666666666668 0.046296296296296294
4 0.6239583333333333 0.5324074074074074 0.026041666666666668 0.046296296296296294
4 0.4083333333333333 0.549074074074074 0.026041666666666668 0.046296296296296294
4 0.5125 0.5555555555555556 0.026041666666666668 0.046296296296296294
3 0.7526041666666666 0.5518518518518518 0.026041666666666668 0.046296296296296294
3 0.7661458333333333 0.5574074074074075 0.026041666666666668 0.046296296296296294
4 0.6276041666666666 0.562962962962963 0.026041666666666668 0.046296296296296294
4 0.5208333333333334 0.5712962962962963 0.026041666666666668 0.046296296296296294
4 0.6130208333333333 0.5814814814814815 0.026041666666666668 0.046296296296296294
4 0.6588541666666666 0.5740740740740741 0.026041666666666668 0.046296296296296294
2 0.1890625 0.5787037037037037 0.026041666666666668 0.046296296296296294
4 0.5536458333333333 0.5879629629629629 0.026041666666666668 0.046296296296296294
4 0.40989583333333335 0.5879629629629629 0.026041666666666668 0.046296296296296294
4 0.6125 0.6055555555555555 0.026041666666666668 0.046296296296296294
4 0.4375 0.6111111111111112 0.026041666666666668 0.046296296296296294
4 0.6276041666666666 0.6157407407407407 0.026041666666666668 0.046296296296296294
4 0.5442708333333334 0.6277777777777778 0.026041666666666668 0.046296296296296294
4 0.5770833333333333 0.637962962962963 0.026041666666666668 0.046296296296296294
3 0.7369791666666666 0.6444444444444445 0.026041666666666668 0.046296296296296294
4 0.6052083333333333 0.6472222222222223 0.026041666666666668 0.046296296296296294
4 0.49583333333333335 0.6509259259259259 0.026041666666666668 0.046296296296296294
4 0.5854166666666667 0.6601851851851852 0.026041666666666668 0.046296296296296294
1 0.45208333333333334 0.6824074074074075 0.026041666666666668 0.046296296296296294
1 0.5328125 0.712037037037037 0.026041666666666668 0.046296296296296294
1 0.728125 0.712037037037037 0.026041666666666668 0.046296296296296294
1 0.5473958333333333 0.7601851851851852 0.026041666666666668 0.046296296296296294
1 0.8854166666666666 0.75 0.026041666666666668 0.046296296296296294
1 0.9 0.7759259259259259 0.026041666666666668 0.046296296296296294
1 0.5630208333333333 0.775 0.026041666666666668 0.046296296296296294
1 0.71875 0.7972222222222223 0.026041666666666668 0.046296296296296294
1 0.17708333333333334 0.8212962962962963 0.026041666666666668 0.046296296296296294
1 0.08802083333333334 0.8537037037037037 0.026041666666666668 0.046296296296296294
1 0.1546875 0.8675925925925926 0.026041666666666668 0.046296296296296294
1 0.6614583333333334 0.8518518518518519 0.026041666666666668 0.046296296296296294
1 0.015104166666666667 0.8981481481481481 0.026041666666666668 0.046296296296296294
1 0.85 0.8962962962962963 0.026041666666666668 0.046296296296296294
1 0.4348958333333333 0.8870370370370371 0.026041666666666668 0.046296296296296294
1 0.471875 0.9046296296296297 0.026041666666666668 0.046296296296296294
1 0.071875 0.9222222222222223 0.026041666666666668 0.046296296296296294
1 0.2765625 0.9277777777777778 0.026041666666666668 0.046296296296296294
1 0.1171875 0.9388888888888889 0.026041666666666668 0.046296296296296294
1 0.978125 0.9518518518518518 0.026041666666666668 0.046296296296296294
1 0.40260416666666665 0.9472222222222222 0.026041666666666668 0.046296296296296294
1 0.59375 0.9518518518518518 0.026041666666666668 0.046296296296296294
1 0.16979166666666667 0.9842592592592593 0.026041666666666668 0.046296296296296294
1 0.30364583333333334 0.9861111111111112 0.026041666666666668 0.046296296296296294
1 0.24270833333333333 0.9277777777777778 0.026041666666666668 0.046296296296296294
2 0.21666666666666667 0.6018518518518519 0.026041666666666668 0.046296296296296294
2 0.23125 0.65 0.026041666666666668 0.046296296296296294
4 0.4270833333333333 0.5481481481481482 0.026041666666666668 0.046296296296296294
4 0.375 0.5722222222222222 0.026041666666666668 0.046296296296296294
4 0.6333333333333333 0.5851851851851851 0.026041666666666668 0.046296296296296294
4 0.653125 0.6166666666666667 0.026041666666666668 0.046296296296296294
3 0.7322916666666667 0.5592592592592592 0.026041666666666668 0.046296296296296294
3 0.7041666666666667 0.5351851851851852 0.026041666666666668 0.046296296296296294
1 0.7729166666666667 0.6759259259259259 0.026041666666666668 0.046296296296296294
1 0.8260416666666667 0.7537037037037037 0.026041666666666668 0.046296296296296294
1 0.8291666666666667 0.8629629629629629 0.026041666666666668 0.046296296296296294
1 0.8260416666666667 0.8351851851851851 0.026041666666666668 0.046296296296296294
1 0.8052083333333333 0.9462962962962963 0.026041666666666668 0.046296296296296294
1 0.8458333333333333 0.9481481481481482 0.026041666666666668 0.046296296296296294
1 0.98125 0.9703703703703703 0.026041666666666668 0.046296296296296294
3 0.7052083333333333 0.3648148148148148 0.026041666666666668 0.046296296296296294
