0 0.4984375 0.09259259259259259 0.026041666666666668 0.046296296296296294
0 0.4713541666666667 0.09537037037037037 0.026041666666666668 0.046296296296296294
0 0.49114583333333334 0.1 0.026041666666666668 0.046296296296296294
0 0.47552083333333334 0.10740740740740741 0.026041666666666668 0.046296296296296294
0 0.4828125 0.10555555555555556 0.026041666666666668 0.046296296296296294
0 0.4703125 0.11388888888888889 0.026041666666666668 0.046296296296296294
0 0.4822916666666667 0.12222222222222222 0.026041666666666668 0.046296296296296294
0 0.4708333333333333 0.13055555555555556 0.026041666666666668 0.046296296296296294
0 0.45416666666666666 0.12962962962962962 0.026041666666666668 0.046296296296296294
0 0.46145833333333336 0.13518518518518519 0.026041666666666668 0.046296296296296294
0 0.48333333333333334 0.13703703703703704 0.026041666666666668 0.046296296296296294
0 0.4890625 0.1425925925925926 0.026041666666666668 0.046296296296296294
0 0.4640625 0.15185185185185185 0.026041666666666668 0.046296296296296294
0 0.4708333333333333 0.175 0.026041666666666668 0.046296296296296294
0 0.42916666666666664 0.18055555555555555 0.026041666666666668 0.046296296296296294
0 0.5083333333333333 0.18333333333333332 0.026041666666666668 0.046296296296296294
0 0.4666666666666667 0.1935185185185185 0.026041666666666668 0.046296296296296294
0 0.49114583333333334 0.19074074074074074 0.026041666666666668 0.046296296296296294
0 0.48489583333333336 0.2074074074074074 0.026041666666666668 0.046296296296296294
0 0.44114583333333335 0.21203703703703702 0.026041666666666668 0.046296296296296294
0 0.45364583333333336 0.2212962962962963 0.026041666666666668 0.046296296296296294
0 0.465625 0.22314814814814815 0.026041666666666668 0.046296296296296294
0 0.44114583333333335 0.22870370370370371 0.026041666666666668 0.046296296296296294
0 0.4203125 0.2351851851851852 0.026041666666666668 0.046296296296296294
0 0.4328125 0.2361111111111111 0.026041666666666668 0.046296296296296294
0 0.4583333333333333 0.25462962962962965 0.026041666666666668 0.046296296296296294
0 0.490625 0.2611111111111111 0.026041666666666668 0.046296296296296294
0 0.703125 0.25925925925925924 0.026041666666666668 0.046296296296296294
0 0.4505208333333333 0.26851851851851855 0.026041666666666668 0.046296296296296294
0 0.4635416666666667 0.26944444444444443 0.026041666666666668 0.046296296296296294
0 0.49947916666666664 0.2675925925925926 0.026041666666666668 0.046296296296296294
0 0.5052083333333334 0.27037037037037037 0.026041666666666668 0.046296296296296294
0 0.49583333333333335 0.27870370370370373 0.026041666666666668 0.046296296296296294
0 0.4817708333333333 0.2861111111111111 0.026041666666666668 0.046296296296296294
0 0.5067708333333333 0.2935185185185185 0.026041666666666668 0.046296296296296294
0 0.55 0.2916666666666667 0.026041666666666668 0.046296296296296294
0 0.43333333333333335 0.30185185185185187 0.026041666666666668 0.046296296296296294
0 0.5151041666666667 0.30185185185185187 0.026041666666666668 0.046296296296296294
0 0.4359375 0.3101851851851852 0.026041666666666668 0.046296296296296294
0 0.4703125 0.3037037037037037 0.026041666666666668 0.046296296296296294
0 0.4786458333333333 0.30833333333333335 0.026041666666666668 0.046296296296296294
0 0.5119791666666667 0.3101851851851852 0.026041666666666668 0.046296296296296294
0 0.5515625 0.3074074074074074 0.026041666666666668 0.046296296296296294
0 0.4510416666666667 0.3138888888888889 0.026041666666666668 0.046296296296296294
0 0.4484375 0.32592592592592595 0.026041666666666668 0.046296296296296294
0 0.4661458333333333 0.32314814814814813 0.026041666666666668 0.046296296296296294
0 0.41302083333333334 0.3314814814814815 0.026041666666666668 0.046296296296296294
0 0.4239583333333333 0.3314814814814815 0.026041666666666668 0.046296296296296294
4 0.46145833333333336 0.3333333333333333 0.026041666666666668 0.046296296296296294
0 0.503125 0.33055555555555555 0.026041666666666668 0.046296296296296294
0 0.5114583333333333 0.3296296296296296 0.026041666666666668 0.046296296296296294
4 0.440625 0.33611111111111114 0.026041666666666668 0.046296296296296294
4 0.40572916666666664 0.34814814814814815 0.026041666666666668 0.046296296296296294
4 0.415625 0.3490740740740741 0.026041666666666668 0.046296296296296294
4 0.49895833333333334 0.3472222222222222 0.026041666666666668 0.046296296296296294
4 0.37916666666666665 0.35462962962962963 0.026041666666666668 0.046296296296296294
4 0.39947916666666666 0.35648148148148145 0.026041666666666668 0.046296296296296294
4 0.4276041666666667 0.35462962962962963 0.026041666666666668 0.046296296296296294
4 0.4505208333333333 0.3537037037037037 0.026041666666666668 0.046296296296296294
3 0.6864583333333333 0.3537037037037037 0.026041666666666668 0.046296296296296294
4 0.42083333333333334 0.3638888888888889 0.026041666666666668 0.046296296296296294
4 0.44114583333333335 0.362962962962963 0.026041666666666668 0.046296296296296294
4 0.46979166666666666 0.36203703703703705 0.026041666666666668 0.046296296296296294
4 0.5130208333333334 0.36018518518518516 0.026041666666666668 0.046296296296296294
3 0.7427083333333333 0.36018518518518516 0.026041666666666668 0.046296296296296294
4 0.3875 0.37777777777777777 0.026041666666666668 0.046296296296296294
4 0.3984375 0.38055555555555554 0.026041666666666668 0.046296296296296294
4 0.403125 0.3787037037037037 0.026041666666666668 0.046296296296296294
4 0.4140625 0.37962962962962965 0.026041666666666668 0.046296296296296294
4 0.515625 0.37962962962962965 0.026041666666666668 0.046296296296296294
4 0.37916666666666665 0.38796296296296295 0.026041666666666668 0.046296296296296294
2 0.225 0.39351851851851855 0.026041666666666668 0.046296296296296294
4 0.3984375 0.3962962962962963 0.026041666666666668 0.046296296296296294
4 0.5171875 0.39537037037037037 0.026041666666666668 0.046296296296296294
4 0.40989583333333335 0.40185185185185185 0.026041666666666668 0.046296296296296294
4 0.4276041666666667 0.4046296296296296 0.026041666666666668 0.046296296296296294
2 0.20260416666666667 0.4101851851851852 0.026041666666666668 0.046296296296296294
4 0.39166666666666666 0.4111111111111111 0.026041666666666668 0.046296296296296294
4 0.39739583333333334 0.4064814814814815 0.026041666666666668 0.046296296296296294
4 0.6583333333333333 0.4111111111111111 0.026041666666666668 0.046296296296296294
4 0.3734375 0.4166666666666667 0.026041666666666668 0.046296296296296294
4 0.37864583333333335 0.41759259259259257 0.026041666666666668 0.046296296296296294
4 0.4791666666666667 0.41759259259259257 0.026041666666666668 0.046296296296296294
4 0.515625 0.4166666666666667 0.026041666666666668 0.046296296296296294
2 0.1703125 0.42777777777777776 0.026041666666666668 0.046296296296296294
2 0.19166666666666668 0.42685185185185187 0.026041666666666668 0.046296296296296294
4 0.4078125 0.42685185185185187 0.026041666666666668 0.046296296296296294
4 0.38697916666666665 0.43333333333333335 0.026041666666666668 0.046296296296296294
4 0.44114583333333335 0.43425925925925923 0.026041666666666668 0.046296296296296294
4 0.4984375 0.4324074074074074 0.026041666666666668 0.046296296296296294
4 0.39895833333333336 0.4425925925925926 0.026041666666666668 0.046296296296296294
4 0.5234375 0.44351851851851853 0.026041666666666668 0.046296296296296294
3 0.7057291666666666 0.4398148148148148 0.026041666666666668 0.046296296296296294
4 0.3828125 0.44814814814814813 0.026041666666666668 0.046296296296296294
4 0.4578125 0.44907407407407407 0.026041666666666668 0.046296296296296294
4 0.5026041666666666 0.4462962962962963 0.026041666666666668 0.046296296296296294
4 0.6598958333333333 0.4444444444444444 0.026041666666666668 0.046296296296296294
3 0.6854166666666667 0.44907407407407407 0.026041666666666668 0.046296296296296294
4 0.42864583333333334 0.45740740740740743 0.026041666666666668 0.046296296296296294
4 0.4859375 0.45555555555555555 0.026041666666666668 0.046296296296296294
4 0.5151041666666667 0.4601851851851852 0.026041666666666668 0.046296296296296294
3 0.6697916666666667 0.4537037037037037 0.026041666666666668 0.046296296296296294
4 0.39166666666666666 0.4648148148148148 0.026041666666666668 0.046296296296296294
4 0.45 0.46574074074074073 0.026041666666666668 0.046296296296296294
4 0.4708333333333333 0.4638888888888889 0.026041666666666668 0.046296296296296294
2 0.21979166666666666 0.47314814814814815 0.026041666666666668 0.046296296296296294
2 0.20885416666666667 0.48148148148148145 0.026041666666666668 0.046296296296296294
4 0.4171875 0.47962962962962963 0.026041666666666668 0.046296296296296294
4 0.440625 0.48055555555555557 0.026041666666666668 0.046296296296296294
4 0.5161458333333333 0.4787037037037037 0.026041666666666668 0.046296296296296294
3 0.69375 0.48148148148148145 0.026041666666666668 0.046296296296296294
4 0.4244791666666667 0.48703703703703705 0.026041666666666668 0.046296296296296294
4 0.6203125 0.48333333333333334 0.026041666666666668 0.046296296296296294
4 0.4484375 0.49444444444444446 0.026041666666666668 0.046296296296296294
4 0.5213541666666667 0.49444444444444446 0.026041666666666668 0.046296296296296294
4 0.628125 0.4935185185185185 0.026041666666666668 0.046296296296296294
4 0.6140625 0.5027777777777778 0.026041666666666668 0.046296296296296294
3 0.6833333333333333 0.5027777777777778 0.026041666666666668 0.046296296296296294
3 0.6958333333333333 0.5120370370370371 0.026041666666666668 0.046296296296296294
4 0.628125 0.5157407407407407 0.026041666666666668 0.046296296296296294
4 0.5380208333333333 0.5148148148148148 0.026041666666666668 0.046296296296296294
4 0.6666666666666666 0.5287037037037037 0.026041666666666668 0.046296296296296294
3 0.7208333333333333 0.5324074074074074 0.026041666666666668 0.046296296296296294
4 0.4239583333333333 0.5398148148148149 0.026041666666666668 0.046296296296296294
4 0.4630208333333333 0.5416666666666666 0.026041666666666668 0.046296296296296294
4 0.6234375 0.5388888888888889 0.026041666666666668 0.046296296296296294
4 0.6114583333333333 0.5453703703703704 0.026041666666666668 0.046296296296296294
4 0.5526041666666667 0.5527777777777778 0.026041666666666668 0.046296296296296294
4 0.5666666666666667 0.5527777777777778 0.026041666666666668 0.046296296296296294
3 0.7369791666666666 0.5564814814814815 0.026041666666666668 0.046296296296296294
4 0.465625 0.5648148148148148 0.026041666666666668 0.046296296296296294
4 0.5744791666666667 0.5888888888888889 0.026041666666666668 0.046296296296296294
4 0.6625 0.5944444444444444 0.026041666666666668 0.046296296296296294
4 0.5947916666666667 0.6342592592592593 0.026041666666666668 0.046296296296296294
4 0.4953125 0.6277777777777778 0.026041666666666668 0.046296296296296294
4 0.6036458333333333 0.6509259259259259 0.026041666666666668 0.046296296296296294
3 0.7416666666666667 0.6638888888888889 0.026041666666666668 0.046296296296296294
1 0.7713541666666667 0.6731481481481482 0.026041666666666668 0.046296296296296294
1 0.7171875 0.6925925925925925 0.026041666666666668 0.046296296296296294
1 0.1640625 0.725 0.026041666666666668 0.046296296296296294
1 0.8859375 0.7453703703703703 0.026041666666666668 0.046296296296296294
1 0.5145833333333333 0.8222222222222222 0.026041666666666668 0.046296296296296294
1 0.7697916666666667 0.8407407407407408 0.026041666666666668 0.046296296296296294
1 0.9760416666666667 0.8472222222222222 0.026041666666666668 0.046296296296296294
1 0.46979166666666666 0.8629629629629629 0.026041666666666668 0.046296296296296294
1 0.8244791666666667 0.8666666666666667 0.026041666666666668 0.046296296296296294
1 0.8166666666666667 0.9212962962962963 0.026041666666666668 0.046296296296296294
1 0.9609375 0.937962962962963 0.026041666666666668 0.046296296296296294
2 0.18125 0.524074074074074 0.026041666666666668 0.046296296296296294
1 0.5572916666666666 0.8111111111111111 0.026041666666666668 0.046296296296296294
1 0.871875 0.8074074074074075 0.026041666666666668 0.046296296296296294
1 0.9947916666666666 0.85 0.026041666666666668 0.046296296296296294
1 0.8197916666666667 0.8351851851851851 0.026041666666666668 0.046296296296296294
3 0.7541666666666667 0.6259259259259259 0.026041666666666668 0.046296296296296294
3 0.7572916666666667 0.5814814814814815 0.026041666666666668 0.046296296296296294
4 0.5666666666666667 0.6277777777777778 0.026041666666666668 0.046296296296296294
1 0.5822916666666667 0.6851851851851852 0.026041666666666668 0.046296296296296294
