0 0.47604166666666664 0.09814814814814815 0.026041666666666668 0.046296296296296294
0 0.48333333333333334 0.09722222222222222 0.026041666666666668 0.046296296296296294
0 0.4828125 0.12037037037037036 0.026041666666666668 0.046296296296296294
0 0.490625 0.12129629629629629 0.026041666666666668 0.046296296296296294
0 0.459375 0.12777777777777777 0.026041666666666668 0.046296296296296294
0 0.46979166666666666 0.1287037037037037 0.026041666666666668 0.046296296296296294
0 0.44114583333333335 0.1361111111111111 0.026041666666666668 0.046296296296296294
0 0.45364583333333336 0.13703703703703704 0.026041666666666668 0.046296296296296294
0 0.46197916666666666 0.13703703703703704 0.026041666666666668 0.046296296296296294
0 0.4744791666666667 0.13796296296296295 0.026041666666666668 0.046296296296296294
0 0.48333333333333334 0.1361111111111111 0.026041666666666668 0.046296296296296294
0 0.490625 0.13703703703703704 0.026041666666666668 0.046296296296296294
0 0.43802083333333336 0.14537037037037037 0.026041666666666668 0.046296296296296294
0 0.4453125 0.14444444444444443 0.026041666666666668 0.046296296296296294
0 0.46979166666666666 0.14629629629629629 0.026041666666666668 0.046296296296296294
0 0.48333333333333334 0.15462962962962962 0.026041666666666668 0.046296296296296294
0 0.4666666666666667 0.16944444444444445 0.026041666666666668 0.046296296296296294
0 0.49895833333333334 0.16574074074074074 0.026041666666666668 0.046296296296296294
0 0.4739583333333333 0.17777777777777778 0.026041666666666668 0.046296296296296294
0 0.5083333333333333 0.17685185185185184 0.026041666666666668 0.046296296296296294
0 0.4734375 0.19907407407407407 0.026041666666666668 0.046296296296296294
0 0.4510416666666667 0.2074074074074074 0.026041666666666668 0.046296296296296294
0 0.45677083333333335 0.22962962962962963 0.026041666666666668 0.046296296296296294
0 0.46927083333333336 0.23333333333333334 0.026041666666666668 0.046296296296296294
0 0.4453125 0.2351851851851852 0.026041666666666668 0.046296296296296294
0 0.49114583333333334 0.2388888888888889 0.026041666666666668 0.046296296296296294
0 0.49895833333333334 0.23703703703703705 0.026041666666666668 0.046296296296296294
0 0.4276041666666667 0.24166666666666667 0.026041666666666668 0.046296296296296294
0 0.4510416666666667 0.25 0.026041666666666668 0.046296296296296294
0 0.4822916666666667 0.26296296296296295 0.026041666666666668 0.046296296296296294
0 0.4984375 0.25925925925925924 0.026041666666666668 0.046296296296296294
0 0.5270833333333333 0.26944444444444443 0.026041666666666668 0.046296296296296294
0 0.46927083333333336 0.2759259259259259 0.026041666666666668 0.046296296296296294
0 0.50625 0.2851851851851852 0.026041666666666668 0.046296296296296294
0 0.6958333333333333 0.2861111111111111 0.026041666666666668 0.046296296296296294
0 0.4395833333333333 0.29444444444444445 0.026041666666666668 0.046296296296296294
0 0.4984375 0.29259259259259257 0.026041666666666668 0.046296296296296294
0 0.4869791666666667 0.3 0.026041666666666668 0.046296296296296294
0 0.6984375 0.3074074074074074 0.026041666666666668 0.046296296296296294
0 0.4359375 0.3175925925925926 0.026041666666666668 0.046296296296296294
0 0.5109375 0.32685185185185184 0.026041666666666668 0.046296296296296294
0 0.7083333333333334 0.32314814814814813 0.026041666666666668 0.046296296296296294
0 0.4244791666666667 0.3314814814814815 0.026041666666666668 0.046296296296296294
0 0.4453125 0.3314814814814815 0.026041666666666668 0.046296296296296294
0 0.4947916666666667 0.3314814814814815 0.026041666666666668 0.046296296296296294
4 0.5067708333333333 0.3351851851851852 0.026041666666666668 0.046296296296296294
4 0.45208333333333334 0.33796296296296297 0.026041666666666668 0.046296296296296294
4 0.49947916666666664 0.34074074074074073 0.026041666666666668 0.046296296296296294
4 0.47239583333333335 0.34444444444444444 0.026041666666666668 0.046296296296296294
4 0.5078125 0.34814814814814815 0.026041666666666668 0.046296296296296294
4 0.46197916666666666 0.35555555555555557 0.026041666666666668 0.046296296296296294
4 0.65 0.35462962962962963 0.026041666666666668 0.046296296296296294
4 0.425 0.3638888888888889 0.026041666666666668 0.046296296296296294
4 0.40677083333333336 0.36944444444444446 0.026041666666666668 0.046296296296296294
4 0.5072916666666667 0.3675925925925926 0.026041666666666668 0.046296296296296294
4 0.4453125 0.38796296296296295 0.026041666666666668 0.046296296296296294
4 0.48802083333333335 0.3851851851851852 0.026041666666666668 0.046296296296296294
4 0.515625 0.38796296296296295 0.026041666666666668 0.046296296296296294
4 0.5072916666666667 0.3925925925925926 0.026041666666666668 0.046296296296296294
4 0.6536458333333334 0.3962962962962963 0.026041666666666668 0.046296296296296294
2 0.21197916666666666 0.4009259259259259 0.026041666666666668 0.046296296296296294
2 0.19791666666666666 0.4083333333333333 0.026041666666666668 0.046296296296296294
4 0.48802083333333335 0.4101851851851852 0.026041666666666668 0.046296296296296294
2 0.21197916666666666 0.4185185185185185 0.026041666666666668 0.046296296296296294
4 0.5088541666666667 0.425 0.026041666666666668 0.046296296296296294
3 0.678125 0.42407407407407405 0.026041666666666668 0.046296296296296294
4 0.4817708333333333 0.43333333333333335 0.026041666666666668 0.046296296296296294
4 0.5161458333333333 0.4361111111111111 0.026041666666666668 0.046296296296296294
3 0.6927083333333334 0.42962962962962964 0.026041666666666668 0.046296296296296294
4 0.653125 0.44074074074074077 0.026041666666666668 0.046296296296296294
4 0.415625 0.4388888888888889 0.026041666666666668 0.046296296296296294
4 0.5083333333333333 0.44907407407407407 0.026041666666666668 0.046296296296296294
3 0.6692708333333334 0.45 0.026041666666666668 0.046296296296296294
3 0.6838541666666667 0.45 0.026041666666666668 0.046296296296296294
3 0.7046875 0.44814814814814813 0.026041666666666668 0.046296296296296294
3 0.7104166666666667 0.4462962962962963 0.026041666666666668 0.046296296296296294
4 0.5364583333333334 0.4648148148148148 0.026041666666666668 0.046296296296296294
3 0.6864583333333333 0.46574074074074073 0.026041666666666668 0.046296296296296294
4 0.5197916666666667 0.475 0.026041666666666668 0.046296296296296294
4 0.6489583333333333 0.4722222222222222 0.026041666666666668 0.046296296296296294
3 0.6796875 0.48148148148148145 0.026041666666666668 0.046296296296296294
4 0.49895833333333334 0.487962962962963 0.026041666666666668 0.046296296296296294
4 0.5208333333333334 0.4888888888888889 0.026041666666666668 0.046296296296296294
4 0.6125 0.49166666666666664 0.026041666666666668 0.046296296296296294
3 0.6708333333333333 0.4981481481481482 0.026041666666666668 0.046296296296296294
4 0.6125 0.5046296296296297 0.026041666666666668 0.046296296296296294
3 0.6895833333333333 0.5018518518518519 0.026041666666666668 0.046296296296296294
4 0.5197916666666667 0.5203703703703704 0.026041666666666668 0.046296296296296294
4 0.5916666666666667 0.5166666666666667 0.026041666666666668 0.046296296296296294
4 0.603125 0.5185185185185185 0.026041666666666668 0.046296296296296294
4 0.6229166666666667 0.525 0.026041666666666668 0.046296296296296294
4 0.6640625 0.524074074074074 0.026041666666666668 0.046296296296296294
3 0.6973958333333333 0.5259259259259259 0.026041666666666668 0.046296296296296294
3 0.7192708333333333 0.5314814814814814 0.026041666666666668 0.046296296296296294
4 0.6067708333333334 0.5416666666666666 0.026041666666666668 0.046296296296296294
4 0.5208333333333334 0.5601851851851852 0.026041666666666668 0.046296296296296294
4 0.6375 0.5601851851851852 0.026041666666666668 0.046296296296296294
3 0.7369791666666666 0.5583333333333333 0.026041666666666668 0.046296296296296294
3 0.7572916666666667 0.562962962962963 0.026041666666666668 0.046296296296296294
4 0.42083333333333334 0.5722222222222222 0.026041666666666668 0.046296296296296294
4 0.61875 0.5731481481481482 0.026041666666666668 0.046296296296296294
4 0.6083333333333333 0.5796296296296296 0.026041666666666668 0.046296296296296294
4 0.6588541666666666 0.5777777777777777 0.026041666666666668 0.046296296296296294
4 0.6369791666666667 0.5879629629629629 0.026041666666666668 0.046296296296296294
4 0.5161458333333333 0.5935185185185186 0.026041666666666668 0.046296296296296294
4 0.6072916666666667 0.5962962962962963 0.026041666666666668 0.046296296296296294
4 0.4822916666666667 0.6027777777777777 0.026041666666666668 0.046296296296296294
4 0.3953125 0.6064814814814815 0.026041666666666668 0.046296296296296294
4 0.4375 0.6083333333333333 0.026041666666666668 0.046296296296296294
4 0.5291666666666667 0.6203703703703703 0.026041666666666668 0.046296296296296294
4 0.6588541666666666 0.6185185185185185 0.026041666666666668 0.046296296296296294
3 0.7526041666666666 0.6277777777777778 0.026041666666666668 0.046296296296296294
4 0.5776041666666667 0.6435185185185185 0.026041666666666668 0.046296296296296294
3 0.7661458333333333 0.6509259259259259 0.026041666666666668 0.046296296296296294
4 0.5609375 0.6620370370370371 0.026041666666666668 0.046296296296296294
3 0.7760416666666666 0.6666666666666666 0.026041666666666668 0.046296296296296294
1 0.5552083333333333 0.6981481481481482 0.026041666666666668 0.046296296296296294
1 0.8833333333333333 0.7462962962962963 0.026041666666666668 0.046296296296296294
1 0.9005208333333333 0.7444444444444445 0.026041666666666668 0.046296296296296294
1 0.6494791666666667 0.7537037037037037 0.026041666666666668 0.046296296296296294
1 0.8375 0.7611111111111111 0.026041666666666668 0.046296296296296294
1 0.6182291666666667 0.7916666666666666 0.026041666666666668 0.046296296296296294
1 0.1828125 0.8027777777777778 0.026041666666666668 0.046296296296296294
1 0.39947916666666666 0.8175925925925925 0.026041666666666668 0.046296296296296294
1 0.825 0.8388888888888889 0.026041666666666668 0.046296296296296294
1 0.5484375 0.8361111111111111 0.026041666666666668 0.046296296296296294
1 0.8729166666666667 0.8398148148148148 0.026041666666666668 0.046296296296296294
1 0.13958333333333334 0.850925925925926 0.026041666666666668 0.046296296296296294
1 0.7463541666666667 0.8740740740740741 0.026041666666666668 0.046296296296296294
1 0.19270833333333334 0.9 0.026041666666666668 0.046296296296296294
1 0.8640625 0.8935185185185185 0.026041666666666668 0.046296296296296294
1 0.43333333333333335 0.8935185185185185 0.026041666666666668 0.046296296296296294
1 0.4661458333333333 0.9027777777777778 0.026041666666666668 0.046296296296296294
1 0.24322916666666666 0.9157407407407407 0.026041666666666668 0.046296296296296294
1 0.27395833333333336 0.9194444444444444 0.026041666666666668 0.046296296296296294
1 0.11354166666666667 0.9287037037037037 0.026041666666666668 0.046296296296296294
1 0.0265625 0.9416666666666667 0.026041666666666668 0.046296296296296294
1 0.7239583333333334 0.9527777777777777 0.026041666666666668 0.046296296296296294
1 0.9822916666666667 0.9574074074074074 0.026041666666666668 0.046296296296296294
1 0.0984375 0.9805555555555555 0.026041666666666668 0.046296296296296294
1 0.2791666666666667 0.9555555555555556 0.026041666666666668 0.046296296296296294
1 0.5083333333333333 0.9666666666666667 0.026041666666666668 0.046296296296296294
1 0.79375 0.9296296296296296 0.026041666666666668 0.046296296296296294
1 0.8645833333333334 0.937037037037037 0.026041666666666668 0.046296296296296294
1 0.8260416666666667 0.8611111111111112 0.026041666666666668 0.046296296296296294
3 0.73125 0.6388888888888888 0.026041666666666668 0.046296296296296294
1 0.7229166666666667 0.7148148148148148 0.026041666666666668 0.046296296296296294
4 0.60625 0.6444444444444445 0.026041666666666668 0.046296296296296294
4 0.6177083333333333 0.6148148148148148 0.026041666666666668 0.046296296296296294
4 0.45208333333333334 0.5685185185185185 0.026041666666666668 0.046296296296296294
4 0.375 0.5814814814814815 0.026041666666666668 0.046296296296296294
2 0.209375 0.4351851851851852 0.026041666666666668 0.046296296296296294
2 0.17708333333333334 0.4166666666666667 0.026041666666666668 0.046296296296296294
3 0.8114583333333333 0.5148148148148148 0.026041666666666668 0.046296296296296294
