0 0.4713541666666667 0.09537037037037037 0.026041666666666668 0.046296296296296294
0 0.4791666666666667 0.09722222222222222 0.026041666666666668 0.046296296296296294
0 0.4828125 0.10462962962962963 0.026041666666666668 0.046296296296296294
0 0.48385416666666664 0.12222222222222222 0.026041666666666668 0.046296296296296294
0 0.49166666666666664 0.12222222222222222 0.026041666666666668 0.046296296296296294
0 0.4708333333333333 0.1287037037037037 0.026041666666666668 0.046296296296296294
0 0.4432291666666667 0.13148148148148148 0.026041666666666668 0.046296296296296294
0 0.4510416666666667 0.13240740740740742 0.026041666666666668 0.046296296296296294
0 0.4552083333333333 0.13425925925925927 0.026041666666666668 0.046296296296296294
0 0.46197916666666666 0.1361111111111111 0.026041666666666668 0.046296296296296294
0 0.440625 0.14166666666666666 0.026041666666666668 0.046296296296296294
0 0.475 0.14814814814814814 0.026041666666666668 0.046296296296296294
0 0.4453125 0.1675925925925926 0.026041666666666668 0.046296296296296294
0 0.43125 0.17222222222222222 0.026041666666666668 0.046296296296296294
0 0.5 0.17592592592592593 0.026041666666666668 0.046296296296296294
0 0.4786458333333333 0.19814814814814816 0.026041666666666668 0.046296296296296294
0 0.4942708333333333 0.2064814814814815 0.026041666666666668 0.046296296296296294
0 0.5036458333333333 0.22592592592592592 0.026041666666666668 0.046296296296296294
0 0.4244791666666667 0.23796296296296296 0.026041666666666668 0.046296296296296294
0 0.45625 0.2351851851851852 0.026041666666666668 0.046296296296296294
0 0.4791666666666667 0.24537037037037038 0.026041666666666668 0.046296296296296294
0 0.503125 0.24537037037037038 0.026041666666666668 0.046296296296296294
0 0.425 0.25925925925925924 0.026041666666666668 0.046296296296296294
0 0.48854166666666665 0.2601851851851852 0.026041666666666668 0.046296296296296294
0 0.496875 0.26296296296296295 0.026041666666666668 0.046296296296296294
0 0.5369791666666667 0.2675925925925926 0.026041666666666668 0.046296296296296294
0 0.4588541666666667 0.27870370370370373 0.026041666666666668 0.046296296296296294
0 0.5166666666666667 0.27685185185185185 0.026041666666666668 0.046296296296296294
0 0.525 0.2861111111111111 0.026041666666666668 0.046296296296296294
0 0.4166666666666667 0.29074074074074074 0.026041666666666668 0.046296296296296294
0 0.4453125 0.29074074074074074 0.026041666666666668 0.046296296296296294
0 0.4864583333333333 0.2916666666666667 0.026041666666666668 0.046296296296296294
0 0.5119791666666667 0.29444444444444445 0.026041666666666668 0.046296296296296294
0 0.5375 0.29259259259259257 0.026041666666666668 0.046296296296296294
0 0.6875 0.2916666666666667 0.026041666666666668 0.046296296296296294
0 0.4296875 0.3 0.026041666666666668 0.046296296296296294
0 0.43802083333333336 0.30277777777777776 0.026041666666666668 0.046296296296296294
0 0.4609375 0.3 0.026041666666666668 0.046296296296296294
0 0.4947916666666667 0.30092592592592593 0.026041666666666668 0.046296296296296294
0 0.42552083333333335 0.3101851851851852 0.026041666666666668 0.046296296296296294
0 0.4817708333333333 0.3175925925925926 0.026041666666666668 0.046296296296296294
0 0.4901041666666667 0.31851851851851853 0.026041666666666668 0.046296296296296294
0 0.5072916666666667 0.3175925925925926 0.026041666666666668 0.046296296296296294
0 0.7072916666666667 0.31296296296296294 0.026041666666666668 0.046296296296296294
4 0.48541666666666666 0.33425925925925926 0.026041666666666668 0.046296296296296294
0 0.5359375 0.3314814814814815 0.026041666666666668 0.046296296296296294
4 0.41875 0.33796296296296297 0.026041666666666668 0.046296296296296294
4 0.4354166666666667 0.3388888888888889 0.026041666666666668 0.046296296296296294
4 0.4479166666666667 0.337037037037037 0.026041666666666668 0.046296296296296294
4 0.4739583333333333 0.337037037037037 0.026041666666666668 0.046296296296296294
4 0.5036458333333333 0.33796296296296297 0.026041666666666668 0.046296296296296294
4 0.5151041666666667 0.34074074074074073 0.026041666666666668 0.046296296296296294
4 0.4979166666666667 0.34814814814814815 0.026041666666666668 0.046296296296296294
4 0.40260416666666665 0.3574074074074074 0.026041666666666668 0.046296296296296294
4 0.428125 0.35833333333333334 0.026041666666666668 0.046296296296296294
4 0.45729166666666665 0.35185185185185186 0.026041666666666668 0.046296296296296294
4 0.46927083333333336 0.35555555555555557 0.026041666666666668 0.046296296296296294
4 0.48802083333333335 0.35462962962962963 0.026041666666666668 0.046296296296296294
4 0.5166666666666667 0.3537037037037037 0.026041666666666668 0.046296296296296294
4 0.3734375 0.3648148148148148 0.026041666666666668 0.046296296296296294
4 0.390625 0.3648148148148148 0.026041666666666668 0.046296296296296294
4 0.46510416666666665 0.3712962962962963 0.026041666666666668 0.046296296296296294
4 0.4822916666666667 0.3712962962962963 0.026041666666666668 0.046296296296296294
4 0.5104166666666666 0.37222222222222223 0.026041666666666668 0.046296296296296294
4 0.5369791666666667 0.3685185185185185 0.026041666666666668 0.046296296296296294
2 0.21666666666666667 0.3787037037037037 0.026041666666666668 0.046296296296296294
4 0.4203125 0.37962962962962965 0.026041666666666668 0.046296296296296294
4 0.4546875 0.38055555555555554 0.026041666666666668 0.046296296296296294
4 0.4083333333333333 0.3851851851851852 0.026041666666666668 0.046296296296296294
4 0.44479166666666664 0.387037037037037 0.026041666666666668 0.046296296296296294
4 0.6630208333333333 0.39537037037037037 0.026041666666666668 0.046296296296296294
2 0.178125 0.4083333333333333 0.026041666666666668 0.046296296296296294
2 0.20416666666666666 0.40925925925925927 0.026041666666666668 0.046296296296296294
4 0.40729166666666666 0.4064814814814815 0.026041666666666668 0.046296296296296294
4 0.4239583333333333 0.4083333333333333 0.026041666666666668 0.046296296296296294
4 0.5072916666666667 0.41203703703703703 0.026041666666666668 0.046296296296296294
3 0.703125 0.4064814814814815 0.026041666666666668 0.046296296296296294
4 0.6489583333333333 0.4166666666666667 0.026041666666666668 0.046296296296296294
4 0.6651041666666667 0.41759259259259257 0.026041666666666668 0.046296296296296294
4 0.5125 0.42314814814814816 0.026041666666666668 0.046296296296296294
3 0.6864583333333333 0.425 0.026041666666666668 0.046296296296296294
4 0.4661458333333333 0.43333333333333335 0.026041666666666668 0.046296296296296294
3 0.6791666666666667 0.43703703703703706 0.026041666666666668 0.046296296296296294
4 0.45364583333333336 0.4388888888888889 0.026041666666666668 0.046296296296296294
4 0.4973958333333333 0.4398148148148148 0.026041666666666668 0.046296296296296294
4 0.5197916666666667 0.44074074074074077 0.026041666666666668 0.046296296296296294
3 0.675 0.44166666666666665 0.026041666666666668 0.046296296296296294
4 0.3953125 0.4425925925925926 0.026041666666666668 0.046296296296296294
4 0.4078125 0.44537037037037036 0.026041666666666668 0.046296296296296294
4 0.6567708333333333 0.44907407407407407 0.026041666666666668 0.046296296296296294
3 0.6880208333333333 0.44907407407407407 0.026041666666666668 0.046296296296296294
4 0.5197916666666667 0.4537037037037037 0.026041666666666668 0.046296296296296294
4 0.4161458333333333 0.4638888888888889 0.026041666666666668 0.046296296296296294
4 0.5119791666666667 0.475 0.026041666666666668 0.046296296296296294
4 0.653125 0.475 0.026041666666666668 0.046296296296296294
3 0.6697916666666667 0.475 0.026041666666666668 0.046296296296296294
4 0.43697916666666664 0.487962962962963 0.026041666666666668 0.046296296296296294
3 0.6703125 0.4861111111111111 0.026041666666666668 0.046296296296296294
4 0.4869791666666667 0.49537037037037035 0.026041666666666668 0.046296296296296294
4 0.628125 0.49537037037037035 0.026041666666666668 0.046296296296296294
4 0.6416666666666667 0.4962962962962963 0.026041666666666668 0.046296296296296294
4 0.6494791666666667 0.4981481481481482 0.026041666666666668 0.046296296296296294
3 0.6729166666666667 0.4981481481481482 0.026041666666666668 0.046296296296296294
4 0.6171875 0.512962962962963 0.026041666666666668 0.046296296296296294
4 0.6328125 0.5101851851851852 0.026041666666666668 0.046296296296296294
3 0.6942708333333333 0.5138888888888888 0.026041666666666668 0.046296296296296294
4 0.38697916666666665 0.5185185185185185 0.026041666666666668 0.046296296296296294
4 0.4401041666666667 0.5194444444444445 0.026041666666666668 0.046296296296296294
4 0.45364583333333336 0.5185185185185185 0.026041666666666668 0.046296296296296294
4 0.5244791666666667 0.5185185185185185 0.026041666666666668 0.046296296296296294
4 0.6333333333333333 0.5203703703703704 0.026041666666666668 0.046296296296296294
4 0.475 0.5277777777777778 0.026041666666666668 0.046296296296296294
3 0.6697916666666667 0.5259259259259259 0.026041666666666668 0.046296296296296294
4 0.5953125 0.5342592592592592 0.026041666666666668 0.046296296296296294
4 0.415625 0.5388888888888889 0.026041666666666668 0.046296296296296294
4 0.4328125 0.5435185185185185 0.026041666666666668 0.046296296296296294
4 0.4625 0.5444444444444444 0.026041666666666668 0.046296296296296294
4 0.4510416666666667 0.5666666666666667 0.026041666666666668 0.046296296296296294
4 0.5072916666666667 0.562037037037037 0.026041666666666668 0.046296296296296294
3 0.7526041666666666 0.562037037037037 0.026041666666666668 0.046296296296296294
4 0.6083333333333333 0.5722222222222222 0.026041666666666668 0.046296296296296294
4 0.5166666666666667 0.5796296296296296 0.026041666666666668 0.046296296296296294
3 0.7645833333333333 0.5787037037037037 0.026041666666666668 0.046296296296296294
4 0.5864583333333333 0.587037037037037 0.026041666666666668 0.046296296296296294
4 0.5005208333333333 0.5962962962962963 0.026041666666666668 0.046296296296296294
4 0.56875 0.5944444444444444 0.026041666666666668 0.046296296296296294
4 0.6453125 0.6046296296296296 0.026041666666666668 0.046296296296296294
4 0.5536458333333333 0.6129629629629629 0.026041666666666668 0.046296296296296294
4 0.6244791666666667 0.612037037037037 0.026041666666666668 0.046296296296296294
3 0.6869791666666667 0.6185185185185185 0.026041666666666668 0.046296296296296294
3 0.715625 0.625 0.026041666666666668 0.046296296296296294
4 0.5994791666666667 0.6342592592592593 0.026041666666666668 0.046296296296296294
1 0.5723958333333333 0.6685185185185185 0.026041666666666668 0.046296296296296294
1 0.6677083333333333 0.675 0.026041666666666668 0.046296296296296294
1 0.21770833333333334 0.6796296296296296 0.026041666666666668 0.046296296296296294
1 0.5041666666666667 0.6722222222222223 0.026041666666666668 0.046296296296296294
1 0.5515625 0.687962962962963 0.026041666666666668 0.046296296296296294
1 0.6682291666666667 0.7055555555555556 0.026041666666666668 0.046296296296296294
1 0.7828125 0.7148148148148148 0.026041666666666668 0.046296296296296294
1 0.8348958333333333 0.7574074074074074 0.026041666666666668 0.046296296296296294
1 0.6838541666666667 0.7851851851851852 0.026041666666666668 0.046296296296296294
1 0.9807291666666667 0.7805555555555556 0.026041666666666668 0.046296296296296294
1 0.7541666666666667 0.812037037037037 0.026041666666666668 0.046296296296296294
1 0.31354166666666666 0.812962962962963 0.026041666666666668 0.046296296296296294
1 0.4890625 0.8138888888888889 0.026041666666666668 0.046296296296296294
1 0.8296875 0.8305555555555556 0.026041666666666668 0.046296296296296294
1 0.8651041666666667 0.8268518518518518 0.026041666666666668 0.046296296296296294
1 0.628125 0.8240740740740741 0.026041666666666668 0.046296296296296294
1 0.35625 0.8490740740740741 0.026041666666666668 0.046296296296296294
1 0.790625 0.8425925925925926 0.026041666666666668 0.046296296296296294
1 0.5239583333333333 0.8592592592592593 0.026041666666666668 0.046296296296296294
1 0.44947916666666665 0.8648148148148148 0.026041666666666668 0.046296296296296294
1 0.45208333333333334 0.875 0.026041666666666668 0.046296296296296294
1 0.40260416666666665 0.8833333333333333 0.026041666666666668 0.046296296296296294
1 0.8994791666666667 0.912962962962963 0.026041666666666668 0.046296296296296294
1 0.36666666666666664 0.9444444444444444 0.026041666666666668 0.046296296296296294
1 0.9640625 0.9444444444444444 0.026041666666666668 0.046296296296296294
1 0.9390625 0.9546296296296296 0.026041666666666668 0.046296296296296294
1 0.5692708333333333 0.9666666666666667 0.026041666666666668 0.046296296296296294
1 0.33541666666666664 0.9879629629629629 0.026041666666666668 0.046296296296296294
1 0.24791666666666667 0.8222222222222222 0.026041666666666668 0.046296296296296294
1 0.634375 0.8907407407407407 0.026041666666666668 0.046296296296296294
1 0.8354166666666667 0.8814814814814815 0.026041666666666668 0.046296296296296294
1 0.8885416666666667 0.7203703703703703 0.026041666666666668 0.046296296296296294
3 0.75625 0.6185185185185185 0.026041666666666668 0.046296296296296294
1 0.7770833333333333 0.6685185185185185 0.026041666666666668 0.046296296296296294
4 0.48020833333333335 0.5722222222222222 0.026041666666666668 0.046296296296296294
4 0.428125 0.5851851851851851 0.026041666666666668 0.046296296296296294
4 0.39479166666666665 0.5462962962962963 0.026041666666666668 0.046296296296296294
4 0.525 0.6111111111111112 0.026041666666666668 0.046296296296296294
4 0.5916666666666667 0.6648148148148149 0.026041666666666668 0.046296296296296294
4 0.6541666666666667 0.6203703703703703 0.026041666666666668 0.046296296296296294
3 0.715625 0.5574074074074075 0.026041666666666668 0.046296296296296294
3 0.7197916666666667 0.5314814814814814 0.026041666666666668 0.046296296296296294
