0 0.475 0.08981481481481482 0.026041666666666668 0.046296296296296294
0 0.48489583333333336 0.09814814814814815 0.026041666666666668 0.046296296296296294
0 0.4817708333333333 0.11944444444444445 0.026041666666666668 0.046296296296296294
0 0.4427083333333333 0.13240740740740742 0.026041666666666668 0.046296296296296294
0 0.44895833333333335 0.13333333333333333 0.026041666666666668 0.046296296296296294
0 0.46197916666666666 0.13425925925925927 0.026041666666666668 0.046296296296296294
0 0.4875 0.13703703703703704 0.026041666666666668 0.046296296296296294
0 0.4583333333333333 0.1425925925925926 0.026041666666666668 0.046296296296296294
0 0.4708333333333333 0.14351851851851852 0.026041666666666668 0.046296296296296294
0 0.4739583333333333 0.14537037037037037 0.026041666666666668 0.046296296296296294
0 0.4817708333333333 0.14444444444444443 0.026041666666666668 0.046296296296296294
0 0.43072916666666666 0.1537037037037037 0.026041666666666668 0.046296296296296294
0 0.43802083333333336 0.15648148148148147 0.026041666666666668 0.046296296296296294
0 0.4796875 0.1527777777777778 0.026041666666666668 0.046296296296296294
0 0.4484375 0.16018518518518518 0.026041666666666668 0.046296296296296294
0 0.46197916666666666 0.16018518518518518 0.026041666666666668 0.046296296296296294
0 0.4895833333333333 0.16111111111111112 0.026041666666666668 0.046296296296296294
0 0.44947916666666665 0.16574074074074074 0.026041666666666668 0.046296296296296294
0 0.43385416666666665 0.17592592592592593 0.026041666666666668 0.046296296296296294
0 0.5036458333333333 0.175 0.026041666666666668 0.046296296296296294
0 0.5067708333333333 0.17685185185185184 0.026041666666666668 0.046296296296296294
0 0.43854166666666666 0.18333333333333332 0.026041666666666668 0.046296296296296294
0 0.4661458333333333 0.18425925925925926 0.026041666666666668 0.046296296296296294
0 0.478125 0.18333333333333332 0.026041666666666668 0.046296296296296294
0 0.49583333333333335 0.1925925925925926 0.026041666666666668 0.046296296296296294
0 0.48854166666666665 0.19722222222222222 0.026041666666666668 0.046296296296296294
0 0.425 0.2074074074074074 0.026041666666666668 0.046296296296296294
0 0.5 0.21666666666666667 0.026041666666666668 0.046296296296296294
0 0.4296875 0.23333333333333334 0.026041666666666668 0.046296296296296294
0 0.45260416666666664 0.2324074074074074 0.026041666666666668 0.046296296296296294
0 0.4703125 0.22685185185185186 0.026041666666666668 0.046296296296296294
0 0.503125 0.2324074074074074 0.026041666666666668 0.046296296296296294
0 0.42864583333333334 0.24814814814814815 0.026041666666666668 0.046296296296296294
0 0.475 0.24444444444444444 0.026041666666666668 0.046296296296296294
0 0.4822916666666667 0.2462962962962963 0.026041666666666668 0.046296296296296294
0 0.49166666666666664 0.2518518518518518 0.026041666666666668 0.046296296296296294
0 0.478125 0.2611111111111111 0.026041666666666668 0.046296296296296294
0 0.5026041666666666 0.26944444444444443 0.026041666666666668 0.046296296296296294
0 0.4625 0.2740740740740741 0.026041666666666668 0.046296296296296294
0 0.49166666666666664 0.2759259259259259 0.026041666666666668 0.046296296296296294
0 0.5125 0.27685185185185185 0.026041666666666668 0.046296296296296294
0 0.5453125 0.2796296296296296 0.026041666666666668 0.046296296296296294
0 0.5255208333333333 0.28888888888888886 0.026041666666666668 0.046296296296296294
0 0.42083333333333334 0.29444444444444445 0.026041666666666668 0.046296296296296294
0 0.4864583333333333 0.2935185185185185 0.026041666666666668 0.046296296296296294
0 0.5166666666666667 0.2935185185185185 0.026041666666666668 0.046296296296296294
0 0.6953125 0.29259259259259257 0.026041666666666668 0.046296296296296294
0 0.415625 0.3111111111111111 0.026041666666666668 0.046296296296296294
0 0.5151041666666667 0.3111111111111111 0.026041666666666668 0.046296296296296294
0 0.43072916666666666 0.31666666666666665 0.026041666666666668 0.046296296296296294
0 0.7015625 0.31203703703703706 0.026041666666666668 0.046296296296296294
0 0.515625 0.32592592592592595 0.026041666666666668 0.046296296296296294
0 0.4166666666666667 0.3296296296296296 0.026041666666666668 0.046296296296296294
0 0.44583333333333336 0.3314814814814815 0.026041666666666668 0.046296296296296294
0 0.48333333333333334 0.3296296296296296 0.026041666666666668 0.046296296296296294
4 0.5072916666666667 0.3351851851851852 0.026041666666666668 0.046296296296296294
4 0.5036458333333333 0.3435185185185185 0.026041666666666668 0.046296296296296294
4 0.46510416666666665 0.3472222222222222 0.026041666666666668 0.046296296296296294
4 0.4484375 0.3574074074074074 0.026041666666666668 0.046296296296296294
4 0.49895833333333334 0.3574074074074074 0.026041666666666668 0.046296296296296294
4 0.43697916666666664 0.3648148148148148 0.026041666666666668 0.046296296296296294
4 0.5078125 0.362962962962963 0.026041666666666668 0.046296296296296294
4 0.37552083333333336 0.3712962962962963 0.026041666666666668 0.046296296296296294
2 0.21979166666666666 0.37777777777777777 0.026041666666666668 0.046296296296296294
4 0.384375 0.38055555555555554 0.026041666666666668 0.046296296296296294
4 0.50625 0.37777777777777777 0.026041666666666668 0.046296296296296294
4 0.5197916666666667 0.3787037037037037 0.026041666666666668 0.046296296296296294
4 0.4322916666666667 0.387037037037037 0.026041666666666668 0.046296296296296294
4 0.4484375 0.387037037037037 0.026041666666666668 0.046296296296296294
4 0.490625 0.387037037037037 0.026041666666666668 0.046296296296296294
4 0.528125 0.3888888888888889 0.026041666666666668 0.046296296296296294
4 0.4 0.39537037037037037 0.026041666666666668 0.046296296296296294
4 0.6645833333333333 0.39351851851851855 0.026041666666666668 0.046296296296296294
4 0.5083333333333333 0.40185185185185185 0.026041666666666668 0.046296296296296294
2 0.2078125 0.40925925925925927 0.026041666666666668 0.046296296296296294
4 0.4203125 0.40925925925925927 0.026041666666666668 0.046296296296296294
4 0.6494791666666667 0.4083333333333333 0.026041666666666668 0.046296296296296294
3 0.7083333333333334 0.4101851851851852 0.026041666666666668 0.046296296296296294
2 0.18958333333333333 0.412962962962963 0.026041666666666668 0.046296296296296294
4 0.37864583333333335 0.41944444444444445 0.026041666666666668 0.046296296296296294
4 0.4953125 0.4166666666666667 0.026041666666666668 0.046296296296296294
4 0.5203125 0.4287037037037037 0.026041666666666668 0.046296296296296294
4 0.6598958333333333 0.42685185185185187 0.026041666666666668 0.046296296296296294
4 0.6645833333333333 0.425 0.026041666666666668 0.046296296296296294
2 0.17552083333333332 0.4324074074074074 0.026041666666666668 0.046296296296296294
4 0.4744791666666667 0.43333333333333335 0.026041666666666668 0.046296296296296294
4 0.4942708333333333 0.43148148148148147 0.026041666666666668 0.046296296296296294
4 0.5072916666666667 0.43333333333333335 0.026041666666666668 0.046296296296296294
4 0.39895833333333336 0.4425925925925926 0.026041666666666668 0.046296296296296294
4 0.4322916666666667 0.4388888888888889 0.026041666666666668 0.046296296296296294
3 0.6921875 0.44074074074074077 0.026041666666666668 0.046296296296296294
4 0.5125 0.45 0.026041666666666668 0.046296296296296294
3 0.6739583333333333 0.44814814814814813 0.026041666666666668 0.046296296296296294
3 0.6838541666666667 0.44722222222222224 0.026041666666666668 0.046296296296296294
4 0.37916666666666665 0.4564814814814815 0.026041666666666668 0.046296296296296294
4 0.49947916666666664 0.45555555555555555 0.026041666666666668 0.046296296296296294
3 0.6901041666666666 0.45555555555555555 0.026041666666666668 0.046296296296296294
4 0.44947916666666665 0.4638888888888889 0.026041666666666668 0.046296296296296294
3 0.6697916666666667 0.4638888888888889 0.026041666666666668 0.046296296296296294
4 0.4375 0.47314814814814815 0.026041666666666668 0.046296296296296294
4 0.4666666666666667 0.4722222222222222 0.026041666666666668 0.046296296296296294
4 0.4041666666666667 0.4787037037037037 0.026041666666666668 0.046296296296296294
3 0.6776041666666667 0.48055555555555557 0.026041666666666668 0.046296296296296294
4 0.625 0.4861111111111111 0.026041666666666668 0.046296296296296294
4 0.5026041666666666 0.49166666666666664 0.026041666666666668 0.046296296296296294
4 0.6328125 0.49537037037037035 0.026041666666666668 0.046296296296296294
3 0.6770833333333334 0.4935185185185185 0.026041666666666668 0.046296296296296294
4 0.6125 0.5027777777777778 0.026041666666666668 0.046296296296296294
4 0.6609375 0.5092592592592593 0.026041666666666668 0.046296296296296294
3 0.6895833333333333 0.5101851851851852 0.026041666666666668 0.046296296296296294
4 0.45729166666666665 0.5138888888888888 0.026041666666666668 0.046296296296296294
4 0.5911458333333334 0.5259259259259259 0.026041666666666668 0.046296296296296294
3 0.6703125 0.5277777777777778 0.026041666666666668 0.046296296296296294
4 0.4119791666666667 0.5324074074074074 0.026041666666666668 0.046296296296296294
4 0.509375 0.5398148148148149 0.026041666666666668 0.046296296296296294
3 0.6901041666666666 0.5416666666666666 0.026041666666666668 0.046296296296296294
3 0.7276041666666667 0.5398148148148149 0.026041666666666668 0.046296296296296294
4 0.3885416666666667 0.55 0.026041666666666668 0.046296296296296294
4 0.425 0.55 0.026041666666666668 0.046296296296296294
4 0.44427083333333334 0.5518518518518518 0.026041666666666668 0.046296296296296294
4 0.6208333333333333 0.55 0.026041666666666668 0.046296296296296294
3 0.7125 0.5481481481481482 0.026041666666666668 0.046296296296296294
4 0.5197916666666667 0.5537037037037037 0.026041666666666668 0.046296296296296294
4 0.6302083333333334 0.5675925925925925 0.026041666666666668 0.046296296296296294
3 0.6708333333333333 0.5675925925925925 0.026041666666666668 0.046296296296296294
3 0.7520833333333333 0.5675925925925925 0.026041666666666668 0.046296296296296294
4 0.39739583333333334 0.5712962962962963 0.026041666666666668 0.046296296296296294
4 0.5036458333333333 0.5768518518518518 0.026041666666666668 0.046296296296296294
4 0.6125 0.5814814814814815 0.026041666666666668 0.046296296296296294
3 0.765625 0.5879629629629629 0.026041666666666668 0.046296296296296294
4 0.5994791666666667 0.5935185185185186 0.026041666666666668 0.046296296296296294
4 0.6364583333333333 0.5944444444444444 0.026041666666666668 0.046296296296296294
4 0.665625 0.5953703703703703 0.026041666666666668 0.046296296296296294
3 0.6864583333333333 0.5962962962962963 0.026041666666666668 0.046296296296296294
3 0.740625 0.5944444444444444 0.026041666666666668 0.046296296296296294
4 0.6125 0.6111111111111112 0.026041666666666668 0.046296296296296294
4 0.628125 0.6138888888888889 0.026041666666666668 0.046296296296296294
4 0.6489583333333333 0.6083333333333333 0.026041666666666668 0.046296296296296294
4 0.5697916666666667 0.6351851851851852 0.026041666666666668 0.046296296296296294
4 0.5369791666666667 0.6416666666666667 0.026041666666666668 0.046296296296296294
1 0.6984375 0.6805555555555556 0.026041666666666668 0.046296296296296294
1 0.4119791666666667 0.6907407407407408 0.026041666666666668 0.046296296296296294
1 0.778125 0.7194444444444444 0.026041666666666668 0.046296296296296294
1 0.5567708333333333 0.7416666666666667 0.026041666666666668 0.046296296296296294
1 0.6369791666666667 0.7462962962962963 0.026041666666666668 0.046296296296296294
1 0.66875 0.7518518518518519 0.026041666666666668 0.046296296296296294
1 0.5098958333333333 0.7592592592592593 0.026041666666666668 0.046296296296296294
1 0.8239583333333333 0.7564814814814815 0.026041666666666668 0.046296296296296294
1 0.20677083333333332 0.7731481481481481 0.026041666666666668 0.046296296296296294
1 0.5401041666666667 0.7694444444444445 0.026041666666666668 0.046296296296296294
1 0.24947916666666667 0.7787037037037037 0.026041666666666668 0.046296296296296294
1 0.35572916666666665 0.7787037037037037 0.026041666666666668 0.046296296296296294
1 0.5807291666666666 0.7842592592592592 0.026041666666666668 0.046296296296296294
1 0.7427083333333333 0.7953703703703704 0.026041666666666668 0.046296296296296294
1 0.18333333333333332 0.8055555555555556 0.026041666666666668 0.046296296296296294
1 0.48854166666666665 0.8 0.026041666666666668 0.046296296296296294
1 0.8677083333333333 0.8037037037037037 0.026041666666666668 0.046296296296296294
1 0.6416666666666667 0.8157407407407408 0.026041666666666668 0.046296296296296294
1 0.5895833333333333 0.8296296296296296 0.026041666666666668 0.046296296296296294
1 0.8755208333333333 0.8351851851851851 0.026041666666666668 0.046296296296296294
1 0.3145833333333333 0.8472222222222222 0.026041666666666668 0.046296296296296294
1 0.7911458333333333 0.8453703703703703 0.026041666666666668 0.046296296296296294
1 0.4739583333333333 0.875 0.026041666666666668 0.046296296296296294
1 0.38333333333333336 0.8824074074074074 0.026041666666666668 0.046296296296296294
1 0.4432291666666667 0.8962962962962963 0.026041666666666668 0.046296296296296294
1 0.3328125 0.9268518518518518 0.026041666666666668 0.046296296296296294
1 0.8505208333333333 0.9564814814814815 0.026041666666666668 0.046296296296296294
1 0.8973958333333333 0.9527777777777777 0.026041666666666668 0.046296296296296294
1 0.9625 0.937962962962963 0.026041666666666668 0.046296296296296294
1 0.5057291666666667 0.9833333333333333 0.026041666666666668 0.046296296296296294
1 0.11770833333333333 0.9907407407407407 0.026041666666666668 0.046296296296296294
1 0.18541666666666667 0.9972222222222222 0.026041666666666668 0.046296296296296294
1 0.36875 0.9962962962962963 0.026041666666666668 0.046296296296296294
1 0.14895833333333333 0.8740740740740741 0.026041666666666668 0.046296296296296294
1 0.6760416666666667 0.9740740740740741 0.026041666666666668 0.046296296296296294
1 0.825 0.8777777777777778 0.026041666666666668 0.046296296296296294
1 0.8322916666666667 0.8351851851851851 0.026041666666666668 0.046296296296296294
1 0.8770833333333333 0.7333333333333333 0.026041666666666668 0.046296296296296294
1 0.7645833333333333 0.6703703703703704 0.026041666666666668 0.046296296296296294
3 0.7364583333333333 0.562962962962963 0.026041666666666668 0.046296296296296294
4 0.6010416666666667 0.6388888888888888 0.026041666666666668 0.046296296296296294
