0 0.4703125 0.09444444444444444 0.026041666666666668 0.046296296296296294
0 0.4791666666666667 0.09722222222222222 0.026041666666666668 0.046296296296296294
0 0.4859375 0.09907407407407408 0.026041666666666668 0.046296296296296294
0 0.4828125 0.11944444444444445 0.026041666666666668 0.046296296296296294
0 0.490625 0.12129629629629629 0.026041666666666668 0.046296296296296294
0 0.4708333333333333 0.12685185185185185 0.026041666666666668 0.046296296296296294
0 0.4427083333333333 0.13333333333333333 0.026041666666666668 0.046296296296296294
0 0.45 0.13333333333333333 0.026041666666666668 0.046296296296296294
0 0.46145833333333336 0.13518518518518519 0.026041666666666668 0.046296296296296294
0 0.48333333333333334 0.13796296296296295 0.026041666666666668 0.046296296296296294
0 0.490625 0.13796296296296295 0.026041666666666668 0.046296296296296294
0 0.4588541666666667 0.14537037037037037 0.026041666666666668 0.046296296296296294
0 0.47239583333333335 0.14444444444444443 0.026041666666666668 0.046296296296296294
0 0.47552083333333334 0.14537037037037037 0.026041666666666668 0.046296296296296294
0 0.4630208333333333 0.1537037037037037 0.026041666666666668 0.046296296296296294
0 0.44947916666666665 0.15925925925925927 0.026041666666666668 0.046296296296296294
0 0.44479166666666664 0.1685185185185185 0.026041666666666668 0.046296296296296294
0 0.43385416666666665 0.17407407407407408 0.026041666666666668 0.046296296296296294
0 0.4625 0.17314814814814813 0.026041666666666668 0.046296296296296294
0 0.46979166666666666 0.17407407407407408 0.026041666666666668 0.046296296296296294
0 0.5010416666666667 0.17592592592592593 0.026041666666666668 0.046296296296296294
0 0.43802083333333336 0.1814814814814815 0.026041666666666668 0.046296296296296294
0 0.4583333333333333 0.18425925925925926 0.026041666666666668 0.046296296296296294
0 0.4822916666666667 0.19166666666666668 0.026041666666666668 0.046296296296296294
0 0.4942708333333333 0.1925925925925926 0.026041666666666668 0.046296296296296294
0 0.4666666666666667 0.2 0.026041666666666668 0.046296296296296294
0 0.475 0.21574074074074073 0.026041666666666668 0.046296296296296294
0 0.42604166666666665 0.23055555555555557 0.026041666666666668 0.046296296296296294
0 0.45677083333333335 0.23148148148148148 0.026041666666666668 0.046296296296296294
0 0.4671875 0.22962962962962963 0.026041666666666668 0.046296296296296294
0 0.5036458333333333 0.22592592592592592 0.026041666666666668 0.046296296296296294
0 0.5114583333333333 0.23055555555555557 0.026041666666666668 0.046296296296296294
0 0.44947916666666665 0.2388888888888889 0.026041666666666668 0.046296296296296294
0 0.4203125 0.24814814814814815 0.026041666666666668 0.046296296296296294
0 0.48541666666666666 0.24537037037037038 0.026041666666666668 0.046296296296296294
0 0.503125 0.24537037037037038 0.026041666666666668 0.046296296296296294
0 0.4661458333333333 0.2518518518518518 0.026041666666666668 0.046296296296296294
0 0.4744791666666667 0.25462962962962965 0.026041666666666668 0.046296296296296294
0 0.4953125 0.25555555555555554 0.026041666666666668 0.046296296296296294
0 0.41510416666666666 0.2638888888888889 0.026041666666666668 0.046296296296296294
0 0.45729166666666665 0.27037037037037037 0.026041666666666668 0.046296296296296294
0 0.4901041666666667 0.2722222222222222 0.026041666666666668 0.046296296296296294
0 0.5083333333333333 0.26851851851851855 0.026041666666666668 0.046296296296296294
0 0.48333333333333334 0.27870370370370373 0.026041666666666668 0.046296296296296294
0 0.5145833333333333 0.27870370370370373 0.026041666666666668 0.046296296296296294
0 0.5458333333333333 0.2777777777777778 0.026041666666666668 0.046296296296296294
0 0.45729166666666665 0.2814814814814815 0.026041666666666668 0.046296296296296294
0 0.46979166666666666 0.2851851851851852 0.026041666666666668 0.046296296296296294
0 0.4244791666666667 0.29259259259259257 0.026041666666666668 0.046296296296296294
0 0.5072916666666667 0.29259259259259257 0.026041666666666668 0.046296296296296294
0 0.690625 0.29259259259259257 0.026041666666666668 0.046296296296296294
0 0.4630208333333333 0.3111111111111111 0.026041666666666668 0.046296296296296294
0 0.5104166666666666 0.3074074074074074 0.026041666666666668 0.046296296296296294
0 0.42604166666666665 0.31666666666666665 0.026041666666666668 0.046296296296296294
0 0.43125 0.3175925925925926 0.026041666666666668 0.046296296296296294
0 0.53125 0.3138888888888889 0.026041666666666668 0.046296296296296294
0 0.7015625 0.3101851851851852 0.026041666666666668 0.046296296296296294
0 0.4635416666666667 0.33055555555555555 0.026041666666666668 0.046296296296296294
0 0.4817708333333333 0.3287037037037037 0.026041666666666668 0.046296296296296294
4 0.44114583333333335 0.33796296296296297 0.026041666666666668 0.046296296296296294
4 0.45416666666666666 0.33796296296296297 0.026041666666666668 0.046296296296296294
4 0.37395833333333334 0.35462962962962963 0.026041666666666668 0.046296296296296294
4 0.4083333333333333 0.35648148148148145 0.026041666666666668 0.046296296296296294
4 0.45 0.35462962962962963 0.026041666666666668 0.046296296296296294
4 0.5078125 0.35462962962962963 0.026041666666666668 0.046296296296296294
4 0.37395833333333334 0.3712962962962963 0.026041666666666668 0.046296296296296294
2 0.21666666666666667 0.38055555555555554 0.026041666666666668 0.046296296296296294
4 0.3828125 0.3814814814814815 0.026041666666666668 0.046296296296296294
4 0.5067708333333333 0.3768518518518518 0.026041666666666668 0.046296296296296294
4 0.5078125 0.3925925925925926 0.026041666666666668 0.046296296296296294
4 0.6484375 0.3925925925925926 0.026041666666666668 0.046296296296296294
4 0.6661458333333333 0.4009259259259259 0.026041666666666668 0.046296296296296294
4 0.390625 0.4083333333333333 0.026041666666666668 0.046296296296296294
4 0.6484375 0.4064814814814815 0.026041666666666668 0.046296296296296294
3 0.703125 0.4064814814814815 0.026041666666666668 0.046296296296296294
2 0.19010416666666666 0.4166666666666667 0.026041666666666668 0.046296296296296294
4 0.37916666666666665 0.4203703703703704 0.026041666666666668 0.046296296296296294
4 0.4708333333333333 0.4185185185185185 0.026041666666666668 0.046296296296296294
4 0.48333333333333334 0.41759259259259257 0.026041666666666668 0.046296296296296294
2 0.17447916666666666 0.425 0.026041666666666668 0.046296296296296294
4 0.40260416666666665 0.42407407407407405 0.026041666666666668 0.046296296296296294
4 0.43697916666666664 0.42592592592592593 0.026041666666666668 0.046296296296296294
4 0.50625 0.42592592592592593 0.026041666666666668 0.046296296296296294
4 0.5203125 0.42592592592592593 0.026041666666666668 0.046296296296296294
4 0.6598958333333333 0.425 0.026041666666666668 0.046296296296296294
4 0.39010416666666664 0.42962962962962964 0.026041666666666668 0.046296296296296294
4 0.5234375 0.43425925925925923 0.026041666666666668 0.046296296296296294
4 0.4359375 0.4388888888888889 0.026041666666666668 0.046296296296296294
3 0.6739583333333333 0.4398148148148148 0.026041666666666668 0.046296296296296294
4 0.3734375 0.45 0.026041666666666668 0.046296296296296294
4 0.4114583333333333 0.44537037037037036 0.026041666666666668 0.046296296296296294
4 0.46510416666666665 0.44814814814814813 0.026041666666666668 0.046296296296296294
4 0.5036458333333333 0.44907407407407407 0.026041666666666668 0.046296296296296294
4 0.5109375 0.44814814814814813 0.026041666666666668 0.046296296296296294
4 0.5234375 0.45 0.026041666666666668 0.046296296296296294
4 0.6609375 0.45925925925925926 0.026041666666666668 0.046296296296296294
3 0.6734375 0.4722222222222222 0.026041666666666668 0.046296296296296294
4 0.525 0.4787037037037037 0.026041666666666668 0.046296296296296294
4 0.6505208333333333 0.48148148148148145 0.026041666666666668 0.046296296296296294
4 0.628125 0.4898148148148148 0.026041666666666668 0.046296296296296294
4 0.6661458333333333 0.48703703703703705 0.026041666666666668 0.046296296296296294
4 0.5026041666666666 0.4925925925925926 0.026041666666666668 0.046296296296296294
3 0.7161458333333334 0.49722222222222223 0.026041666666666668 0.046296296296296294
4 0.5166666666666667 0.5055555555555555 0.026041666666666668 0.046296296296296294
4 0.6151041666666667 0.5083333333333333 0.026041666666666668 0.046296296296296294
4 0.628125 0.5111111111111111 0.026041666666666668 0.046296296296296294
3 0.7052083333333333 0.5175925925925926 0.026041666666666668 0.046296296296296294
3 0.7114583333333333 0.5185185185185185 0.026041666666666668 0.046296296296296294
4 0.5854166666666667 0.525 0.026041666666666668 0.046296296296296294
3 0.7208333333333333 0.5259259259259259 0.026041666666666668 0.046296296296296294
4 0.5125 0.5333333333333333 0.026041666666666668 0.046296296296296294
4 0.6578125 0.5351851851851852 0.026041666666666668 0.046296296296296294
4 0.43645833333333334 0.5537037037037037 0.026041666666666668 0.046296296296296294
4 0.415625 0.5611111111111111 0.026041666666666668 0.046296296296296294
4 0.6333333333333333 0.5657407407407408 0.026041666666666668 0.046296296296296294
4 0.6104166666666667 0.5731481481481482 0.026041666666666668 0.046296296296296294
3 0.7666666666666667 0.5722222222222222 0.026041666666666668 0.046296296296296294
4 0.47708333333333336 0.5796296296296296 0.026041666666666668 0.046296296296296294
4 0.5020833333333333 0.575925925925926 0.026041666666666668 0.046296296296296294
4 0.6125 0.587037037037037 0.026041666666666668 0.046296296296296294
4 0.6197916666666666 0.5907407407407408 0.026041666666666668 0.046296296296296294
3 0.7078125 0.5888888888888889 0.026041666666666668 0.046296296296296294
4 0.5317708333333333 0.5972222222222222 0.026041666666666668 0.046296296296296294
4 0.5994791666666667 0.5972222222222222 0.026041666666666668 0.046296296296296294
3 0.7213541666666666 0.5944444444444444 0.026041666666666668 0.046296296296296294
4 0.44947916666666665 0.5944444444444444 0.026041666666666668 0.046296296296296294
4 0.4239583333333333 0.6129629629629629 0.026041666666666668 0.046296296296296294
4 0.5578125 0.6648148148148149 0.026041666666666668 0.046296296296296294
3 0.7723958333333333 0.6657407407407407 0.026041666666666668 0.046296296296296294
1 0.22083333333333333 0.6731481481481482 0.026041666666666668 0.046296296296296294
1 0.396875 0.6675925925925926 0.026041666666666668 0.046296296296296294
1 0.5197916666666667 0.6796296296296296 0.026041666666666668 0.046296296296296294
1 0.5453125 0.6796296296296296 0.026041666666666668 0.046296296296296294
1 0.728125 0.6962962962962963 0.026041666666666668 0.046296296296296294
1 0.778125 0.7175925925925926 0.026041666666666668 0.046296296296296294
1 0.66875 0.7333333333333333 0.026041666666666668 0.046296296296296294
1 0.18333333333333332 0.7435185185185185 0.026041666666666668 0.046296296296296294
1 0.8817708333333333 0.7509259259259259 0.026041666666666668 0.046296296296296294
1 0.9640625 0.7777777777777778 0.026041666666666668 0.046296296296296294
1 0.7442708333333333 0.7944444444444444 0.026041666666666668 0.046296296296296294
1 0.30885416666666665 0.812962962962963 0.026041666666666668 0.046296296296296294
1 0.8786458333333333 0.8351851851851851 0.026041666666666668 0.046296296296296294
1 0.7916666666666666 0.85 0.026041666666666668 0.046296296296296294
1 0.3828125 0.8824074074074074 0.026041666666666668 0.046296296296296294
1 0.46458333333333335 0.8833333333333333 0.026041666666666668 0.046296296296296294
1 0.42552083333333335 0.8851851851851852 0.026041666666666668 0.046296296296296294
1 0.8921875 0.9148148148148149 0.026041666666666668 0.046296296296296294
1 0.3265625 0.9064814814814814 0.026041666666666668 0.046296296296296294
1 0.5786458333333333 0.9268518518518518 0.026041666666666668 0.046296296296296294
1 0.640625 0.9268518518518518 0.026041666666666668 0.046296296296296294
1 0.5140625 0.9231481481481482 0.026041666666666668 0.046296296296296294
1 0.553125 0.9342592592592592 0.026041666666666668 0.046296296296296294
1 0.9255208333333333 0.9527777777777777 0.026041666666666668 0.046296296296296294
1 0.96875 0.9472222222222222 0.026041666666666668 0.046296296296296294
1 0.07239583333333334 0.9805555555555555 0.026041666666666668 0.046296296296296294
1 0.159375 0.9055555555555556 0.026041666666666668 0.046296296296296294
1 0.11666666666666667 0.837037037037037 0.026041666666666668 0.046296296296296294
1 0.21875 0.7277777777777777 0.026041666666666668 0.046296296296296294
1 0.365625 0.7907407407407407 0.026041666666666668 0.046296296296296294
1 0.3802083333333333 0.7148148148148148 0.026041666666666668 0.046296296296296294
4 0.384375 0.55 0.026041666666666668 0.046296296296296294
4 0.5322916666666667 0.6259259259259259 0.026041666666666668 0.046296296296296294
1 0.646875 0.7333333333333333 0.026041666666666668 0.046296296296296294
4 0.5947916666666667 0.6333333333333333 0.026041666666666668 0.046296296296296294
4 0.6125 0.6148148148148148 0.026041666666666668 0.046296296296296294
4 0.5708333333333333 0.6333333333333333 0.026041666666666668 0.046296296296296294
1 0.8291666666666667 0.7574074074074074 0.026041666666666668 0.046296296296296294
1 0.828125 0.8703703703703703 0.026041666666666668 0.046296296296296294
1 0.825 0.8314814814814815 0.026041666666666668 0.046296296296296294
3 0.7552083333333334 0.512962962962963 0.026041666666666668 0.046296296296296294
3 0.746875 0.5648148148148148 0.026041666666666668 0.046296296296296294
3 0.678125 0.5055555555555555 0.026041666666666668 0.046296296296296294
4 0.5864583333333333 0.48518518518518516 0.026041666666666668 0.046296296296296294
4 0.646875 0.6129629629629629 0.026041666666666668 0.046296296296296294
3 0.73125 0.587037037037037 0.026041666666666668 0.046296296296296294
