0 0.4828125 0.12222222222222222 0.026041666666666668 0.046296296296296294
0 0.49322916666666666 0.12129629629629629 0.026041666666666668 0.046296296296296294
0 0.4979166666666667 0.12129629629629629 0.026041666666666668 0.046296296296296294
0 0.4421875 0.13148148148148148 0.026041666666666668 0.046296296296296294
0 0.46197916666666666 0.1361111111111111 0.026041666666666668 0.046296296296296294
0 0.4708333333333333 0.13703703703703704 0.026041666666666668 0.046296296296296294
0 0.478125 0.1361111111111111 0.026041666666666668 0.046296296296296294
0 0.4505208333333333 0.14444444444444443 0.026041666666666668 0.046296296296296294
0 0.490625 0.14722222222222223 0.026041666666666668 0.046296296296296294
0 0.4822916666666667 0.1537037037037037 0.026041666666666668 0.046296296296296294
0 0.46197916666666666 0.15925925925925927 0.026041666666666668 0.046296296296296294
0 0.45416666666666666 0.1685185185185185 0.026041666666666668 0.046296296296296294
0 0.4703125 0.16944444444444445 0.026041666666666668 0.046296296296296294
0 0.4953125 0.1675925925925926 0.026041666666666668 0.046296296296296294
0 0.43385416666666665 0.17592592592592593 0.026041666666666668 0.046296296296296294
0 0.4744791666666667 0.17592592592592593 0.026041666666666668 0.046296296296296294
0 0.4875 0.17592592592592593 0.026041666666666668 0.046296296296296294
0 0.4276041666666667 0.18611111111111112 0.026041666666666668 0.046296296296296294
0 0.49947916666666664 0.18981481481481483 0.026041666666666668 0.046296296296296294
0 0.4822916666666667 0.20092592592592592 0.026041666666666668 0.046296296296296294
0 0.4427083333333333 0.20462962962962963 0.026041666666666668 0.046296296296296294
0 0.4822916666666667 0.22962962962962963 0.026041666666666668 0.046296296296296294
0 0.515625 0.22962962962962963 0.026041666666666668 0.046296296296296294
0 0.4947916666666667 0.25462962962962965 0.026041666666666668 0.046296296296296294
0 0.4822916666666667 0.275 0.026041666666666668 0.046296296296296294
0 0.4864583333333333 0.27685185185185185 0.026041666666666668 0.046296296296296294
0 0.4984375 0.27685185185185185 0.026041666666666668 0.046296296296296294
0 0.4947916666666667 0.28425925925925927 0.026041666666666668 0.046296296296296294
0 0.5109375 0.2814814814814815 0.026041666666666668 0.046296296296296294
0 0.49895833333333334 0.2898148148148148 0.026041666666666668 0.046296296296296294
0 0.6953125 0.2935185185185185 0.026041666666666668 0.046296296296296294
0 0.415625 0.2962962962962963 0.026041666666666668 0.046296296296296294
0 0.4828125 0.3 0.026041666666666668 0.046296296296296294
0 0.4270833333333333 0.3055555555555556 0.026041666666666668 0.046296296296296294
0 0.475 0.30833333333333335 0.026041666666666668 0.046296296296296294
0 0.5114583333333333 0.30833333333333335 0.026041666666666668 0.046296296296296294
0 0.4322916666666667 0.3138888888888889 0.026041666666666668 0.046296296296296294
0 0.4864583333333333 0.31666666666666665 0.026041666666666668 0.046296296296296294
0 0.5072916666666667 0.3175925925925926 0.026041666666666668 0.046296296296296294
0 0.4171875 0.3314814814814815 0.026041666666666668 0.046296296296296294
4 0.44375 0.3333333333333333 0.026041666666666668 0.046296296296296294
0 0.45729166666666665 0.33055555555555555 0.026041666666666668 0.046296296296296294
4 0.44427083333333334 0.34444444444444444 0.026041666666666668 0.046296296296296294
4 0.5197916666666667 0.3472222222222222 0.026041666666666668 0.046296296296296294
4 0.38697916666666665 0.3537037037037037 0.026041666666666668 0.046296296296296294
4 0.39427083333333335 0.3537037037037037 0.026041666666666668 0.046296296296296294
4 0.453125 0.35462962962962963 0.026041666666666668 0.046296296296296294
4 0.3703125 0.362962962962963 0.026041666666666668 0.046296296296296294
4 0.4119791666666667 0.3638888888888889 0.026041666666666668 0.046296296296296294
4 0.4276041666666667 0.362962962962963 0.026041666666666668 0.046296296296296294
4 0.4942708333333333 0.36203703703703705 0.026041666666666668 0.046296296296296294
4 0.5255208333333333 0.36574074074074076 0.026041666666666668 0.046296296296296294
4 0.37447916666666664 0.37222222222222223 0.026041666666666668 0.046296296296296294
4 0.3796875 0.3712962962962963 0.026041666666666668 0.046296296296296294
4 0.38645833333333335 0.37222222222222223 0.026041666666666668 0.046296296296296294
4 0.5072916666666667 0.37222222222222223 0.026041666666666668 0.046296296296296294
4 0.5109375 0.37222222222222223 0.026041666666666668 0.046296296296296294
4 0.4036458333333333 0.3787037037037037 0.026041666666666668 0.046296296296296294
4 0.6505208333333333 0.37777777777777777 0.026041666666666668 0.046296296296296294
4 0.3880208333333333 0.3851851851851852 0.026041666666666668 0.046296296296296294
2 0.19375 0.3907407407407407 0.026041666666666668 0.046296296296296294
4 0.4083333333333333 0.39537037037037037 0.026041666666666668 0.046296296296296294
4 0.515625 0.39351851851851855 0.026041666666666668 0.046296296296296294
3 0.6786458333333333 0.39444444444444443 0.026041666666666668 0.046296296296296294
2 0.21458333333333332 0.3972222222222222 0.026041666666666668 0.046296296296296294
4 0.503125 0.4 0.026041666666666668 0.046296296296296294
4 0.6510416666666666 0.4 0.026041666666666668 0.046296296296296294
4 0.5083333333333333 0.4111111111111111 0.026041666666666668 0.046296296296296294
4 0.653125 0.4101851851851852 0.026041666666666668 0.046296296296296294
4 0.39947916666666666 0.41944444444444445 0.026041666666666668 0.046296296296296294
4 0.5005208333333333 0.42592592592592593 0.026041666666666668 0.046296296296296294
4 0.6614583333333334 0.42685185185185187 0.026041666666666668 0.046296296296296294
4 0.4203125 0.43148148148148147 0.026041666666666668 0.046296296296296294
4 0.515625 0.43333333333333335 0.026041666666666668 0.046296296296296294
2 0.184375 0.44166666666666665 0.026041666666666668 0.046296296296296294
3 0.70625 0.4398148148148148 0.026041666666666668 0.046296296296296294
4 0.5239583333333333 0.4564814814814815 0.026041666666666668 0.046296296296296294
4 0.4239583333333333 0.46111111111111114 0.026041666666666668 0.046296296296296294
4 0.4375 0.4638888888888889 0.026041666666666668 0.046296296296296294
3 0.7203125 0.4648148148148148 0.026041666666666668 0.046296296296296294
4 0.41041666666666665 0.4675925925925926 0.026041666666666668 0.046296296296296294
4 0.5166666666666667 0.4759259259259259 0.026041666666666668 0.046296296296296294
3 0.6739583333333333 0.47129629629629627 0.026041666666666668 0.046296296296296294
4 0.6666666666666666 0.49074074074074076 0.026041666666666668 0.046296296296296294
3 0.6890625 0.49166666666666664 0.026041666666666668 0.046296296296296294
3 0.678125 0.4962962962962963 0.026041666666666668 0.046296296296296294
4 0.490625 0.5120370370370371 0.026041666666666668 0.046296296296296294
4 0.515625 0.5111111111111111 0.026041666666666668 0.046296296296296294
4 0.5682291666666667 0.5055555555555555 0.026041666666666668 0.046296296296296294
4 0.6473958333333333 0.5166666666666667 0.026041666666666668 0.046296296296296294
3 0.6682291666666667 0.5194444444444445 0.026041666666666668 0.046296296296296294
3 0.7109375 0.5194444444444445 0.026041666666666668 0.046296296296296294
4 0.5244791666666667 0.5259259259259259 0.026041666666666668 0.046296296296296294
3 0.6901041666666666 0.5268518518518519 0.026041666666666668 0.046296296296296294
3 0.7223958333333333 0.5361111111111111 0.026041666666666668 0.046296296296296294
4 0.5338541666666666 0.5425925925925926 0.026041666666666668 0.046296296296296294
4 0.5708333333333333 0.5546296296296296 0.026041666666666668 0.046296296296296294
4 0.6072916666666667 0.5555555555555556 0.026041666666666668 0.046296296296296294
3 0.6713541666666667 0.5583333333333333 0.026041666666666668 0.046296296296296294
4 0.3921875 0.5592592592592592 0.026041666666666668 0.046296296296296294
3 0.7338541666666667 0.5611111111111111 0.026041666666666668 0.046296296296296294
3 0.7546875 0.5583333333333333 0.026041666666666668 0.046296296296296294
4 0.659375 0.5722222222222222 0.026041666666666668 0.046296296296296294
4 0.5489583333333333 0.5657407407407408 0.026041666666666668 0.046296296296296294
4 0.5901041666666667 0.5731481481481482 0.026041666666666668 0.046296296296296294
3 0.765625 0.5833333333333334 0.026041666666666668 0.046296296296296294
4 0.4046875 0.5722222222222222 0.026041666666666668 0.046296296296296294
3 0.725 0.612037037037037 0.026041666666666668 0.046296296296296294
3 0.671875 0.6268518518518519 0.026041666666666668 0.046296296296296294
3 0.7619791666666667 0.6259259259259259 0.026041666666666668 0.046296296296296294
4 0.6453125 0.6416666666666667 0.026041666666666668 0.046296296296296294
3 0.7104166666666667 0.6546296296296297 0.026041666666666668 0.046296296296296294
3 0.728125 0.6509259259259259 0.026041666666666668 0.046296296296296294
1 0.78125 0.6796296296296296 0.026041666666666668 0.046296296296296294
1 0.6109375 0.6990740740740741 0.026041666666666668 0.046296296296296294
1 0.5223958333333333 0.7111111111111111 0.026041666666666668 0.046296296296296294
1 0.4484375 0.7185185185185186 0.026041666666666668 0.046296296296296294
1 0.5041666666666667 0.7185185185185186 0.026041666666666668 0.046296296296296294
1 0.16927083333333334 0.725925925925926 0.026041666666666668 0.046296296296296294
1 0.6 0.7574074074074074 0.026041666666666668 0.046296296296296294
1 0.8854166666666666 0.7453703703703703 0.026041666666666668 0.046296296296296294
1 0.4119791666666667 0.7666666666666667 0.026041666666666668 0.046296296296296294
1 0.3015625 0.7759259259259259 0.026041666666666668 0.046296296296296294
1 0.18697916666666667 0.787962962962963 0.026041666666666668 0.046296296296296294
1 0.2598958333333333 0.7824074074074074 0.026041666666666668 0.046296296296296294
1 0.44583333333333336 0.7972222222222223 0.026041666666666668 0.046296296296296294
1 0.3614583333333333 0.8009259259259259 0.026041666666666668 0.046296296296296294
1 0.11145833333333334 0.8212962962962963 0.026041666666666668 0.046296296296296294
1 0.55625 0.8046296296296296 0.026041666666666668 0.046296296296296294
1 0.7572916666666667 0.8240740740740741 0.026041666666666668 0.046296296296296294
1 0.8302083333333333 0.8379629629629629 0.026041666666666668 0.046296296296296294
1 0.975 0.8537037037037037 0.026041666666666668 0.046296296296296294
1 0.7833333333333333 0.8685185185185185 0.026041666666666668 0.046296296296296294
1 0.6375 0.8731481481481481 0.026041666666666668 0.046296296296296294
1 0.07395833333333333 0.8925925925925926 0.026041666666666668 0.046296296296296294
1 0.13333333333333333 0.8925925925925926 0.026041666666666668 0.046296296296296294
1 0.49895833333333334 0.8851851851851852 0.026041666666666668 0.046296296296296294
1 0.3385416666666667 0.9027777777777778 0.026041666666666668 0.046296296296296294
1 0.9703125 0.9416666666666667 0.026041666666666668 0.046296296296296294
1 0.39479166666666665 0.9527777777777777 0.026041666666666668 0.046296296296296294
1 0.115625 0.9694444444444444 0.026041666666666668 0.046296296296296294
1 0.16041666666666668 0.9851851851851852 0.026041666666666668 0.046296296296296294
1 0.05 0.8296296296296296 0.026041666666666668 0.046296296296296294
1 0.025 0.9037037037037037 0.026041666666666668 0.046296296296296294
1 0.20416666666666666 0.8462962962962963 0.026041666666666668 0.046296296296296294
1 0.6 0.9407407407407408 0.026041666666666668 0.046296296296296294
1 0.8322916666666667 0.8629629629629629 0.026041666666666668 0.046296296296296294
1 0.8708333333333333 0.8185185185185185 0.026041666666666668 0.046296296296296294
1 0.9916666666666667 0.8703703703703703 0.026041666666666668 0.046296296296296294
3 0.7739583333333333 0.5592592592592592 0.026041666666666668 0.046296296296296294
4 0.44583333333333336 0.5444444444444444 0.026041666666666668 0.046296296296296294
4 0.4739583333333333 0.5777777777777777 0.026041666666666668 0.046296296296296294
4 0.484375 0.5148148148148148 0.026041666666666668 0.046296296296296294
4 0.625 0.55 0.026041666666666668 0.046296296296296294
4 0.6354166666666666 0.5351851851851852 0.026041666666666668 0.046296296296296294
4 0.6135416666666667 0.5 0.026041666666666668 0.046296296296296294
4 0.6354166666666666 0.48518518518518516 0.026041666666666668 0.046296296296296294
1 0.6739583333333333 0.6851851851851852 0.026041666666666668 0.046296296296296294
1 0.70625 0.6907407407407408 0.026041666666666668 0.046296296296296294
1 0.6927083333333334 0.6759259259259259 0.026041666666666668 0.046296296296296294
1 0.40520833333333334 0.8037037037037037 0.026041666666666668 0.046296296296296294
1 0.19375 0.6944444444444444 0.026041666666666668 0.046296296296296294
2 0.22604166666666667 0.6092592592592593 0.026041666666666668 0.046296296296296294
2 0.17395833333333333 0.49074074074074076 0.026041666666666668 0.046296296296296294
2 0.21458333333333332 0.4648148148148148 0.026041666666666668 0.046296296296296294
