0 0.4822916666666667 0.12037037037037036 0.026041666666666668 0.046296296296296294
0 0.4947916666666667 0.12222222222222222 0.026041666666666668 0.046296296296296294
0 0.4708333333333333 0.1287037037037037 0.026041666666666668 0.046296296296296294
0 0.4625 0.1361111111111111 0.026041666666666668 0.046296296296296294
0 0.48385416666666664 0.13796296296296295 0.026041666666666668 0.046296296296296294
0 0.45625 0.14351851851851852 0.026041666666666668 0.046296296296296294
0 0.47604166666666664 0.14444444444444443 0.026041666666666668 0.046296296296296294
0 0.4822916666666667 0.14537037037037037 0.026041666666666668 0.046296296296296294
0 0.44947916666666665 0.15925925925925927 0.026041666666666668 0.046296296296296294
0 0.48333333333333334 0.16018518518518518 0.026041666666666668 0.046296296296296294
0 0.4901041666666667 0.15925925925925927 0.026041666666666668 0.046296296296296294
0 0.4317708333333333 0.17314814814814813 0.026041666666666668 0.046296296296296294
0 0.4921875 0.175 0.026041666666666668 0.046296296296296294
0 0.5005208333333333 0.175 0.026041666666666668 0.046296296296296294
0 0.5125 0.17777777777777778 0.026041666666666668 0.046296296296296294
0 0.44947916666666665 0.1814814814814815 0.026041666666666668 0.046296296296296294
0 0.45729166666666665 0.18333333333333332 0.026041666666666668 0.046296296296296294
0 0.4453125 0.19907407407407407 0.026041666666666668 0.046296296296296294
0 0.4583333333333333 0.19537037037037036 0.026041666666666668 0.046296296296296294
0 0.4328125 0.2 0.026041666666666668 0.046296296296296294
0 0.48020833333333335 0.20555555555555555 0.026041666666666668 0.046296296296296294
0 0.4901041666666667 0.20925925925925926 0.026041666666666668 0.046296296296296294
0 0.44114583333333335 0.2175925925925926 0.026041666666666668 0.046296296296296294
0 0.5083333333333333 0.21388888888888888 0.026041666666666668 0.046296296296296294
0 0.515625 0.21481481481481482 0.026041666666666668 0.046296296296296294
0 0.490625 0.22685185185185186 0.026041666666666668 0.046296296296296294
0 0.428125 0.2462962962962963 0.026041666666666668 0.046296296296296294
0 0.42291666666666666 0.26481481481481484 0.026041666666666668 0.046296296296296294
0 0.478125 0.27685185185185185 0.026041666666666668 0.046296296296296294
0 0.5010416666666667 0.2777777777777778 0.026041666666666668 0.046296296296296294
0 0.5447916666666667 0.2777777777777778 0.026041666666666668 0.046296296296296294
0 0.4166666666666667 0.2851851851851852 0.026041666666666668 0.046296296296296294
0 0.4348958333333333 0.28425925925925927 0.026041666666666668 0.046296296296296294
0 0.4546875 0.2833333333333333 0.026041666666666668 0.046296296296296294
0 0.46145833333333336 0.28425925925925927 0.026041666666666668 0.046296296296296294
0 0.4661458333333333 0.28055555555555556 0.026041666666666668 0.046296296296296294
0 0.4942708333333333 0.28425925925925927 0.026041666666666668 0.046296296296296294
0 0.5182291666666666 0.28425925925925927 0.026041666666666668 0.046296296296296294
0 0.690625 0.29259259259259257 0.026041666666666668 0.046296296296296294
0 0.43645833333333334 0.3 0.026041666666666668 0.046296296296296294
0 0.490625 0.30092592592592593 0.026041666666666668 0.046296296296296294
0 0.5026041666666666 0.3 0.026041666666666668 0.046296296296296294
0 0.4296875 0.30833333333333335 0.026041666666666668 0.046296296296296294
0 0.5078125 0.3101851851851852 0.026041666666666668 0.046296296296296294
0 0.5208333333333334 0.30925925925925923 0.026041666666666668 0.046296296296296294
0 0.7067708333333333 0.3138888888888889 0.026041666666666668 0.046296296296296294
0 0.49947916666666664 0.325 0.026041666666666668 0.046296296296296294
0 0.5291666666666667 0.325 0.026041666666666668 0.046296296296296294
0 0.503125 0.33240740740740743 0.026041666666666668 0.046296296296296294
4 0.44895833333333335 0.34074074074074073 0.026041666666666668 0.046296296296296294
4 0.37864583333333335 0.35462962962962963 0.026041666666666668 0.046296296296296294
4 0.38697916666666665 0.35648148148148145 0.026041666666666668 0.046296296296296294
4 0.4453125 0.35833333333333334 0.026041666666666668 0.046296296296296294
4 0.5067708333333333 0.3638888888888889 0.026041666666666668 0.046296296296296294
4 0.5223958333333333 0.37037037037037035 0.026041666666666668 0.046296296296296294
4 0.45364583333333336 0.3851851851851852 0.026041666666666668 0.046296296296296294
4 0.4953125 0.3861111111111111 0.026041666666666668 0.046296296296296294
4 0.5130208333333334 0.3888888888888889 0.026041666666666668 0.046296296296296294
4 0.5328125 0.387037037037037 0.026041666666666668 0.046296296296296294
4 0.39114583333333336 0.3925925925925926 0.026041666666666668 0.046296296296296294
4 0.6609375 0.39351851851851855 0.026041666666666668 0.046296296296296294
2 0.20833333333333334 0.40185185185185185 0.026041666666666668 0.046296296296296294
2 0.21510416666666668 0.4 0.026041666666666668 0.046296296296296294
4 0.49583333333333335 0.40185185185185185 0.026041666666666668 0.046296296296296294
2 0.20052083333333334 0.41203703703703703 0.026041666666666668 0.046296296296296294
4 0.4625 0.41203703703703703 0.026041666666666668 0.046296296296296294
3 0.6989583333333333 0.4074074074074074 0.026041666666666668 0.046296296296296294
2 0.18229166666666666 0.4166666666666667 0.026041666666666668 0.046296296296296294
4 0.5276041666666667 0.41944444444444445 0.026041666666666668 0.046296296296296294
4 0.6578125 0.4166666666666667 0.026041666666666668 0.046296296296296294
2 0.1703125 0.42314814814814816 0.026041666666666668 0.046296296296296294
3 0.6692708333333334 0.425 0.026041666666666668 0.046296296296296294
4 0.5114583333333333 0.44907407407407407 0.026041666666666668 0.046296296296296294
4 0.6541666666666667 0.45 0.026041666666666668 0.046296296296296294
4 0.49895833333333334 0.45740740740740743 0.026041666666666668 0.046296296296296294
3 0.675 0.45740740740740743 0.026041666666666668 0.046296296296296294
4 0.5208333333333334 0.4648148148148148 0.026041666666666668 0.046296296296296294
4 0.4234375 0.47129629629629627 0.026041666666666668 0.046296296296296294
4 0.46145833333333336 0.47685185185185186 0.026041666666666668 0.046296296296296294
4 0.5041666666666667 0.4787037037037037 0.026041666666666668 0.046296296296296294
3 0.6739583333333333 0.4787037037037037 0.026041666666666668 0.046296296296296294
4 0.6286458333333333 0.487962962962963 0.026041666666666668 0.046296296296296294
4 0.41041666666666665 0.49444444444444446 0.026041666666666668 0.046296296296296294
4 0.5166666666666667 0.4981481481481482 0.026041666666666668 0.046296296296296294
4 0.6453125 0.4962962962962963 0.026041666666666668 0.046296296296296294
4 0.3848958333333333 0.49907407407407406 0.026041666666666668 0.046296296296296294
4 0.6651041666666667 0.5083333333333333 0.026041666666666668 0.046296296296296294
3 0.6911458333333333 0.5027777777777778 0.026041666666666668 0.046296296296296294
4 0.43645833333333334 0.5074074074074074 0.026041666666666668 0.046296296296296294
3 0.6901041666666666 0.5111111111111111 0.026041666666666668 0.046296296296296294
3 0.7078125 0.5111111111111111 0.026041666666666668 0.046296296296296294
4 0.5036458333333333 0.5268518518518519 0.026041666666666668 0.046296296296296294
4 0.625 0.5277777777777778 0.026041666666666668 0.046296296296296294
4 0.5125 0.5333333333333333 0.026041666666666668 0.046296296296296294
4 0.6177083333333333 0.5333333333333333 0.026041666666666668 0.046296296296296294
4 0.6661458333333333 0.5333333333333333 0.026041666666666668 0.046296296296296294
3 0.7223958333333333 0.5287037037037037 0.026041666666666668 0.046296296296296294
4 0.5713541666666667 0.549074074074074 0.026041666666666668 0.046296296296296294
4 0.5286458333333334 0.5564814814814815 0.026041666666666668 0.046296296296296294
3 0.7364583333333333 0.5564814814814815 0.026041666666666668 0.046296296296296294
4 0.5604166666666667 0.5648148148148148 0.026041666666666668 0.046296296296296294
3 0.7572916666666667 0.562037037037037 0.026041666666666668 0.046296296296296294
4 0.4078125 0.5833333333333334 0.026041666666666668 0.046296296296296294
4 0.578125 0.5824074074074074 0.026041666666666668 0.046296296296296294
3 0.7458333333333333 0.5805555555555556 0.026041666666666668 0.046296296296296294
2 0.2203125 0.5824074074074074 0.026041666666666668 0.046296296296296294
4 0.403125 0.5907407407407408 0.026041666666666668 0.046296296296296294
4 0.4203125 0.5879629629629629 0.026041666666666668 0.046296296296296294
4 0.48489583333333336 0.6037037037037037 0.026041666666666668 0.046296296296296294
4 0.6557291666666667 0.5953703703703703 0.026041666666666668 0.046296296296296294
4 0.4739583333333333 0.612037037037037 0.026041666666666668 0.046296296296296294
3 0.7447916666666666 0.612037037037037 0.026041666666666668 0.046296296296296294
4 0.4 0.6148148148148148 0.026041666666666668 0.046296296296296294
3 0.7453125 0.6351851851851852 0.026041666666666668 0.046296296296296294
4 0.490625 0.6416666666666667 0.026041666666666668 0.046296296296296294
4 0.5140625 0.637962962962963 0.026041666666666668 0.046296296296296294
4 0.6265625 0.6620370370370371 0.026041666666666668 0.046296296296296294
1 0.7427083333333333 0.6694444444444444 0.026041666666666668 0.046296296296296294
1 0.6494791666666667 0.6824074074074075 0.026041666666666668 0.046296296296296294
1 0.7010416666666667 0.6759259259259259 0.026041666666666668 0.046296296296296294
1 0.5484375 0.6907407407407408 0.026041666666666668 0.046296296296296294
1 0.6796875 0.6898148148148148 0.026041666666666668 0.046296296296296294
1 0.7333333333333333 0.6990740740740741 0.026041666666666668 0.046296296296296294
1 0.5270833333333333 0.7046296296296296 0.026041666666666668 0.046296296296296294
1 0.4427083333333333 0.7212962962962963 0.026041666666666668 0.046296296296296294
1 0.203125 0.7314814814814815 0.026041666666666668 0.046296296296296294
1 0.8854166666666666 0.7527777777777778 0.026041666666666668 0.046296296296296294
1 0.16197916666666667 0.7925925925925926 0.026041666666666668 0.046296296296296294
1 0.6 0.7944444444444444 0.026041666666666668 0.046296296296296294
1 0.9510416666666667 0.8037037037037037 0.026041666666666668 0.046296296296296294
1 0.3703125 0.7981481481481482 0.026041666666666668 0.046296296296296294
1 0.6661458333333333 0.8203703703703704 0.026041666666666668 0.046296296296296294
1 0.12135416666666667 0.8296296296296296 0.026041666666666668 0.046296296296296294
1 0.20104166666666667 0.8277777777777777 0.026041666666666668 0.046296296296296294
1 0.7984375 0.85 0.026041666666666668 0.046296296296296294
1 0.6229166666666667 0.8666666666666667 0.026041666666666668 0.046296296296296294
1 0.12083333333333333 0.8768518518518519 0.026041666666666668 0.046296296296296294
1 0.5994791666666667 0.8814814814814815 0.026041666666666668 0.046296296296296294
1 0.6729166666666667 0.8851851851851852 0.026041666666666668 0.046296296296296294
1 0.925 0.912962962962963 0.026041666666666668 0.046296296296296294
1 0.44375 0.9212962962962963 0.026041666666666668 0.046296296296296294
1 0.5958333333333333 0.9222222222222223 0.026041666666666668 0.046296296296296294
1 0.7328125 0.9120370370370371 0.026041666666666668 0.046296296296296294
1 0.12135416666666667 0.9314814814814815 0.026041666666666668 0.046296296296296294
1 0.5572916666666666 0.9518518518518518 0.026041666666666668 0.046296296296296294
1 0.9640625 0.9481481481481482 0.026041666666666668 0.046296296296296294
1 0.31666666666666665 0.9592592592592593 0.026041666666666668 0.046296296296296294
1 0.4828125 0.975925925925926 0.026041666666666668 0.046296296296296294
1 0.5203125 0.9777777777777777 0.026041666666666668 0.046296296296296294
1 0.6265625 0.9805555555555555 0.026041666666666668 0.046296296296296294
2 0.16666666666666666 0.6481481481481481 0.026041666666666668 0.046296296296296294
1 0.225 0.6685185185185185 0.026041666666666668 0.046296296296296294
1 0.284375 0.8888888888888888 0.026041666666666668 0.046296296296296294
1 0.4354166666666667 0.7907407407407407 0.026041666666666668 0.046296296296296294
4 0.39166666666666666 0.6277777777777778 0.026041666666666668 0.046296296296296294
1 0.8302083333333333 0.8629629629629629 0.026041666666666668 0.046296296296296294
1 0.8302083333333333 0.9574074074074074 0.026041666666666668 0.046296296296296294
1 0.8958333333333334 0.7666666666666667 0.026041666666666668 0.046296296296296294
1 0.86875 0.8203703703703704 0.026041666666666668 0.046296296296296294
4 0.5072916666666667 0.5833333333333334 0.026041666666666668 0.046296296296296294
4 0.4625 0.5259259259259259 0.026041666666666668 0.046296296296296294
1 0.7895833333333333 0.6814814814814815 0.026041666666666668 0.046296296296296294
1 0.7572916666666667 0.8037037037037037 0.026041666666666668 0.046296296296296294
1 0.65625 0.7203703703703703 0.026041666666666668 0.046296296296296294
1 0.640625 0.7648148148148148 0.026041666666666668 0.046296296296296294
1 0.5572916666666666 0.7296296296296296 0.026041666666666668 0.046296296296296294
