0 0.48333333333333334 0.1037037037037037 0.026041666666666668 0.046296296296296294
0 0.4786458333333333 0.12037037037037036 0.026041666666666668 0.046296296296296294
0 0.48489583333333336 0.11944444444444445 0.026041666666666668 0.046296296296296294
0 0.49114583333333334 0.12314814814814815 0.026041666666666668 0.046296296296296294
0 0.4473958333333333 0.1259259259259259 0.026041666666666668 0.046296296296296294
0 0.453125 0.125 0.026041666666666668 0.046296296296296294
0 0.465625 0.1287037037037037 0.026041666666666668 0.046296296296296294
0 0.4708333333333333 0.1287037037037037 0.026041666666666668 0.046296296296296294
0 0.44114583333333335 0.1388888888888889 0.026041666666666668 0.046296296296296294
0 0.46197916666666666 0.13796296296296295 0.026041666666666668 0.046296296296296294
0 0.49114583333333334 0.13796296296296295 0.026041666666666668 0.046296296296296294
0 0.4703125 0.14537037037037037 0.026041666666666668 0.046296296296296294
0 0.46510416666666665 0.16018518518518518 0.026041666666666668 0.046296296296296294
0 0.4786458333333333 0.16018518518518518 0.026041666666666668 0.046296296296296294
0 0.4322916666666667 0.175 0.026041666666666668 0.046296296296296294
0 0.4671875 0.175 0.026041666666666668 0.046296296296296294
0 0.4864583333333333 0.17592592592592593 0.026041666666666668 0.046296296296296294
0 0.44635416666666666 0.18333333333333332 0.026041666666666668 0.046296296296296294
0 0.5088541666666667 0.1814814814814815 0.026041666666666668 0.046296296296296294
0 0.43385416666666665 0.18611111111111112 0.026041666666666668 0.046296296296296294
0 0.44479166666666664 0.21666666666666667 0.026041666666666668 0.046296296296296294
0 0.515625 0.23148148148148148 0.026041666666666668 0.046296296296296294
0 0.46041666666666664 0.24259259259259258 0.026041666666666668 0.046296296296296294
0 0.4739583333333333 0.24444444444444444 0.026041666666666668 0.046296296296296294
0 0.5005208333333333 0.26666666666666666 0.026041666666666668 0.046296296296296294
0 0.5364583333333334 0.2657407407407407 0.026041666666666668 0.046296296296296294
0 0.5036458333333333 0.27870370370370373 0.026041666666666668 0.046296296296296294
0 0.5151041666666667 0.2777777777777778 0.026041666666666668 0.046296296296296294
0 0.4578125 0.29259259259259257 0.026041666666666668 0.046296296296296294
0 0.4869791666666667 0.29259259259259257 0.026041666666666668 0.046296296296296294
0 0.5083333333333333 0.2935185185185185 0.026041666666666668 0.046296296296296294
0 0.5145833333333333 0.2916666666666667 0.026041666666666668 0.046296296296296294
0 0.49947916666666664 0.30277777777777776 0.026041666666666668 0.046296296296296294
0 0.4203125 0.3055555555555556 0.026041666666666668 0.046296296296296294
0 0.4322916666666667 0.3055555555555556 0.026041666666666668 0.046296296296296294
0 0.44583333333333336 0.3111111111111111 0.026041666666666668 0.046296296296296294
0 0.515625 0.30925925925925923 0.026041666666666668 0.046296296296296294
0 0.4203125 0.3148148148148148 0.026041666666666668 0.046296296296296294
0 0.4661458333333333 0.31203703703703706 0.026041666666666668 0.046296296296296294
0 0.4869791666666667 0.31296296296296294 0.026041666666666668 0.046296296296296294
0 0.4984375 0.31574074074074077 0.026041666666666668 0.046296296296296294
0 0.5109375 0.32592592592592595 0.026041666666666668 0.046296296296296294
0 0.4401041666666667 0.33055555555555555 0.026041666666666668 0.046296296296296294
4 0.45416666666666666 0.33611111111111114 0.026041666666666668 0.046296296296296294
0 0.4791666666666667 0.3314814814814815 0.026041666666666668 0.046296296296296294
4 0.4953125 0.3333333333333333 0.026041666666666668 0.046296296296296294
4 0.4401041666666667 0.337037037037037 0.026041666666666668 0.046296296296296294
4 0.50625 0.3435185185185185 0.026041666666666668 0.046296296296296294
4 0.42864583333333334 0.34629629629629627 0.026041666666666668 0.046296296296296294
4 0.4401041666666667 0.34629629629629627 0.026041666666666668 0.046296296296296294
4 0.4479166666666667 0.3509259259259259 0.026041666666666668 0.046296296296296294
4 0.4244791666666667 0.3574074074074074 0.026041666666666668 0.046296296296296294
4 0.42916666666666664 0.36944444444444446 0.026041666666666668 0.046296296296296294
4 0.5151041666666667 0.37407407407407406 0.026041666666666668 0.046296296296296294
4 0.47708333333333336 0.3787037037037037 0.026041666666666668 0.046296296296296294
4 0.4114583333333333 0.3888888888888889 0.026041666666666668 0.046296296296296294
4 0.5083333333333333 0.387037037037037 0.026041666666666668 0.046296296296296294
4 0.5140625 0.387037037037037 0.026041666666666668 0.046296296296296294
4 0.5270833333333333 0.38796296296296295 0.026041666666666668 0.046296296296296294
4 0.49947916666666664 0.39537037037037037 0.026041666666666668 0.046296296296296294
4 0.5276041666666667 0.3972222222222222 0.026041666666666668 0.046296296296296294
4 0.6510416666666666 0.39351851851851855 0.026041666666666668 0.046296296296296294
2 0.21197916666666666 0.4009259259259259 0.026041666666666668 0.046296296296296294
4 0.4786458333333333 0.40185185185185185 0.026041666666666668 0.046296296296296294
4 0.5151041666666667 0.40185185185185185 0.026041666666666668 0.046296296296296294
4 0.5072916666666667 0.41203703703703703 0.026041666666666668 0.046296296296296294
2 0.1796875 0.4185185185185185 0.026041666666666668 0.046296296296296294
2 0.2 0.41759259259259257 0.026041666666666668 0.046296296296296294
4 0.46197916666666666 0.4166666666666667 0.026041666666666668 0.046296296296296294
4 0.5322916666666667 0.41944444444444445 0.026041666666666668 0.046296296296296294
4 0.44479166666666664 0.42407407407407405 0.026041666666666668 0.046296296296296294
4 0.4708333333333333 0.42592592592592593 0.026041666666666668 0.046296296296296294
4 0.4901041666666667 0.42592592592592593 0.026041666666666668 0.046296296296296294
4 0.5244791666666667 0.42777777777777776 0.026041666666666668 0.046296296296296294
4 0.6541666666666667 0.425 0.026041666666666668 0.046296296296296294
4 0.665625 0.43425925925925923 0.026041666666666668 0.046296296296296294
3 0.6890625 0.4305555555555556 0.026041666666666668 0.046296296296296294
4 0.5072916666666667 0.44074074074074077 0.026041666666666668 0.046296296296296294
3 0.6979166666666666 0.44074074074074077 0.026041666666666668 0.046296296296296294
4 0.4666666666666667 0.44722222222222224 0.026041666666666668 0.046296296296296294
4 0.47760416666666666 0.45092592592592595 0.026041666666666668 0.046296296296296294
4 0.5239583333333333 0.44907407407407407 0.026041666666666668 0.046296296296296294
4 0.6578125 0.44907407407407407 0.026041666666666668 0.046296296296296294
3 0.6796875 0.44722222222222224 0.026041666666666668 0.046296296296296294
4 0.39479166666666665 0.4564814814814815 0.026041666666666668 0.046296296296296294
4 0.5166666666666667 0.4583333333333333 0.026041666666666668 0.046296296296296294
4 0.5380208333333333 0.45740740740740743 0.026041666666666668 0.046296296296296294
3 0.6875 0.45555555555555555 0.026041666666666668 0.046296296296296294
4 0.4119791666666667 0.4638888888888889 0.026041666666666668 0.046296296296296294
4 0.5088541666666667 0.47314814814814815 0.026041666666666668 0.046296296296296294
4 0.6661458333333333 0.47314814814814815 0.026041666666666668 0.046296296296296294
3 0.7125 0.4722222222222222 0.026041666666666668 0.046296296296296294
4 0.5 0.4888888888888889 0.026041666666666668 0.046296296296296294
3 0.6692708333333334 0.487962962962963 0.026041666666666668 0.046296296296296294
4 0.390625 0.49537037037037035 0.026041666666666668 0.046296296296296294
4 0.40260416666666665 0.49537037037037035 0.026041666666666668 0.046296296296296294
4 0.6130208333333333 0.49537037037037035 0.026041666666666668 0.046296296296296294
4 0.4317708333333333 0.5027777777777778 0.026041666666666668 0.046296296296296294
3 0.6947916666666667 0.5037037037037037 0.026041666666666668 0.046296296296296294
3 0.7114583333333333 0.5027777777777778 0.026041666666666668 0.046296296296296294
4 0.5958333333333333 0.5101851851851852 0.026041666666666668 0.046296296296296294
4 0.6609375 0.5101851851851852 0.026041666666666668 0.046296296296296294
3 0.6822916666666666 0.512962962962963 0.026041666666666668 0.046296296296296294
4 0.46145833333333336 0.5166666666666667 0.026041666666666668 0.046296296296296294
4 0.5130208333333334 0.5194444444444445 0.026041666666666668 0.046296296296296294
4 0.5302083333333333 0.5185185185185185 0.026041666666666668 0.046296296296296294
4 0.6119791666666666 0.5138888888888888 0.026041666666666668 0.046296296296296294
4 0.38645833333333335 0.525 0.026041666666666668 0.046296296296296294
4 0.4276041666666667 0.5231481481481481 0.026041666666666668 0.046296296296296294
3 0.671875 0.5287037037037037 0.026041666666666668 0.046296296296296294
4 0.521875 0.5370370370370371 0.026041666666666668 0.046296296296296294
4 0.6203125 0.5324074074074074 0.026041666666666668 0.046296296296296294
3 0.7255208333333333 0.5388888888888889 0.026041666666666668 0.046296296296296294
4 0.6140625 0.549074074074074 0.026041666666666668 0.046296296296296294
4 0.6322916666666667 0.55 0.026041666666666668 0.046296296296296294
3 0.6916666666666667 0.5481481481481482 0.026041666666666668 0.046296296296296294
4 0.5255208333333333 0.5638888888888889 0.026041666666666668 0.046296296296296294
4 0.6041666666666666 0.5675925925925925 0.026041666666666668 0.046296296296296294
3 0.7614583333333333 0.5722222222222222 0.026041666666666668 0.046296296296296294
4 0.6588541666666666 0.5842592592592593 0.026041666666666668 0.046296296296296294
4 0.6390625 0.5925925925925926 0.026041666666666668 0.046296296296296294
4 0.5119791666666667 0.6055555555555555 0.026041666666666668 0.046296296296296294
4 0.46041666666666664 0.6074074074074074 0.026041666666666668 0.046296296296296294
4 0.6484375 0.6129629629629629 0.026041666666666668 0.046296296296296294
4 0.534375 0.6305555555555555 0.026041666666666668 0.046296296296296294
3 0.7567708333333333 0.6361111111111111 0.026041666666666668 0.046296296296296294
3 0.7395833333333334 0.6583333333333333 0.026041666666666668 0.046296296296296294
2 0.21302083333333333 0.6638888888888889 0.026041666666666668 0.046296296296296294
1 0.20364583333333333 0.7027777777777777 0.026041666666666668 0.046296296296296294
1 0.7171875 0.7092592592592593 0.026041666666666668 0.046296296296296294
1 0.6494791666666667 0.7157407407407408 0.026041666666666668 0.046296296296296294
1 0.9114583333333334 0.7601851851851852 0.026041666666666668 0.046296296296296294
1 0.17447916666666666 0.7759259259259259 0.026041666666666668 0.046296296296296294
1 0.7453125 0.7898148148148149 0.026041666666666668 0.046296296296296294
1 0.41458333333333336 0.7962962962962963 0.026041666666666668 0.046296296296296294
1 0.828125 0.8287037037037037 0.026041666666666668 0.046296296296296294
1 0.3125 0.825925925925926 0.026041666666666668 0.046296296296296294
1 0.8729166666666667 0.8342592592592593 0.026041666666666668 0.046296296296296294
1 0.5994791666666667 0.8453703703703703 0.026041666666666668 0.046296296296296294
1 0.16197916666666667 0.8694444444444445 0.026041666666666668 0.046296296296296294
1 0.828125 0.8675925925925926 0.026041666666666668 0.046296296296296294
1 0.39114583333333336 0.8981481481481481 0.026041666666666668 0.046296296296296294
1 0.43854166666666666 0.9018518518518519 0.026041666666666668 0.046296296296296294
1 0.4713541666666667 0.9046296296296297 0.026041666666666668 0.046296296296296294
1 0.8447916666666667 0.9185185185185185 0.026041666666666668 0.046296296296296294
1 0.2203125 0.9296296296296296 0.026041666666666668 0.046296296296296294
1 0.06302083333333333 0.9462962962962963 0.026041666666666668 0.046296296296296294
1 0.875 0.9629629629629629 0.026041666666666668 0.046296296296296294
1 0.9755208333333333 0.9537037037037037 0.026041666666666668 0.046296296296296294
1 0.2234375 0.9879629629629629 0.026041666666666668 0.046296296296296294
2 0.175 0.4537037037037037 0.026041666666666668 0.046296296296296294
1 0.3458333333333333 0.8777777777777778 0.026041666666666668 0.046296296296296294
1 0.10625 0.937037037037037 0.026041666666666668 0.046296296296296294
1 0.7822916666666667 0.8388888888888889 0.026041666666666668 0.046296296296296294
1 0.8802083333333334 0.7481481481481481 0.026041666666666668 0.046296296296296294
1 0.8375 0.7703703703703704 0.026041666666666668 0.046296296296296294
1 0.7760416666666666 0.674074074074074 0.026041666666666668 0.046296296296296294
3 0.7489583333333333 0.5648148148148148 0.026041666666666668 0.046296296296296294
0 0.6958333333333333 0.3074074074074074 0.026041666666666668 0.046296296296296294
0 0.7072916666666667 0.31851851851851853 0.026041666666666668 0.046296296296296294
0 0.6895833333333333 0.29074074074074074 0.026041666666666668 0.046296296296296294
4 0.6020833333333333 0.6462962962962963 0.026041666666666668 0.046296296296296294
4 0.5770833333333333 0.6370370370370371 0.026041666666666668 0.046296296296296294
4 0.6197916666666666 0.6129629629629629 0.026041666666666668 0.046296296296296294
3 0.7354166666666667 0.5611111111111111 0.026041666666666668 0.046296296296296294
