0 0.4708333333333333 0.09444444444444444 0.026041666666666668 0.046296296296296294
0 0.4786458333333333 0.0962962962962963 0.026041666666666668 0.046296296296296294
0 0.4828125 0.09722222222222222 0.026041666666666668 0.046296296296296294
0 0.4869791666666667 0.09814814814814815 0.026041666666666668 0.046296296296296294
0 0.4708333333333333 0.11574074074074074 0.026041666666666668 0.046296296296296294
0 0.4921875 0.12037037037037036 0.026041666666666668 0.046296296296296294
0 0.4713541666666667 0.13055555555555556 0.026041666666666668 0.046296296296296294
0 0.4901041666666667 0.13148148148148148 0.026041666666666668 0.046296296296296294
0 0.4432291666666667 0.13333333333333333 0.026041666666666668 0.046296296296296294
0 0.45 0.13425925925925927 0.026041666666666668 0.046296296296296294
0 0.4578125 0.13425925925925927 0.026041666666666668 0.046296296296296294
0 0.46145833333333336 0.1361111111111111 0.026041666666666668 0.046296296296296294
0 0.48385416666666664 0.1388888888888889 0.026041666666666668 0.046296296296296294
0 0.4588541666666667 0.15462962962962962 0.026041666666666668 0.046296296296296294
0 0.475 0.1537037037037037 0.026041666666666668 0.046296296296296294
0 0.44583333333333336 0.1638888888888889 0.026041666666666668 0.046296296296296294
0 0.43385416666666665 0.1712962962962963 0.026041666666666668 0.046296296296296294
0 0.5 0.17592592592592593 0.026041666666666668 0.046296296296296294
0 0.5052083333333334 0.18425925925925926 0.026041666666666668 0.046296296296296294
0 0.4375 0.21574074074074073 0.026041666666666668 0.046296296296296294
0 0.4635416666666667 0.21388888888888888 0.026041666666666668 0.046296296296296294
0 0.46979166666666666 0.21666666666666667 0.026041666666666668 0.046296296296296294
0 0.4953125 0.21481481481481482 0.026041666666666668 0.046296296296296294
0 0.42864583333333334 0.2212962962962963 0.026041666666666668 0.046296296296296294
0 0.490625 0.2324074074074074 0.026041666666666668 0.046296296296296294
0 0.42083333333333334 0.2388888888888889 0.026041666666666668 0.046296296296296294
0 0.503125 0.2361111111111111 0.026041666666666668 0.046296296296296294
0 0.50625 0.2361111111111111 0.026041666666666668 0.046296296296296294
0 0.41302083333333334 0.24537037037037038 0.026041666666666668 0.046296296296296294
0 0.48333333333333334 0.24444444444444444 0.026041666666666668 0.046296296296296294
0 0.5119791666666667 0.24722222222222223 0.026041666666666668 0.046296296296296294
0 0.4713541666666667 0.2518518518518518 0.026041666666666668 0.046296296296296294
0 0.515625 0.2537037037037037 0.026041666666666668 0.046296296296296294
0 0.4875 0.26296296296296295 0.026041666666666668 0.046296296296296294
0 0.503125 0.26296296296296295 0.026041666666666668 0.046296296296296294
0 0.5114583333333333 0.27037037037037037 0.026041666666666668 0.046296296296296294
0 0.4708333333333333 0.27685185185185185 0.026041666666666668 0.046296296296296294
0 0.478125 0.27870370370370373 0.026041666666666668 0.046296296296296294
0 0.49947916666666664 0.2777777777777778 0.026041666666666668 0.046296296296296294
0 0.703125 0.2740740740740741 0.026041666666666668 0.046296296296296294
0 0.4479166666666667 0.2833333333333333 0.026041666666666668 0.046296296296296294
0 0.690625 0.2833333333333333 0.026041666666666668 0.046296296296296294
0 0.49947916666666664 0.2953703703703704 0.026041666666666668 0.046296296296296294
0 0.4864583333333333 0.3 0.026041666666666668 0.046296296296296294
0 0.5114583333333333 0.30092592592592593 0.026041666666666668 0.046296296296296294
0 0.43072916666666666 0.30833333333333335 0.026041666666666668 0.046296296296296294
0 0.4359375 0.3074074074074074 0.026041666666666668 0.046296296296296294
0 0.44166666666666665 0.30833333333333335 0.026041666666666668 0.046296296296296294
0 0.503125 0.3111111111111111 0.026041666666666668 0.046296296296296294
0 0.5291666666666667 0.30925925925925923 0.026041666666666668 0.046296296296296294
0 0.4171875 0.3175925925925926 0.026041666666666668 0.046296296296296294
0 0.45364583333333336 0.31574074074074077 0.026041666666666668 0.046296296296296294
0 0.4947916666666667 0.31851851851851853 0.026041666666666668 0.046296296296296294
0 0.5109375 0.31666666666666665 0.026041666666666668 0.046296296296296294
0 0.5239583333333333 0.31851851851851853 0.026041666666666668 0.046296296296296294
0 0.42552083333333335 0.32407407407407407 0.026041666666666668 0.046296296296296294
0 0.4786458333333333 0.32314814814814813 0.026041666666666668 0.046296296296296294
0 0.44895833333333335 0.3314814814814815 0.026041666666666668 0.046296296296296294
0 0.4583333333333333 0.33240740740740743 0.026041666666666668 0.046296296296296294
0 0.5125 0.33055555555555555 0.026041666666666668 0.046296296296296294
4 0.4166666666666667 0.3416666666666667 0.026041666666666668 0.046296296296296294
4 0.44947916666666665 0.34629629629629627 0.026041666666666668 0.046296296296296294
4 0.5114583333333333 0.3490740740740741 0.026041666666666668 0.046296296296296294
4 0.375 0.3537037037037037 0.026041666666666668 0.046296296296296294
4 0.37916666666666665 0.35648148148148145 0.026041666666666668 0.046296296296296294
4 0.39895833333333336 0.35462962962962963 0.026041666666666668 0.046296296296296294
4 0.4114583333333333 0.3574074074074074 0.026041666666666668 0.046296296296296294
4 0.49947916666666664 0.3537037037037037 0.026041666666666668 0.046296296296296294
4 0.37447916666666664 0.3638888888888889 0.026041666666666668 0.046296296296296294
4 0.3875 0.3638888888888889 0.026041666666666668 0.046296296296296294
4 0.45729166666666665 0.36203703703703705 0.026041666666666668 0.046296296296296294
3 0.6729166666666667 0.35833333333333334 0.026041666666666668 0.046296296296296294
4 0.41302083333333334 0.37037037037037035 0.026041666666666668 0.046296296296296294
4 0.4192708333333333 0.37037037037037035 0.026041666666666668 0.046296296296296294
4 0.5041666666666667 0.37222222222222223 0.026041666666666668 0.046296296296296294
4 0.4317708333333333 0.37777777777777777 0.026041666666666668 0.046296296296296294
4 0.44375 0.37777777777777777 0.026041666666666668 0.046296296296296294
4 0.46197916666666666 0.37962962962962965 0.026041666666666668 0.046296296296296294
4 0.5166666666666667 0.37592592592592594 0.026041666666666668 0.046296296296296294
4 0.6536458333333334 0.37962962962962965 0.026041666666666668 0.046296296296296294
3 0.6703125 0.37962962962962965 0.026041666666666668 0.046296296296296294
4 0.3953125 0.3861111111111111 0.026041666666666668 0.046296296296296294
4 0.4203125 0.3861111111111111 0.026041666666666668 0.046296296296296294
4 0.39166666666666666 0.39537037037037037 0.026041666666666668 0.046296296296296294
4 0.5171875 0.4009259259259259 0.026041666666666668 0.046296296296296294
2 0.19427083333333334 0.4074074074074074 0.026041666666666668 0.046296296296296294
4 0.5244791666666667 0.41203703703703703 0.026041666666666668 0.046296296296296294
4 0.6494791666666667 0.4074074074074074 0.026041666666666668 0.046296296296296294
2 0.17864583333333334 0.41574074074074074 0.026041666666666668 0.046296296296296294
4 0.4239583333333333 0.4185185185185185 0.026041666666666668 0.046296296296296294
4 0.45677083333333335 0.41944444444444445 0.026041666666666668 0.046296296296296294
4 0.4703125 0.4185185185185185 0.026041666666666668 0.046296296296296294
4 0.4895833333333333 0.4166666666666667 0.026041666666666668 0.046296296296296294
4 0.5114583333333333 0.41759259259259257 0.026041666666666668 0.046296296296296294
4 0.6619791666666667 0.41944444444444445 0.026041666666666668 0.046296296296296294
4 0.37395833333333334 0.42685185185185187 0.026041666666666668 0.046296296296296294
4 0.5072916666666667 0.42777777777777776 0.026041666666666668 0.046296296296296294
4 0.65 0.4212962962962963 0.026041666666666668 0.046296296296296294
4 0.4197916666666667 0.43796296296296294 0.026041666666666668 0.046296296296296294
4 0.4375 0.43333333333333335 0.026041666666666668 0.046296296296296294
4 0.5171875 0.43425925925925923 0.026041666666666668 0.046296296296296294
4 0.6614583333333334 0.43425925925925923 0.026041666666666668 0.046296296296296294
4 0.46927083333333336 0.4398148148148148 0.026041666666666668 0.046296296296296294
4 0.4859375 0.44074074074074077 0.026041666666666668 0.046296296296296294
4 0.5208333333333334 0.44907407407407407 0.026041666666666668 0.046296296296296294
3 0.7119791666666667 0.44814814814814813 0.026041666666666668 0.046296296296296294
4 0.49583333333333335 0.4546296296296296 0.026041666666666668 0.046296296296296294
4 0.665625 0.4564814814814815 0.026041666666666668 0.046296296296296294
3 0.6875 0.4546296296296296 0.026041666666666668 0.046296296296296294
4 0.525 0.4638888888888889 0.026041666666666668 0.046296296296296294
3 0.6822916666666666 0.4675925925925926 0.026041666666666668 0.046296296296296294
4 0.4322916666666667 0.47129629629629627 0.026041666666666668 0.046296296296296294
2 0.21510416666666668 0.4787037037037037 0.026041666666666668 0.046296296296296294
3 0.675 0.4824074074074074 0.026041666666666668 0.046296296296296294
4 0.5197916666666667 0.4898148148148148 0.026041666666666668 0.046296296296296294
4 0.5869791666666667 0.49074074074074076 0.026041666666666668 0.046296296296296294
4 0.6177083333333333 0.48703703703703705 0.026041666666666668 0.046296296296296294
4 0.6234375 0.4898148148148148 0.026041666666666668 0.046296296296296294
4 0.5286458333333334 0.49444444444444446 0.026041666666666668 0.046296296296296294
3 0.6942708333333333 0.5046296296296297 0.026041666666666668 0.046296296296296294
4 0.4901041666666667 0.5092592592592593 0.026041666666666668 0.046296296296296294
4 0.5208333333333334 0.5111111111111111 0.026041666666666668 0.046296296296296294
4 0.5838541666666667 0.5120370370370371 0.026041666666666668 0.046296296296296294
4 0.6354166666666666 0.5166666666666667 0.026041666666666668 0.046296296296296294
3 0.6703125 0.5166666666666667 0.026041666666666668 0.046296296296296294
4 0.4041666666666667 0.5268518518518519 0.026041666666666668 0.046296296296296294
4 0.6072916666666667 0.5305555555555556 0.026041666666666668 0.046296296296296294
4 0.5322916666666667 0.5351851851851852 0.026041666666666668 0.046296296296296294
4 0.6286458333333333 0.5388888888888889 0.026041666666666668 0.046296296296296294
3 0.6880208333333333 0.5361111111111111 0.026041666666666668 0.046296296296296294
3 0.7223958333333333 0.5333333333333333 0.026041666666666668 0.046296296296296294
4 0.5510416666666667 0.5324074074074074 0.026041666666666668 0.046296296296296294
4 0.5739583333333333 0.5425925925925926 0.026041666666666668 0.046296296296296294
4 0.4395833333333333 0.5462962962962963 0.026041666666666668 0.046296296296296294
4 0.6385416666666667 0.5509259259259259 0.026041666666666668 0.046296296296296294
4 0.6239583333333333 0.5555555555555556 0.026041666666666668 0.046296296296296294
4 0.39010416666666664 0.5601851851851852 0.026041666666666668 0.046296296296296294
4 0.5984375 0.5666666666666667 0.026041666666666668 0.046296296296296294
4 0.5083333333333333 0.5703703703703704 0.026041666666666668 0.046296296296296294
4 0.6348958333333333 0.5740740740740741 0.026041666666666668 0.046296296296296294
3 0.7614583333333333 0.5703703703703704 0.026041666666666668 0.046296296296296294
4 0.5333333333333333 0.5814814814814815 0.026041666666666668 0.046296296296296294
4 0.4947916666666667 0.6157407407407407 0.026041666666666668 0.046296296296296294
3 0.7614583333333333 0.6268518518518519 0.026041666666666668 0.046296296296296294
3 0.7703125 0.6657407407407407 0.026041666666666668 0.046296296296296294
1 0.5161458333333333 0.6916666666666667 0.026041666666666668 0.046296296296296294
1 0.38697916666666665 0.7185185185185186 0.026041666666666668 0.046296296296296294
1 0.6328125 0.762962962962963 0.026041666666666668 0.046296296296296294
1 0.5442708333333334 0.8083333333333333 0.026041666666666668 0.046296296296296294
1 0.6682291666666667 0.8203703703703704 0.026041666666666668 0.046296296296296294
1 0.8244791666666667 0.825 0.026041666666666668 0.046296296296296294
1 0.7619791666666667 0.8379629629629629 0.026041666666666668 0.046296296296296294
1 0.978125 0.8425925925925926 0.026041666666666668 0.046296296296296294
1 0.8244791666666667 0.8712962962962963 0.026041666666666668 0.046296296296296294
1 0.43697916666666664 0.9148148148148149 0.026041666666666668 0.046296296296296294
1 0.8140625 0.9185185185185185 0.026041666666666668 0.046296296296296294
1 0.9729166666666667 0.9453703703703704 0.026041666666666668 0.046296296296296294
1 0.5177083333333333 0.8555555555555555 0.026041666666666668 0.046296296296296294
1 0.890625 0.7462962962962963 0.026041666666666668 0.046296296296296294
1 0.8677083333333333 0.8185185185185185 0.026041666666666668 0.046296296296296294
1 0.990625 0.8685185185185185 0.026041666666666668 0.046296296296296294
3 0.7572916666666667 0.5981481481481481 0.026041666666666668 0.046296296296296294
1 0.7489583333333333 0.6962962962962963 0.026041666666666668 0.046296296296296294
1 0.7083333333333334 0.7055555555555556 0.026041666666666668 0.046296296296296294
3 0.68125 0.6277777777777778 0.026041666666666668 0.046296296296296294
3 0.7052083333333333 0.5851851851851851 0.026041666666666668 0.046296296296296294
3 0.6885416666666667 0.5685185185185185 0.026041666666666668 0.046296296296296294
4 0.4583333333333333 0.5055555555555555 0.026041666666666668 0.046296296296296294
4 0.478125 0.46296296296296297 0.026041666666666668 0.046296296296296294
1 0.5791666666666667 0.762962962962963 0.026041666666666668 0.046296296296296294
2 0.17604166666666668 0.4888888888888889 0.026041666666666668 0.046296296296296294
2 0.22083333333333333 0.40925925925925927 0.026041666666666668 0.046296296296296294
