0 0.4739583333333333 0.08703703703703704 0.026041666666666668 0.046296296296296294
0 0.4828125 0.12222222222222222 0.026041666666666668 0.046296296296296294
0 0.4953125 0.12129629629629629 0.026041666666666668 0.046296296296296294
0 0.4588541666666667 0.1259259259259259 0.026041666666666668 0.046296296296296294
0 0.46979166666666666 0.12777777777777777 0.026041666666666668 0.046296296296296294
0 0.4421875 0.13518518518518519 0.026041666666666668 0.046296296296296294
0 0.44947916666666665 0.13518518518518519 0.026041666666666668 0.046296296296296294
0 0.453125 0.13796296296296295 0.026041666666666668 0.046296296296296294
0 0.45625 0.13703703703703704 0.026041666666666668 0.046296296296296294
0 0.4744791666666667 0.13796296296296295 0.026041666666666668 0.046296296296296294
0 0.4859375 0.13703703703703704 0.026041666666666668 0.046296296296296294
0 0.490625 0.13796296296296295 0.026041666666666668 0.046296296296296294
0 0.49583333333333335 0.13703703703703704 0.026041666666666668 0.046296296296296294
0 0.4666666666666667 0.14444444444444443 0.026041666666666668 0.046296296296296294
0 0.478125 0.14537037037037037 0.026041666666666668 0.046296296296296294
0 0.4427083333333333 0.1537037037037037 0.026041666666666668 0.046296296296296294
0 0.43854166666666666 0.16203703703703703 0.026041666666666668 0.046296296296296294
0 0.4484375 0.15833333333333333 0.026041666666666668 0.046296296296296294
0 0.4609375 0.16018518518518518 0.026041666666666668 0.046296296296296294
0 0.4786458333333333 0.16018518518518518 0.026041666666666668 0.046296296296296294
0 0.49947916666666664 0.16574074074074074 0.026041666666666668 0.046296296296296294
0 0.4322916666666667 0.175 0.026041666666666668 0.046296296296296294
0 0.48385416666666664 0.17685185185185184 0.026041666666666668 0.046296296296296294
0 0.4713541666666667 0.18333333333333332 0.026041666666666668 0.046296296296296294
0 0.49270833333333336 0.18425925925925926 0.026041666666666668 0.046296296296296294
0 0.5036458333333333 0.20092592592592592 0.026041666666666668 0.046296296296296294
0 0.46927083333333336 0.20462962962962963 0.026041666666666668 0.046296296296296294
0 0.4869791666666667 0.20555555555555555 0.026041666666666668 0.046296296296296294
0 0.4328125 0.22777777777777777 0.026041666666666668 0.046296296296296294
0 0.5036458333333333 0.22777777777777777 0.026041666666666668 0.046296296296296294
0 0.5151041666666667 0.23981481481481481 0.026041666666666668 0.046296296296296294
0 0.4276041666666667 0.24722222222222223 0.026041666666666668 0.046296296296296294
0 0.5036458333333333 0.24444444444444444 0.026041666666666668 0.046296296296296294
0 0.5114583333333333 0.2638888888888889 0.026041666666666668 0.046296296296296294
0 0.46197916666666666 0.26851851851851855 0.026041666666666668 0.046296296296296294
0 0.4828125 0.27037037037037037 0.026041666666666668 0.046296296296296294
0 0.4979166666666667 0.26944444444444443 0.026041666666666668 0.046296296296296294
0 0.5161458333333333 0.26944444444444443 0.026041666666666668 0.046296296296296294
0 0.5421875 0.26666666666666666 0.026041666666666668 0.046296296296296294
0 0.5333333333333333 0.2777777777777778 0.026041666666666668 0.046296296296296294
0 0.5447916666666667 0.27870370370370373 0.026041666666666668 0.046296296296296294
0 0.5114583333333333 0.287962962962963 0.026041666666666668 0.046296296296296294
0 0.6921875 0.2861111111111111 0.026041666666666668 0.046296296296296294
0 0.48125 0.29074074074074074 0.026041666666666668 0.046296296296296294
0 0.46458333333333335 0.29814814814814816 0.026041666666666668 0.046296296296296294
0 0.4984375 0.30092592592592593 0.026041666666666668 0.046296296296296294
0 0.5161458333333333 0.30185185185185187 0.026041666666666668 0.046296296296296294
0 0.43072916666666666 0.30833333333333335 0.026041666666666668 0.046296296296296294
0 0.42083333333333334 0.31296296296296294 0.026041666666666668 0.046296296296296294
0 0.44947916666666665 0.3175925925925926 0.026041666666666668 0.046296296296296294
0 0.7072916666666667 0.31203703703703706 0.026041666666666668 0.046296296296296294
0 0.5109375 0.32592592592592595 0.026041666666666668 0.046296296296296294
4 0.503125 0.3333333333333333 0.026041666666666668 0.046296296296296294
4 0.44947916666666665 0.337037037037037 0.026041666666666668 0.046296296296296294
4 0.4947916666666667 0.3398148148148148 0.026041666666666668 0.046296296296296294
4 0.46979166666666666 0.3453703703703704 0.026041666666666668 0.046296296296296294
4 0.5026041666666666 0.3490740740740741 0.026041666666666668 0.046296296296296294
4 0.37864583333333335 0.3648148148148148 0.026041666666666668 0.046296296296296294
4 0.5026041666666666 0.3611111111111111 0.026041666666666668 0.046296296296296294
2 0.22083333333333333 0.3787037037037037 0.026041666666666668 0.046296296296296294
4 0.4322916666666667 0.37777777777777777 0.026041666666666668 0.046296296296296294
4 0.44947916666666665 0.3768518518518518 0.026041666666666668 0.046296296296296294
4 0.5161458333333333 0.37592592592592594 0.026041666666666668 0.046296296296296294
4 0.528125 0.38981481481481484 0.026041666666666668 0.046296296296296294
4 0.5 0.39444444444444443 0.026041666666666668 0.046296296296296294
4 0.5208333333333334 0.39537037037037037 0.026041666666666668 0.046296296296296294
4 0.5078125 0.4027777777777778 0.026041666666666668 0.046296296296296294
2 0.16875 0.4074074074074074 0.026041666666666668 0.046296296296296294
2 0.2078125 0.41574074074074074 0.026041666666666668 0.046296296296296294
4 0.49114583333333334 0.41944444444444445 0.026041666666666668 0.046296296296296294
4 0.5208333333333334 0.41944444444444445 0.026041666666666668 0.046296296296296294
4 0.4046875 0.42777777777777776 0.026041666666666668 0.046296296296296294
4 0.6536458333333334 0.42685185185185187 0.026041666666666668 0.046296296296296294
2 0.18489583333333334 0.43148148148148147 0.026041666666666668 0.046296296296296294
4 0.4557291666666667 0.43148148148148147 0.026041666666666668 0.046296296296296294
3 0.6953125 0.43148148148148147 0.026041666666666668 0.046296296296296294
3 0.7067708333333333 0.43148148148148147 0.026041666666666668 0.046296296296296294
4 0.4296875 0.44166666666666665 0.026041666666666668 0.046296296296296294
4 0.5026041666666666 0.4398148148148148 0.026041666666666668 0.046296296296296294
4 0.6661458333333333 0.43796296296296294 0.026041666666666668 0.046296296296296294
4 0.39947916666666666 0.45092592592592595 0.026041666666666668 0.046296296296296294
3 0.7010416666666667 0.44907407407407407 0.026041666666666668 0.046296296296296294
4 0.5151041666666667 0.45740740740740743 0.026041666666666668 0.046296296296296294
3 0.6817708333333333 0.4583333333333333 0.026041666666666668 0.046296296296296294
4 0.5078125 0.4666666666666667 0.026041666666666668 0.046296296296296294
4 0.65 0.4638888888888889 0.026041666666666668 0.046296296296296294
3 0.6760416666666667 0.4638888888888889 0.026041666666666668 0.046296296296296294
4 0.4557291666666667 0.48055555555555557 0.026041666666666668 0.046296296296296294
4 0.5088541666666667 0.48148148148148145 0.026041666666666668 0.046296296296296294
3 0.6776041666666667 0.4842592592592593 0.026041666666666668 0.046296296296296294
4 0.4171875 0.49537037037037035 0.026041666666666668 0.046296296296296294
4 0.4583333333333333 0.5018518518518519 0.026041666666666668 0.046296296296296294
4 0.6166666666666667 0.49907407407407406 0.026041666666666668 0.046296296296296294
4 0.6291666666666667 0.5064814814814815 0.026041666666666668 0.046296296296296294
3 0.6776041666666667 0.5018518518518519 0.026041666666666668 0.046296296296296294
4 0.5135416666666667 0.5092592592592593 0.026041666666666668 0.046296296296296294
3 0.696875 0.5120370370370371 0.026041666666666668 0.046296296296296294
4 0.4244791666666667 0.5203703703703704 0.026041666666666668 0.046296296296296294
4 0.5963541666666666 0.5203703703703704 0.026041666666666668 0.046296296296296294
4 0.39947916666666666 0.525 0.026041666666666668 0.046296296296296294
4 0.6234375 0.5277777777777778 0.026041666666666668 0.046296296296296294
3 0.6671875 0.5259259259259259 0.026041666666666668 0.046296296296296294
4 0.4515625 0.5435185185185185 0.026041666666666668 0.046296296296296294
4 0.5166666666666667 0.5425925925925926 0.026041666666666668 0.046296296296296294
3 0.7338541666666667 0.5481481481481482 0.026041666666666668 0.046296296296296294
4 0.4625 0.5546296296296296 0.026041666666666668 0.046296296296296294
4 0.628125 0.5592592592592592 0.026041666666666668 0.046296296296296294
3 0.6697916666666667 0.5611111111111111 0.026041666666666668 0.046296296296296294
4 0.4432291666666667 0.5740740740740741 0.026041666666666668 0.046296296296296294
4 0.5088541666666667 0.5731481481481482 0.026041666666666668 0.046296296296296294
4 0.6005208333333333 0.5703703703703704 0.026041666666666668 0.046296296296296294
4 0.6197916666666666 0.5824074074074074 0.026041666666666668 0.046296296296296294
3 0.7651041666666667 0.5768518518518518 0.026041666666666668 0.046296296296296294
4 0.38645833333333335 0.575925925925926 0.026041666666666668 0.046296296296296294
4 0.4817708333333333 0.5842592592592593 0.026041666666666668 0.046296296296296294
4 0.6041666666666666 0.5935185185185186 0.026041666666666668 0.046296296296296294
4 0.6364583333333333 0.5962962962962963 0.026041666666666668 0.046296296296296294
4 0.659375 0.5907407407407408 0.026041666666666668 0.046296296296296294
4 0.41510416666666666 0.5990740740740741 0.026041666666666668 0.046296296296296294
4 0.5161458333333333 0.6055555555555555 0.026041666666666668 0.046296296296296294
4 0.646875 0.612037037037037 0.026041666666666668 0.046296296296296294
4 0.4401041666666667 0.6166666666666667 0.026041666666666668 0.046296296296296294
4 0.3963541666666667 0.6351851851851852 0.026041666666666668 0.046296296296296294
4 0.5375 0.6351851851851852 0.026041666666666668 0.046296296296296294
4 0.43802083333333336 0.6537037037037037 0.026041666666666668 0.046296296296296294
4 0.6625 0.6574074074074074 0.026041666666666668 0.046296296296296294
3 0.6739583333333333 0.6564814814814814 0.026041666666666668 0.046296296296296294
1 0.7041666666666667 0.7129629629629629 0.026041666666666668 0.046296296296296294
1 0.9203125 0.7379629629629629 0.026041666666666668 0.046296296296296294
1 0.8255208333333334 0.7518518518518519 0.026041666666666668 0.046296296296296294
1 0.3385416666666667 0.7694444444444445 0.026041666666666668 0.046296296296296294
1 0.3333333333333333 0.7935185185185185 0.026041666666666668 0.046296296296296294
1 0.7463541666666667 0.7888888888888889 0.026041666666666668 0.046296296296296294
1 0.3828125 0.8222222222222222 0.026041666666666668 0.046296296296296294
1 0.6536458333333334 0.8203703703703704 0.026041666666666668 0.046296296296296294
1 0.8151041666666666 0.8203703703703704 0.026041666666666668 0.046296296296296294
1 0.425 0.8287037037037037 0.026041666666666668 0.046296296296296294
1 0.8796875 0.8351851851851851 0.026041666666666668 0.046296296296296294
1 0.7786458333333334 0.8314814814814815 0.026041666666666668 0.046296296296296294
1 0.8453125 0.8527777777777777 0.026041666666666668 0.046296296296296294
1 0.5677083333333334 0.8842592592592593 0.026041666666666668 0.046296296296296294
1 0.43645833333333334 0.8944444444444445 0.026041666666666668 0.046296296296296294
1 0.8708333333333333 0.9018518518518519 0.026041666666666668 0.046296296296296294
1 0.46927083333333336 0.9018518518518519 0.026041666666666668 0.046296296296296294
1 0.20104166666666667 0.9398148148148148 0.026041666666666668 0.046296296296296294
1 0.9635416666666666 0.937037037037037 0.026041666666666668 0.046296296296296294
1 0.5005208333333333 0.9546296296296296 0.026041666666666668 0.046296296296296294
1 0.5458333333333333 0.9592592592592593 0.026041666666666668 0.046296296296296294
1 0.5854166666666667 0.9555555555555556 0.026041666666666668 0.046296296296296294
1 0.878125 0.7425925925925926 0.026041666666666668 0.046296296296296294
1 0.846875 0.9555555555555556 0.026041666666666668 0.046296296296296294
1 0.8770833333333333 0.9462962962962963 0.026041666666666668 0.046296296296296294
3 0.7479166666666667 0.6203703703703703 0.026041666666666668 0.046296296296296294
3 0.771875 0.6537037037037037 0.026041666666666668 0.046296296296296294
3 0.7354166666666667 0.5611111111111111 0.026041666666666668 0.046296296296296294
3 0.7520833333333333 0.5592592592592592 0.026041666666666668 0.046296296296296294
1 0.6010416666666667 0.7388888888888889 0.026041666666666668 0.046296296296296294
4 0.5947916666666667 0.6314814814814815 0.026041666666666668 0.046296296296296294
4 0.625 0.6222222222222222 0.026041666666666668 0.046296296296296294
4 0.5770833333333333 0.6370370370370371 0.026041666666666668 0.046296296296296294
1 0.4354166666666667 0.7277777777777777 0.026041666666666668 0.046296296296296294
1 0.38645833333333335 0.674074074074074 0.026041666666666668 0.046296296296296294
4 0.38229166666666664 0.5351851851851852 0.026041666666666668 0.046296296296296294
