0 0.4713541666666667 0.09537037037037037 0.026041666666666668 0.046296296296296294
0 0.48385416666666664 0.09814814814814815 0.026041666666666668 0.046296296296296294
0 0.4875 0.09907407407407408 0.026041666666666668 0.046296296296296294
0 0.4583333333333333 0.11851851851851852 0.026041666666666668 0.046296296296296294
0 0.490625 0.12314814814814815 0.026041666666666668 0.046296296296296294
0 0.4640625 0.13333333333333333 0.026041666666666668 0.046296296296296294
0 0.48333333333333334 0.13055555555555556 0.026041666666666668 0.046296296296296294
0 0.4546875 0.13518518518518519 0.026041666666666668 0.046296296296296294
0 0.4635416666666667 0.1361111111111111 0.026041666666666668 0.046296296296296294
0 0.4703125 0.1361111111111111 0.026041666666666668 0.046296296296296294
0 0.49114583333333334 0.13518518518518519 0.026041666666666668 0.046296296296296294
0 0.42916666666666664 0.14166666666666666 0.026041666666666668 0.046296296296296294
0 0.43333333333333335 0.14722222222222223 0.026041666666666668 0.046296296296296294
0 0.4578125 0.14537037037037037 0.026041666666666668 0.046296296296296294
0 0.4786458333333333 0.14629629629629629 0.026041666666666668 0.046296296296296294
0 0.4427083333333333 0.14907407407407408 0.026041666666666668 0.046296296296296294
0 0.44635416666666666 0.14907407407407408 0.026041666666666668 0.046296296296296294
0 0.453125 0.15185185185185185 0.026041666666666668 0.046296296296296294
0 0.4578125 0.15185185185185185 0.026041666666666668 0.046296296296296294
0 0.4744791666666667 0.15462962962962962 0.026041666666666668 0.046296296296296294
0 0.4953125 0.16018518518518518 0.026041666666666668 0.046296296296296294
0 0.4828125 0.18425925925925926 0.026041666666666668 0.046296296296296294
0 0.46041666666666664 0.19722222222222222 0.026041666666666668 0.046296296296296294
0 0.46145833333333336 0.2064814814814815 0.026041666666666668 0.046296296296296294
0 0.5036458333333333 0.2074074074074074 0.026041666666666668 0.046296296296296294
0 0.4708333333333333 0.23055555555555557 0.026041666666666668 0.046296296296296294
0 0.5161458333333333 0.23055555555555557 0.026041666666666668 0.046296296296296294
0 0.41510416666666666 0.2675925925925926 0.026041666666666668 0.046296296296296294
0 0.6958333333333333 0.2861111111111111 0.026041666666666668 0.046296296296296294
0 0.4322916666666667 0.2935185185185185 0.026041666666666668 0.046296296296296294
0 0.44375 0.2916666666666667 0.026041666666666668 0.046296296296296294
0 0.490625 0.29074074074074074 0.026041666666666668 0.046296296296296294
0 0.4583333333333333 0.29907407407407405 0.026041666666666668 0.046296296296296294
0 0.47552083333333334 0.29814814814814816 0.026041666666666668 0.046296296296296294
0 0.4828125 0.2972222222222222 0.026041666666666668 0.046296296296296294
0 0.5026041666666666 0.30092592592592593 0.026041666666666668 0.046296296296296294
0 0.41822916666666665 0.30648148148148147 0.026041666666666668 0.046296296296296294
0 0.4239583333333333 0.3111111111111111 0.026041666666666668 0.046296296296296294
0 0.440625 0.3101851851851852 0.026041666666666668 0.046296296296296294
0 0.4744791666666667 0.30648148148148147 0.026041666666666668 0.046296296296296294
0 0.490625 0.3055555555555556 0.026041666666666668 0.046296296296296294
0 0.4203125 0.31851851851851853 0.026041666666666668 0.046296296296296294
0 0.43385416666666665 0.31574074074074077 0.026041666666666668 0.046296296296296294
0 0.490625 0.31574074074074077 0.026041666666666668 0.046296296296296294
0 0.7067708333333333 0.31296296296296294 0.026041666666666668 0.046296296296296294
0 0.515625 0.3212962962962963 0.026041666666666668 0.046296296296296294
0 0.5213541666666667 0.3296296296296296 0.026041666666666668 0.046296296296296294
4 0.4557291666666667 0.34074074074074073 0.026041666666666668 0.046296296296296294
4 0.4734375 0.3398148148148148 0.026041666666666668 0.046296296296296294
4 0.5088541666666667 0.3416666666666667 0.026041666666666668 0.046296296296296294
3 0.6791666666666667 0.3398148148148148 0.026041666666666668 0.046296296296296294
4 0.4895833333333333 0.3472222222222222 0.026041666666666668 0.046296296296296294
4 0.503125 0.3490740740740741 0.026041666666666668 0.046296296296296294
4 0.390625 0.35555555555555557 0.026041666666666668 0.046296296296296294
4 0.39427083333333335 0.35462962962962963 0.026041666666666668 0.046296296296296294
4 0.39895833333333336 0.3537037037037037 0.026041666666666668 0.046296296296296294
4 0.40625 0.35555555555555557 0.026041666666666668 0.046296296296296294
4 0.4276041666666667 0.362962962962963 0.026041666666666668 0.046296296296296294
4 0.4895833333333333 0.36018518518518516 0.026041666666666668 0.046296296296296294
4 0.5083333333333333 0.3638888888888889 0.026041666666666668 0.046296296296296294
4 0.37552083333333336 0.3712962962962963 0.026041666666666668 0.046296296296296294
4 0.38229166666666664 0.3712962962962963 0.026041666666666668 0.046296296296296294
4 0.4197916666666667 0.3712962962962963 0.026041666666666668 0.046296296296296294
4 0.43697916666666664 0.3712962962962963 0.026041666666666668 0.046296296296296294
4 0.46145833333333336 0.37962962962962965 0.026041666666666668 0.046296296296296294
4 0.5125 0.38055555555555554 0.026041666666666668 0.046296296296296294
4 0.3953125 0.39537037037037037 0.026041666666666668 0.046296296296296294
4 0.5109375 0.39444444444444443 0.026041666666666668 0.046296296296296294
2 0.17447916666666666 0.4 0.026041666666666668 0.046296296296296294
2 0.19427083333333334 0.4 0.026041666666666668 0.046296296296296294
2 0.21666666666666667 0.40185185185185185 0.026041666666666668 0.046296296296296294
4 0.3890625 0.40185185185185185 0.026041666666666668 0.046296296296296294
4 0.4234375 0.40370370370370373 0.026041666666666668 0.046296296296296294
4 0.65625 0.4 0.026041666666666668 0.046296296296296294
4 0.4125 0.40925925925925927 0.026041666666666668 0.046296296296296294
2 0.17291666666666666 0.4166666666666667 0.026041666666666668 0.046296296296296294
4 0.43645833333333334 0.41759259259259257 0.026041666666666668 0.046296296296296294
4 0.4822916666666667 0.41759259259259257 0.026041666666666668 0.046296296296296294
4 0.653125 0.4203703703703704 0.026041666666666668 0.046296296296296294
4 0.41354166666666664 0.42592592592592593 0.026041666666666668 0.046296296296296294
4 0.42083333333333334 0.425 0.026041666666666668 0.046296296296296294
4 0.4 0.4324074074074074 0.026041666666666668 0.046296296296296294
4 0.5067708333333333 0.44907407407407407 0.026041666666666668 0.046296296296296294
3 0.7078125 0.44722222222222224 0.026041666666666668 0.046296296296296294
4 0.6588541666666666 0.4564814814814815 0.026041666666666668 0.046296296296296294
4 0.665625 0.45740740740740743 0.026041666666666668 0.046296296296296294
3 0.7041666666666667 0.45740740740740743 0.026041666666666668 0.046296296296296294
3 0.6822916666666666 0.46296296296296297 0.026041666666666668 0.046296296296296294
4 0.53125 0.4722222222222222 0.026041666666666668 0.046296296296296294
4 0.6578125 0.4740740740740741 0.026041666666666668 0.046296296296296294
4 0.5203125 0.48703703703703705 0.026041666666666668 0.046296296296296294
3 0.678125 0.487962962962963 0.026041666666666668 0.046296296296296294
4 0.5036458333333333 0.49537037037037035 0.026041666666666668 0.046296296296296294
4 0.615625 0.49537037037037035 0.026041666666666668 0.046296296296296294
3 0.6875 0.5046296296296297 0.026041666666666668 0.046296296296296294
4 0.5078125 0.5148148148148148 0.026041666666666668 0.046296296296296294
4 0.6005208333333333 0.5185185185185185 0.026041666666666668 0.046296296296296294
3 0.6791666666666667 0.5222222222222223 0.026041666666666668 0.046296296296296294
4 0.5213541666666667 0.5259259259259259 0.026041666666666668 0.046296296296296294
4 0.6239583333333333 0.5277777777777778 0.026041666666666668 0.046296296296296294
4 0.6666666666666666 0.524074074074074 0.026041666666666668 0.046296296296296294
3 0.7239583333333334 0.5259259259259259 0.026041666666666668 0.046296296296296294
4 0.4375 0.5342592592592592 0.026041666666666668 0.046296296296296294
3 0.671875 0.5361111111111111 0.026041666666666668 0.046296296296296294
4 0.5239583333333333 0.5518518518518518 0.026041666666666668 0.046296296296296294
3 0.7666666666666667 0.5555555555555556 0.026041666666666668 0.046296296296296294
4 0.6239583333333333 0.5648148148148148 0.026041666666666668 0.046296296296296294
3 0.7416666666666667 0.5657407407407408 0.026041666666666668 0.046296296296296294
4 0.5208333333333334 0.5777777777777777 0.026041666666666668 0.046296296296296294
4 0.6338541666666667 0.5833333333333334 0.026041666666666668 0.046296296296296294
4 0.6625 0.5824074074074074 0.026041666666666668 0.046296296296296294
4 0.6119791666666666 0.5944444444444444 0.026041666666666668 0.046296296296296294
4 0.6286458333333333 0.612037037037037 0.026041666666666668 0.046296296296296294
4 0.665625 0.612037037037037 0.026041666666666668 0.046296296296296294
4 0.48072916666666665 0.6074074074074074 0.026041666666666668 0.046296296296296294
4 0.5369791666666667 0.6351851851851852 0.026041666666666668 0.046296296296296294
4 0.5822916666666667 0.6361111111111111 0.026041666666666668 0.046296296296296294
4 0.4125 0.6592592592592592 0.026041666666666668 0.046296296296296294
1 0.5921875 0.6703703703703704 0.026041666666666668 0.046296296296296294
1 0.4453125 0.6824074074074075 0.026041666666666668 0.046296296296296294
1 0.38385416666666666 0.7148148148148148 0.026041666666666668 0.046296296296296294
1 0.4161458333333333 0.7092592592592593 0.026041666666666668 0.046296296296296294
1 0.7244791666666667 0.7166666666666667 0.026041666666666668 0.046296296296296294
1 0.540625 0.7138888888888889 0.026041666666666668 0.046296296296296294
1 0.5083333333333333 0.7509259259259259 0.026041666666666668 0.046296296296296294
1 0.25729166666666664 0.7759259259259259 0.026041666666666668 0.046296296296296294
1 0.3546875 0.7981481481481482 0.026041666666666668 0.046296296296296294
1 0.5401041666666667 0.7953703703703704 0.026041666666666668 0.046296296296296294
1 0.05364583333333333 0.812962962962963 0.026041666666666668 0.046296296296296294
1 0.11666666666666667 0.8148148148148148 0.026041666666666668 0.046296296296296294
1 0.8244791666666667 0.8333333333333334 0.026041666666666668 0.046296296296296294
1 0.05260416666666667 0.8537037037037037 0.026041666666666668 0.046296296296296294
1 0.3729166666666667 0.862037037037037 0.026041666666666668 0.046296296296296294
1 0.14947916666666666 0.8759259259259259 0.026041666666666668 0.046296296296296294
1 0.5135416666666667 0.8740740740740741 0.026041666666666668 0.046296296296296294
1 0.0026041666666666665 0.8898148148148148 0.026041666666666668 0.046296296296296294
1 0.4 0.8768518518518519 0.026041666666666668 0.046296296296296294
1 0.07447916666666667 0.899074074074074 0.026041666666666668 0.046296296296296294
1 0.4395833333333333 0.8953703703703704 0.026041666666666668 0.046296296296296294
1 0.8338541666666667 0.9009259259259259 0.026041666666666668 0.046296296296296294
1 0.46770833333333334 0.9064814814814814 0.026041666666666668 0.046296296296296294
1 0.19791666666666666 0.9074074074074074 0.026041666666666668 0.046296296296296294
1 0.25 0.9157407407407407 0.026041666666666668 0.046296296296296294
1 0.9953125 0.9120370370370371 0.026041666666666668 0.046296296296296294
1 0.6651041666666667 0.9259259259259259 0.026041666666666668 0.046296296296296294
1 0.28802083333333334 0.9314814814814815 0.026041666666666668 0.046296296296296294
1 0.34270833333333334 0.9537037037037037 0.026041666666666668 0.046296296296296294
1 0.036458333333333336 0.9722222222222222 0.026041666666666668 0.046296296296296294
1 0.2875 0.9805555555555555 0.026041666666666668 0.046296296296296294
1 0.10364583333333334 0.987037037037037 0.026041666666666668 0.046296296296296294
1 0.17708333333333334 0.9851851851851852 0.026041666666666668 0.046296296296296294
1 0.5583333333333333 0.8833333333333333 0.026041666666666668 0.046296296296296294
1 0.6864583333333333 0.7981481481481482 0.026041666666666668 0.046296296296296294
1 0.7197916666666667 0.8166666666666667 0.026041666666666668 0.046296296296296294
1 0.7729166666666667 0.6722222222222223 0.026041666666666668 0.046296296296296294
3 0.753125 0.6259259259259259 0.026041666666666668 0.046296296296296294
3 0.7677083333333333 0.6074074074074074 0.026041666666666668 0.046296296296296294
1 0.8885416666666667 0.7407407407407407 0.026041666666666668 0.046296296296296294
1 0.8802083333333334 0.8222222222222222 0.026041666666666668 0.046296296296296294
1 0.8239583333333333 0.7814814814814814 0.026041666666666668 0.046296296296296294
1 0.7916666666666666 0.9314814814814815 0.026041666666666668 0.046296296296296294
1 0.8291666666666667 0.8629629629629629 0.026041666666666668 0.046296296296296294
3 0.7052083333333333 0.37592592592592594 0.026041666666666668 0.046296296296296294
1 0.12708333333333333 0.9092592592592592 0.026041666666666668 0.046296296296296294
1 0.103125 0.8722222222222222 0.026041666666666668 0.046296296296296294
4 0.5145833333333333 0.6333333333333333 0.026041666666666668 0.046296296296296294
4 0.45208333333333334 0.42592592592592593 0.026041666666666668 0.046296296296296294
4 0.6208333333333333 0.6444444444444445 0.026041666666666668 0.046296296296296294
3 0.7322916666666667 0.5574074074074075 0.026041666666666668 0.046296296296296294
1 0.9739583333333334 0.9444444444444444 0.026041666666666668 0.046296296296296294
