0 0.4744791666666667 0.09814814814814815 0.026041666666666668 0.046296296296296294
0 0.4791666666666667 0.09907407407407408 0.026041666666666668 0.046296296296296294
0 0.48333333333333334 0.10648148148148148 0.026041666666666668 0.046296296296296294
0 0.4666666666666667 0.12962962962962962 0.026041666666666668 0.046296296296296294
0 0.4828125 0.13055555555555556 0.026041666666666668 0.046296296296296294
0 0.4942708333333333 0.1287037037037037 0.026041666666666668 0.046296296296296294
0 0.440625 0.13148148148148148 0.026041666666666668 0.046296296296296294
0 0.4546875 0.13425925925925927 0.026041666666666668 0.046296296296296294
0 0.46197916666666666 0.13703703703703704 0.026041666666666668 0.046296296296296294
0 0.4942708333333333 0.13796296296296295 0.026041666666666668 0.046296296296296294
0 0.43697916666666664 0.15462962962962962 0.026041666666666668 0.046296296296296294
0 0.43645833333333334 0.17314814814814813 0.026041666666666668 0.046296296296296294
0 0.4796875 0.1814814814814815 0.026041666666666668 0.046296296296296294
0 0.43125 0.1935185185185185 0.026041666666666668 0.046296296296296294
0 0.47760416666666666 0.19074074074074074 0.026041666666666668 0.046296296296296294
0 0.459375 0.20185185185185187 0.026041666666666668 0.046296296296296294
0 0.4671875 0.2037037037037037 0.026041666666666668 0.046296296296296294
0 0.43697916666666664 0.21574074074074073 0.026041666666666668 0.046296296296296294
0 0.42604166666666665 0.22962962962962963 0.026041666666666668 0.046296296296296294
0 0.4328125 0.23425925925925925 0.026041666666666668 0.046296296296296294
0 0.4473958333333333 0.2324074074074074 0.026041666666666668 0.046296296296296294
0 0.5072916666666667 0.22870370370370371 0.026041666666666668 0.046296296296296294
0 0.42135416666666664 0.23796296296296296 0.026041666666666668 0.046296296296296294
0 0.48333333333333334 0.23703703703703705 0.026041666666666668 0.046296296296296294
0 0.4895833333333333 0.23981481481481481 0.026041666666666668 0.046296296296296294
0 0.5036458333333333 0.24722222222222223 0.026041666666666668 0.046296296296296294
0 0.4140625 0.2564814814814815 0.026041666666666668 0.046296296296296294
0 0.428125 0.25462962962962965 0.026041666666666668 0.046296296296296294
0 0.4744791666666667 0.25462962962962965 0.026041666666666668 0.046296296296296294
0 0.42135416666666664 0.2611111111111111 0.026041666666666668 0.046296296296296294
0 0.49166666666666664 0.2611111111111111 0.026041666666666668 0.046296296296296294
0 0.42864583333333334 0.26851851851851855 0.026041666666666668 0.046296296296296294
0 0.4859375 0.27037037037037037 0.026041666666666668 0.046296296296296294
0 0.6786458333333333 0.26851851851851855 0.026041666666666668 0.046296296296296294
0 0.5041666666666667 0.28703703703703703 0.026041666666666668 0.046296296296296294
0 0.5328125 0.2824074074074074 0.026041666666666668 0.046296296296296294
0 0.4244791666666667 0.2935185185185185 0.026041666666666668 0.046296296296296294
0 0.4359375 0.2898148148148148 0.026041666666666668 0.046296296296296294
0 0.4432291666666667 0.2953703703703704 0.026041666666666668 0.046296296296296294
0 0.47552083333333334 0.2935185185185185 0.026041666666666668 0.046296296296296294
0 0.43645833333333334 0.3 0.026041666666666668 0.046296296296296294
0 0.4375 0.30833333333333335 0.026041666666666668 0.046296296296296294
0 0.478125 0.30648148148148147 0.026041666666666668 0.046296296296296294
0 0.4984375 0.30833333333333335 0.026041666666666668 0.046296296296296294
0 0.5328125 0.30925925925925923 0.026041666666666668 0.046296296296296294
0 0.4203125 0.3148148148148148 0.026041666666666668 0.046296296296296294
0 0.4276041666666667 0.31666666666666665 0.026041666666666668 0.046296296296296294
0 0.4578125 0.31574074074074077 0.026041666666666668 0.046296296296296294
0 0.6994791666666667 0.3148148148148148 0.026041666666666668 0.046296296296296294
0 0.5078125 0.325 0.026041666666666668 0.046296296296296294
0 0.5333333333333333 0.325 0.026041666666666668 0.046296296296296294
0 0.440625 0.33240740740740743 0.026041666666666668 0.046296296296296294
4 0.45260416666666664 0.3333333333333333 0.026041666666666668 0.046296296296296294
0 0.5130208333333334 0.33240740740740743 0.026041666666666668 0.046296296296296294
4 0.46927083333333336 0.34074074074074073 0.026041666666666668 0.046296296296296294
4 0.49947916666666664 0.3398148148148148 0.026041666666666668 0.046296296296296294
4 0.5385416666666667 0.3388888888888889 0.026041666666666668 0.046296296296296294
4 0.4125 0.3472222222222222 0.026041666666666668 0.046296296296296294
4 0.415625 0.34814814814814815 0.026041666666666668 0.046296296296296294
4 0.42135416666666664 0.35 0.026041666666666668 0.046296296296296294
4 0.45729166666666665 0.35185185185185186 0.026041666666666668 0.046296296296296294
4 0.5114583333333333 0.35648148148148145 0.026041666666666668 0.046296296296296294
4 0.4010416666666667 0.3648148148148148 0.026041666666666668 0.046296296296296294
4 0.4083333333333333 0.3648148148148148 0.026041666666666668 0.046296296296296294
4 0.41510416666666666 0.362962962962963 0.026041666666666668 0.046296296296296294
4 0.4395833333333333 0.362962962962963 0.026041666666666668 0.046296296296296294
4 0.5109375 0.3712962962962963 0.026041666666666668 0.046296296296296294
4 0.37395833333333334 0.3787037037037037 0.026041666666666668 0.046296296296296294
4 0.3958333333333333 0.37962962962962965 0.026041666666666668 0.046296296296296294
4 0.40208333333333335 0.37777777777777777 0.026041666666666668 0.046296296296296294
4 0.41510416666666666 0.3787037037037037 0.026041666666666668 0.046296296296296294
4 0.4239583333333333 0.3787037037037037 0.026041666666666668 0.046296296296296294
4 0.49895833333333334 0.3787037037037037 0.026041666666666668 0.046296296296296294
4 0.38697916666666665 0.387037037037037 0.026041666666666668 0.046296296296296294
4 0.42864583333333334 0.3888888888888889 0.026041666666666668 0.046296296296296294
4 0.5197916666666667 0.38796296296296295 0.026041666666666668 0.046296296296296294
4 0.4822916666666667 0.39537037037037037 0.026041666666666668 0.046296296296296294
4 0.378125 0.4046296296296296 0.026041666666666668 0.046296296296296294
4 0.40729166666666666 0.40370370370370373 0.026041666666666668 0.046296296296296294
4 0.42864583333333334 0.40370370370370373 0.026041666666666668 0.046296296296296294
4 0.45364583333333336 0.4009259259259259 0.026041666666666668 0.046296296296296294
4 0.515625 0.4027777777777778 0.026041666666666668 0.046296296296296294
4 0.6520833333333333 0.4027777777777778 0.026041666666666668 0.046296296296296294
4 0.3953125 0.4074074074074074 0.026041666666666668 0.046296296296296294
4 0.5166666666666667 0.4185185185185185 0.026041666666666668 0.046296296296296294
4 0.6536458333333334 0.4185185185185185 0.026041666666666668 0.046296296296296294
2 0.1703125 0.4222222222222222 0.026041666666666668 0.046296296296296294
3 0.6692708333333334 0.425 0.026041666666666668 0.046296296296296294
4 0.37916666666666665 0.43425925925925923 0.026041666666666668 0.046296296296296294
4 0.3859375 0.4351851851851852 0.026041666666666668 0.046296296296296294
4 0.415625 0.43425925925925923 0.026041666666666668 0.046296296296296294
4 0.45260416666666664 0.4324074074074074 0.026041666666666668 0.046296296296296294
4 0.5244791666666667 0.43703703703703706 0.026041666666666668 0.046296296296296294
3 0.6703125 0.43703703703703706 0.026041666666666668 0.046296296296296294
3 0.7057291666666666 0.4398148148148148 0.026041666666666668 0.046296296296296294
4 0.3984375 0.44907407407407407 0.026041666666666668 0.046296296296296294
3 0.6786458333333333 0.44814814814814813 0.026041666666666668 0.046296296296296294
4 0.4666666666666667 0.4564814814814815 0.026041666666666668 0.046296296296296294
4 0.4796875 0.4546296296296296 0.026041666666666668 0.046296296296296294
4 0.5114583333333333 0.4564814814814815 0.026041666666666668 0.046296296296296294
4 0.3859375 0.46574074074074073 0.026041666666666668 0.046296296296296294
4 0.41041666666666665 0.46296296296296297 0.026041666666666668 0.046296296296296294
3 0.6901041666666666 0.4648148148148148 0.026041666666666668 0.046296296296296294
4 0.37447916666666664 0.4722222222222222 0.026041666666666668 0.046296296296296294
4 0.5072916666666667 0.47314814814814815 0.026041666666666668 0.046296296296296294
3 0.6791666666666667 0.4787037037037037 0.026041666666666668 0.046296296296296294
3 0.690625 0.4777777777777778 0.026041666666666668 0.046296296296296294
4 0.534375 0.48703703703703705 0.026041666666666668 0.046296296296296294
4 0.3875 0.49537037037037035 0.026041666666666668 0.046296296296296294
4 0.39427083333333335 0.49537037037037035 0.026041666666666668 0.046296296296296294
4 0.5260416666666666 0.5046296296296297 0.026041666666666668 0.046296296296296294
4 0.6328125 0.5037037037037037 0.026041666666666668 0.046296296296296294
3 0.690625 0.5037037037037037 0.026041666666666668 0.046296296296296294
4 0.6161458333333333 0.5083333333333333 0.026041666666666668 0.046296296296296294
4 0.38645833333333335 0.5212962962962963 0.026041666666666668 0.046296296296296294
4 0.5177083333333333 0.5287037037037037 0.026041666666666668 0.046296296296296294
4 0.5375 0.5259259259259259 0.026041666666666668 0.046296296296296294
4 0.6661458333333333 0.5268518518518519 0.026041666666666668 0.046296296296296294
4 0.4171875 0.5361111111111111 0.026041666666666668 0.046296296296296294
4 0.5817708333333333 0.5287037037037037 0.026041666666666668 0.046296296296296294
3 0.7453125 0.5342592592592592 0.026041666666666668 0.046296296296296294
4 0.39114583333333336 0.5425925925925926 0.026041666666666668 0.046296296296296294
4 0.553125 0.5361111111111111 0.026041666666666668 0.046296296296296294
3 0.728125 0.5416666666666666 0.026041666666666668 0.046296296296296294
4 0.3859375 0.5527777777777778 0.026041666666666668 0.046296296296296294
4 0.440625 0.5444444444444444 0.026041666666666668 0.046296296296296294
3 0.6942708333333333 0.549074074074074 0.026041666666666668 0.046296296296296294
4 0.415625 0.5611111111111111 0.026041666666666668 0.046296296296296294
3 0.7119791666666667 0.5657407407407408 0.026041666666666668 0.046296296296296294
4 0.3796875 0.5768518518518518 0.026041666666666668 0.046296296296296294
4 0.640625 0.575925925925926 0.026041666666666668 0.046296296296296294
3 0.771875 0.5888888888888889 0.026041666666666668 0.046296296296296294
4 0.6046875 0.5888888888888889 0.026041666666666668 0.046296296296296294
3 0.7 0.6620370370370371 0.026041666666666668 0.046296296296296294
3 0.7401041666666667 0.6638888888888889 0.026041666666666668 0.046296296296296294
1 0.5692708333333333 0.7277777777777777 0.026041666666666668 0.046296296296296294
1 0.5572916666666666 0.7444444444444445 0.026041666666666668 0.046296296296296294
1 0.8817708333333333 0.7388888888888889 0.026041666666666668 0.046296296296296294
1 0.5755208333333334 0.7962962962962963 0.026041666666666668 0.046296296296296294
1 0.8875 0.7935185185185185 0.026041666666666668 0.046296296296296294
1 0.965625 0.812037037037037 0.026041666666666668 0.046296296296296294
1 0.8104166666666667 0.8268518518518518 0.026041666666666668 0.046296296296296294
1 0.8276041666666667 0.8305555555555556 0.026041666666666668 0.046296296296296294
1 0.99375 0.8638888888888889 0.026041666666666668 0.046296296296296294
1 0.7552083333333334 0.8962962962962963 0.026041666666666668 0.046296296296296294
1 0.9036458333333334 0.9111111111111111 0.026041666666666668 0.046296296296296294
1 0.8255208333333334 0.9222222222222223 0.026041666666666668 0.046296296296296294
3 0.7541666666666667 0.6148148148148148 0.026041666666666668 0.046296296296296294
2 0.2125 0.40555555555555556 0.026041666666666668 0.046296296296296294
