0 0.48541666666666666 0.09814814814814815 0.026041666666666668 0.046296296296296294
0 0.48333333333333334 0.12129629629629629 0.026041666666666668 0.046296296296296294
0 0.4947916666666667 0.12222222222222222 0.026041666666666668 0.046296296296296294
0 0.4708333333333333 0.12685185185185185 0.026041666666666668 0.046296296296296294
0 0.44947916666666665 0.13333333333333333 0.026041666666666668 0.046296296296296294
0 0.46197916666666666 0.13703703703703704 0.026041666666666668 0.046296296296296294
0 0.48802083333333335 0.1361111111111111 0.026041666666666668 0.046296296296296294
0 0.4942708333333333 0.1361111111111111 0.026041666666666668 0.046296296296296294
0 0.44114583333333335 0.14351851851851852 0.026041666666666668 0.046296296296296294
0 0.4828125 0.14444444444444443 0.026041666666666668 0.046296296296296294
0 0.4625 0.15462962962962962 0.026041666666666668 0.046296296296296294
0 0.4953125 0.15092592592592594 0.026041666666666668 0.046296296296296294
0 0.44895833333333335 0.15925925925925927 0.026041666666666668 0.046296296296296294
0 0.48333333333333334 0.1675925925925926 0.026041666666666668 0.046296296296296294
0 0.43333333333333335 0.175 0.026041666666666668 0.046296296296296294
0 0.43854166666666666 0.18333333333333332 0.026041666666666668 0.046296296296296294
0 0.5041666666666667 0.1824074074074074 0.026041666666666668 0.046296296296296294
0 0.5114583333333333 0.1824074074074074 0.026041666666666668 0.046296296296296294
0 0.459375 0.19074074074074074 0.026041666666666668 0.046296296296296294
0 0.49947916666666664 0.19166666666666668 0.026041666666666668 0.046296296296296294
0 0.48333333333333334 0.19537037037037036 0.026041666666666668 0.046296296296296294
0 0.4265625 0.20555555555555555 0.026041666666666668 0.046296296296296294
0 0.4921875 0.2074074074074074 0.026041666666666668 0.046296296296296294
0 0.465625 0.21296296296296297 0.026041666666666668 0.046296296296296294
0 0.47708333333333336 0.21574074074074073 0.026041666666666668 0.046296296296296294
0 0.42916666666666664 0.22314814814814815 0.026041666666666668 0.046296296296296294
0 0.45364583333333336 0.22777777777777777 0.026041666666666668 0.046296296296296294
0 0.4828125 0.23055555555555557 0.026041666666666668 0.046296296296296294
0 0.5067708333333333 0.23055555555555557 0.026041666666666668 0.046296296296296294
0 0.42864583333333334 0.2462962962962963 0.026041666666666668 0.046296296296296294
0 0.4947916666666667 0.26296296296296295 0.026041666666666668 0.046296296296296294
0 0.5078125 0.262037037037037 0.026041666666666668 0.046296296296296294
0 0.4828125 0.26666666666666666 0.026041666666666668 0.046296296296296294
0 0.49114583333333334 0.2712962962962963 0.026041666666666668 0.046296296296296294
0 0.5119791666666667 0.26666666666666666 0.026041666666666668 0.046296296296296294
0 0.465625 0.2740740740740741 0.026041666666666668 0.046296296296296294
0 0.48333333333333334 0.28703703703703703 0.026041666666666668 0.046296296296296294
0 0.5104166666666666 0.28425925925925927 0.026041666666666668 0.046296296296296294
0 0.475 0.2953703703703704 0.026041666666666668 0.046296296296296294
0 0.6947916666666667 0.29074074074074074 0.026041666666666668 0.046296296296296294
0 0.4239583333333333 0.29907407407407405 0.026041666666666668 0.046296296296296294
0 0.5125 0.29907407407407405 0.026041666666666668 0.046296296296296294
0 0.51875 0.3037037037037037 0.026041666666666668 0.046296296296296294
0 0.4192708333333333 0.31203703703703706 0.026041666666666668 0.046296296296296294
0 0.43125 0.3175925925925926 0.026041666666666668 0.046296296296296294
0 0.5161458333333333 0.31666666666666665 0.026041666666666668 0.046296296296296294
0 0.7026041666666667 0.3138888888888889 0.026041666666666668 0.046296296296296294
0 0.5041666666666667 0.32407407407407407 0.026041666666666668 0.046296296296296294
0 0.44479166666666664 0.3296296296296296 0.026041666666666668 0.046296296296296294
0 0.478125 0.3287037037037037 0.026041666666666668 0.046296296296296294
0 0.49114583333333334 0.33240740740740743 0.026041666666666668 0.046296296296296294
0 0.5083333333333333 0.33240740740740743 0.026041666666666668 0.046296296296296294
4 0.453125 0.3398148148148148 0.026041666666666668 0.046296296296296294
4 0.45 0.34814814814814815 0.026041666666666668 0.046296296296296294
4 0.4041666666666667 0.3537037037037037 0.026041666666666668 0.046296296296296294
4 0.44479166666666664 0.3592592592592593 0.026041666666666668 0.046296296296296294
4 0.37864583333333335 0.3648148148148148 0.026041666666666668 0.046296296296296294
4 0.39947916666666666 0.362962962962963 0.026041666666666668 0.046296296296296294
4 0.43697916666666664 0.3648148148148148 0.026041666666666668 0.046296296296296294
4 0.4197916666666667 0.3768518518518518 0.026041666666666668 0.046296296296296294
4 0.43697916666666664 0.3787037037037037 0.026041666666666668 0.046296296296296294
4 0.465625 0.387037037037037 0.026041666666666668 0.046296296296296294
4 0.5015625 0.387037037037037 0.026041666666666668 0.046296296296296294
4 0.5276041666666667 0.3888888888888889 0.026041666666666668 0.046296296296296294
2 0.21145833333333333 0.4 0.026041666666666668 0.046296296296296294
4 0.4359375 0.3990740740740741 0.026041666666666668 0.046296296296296294
4 0.4864583333333333 0.4027777777777778 0.026041666666666668 0.046296296296296294
4 0.5161458333333333 0.40185185185185185 0.026041666666666668 0.046296296296296294
2 0.19010416666666666 0.41574074074074074 0.026041666666666668 0.046296296296296294
4 0.4114583333333333 0.41944444444444445 0.026041666666666668 0.046296296296296294
4 0.478125 0.41944444444444445 0.026041666666666668 0.046296296296296294
3 0.7119791666666667 0.412962962962963 0.026041666666666668 0.046296296296296294
4 0.4041666666666667 0.42407407407407405 0.026041666666666668 0.046296296296296294
4 0.44583333333333336 0.425 0.026041666666666668 0.046296296296296294
4 0.4703125 0.42407407407407405 0.026041666666666668 0.046296296296296294
2 0.17135416666666667 0.4324074074074074 0.026041666666666668 0.046296296296296294
4 0.4197916666666667 0.43333333333333335 0.026041666666666668 0.046296296296296294
3 0.6729166666666667 0.43148148148148147 0.026041666666666668 0.046296296296296294
3 0.690625 0.42962962962962964 0.026041666666666668 0.046296296296296294
4 0.39479166666666665 0.44074074074074077 0.026041666666666668 0.046296296296296294
4 0.4088541666666667 0.4398148148148148 0.026041666666666668 0.046296296296296294
4 0.4296875 0.4398148148148148 0.026041666666666668 0.046296296296296294
4 0.4359375 0.44166666666666665 0.026041666666666668 0.046296296296296294
3 0.6833333333333333 0.45092592592592595 0.026041666666666668 0.046296296296296294
4 0.42083333333333334 0.4759259259259259 0.026041666666666668 0.046296296296296294
3 0.6822916666666666 0.4787037037037037 0.026041666666666668 0.046296296296296294
4 0.621875 0.49907407407407406 0.026041666666666668 0.046296296296296294
4 0.6125 0.5037037037037037 0.026041666666666668 0.046296296296296294
4 0.5984375 0.5277777777777778 0.026041666666666668 0.046296296296296294
4 0.6171875 0.5277777777777778 0.026041666666666668 0.046296296296296294
3 0.6697916666666667 0.5259259259259259 0.026041666666666668 0.046296296296296294
4 0.5072916666666667 0.5370370370370371 0.026041666666666668 0.046296296296296294
3 0.7276041666666667 0.5388888888888889 0.026041666666666668 0.046296296296296294
4 0.521875 0.5481481481481482 0.026041666666666668 0.046296296296296294
4 0.4557291666666667 0.5555555555555556 0.026041666666666668 0.046296296296296294
4 0.6276041666666666 0.5638888888888889 0.026041666666666668 0.046296296296296294
3 0.6864583333333333 0.5648148148148148 0.026041666666666668 0.046296296296296294
3 0.7526041666666666 0.5638888888888889 0.026041666666666668 0.046296296296296294
4 0.5958333333333333 0.5740740740740741 0.026041666666666668 0.046296296296296294
4 0.503125 0.5768518518518518 0.026041666666666668 0.046296296296296294
3 0.6744791666666666 0.5805555555555556 0.026041666666666668 0.046296296296296294
4 0.6322916666666667 0.5861111111111111 0.026041666666666668 0.046296296296296294
4 0.6619791666666667 0.5861111111111111 0.026041666666666668 0.046296296296296294
3 0.7072916666666667 0.5888888888888889 0.026041666666666668 0.046296296296296294
3 0.7614583333333333 0.5898148148148148 0.026041666666666668 0.046296296296296294
3 0.740625 0.5953703703703703 0.026041666666666668 0.046296296296296294
4 0.6109375 0.6083333333333333 0.026041666666666668 0.046296296296296294
4 0.6453125 0.6101851851851852 0.026041666666666668 0.046296296296296294
4 0.41458333333333336 0.6092592592592593 0.026041666666666668 0.046296296296296294
4 0.5697916666666667 0.637962962962963 0.026041666666666668 0.046296296296296294
4 0.5276041666666667 0.6407407407407407 0.026041666666666668 0.046296296296296294
3 0.7671875 0.6592592592592592 0.026041666666666668 0.046296296296296294
1 0.5953125 0.6675925925925926 0.026041666666666668 0.046296296296296294
1 0.553125 0.6777777777777778 0.026041666666666668 0.046296296296296294
1 0.5828125 0.674074074074074 0.026041666666666668 0.046296296296296294
1 0.6119791666666666 0.675 0.026041666666666668 0.046296296296296294
1 0.3880208333333333 0.6759259259259259 0.026041666666666668 0.046296296296296294
1 0.5703125 0.712037037037037 0.026041666666666668 0.046296296296296294
1 0.7828125 0.7111111111111111 0.026041666666666668 0.046296296296296294
1 0.5192708333333333 0.7185185185185186 0.026041666666666668 0.046296296296296294
1 0.6729166666666667 0.7527777777777778 0.026041666666666668 0.046296296296296294
1 0.5630208333333333 0.7592592592592593 0.026041666666666668 0.046296296296296294
1 0.8822916666666667 0.75 0.026041666666666668 0.046296296296296294
1 0.8255208333333334 0.7620370370370371 0.026041666666666668 0.046296296296296294
1 0.5135416666666667 0.7787037037037037 0.026041666666666668 0.046296296296296294
1 0.7447916666666666 0.7888888888888889 0.026041666666666668 0.046296296296296294
1 0.5401041666666667 0.7907407407407407 0.026041666666666668 0.046296296296296294
1 0.484375 0.8083333333333333 0.026041666666666668 0.046296296296296294
1 0.40625 0.8092592592592592 0.026041666666666668 0.046296296296296294
1 0.575 0.8231481481481482 0.026041666666666668 0.046296296296296294
1 0.8776041666666666 0.8305555555555556 0.026041666666666668 0.046296296296296294
1 0.30520833333333336 0.8453703703703703 0.026041666666666668 0.046296296296296294
1 0.7838541666666666 0.837037037037037 0.026041666666666668 0.046296296296296294
1 0.6270833333333333 0.85 0.026041666666666668 0.046296296296296294
1 0.415625 0.8657407407407407 0.026041666666666668 0.046296296296296294
1 0.3645833333333333 0.8648148148148148 0.026041666666666668 0.046296296296296294
1 0.1734375 0.8824074074074074 0.026041666666666668 0.046296296296296294
1 0.43854166666666666 0.8907407407407407 0.026041666666666668 0.046296296296296294
1 0.19947916666666668 0.912962962962963 0.026041666666666668 0.046296296296296294
1 0.371875 0.9046296296296297 0.026041666666666668 0.046296296296296294
1 0.7104166666666667 0.9148148148148149 0.026041666666666668 0.046296296296296294
1 0.12760416666666666 0.924074074074074 0.026041666666666668 0.046296296296296294
1 0.390625 0.9425925925925925 0.026041666666666668 0.046296296296296294
1 0.9625 0.9472222222222222 0.026041666666666668 0.046296296296296294
1 0.9005208333333333 0.9648148148148148 0.026041666666666668 0.046296296296296294
1 0.2947916666666667 0.9685185185185186 0.026041666666666668 0.046296296296296294
1 0.8708333333333333 0.9731481481481481 0.026041666666666668 0.046296296296296294
1 0.484375 0.8870370370370371 0.026041666666666668 0.046296296296296294
1 0.828125 0.8277777777777777 0.026041666666666668 0.046296296296296294
1 0.825 0.8796296296296297 0.026041666666666668 0.046296296296296294
3 0.7364583333333333 0.5537037037037037 0.026041666666666668 0.046296296296296294
3 0.778125 0.5592592592592592 0.026041666666666668 0.046296296296296294
3 0.6979166666666666 0.5111111111111111 0.026041666666666668 0.046296296296296294
3 0.6760416666666667 0.5037037037037037 0.026041666666666668 0.046296296296296294
3 0.66875 0.4666666666666667 0.026041666666666668 0.046296296296296294
1 0.45625 0.6703703703703704 0.026041666666666668 0.046296296296296294
4 0.3802083333333333 0.5685185185185185 0.026041666666666668 0.046296296296296294
4 0.40625 0.5148148148148148 0.026041666666666668 0.046296296296296294
4 0.378125 0.49444444444444446 0.026041666666666668 0.046296296296296294
2 0.1875 0.43703703703703706 0.026041666666666668 0.046296296296296294
4 0.44375 0.46296296296296297 0.026041666666666668 0.046296296296296294
4 0.5041666666666667 0.5 0.026041666666666668 0.046296296296296294
4 0.5177083333333333 0.45925925925925926 0.026041666666666668 0.046296296296296294
4 0.5083333333333333 0.45 0.026041666666666668 0.046296296296296294
4 0.5 0.4351851851851852 0.026041666666666668 0.046296296296296294
