0 0.4708333333333333 0.13055555555555556 0.026041666666666668 0.046296296296296294
0 0.478125 0.13055555555555556 0.026041666666666668 0.046296296296296294
0 0.46145833333333336 0.13703703703703704 0.026041666666666668 0.046296296296296294
0 0.46145833333333336 0.1527777777777778 0.026041666666666668 0.046296296296296294
0 0.49375 0.1537037037037037 0.026041666666666668 0.046296296296296294
0 0.44947916666666665 0.1648148148148148 0.026041666666666668 0.046296296296296294
0 0.4630208333333333 0.16574074074074074 0.026041666666666668 0.046296296296296294
0 0.46979166666666666 0.16574074074074074 0.026041666666666668 0.046296296296296294
0 0.48333333333333334 0.1685185185185185 0.026041666666666668 0.046296296296296294
0 0.43125 0.17314814814814813 0.026041666666666668 0.046296296296296294
0 0.5041666666666667 0.17407407407407408 0.026041666666666668 0.046296296296296294
0 0.5078125 0.175 0.026041666666666668 0.046296296296296294
0 0.5 0.18703703703703703 0.026041666666666668 0.046296296296296294
0 0.43697916666666664 0.24814814814814815 0.026041666666666668 0.046296296296296294
0 0.5239583333333333 0.26481481481481484 0.026041666666666668 0.046296296296296294
0 0.44635416666666666 0.2759259259259259 0.026041666666666668 0.046296296296296294
0 0.4942708333333333 0.2759259259259259 0.026041666666666668 0.046296296296296294
0 0.6958333333333333 0.287962962962963 0.026041666666666668 0.046296296296296294
0 0.46458333333333335 0.2851851851851852 0.026041666666666668 0.046296296296296294
0 0.4947916666666667 0.29259259259259257 0.026041666666666668 0.046296296296296294
0 0.50625 0.2898148148148148 0.026041666666666668 0.046296296296296294
0 0.5151041666666667 0.2935185185185185 0.026041666666666668 0.046296296296296294
0 0.4375 0.3 0.026041666666666668 0.046296296296296294
0 0.49947916666666664 0.30277777777777776 0.026041666666666668 0.046296296296296294
0 0.5151041666666667 0.30185185185185187 0.026041666666666668 0.046296296296296294
0 0.49166666666666664 0.3101851851851852 0.026041666666666668 0.046296296296296294
0 0.5036458333333333 0.3111111111111111 0.026041666666666668 0.046296296296296294
0 0.5453125 0.30648148148148147 0.026041666666666668 0.046296296296296294
0 0.4197916666666667 0.3148148148148148 0.026041666666666668 0.046296296296296294
0 0.4947916666666667 0.32037037037037036 0.026041666666666668 0.046296296296296294
0 0.7072916666666667 0.3138888888888889 0.026041666666666668 0.046296296296296294
0 0.46145833333333336 0.33055555555555555 0.026041666666666668 0.046296296296296294
0 0.46979166666666666 0.33240740740740743 0.026041666666666668 0.046296296296296294
0 0.5072916666666667 0.33240740740740743 0.026041666666666668 0.046296296296296294
4 0.44166666666666665 0.337037037037037 0.026041666666666668 0.046296296296296294
4 0.4484375 0.3388888888888889 0.026041666666666668 0.046296296296296294
4 0.4119791666666667 0.34629629629629627 0.026041666666666668 0.046296296296296294
4 0.46875 0.34629629629629627 0.026041666666666668 0.046296296296296294
4 0.4869791666666667 0.34814814814814815 0.026041666666666668 0.046296296296296294
4 0.5083333333333333 0.34814814814814815 0.026041666666666668 0.046296296296296294
4 0.5192708333333333 0.35 0.026041666666666668 0.046296296296296294
4 0.5369791666666667 0.3472222222222222 0.026041666666666668 0.046296296296296294
4 0.3776041666666667 0.35648148148148145 0.026041666666666668 0.046296296296296294
4 0.3958333333333333 0.35555555555555557 0.026041666666666668 0.046296296296296294
4 0.44895833333333335 0.35462962962962963 0.026041666666666668 0.046296296296296294
4 0.39114583333333336 0.3648148148148148 0.026041666666666668 0.046296296296296294
4 0.4786458333333333 0.3648148148148148 0.026041666666666668 0.046296296296296294
4 0.37864583333333335 0.37037037037037035 0.026041666666666668 0.046296296296296294
4 0.42083333333333334 0.3675925925925926 0.026041666666666668 0.046296296296296294
4 0.5151041666666667 0.37777777777777777 0.026041666666666668 0.046296296296296294
4 0.40208333333333335 0.387037037037037 0.026041666666666668 0.046296296296296294
4 0.65 0.39537037037037037 0.026041666666666668 0.046296296296296294
4 0.665625 0.39537037037037037 0.026041666666666668 0.046296296296296294
4 0.4421875 0.4027777777777778 0.026041666666666668 0.046296296296296294
4 0.45364583333333336 0.4027777777777778 0.026041666666666668 0.046296296296296294
4 0.5411458333333333 0.4009259259259259 0.026041666666666668 0.046296296296296294
2 0.16927083333333334 0.40925925925925927 0.026041666666666668 0.046296296296296294
2 0.20625 0.4074074074074074 0.026041666666666668 0.046296296296296294
4 0.39114583333333336 0.40925925925925927 0.026041666666666668 0.046296296296296294
4 0.4973958333333333 0.4046296296296296 0.026041666666666668 0.046296296296296294
4 0.5223958333333333 0.4111111111111111 0.026041666666666668 0.046296296296296294
4 0.6494791666666667 0.4074074074074074 0.026041666666666668 0.046296296296296294
3 0.7036458333333333 0.4083333333333333 0.026041666666666668 0.046296296296296294
2 0.19583333333333333 0.4166666666666667 0.026041666666666668 0.046296296296296294
4 0.42916666666666664 0.41944444444444445 0.026041666666666668 0.046296296296296294
4 0.49895833333333334 0.41388888888888886 0.026041666666666668 0.046296296296296294
4 0.6614583333333334 0.4203703703703704 0.026041666666666668 0.046296296296296294
3 0.6708333333333333 0.41759259259259257 0.026041666666666668 0.046296296296296294
4 0.4036458333333333 0.42685185185185187 0.026041666666666668 0.046296296296296294
4 0.515625 0.42685185185185187 0.026041666666666668 0.046296296296296294
4 0.5244791666666667 0.42407407407407405 0.026041666666666668 0.046296296296296294
3 0.6776041666666667 0.4361111111111111 0.026041666666666668 0.046296296296296294
3 0.6713541666666667 0.44074074074074077 0.026041666666666668 0.046296296296296294
4 0.440625 0.44814814814814813 0.026041666666666668 0.046296296296296294
4 0.5114583333333333 0.45 0.026041666666666668 0.046296296296296294
4 0.5296875 0.44907407407407407 0.026041666666666668 0.046296296296296294
4 0.6536458333333334 0.45092592592592595 0.026041666666666668 0.046296296296296294
4 0.4244791666666667 0.4601851851851852 0.026041666666666668 0.046296296296296294
4 0.4661458333333333 0.46296296296296297 0.026041666666666668 0.046296296296296294
3 0.6703125 0.46574074074074073 0.026041666666666668 0.046296296296296294
4 0.44583333333333336 0.47129629629629627 0.026041666666666668 0.046296296296296294
4 0.47604166666666664 0.4787037037037037 0.026041666666666668 0.046296296296296294
4 0.5005208333333333 0.48148148148148145 0.026041666666666668 0.046296296296296294
4 0.5072916666666667 0.48055555555555557 0.026041666666666668 0.046296296296296294
4 0.665625 0.4824074074074074 0.026041666666666668 0.046296296296296294
4 0.44895833333333335 0.4861111111111111 0.026041666666666668 0.046296296296296294
4 0.5192708333333333 0.48703703703703705 0.026041666666666668 0.046296296296296294
4 0.6255208333333333 0.4888888888888889 0.026041666666666668 0.046296296296296294
4 0.6583333333333333 0.49907407407407406 0.026041666666666668 0.046296296296296294
4 0.43854166666666666 0.5027777777777778 0.026041666666666668 0.046296296296296294
4 0.46927083333333336 0.5055555555555555 0.026041666666666668 0.046296296296296294
4 0.6463541666666667 0.5055555555555555 0.026041666666666668 0.046296296296296294
3 0.6713541666666667 0.5037037037037037 0.026041666666666668 0.046296296296296294
4 0.4203125 0.5083333333333333 0.026041666666666668 0.046296296296296294
4 0.5166666666666667 0.5120370370370371 0.026041666666666668 0.046296296296296294
3 0.6953125 0.5148148148148148 0.026041666666666668 0.046296296296296294
4 0.628125 0.5157407407407407 0.026041666666666668 0.046296296296296294
4 0.5161458333333333 0.5259259259259259 0.026041666666666668 0.046296296296296294
4 0.5729166666666666 0.5231481481481481 0.026041666666666668 0.046296296296296294
4 0.6161458333333333 0.5259259259259259 0.026041666666666668 0.046296296296296294
4 0.6453125 0.5268518518518519 0.026041666666666668 0.046296296296296294
3 0.6916666666666667 0.5277777777777778 0.026041666666666668 0.046296296296296294
3 0.7114583333333333 0.5277777777777778 0.026041666666666668 0.046296296296296294
3 0.6744791666666666 0.5342592592592592 0.026041666666666668 0.046296296296296294
4 0.5994791666666667 0.5435185185185185 0.026041666666666668 0.046296296296296294
4 0.40260416666666665 0.5462962962962963 0.026041666666666668 0.046296296296296294
4 0.540625 0.549074074074074 0.026041666666666668 0.046296296296296294
4 0.5291666666666667 0.5574074074074075 0.026041666666666668 0.046296296296296294
4 0.5895833333333333 0.5601851851851852 0.026041666666666668 0.046296296296296294
3 0.759375 0.5555555555555556 0.026041666666666668 0.046296296296296294
3 0.6796875 0.5638888888888889 0.026041666666666668 0.046296296296296294
3 0.7364583333333333 0.5657407407407408 0.026041666666666668 0.046296296296296294
4 0.47552083333333334 0.5740740740740741 0.026041666666666668 0.046296296296296294
4 0.5432291666666667 0.5731481481481482 0.026041666666666668 0.046296296296296294
4 0.6541666666666667 0.5740740740740741 0.026041666666666668 0.046296296296296294
4 0.5354166666666667 0.5888888888888889 0.026041666666666668 0.046296296296296294
4 0.5958333333333333 0.5879629629629629 0.026041666666666668 0.046296296296296294
4 0.47552083333333334 0.5944444444444444 0.026041666666666668 0.046296296296296294
3 0.7369791666666666 0.6111111111111112 0.026041666666666668 0.046296296296296294
4 0.4640625 0.6166666666666667 0.026041666666666668 0.046296296296296294
3 0.7708333333333334 0.6296296296296297 0.026041666666666668 0.046296296296296294
4 0.45364583333333336 0.6342592592592593 0.026041666666666668 0.046296296296296294
4 0.5151041666666667 0.6333333333333333 0.026041666666666668 0.046296296296296294
4 0.5666666666666667 0.6342592592592593 0.026041666666666668 0.046296296296296294
4 0.39010416666666664 0.6509259259259259 0.026041666666666668 0.046296296296296294
4 0.6328125 0.662962962962963 0.026041666666666668 0.046296296296296294
3 0.7760416666666666 0.6666666666666666 0.026041666666666668 0.046296296296296294
1 0.42239583333333336 0.6685185185185185 0.026041666666666668 0.046296296296296294
1 0.6796875 0.6814814814814815 0.026041666666666668 0.046296296296296294
1 0.7078125 0.6814814814814815 0.026041666666666668 0.046296296296296294
1 0.3984375 0.7018518518518518 0.026041666666666668 0.046296296296296294
1 0.42864583333333334 0.7064814814814815 0.026041666666666668 0.046296296296296294
1 0.44166666666666665 0.7203703703703703 0.026041666666666668 0.046296296296296294
1 0.46927083333333336 0.7166666666666667 0.026041666666666668 0.046296296296296294
1 0.5197916666666667 0.7166666666666667 0.026041666666666668 0.046296296296296294
1 0.7119791666666667 0.7592592592592593 0.026041666666666668 0.046296296296296294
1 0.9390625 0.762962962962963 0.026041666666666668 0.046296296296296294
1 0.7916666666666666 0.8101851851851852 0.026041666666666668 0.046296296296296294
1 0.5364583333333334 0.837037037037037 0.026041666666666668 0.046296296296296294
1 0.415625 0.8898148148148148 0.026041666666666668 0.046296296296296294
1 0.30833333333333335 0.9092592592592592 0.026041666666666668 0.046296296296296294
1 0.35572916666666665 0.9055555555555556 0.026041666666666668 0.046296296296296294
1 0.9072916666666667 0.9046296296296297 0.026041666666666668 0.046296296296296294
1 0.027083333333333334 0.9685185185185186 0.026041666666666668 0.046296296296296294
1 0.4161458333333333 0.9712962962962963 0.026041666666666668 0.046296296296296294
1 0.9401041666666666 0.9675925925925926 0.026041666666666668 0.046296296296296294
1 0.6713541666666667 0.9675925925925926 0.026041666666666668 0.046296296296296294
1 0.18333333333333332 0.7648148148148148 0.026041666666666668 0.046296296296296294
1 0.08333333333333333 0.9574074074074074 0.026041666666666668 0.046296296296296294
1 0.275 0.7481481481481481 0.026041666666666668 0.046296296296296294
2 0.221875 0.4722222222222222 0.026041666666666668 0.046296296296296294
2 0.17395833333333333 0.4222222222222222 0.026041666666666668 0.046296296296296294
1 0.5645833333333333 0.7407407407407407 0.026041666666666668 0.046296296296296294
1 0.834375 0.8722222222222222 0.026041666666666668 0.046296296296296294
1 0.828125 0.9555555555555556 0.026041666666666668 0.046296296296296294
1 0.8270833333333333 0.8296296296296296 0.026041666666666668 0.046296296296296294
1 0.909375 0.7222222222222222 0.026041666666666668 0.046296296296296294
1 0.8875 0.737037037037037 0.026041666666666668 0.046296296296296294
1 0.875 0.8055555555555556 0.026041666666666668 0.046296296296296294
1 0.9697916666666667 0.9425925925925925 0.026041666666666668 0.046296296296296294
3 0.6677083333333333 0.6314814814814815 0.026041666666666668 0.046296296296296294
1 0.6583333333333333 0.6833333333333333 0.026041666666666668 0.046296296296296294
1 0.5635416666666667 0.7333333333333333 0.026041666666666668 0.046296296296296294
4 0.5416666666666666 0.65 0.026041666666666668 0.046296296296296294
3 0.7770833333333333 0.5722222222222222 0.026041666666666668 0.046296296296296294
1 0.7822916666666667 0.7148148148148148 0.026041666666666668 0.046296296296296294
