0 0.48125 0.10555555555555556 0.026041666666666668 0.046296296296296294
0 0.4828125 0.12129629629629629 0.026041666666666668 0.046296296296296294
0 0.4708333333333333 0.1287037037037037 0.026041666666666668 0.046296296296296294
0 0.49114583333333334 0.1287037037037037 0.026041666666666668 0.046296296296296294
0 0.44583333333333336 0.13425925925925927 0.026041666666666668 0.046296296296296294
0 0.4505208333333333 0.13425925925925927 0.026041666666666668 0.046296296296296294
0 0.46145833333333336 0.13518518518518519 0.026041666666666668 0.046296296296296294
0 0.4875 0.13796296296296295 0.026041666666666668 0.046296296296296294
0 0.44166666666666665 0.14629629629629629 0.026041666666666668 0.046296296296296294
0 0.4734375 0.14722222222222223 0.026041666666666668 0.046296296296296294
0 0.43697916666666664 0.15555555555555556 0.026041666666666668 0.046296296296296294
0 0.46197916666666666 0.15185185185185185 0.026041666666666668 0.046296296296296294
0 0.478125 0.15925925925925927 0.026041666666666668 0.046296296296296294
0 0.48385416666666664 0.16111111111111112 0.026041666666666668 0.046296296296296294
0 0.4895833333333333 0.15925925925925927 0.026041666666666668 0.046296296296296294
0 0.4317708333333333 0.16944444444444445 0.026041666666666668 0.046296296296296294
0 0.465625 0.1675925925925926 0.026041666666666668 0.046296296296296294
0 0.434375 0.17407407407407408 0.026041666666666668 0.046296296296296294
0 0.4421875 0.17592592592592593 0.026041666666666668 0.046296296296296294
0 0.4666666666666667 0.17685185185185184 0.026041666666666668 0.046296296296296294
0 0.5 0.17407407407407408 0.026041666666666668 0.046296296296296294
0 0.5125 0.2222222222222222 0.026041666666666668 0.046296296296296294
0 0.4203125 0.2388888888888889 0.026041666666666668 0.046296296296296294
0 0.4234375 0.23703703703703705 0.026041666666666668 0.046296296296296294
0 0.4973958333333333 0.23796296296296296 0.026041666666666668 0.046296296296296294
0 0.503125 0.2388888888888889 0.026041666666666668 0.046296296296296294
0 0.4875 0.2462962962962963 0.026041666666666668 0.046296296296296294
0 0.49114583333333334 0.2462962962962963 0.026041666666666668 0.046296296296296294
0 0.5020833333333333 0.24814814814814815 0.026041666666666668 0.046296296296296294
0 0.4296875 0.25277777777777777 0.026041666666666668 0.046296296296296294
0 0.4661458333333333 0.2574074074074074 0.026041666666666668 0.046296296296296294
0 0.4828125 0.262037037037037 0.026041666666666668 0.046296296296296294
0 0.4947916666666667 0.2601851851851852 0.026041666666666668 0.046296296296296294
0 0.4166666666666667 0.26944444444444443 0.026041666666666668 0.046296296296296294
0 0.4296875 0.2675925925925926 0.026041666666666668 0.046296296296296294
0 0.49947916666666664 0.27037037037037037 0.026041666666666668 0.046296296296296294
0 0.5078125 0.26944444444444443 0.026041666666666668 0.046296296296296294
0 0.5161458333333333 0.26944444444444443 0.026041666666666668 0.046296296296296294
0 0.4552083333333333 0.27685185185185185 0.026041666666666668 0.046296296296296294
0 0.4953125 0.27870370370370373 0.026041666666666668 0.046296296296296294
0 0.5197916666666667 0.287962962962963 0.026041666666666668 0.046296296296296294
0 0.5416666666666666 0.28425925925925927 0.026041666666666668 0.046296296296296294
0 0.6895833333333333 0.2916666666666667 0.026041666666666668 0.046296296296296294
0 0.7057291666666666 0.2898148148148148 0.026041666666666668 0.046296296296296294
0 0.43697916666666664 0.30648148148148147 0.026041666666666668 0.046296296296296294
0 0.4197916666666667 0.3175925925925926 0.026041666666666668 0.046296296296296294
0 0.45677083333333335 0.31574074074074077 0.026041666666666668 0.046296296296296294
0 0.5072916666666667 0.31666666666666665 0.026041666666666668 0.046296296296296294
0 0.5286458333333334 0.31666666666666665 0.026041666666666668 0.046296296296296294
0 0.4197916666666667 0.325 0.026041666666666668 0.046296296296296294
0 0.4359375 0.31851851851851853 0.026041666666666668 0.046296296296296294
0 0.47708333333333336 0.32592592592592595 0.026041666666666668 0.046296296296296294
0 0.5109375 0.32592592592592595 0.026041666666666668 0.046296296296296294
0 0.5234375 0.3277777777777778 0.026041666666666668 0.046296296296296294
0 0.4453125 0.33055555555555555 0.026041666666666668 0.046296296296296294
0 0.46197916666666666 0.3296296296296296 0.026041666666666668 0.046296296296296294
4 0.4734375 0.33425925925925926 0.026041666666666668 0.046296296296296294
4 0.49114583333333334 0.34074074074074073 0.026041666666666668 0.046296296296296294
4 0.5197916666666667 0.3416666666666667 0.026041666666666668 0.046296296296296294
4 0.44635416666666666 0.34814814814814815 0.026041666666666668 0.046296296296296294
4 0.5083333333333333 0.3490740740740741 0.026041666666666668 0.046296296296296294
4 0.37447916666666664 0.3527777777777778 0.026041666666666668 0.046296296296296294
4 0.38333333333333336 0.3574074074074074 0.026041666666666668 0.046296296296296294
4 0.3984375 0.35462962962962963 0.026041666666666668 0.046296296296296294
4 0.40729166666666666 0.3537037037037037 0.026041666666666668 0.046296296296296294
4 0.42291666666666666 0.35833333333333334 0.026041666666666668 0.046296296296296294
4 0.4786458333333333 0.3537037037037037 0.026041666666666668 0.046296296296296294
4 0.3802083333333333 0.36666666666666664 0.026041666666666668 0.046296296296296294
4 0.38645833333333335 0.36574074074074076 0.026041666666666668 0.046296296296296294
4 0.44427083333333334 0.3648148148148148 0.026041666666666668 0.046296296296296294
4 0.5026041666666666 0.3638888888888889 0.026041666666666668 0.046296296296296294
4 0.42864583333333334 0.37222222222222223 0.026041666666666668 0.046296296296296294
4 0.49583333333333335 0.37222222222222223 0.026041666666666668 0.046296296296296294
4 0.5119791666666667 0.3685185185185185 0.026041666666666668 0.046296296296296294
3 0.6770833333333334 0.3675925925925926 0.026041666666666668 0.046296296296296294
4 0.40729166666666666 0.3787037037037037 0.026041666666666668 0.046296296296296294
4 0.46927083333333336 0.37962962962962965 0.026041666666666668 0.046296296296296294
4 0.6510416666666666 0.37777777777777777 0.026041666666666668 0.046296296296296294
4 0.42083333333333334 0.3861111111111111 0.026041666666666668 0.046296296296296294
4 0.4328125 0.3861111111111111 0.026041666666666668 0.046296296296296294
4 0.5041666666666667 0.3851851851851852 0.026041666666666668 0.046296296296296294
4 0.5213541666666667 0.3851851851851852 0.026041666666666668 0.046296296296296294
4 0.6552083333333333 0.39351851851851855 0.026041666666666668 0.046296296296296294
2 0.21666666666666667 0.4009259259259259 0.026041666666666668 0.046296296296296294
4 0.5166666666666667 0.4027777777777778 0.026041666666666668 0.046296296296296294
4 0.4505208333333333 0.4111111111111111 0.026041666666666668 0.046296296296296294
4 0.465625 0.41203703703703703 0.026041666666666668 0.046296296296296294
2 0.1859375 0.4166666666666667 0.026041666666666668 0.046296296296296294
4 0.5203125 0.41944444444444445 0.026041666666666668 0.046296296296296294
2 0.16666666666666666 0.42685185185185187 0.026041666666666668 0.046296296296296294
4 0.5479166666666667 0.42407407407407405 0.026041666666666668 0.046296296296296294
4 0.6536458333333334 0.425 0.026041666666666668 0.046296296296296294
4 0.4817708333333333 0.43425925925925923 0.026041666666666668 0.046296296296296294
4 0.4947916666666667 0.43333333333333335 0.026041666666666668 0.046296296296296294
4 0.5114583333333333 0.4425925925925926 0.026041666666666668 0.046296296296296294
4 0.5234375 0.45 0.026041666666666668 0.046296296296296294
4 0.6619791666666667 0.45 0.026041666666666668 0.046296296296296294
3 0.7020833333333333 0.4462962962962963 0.026041666666666668 0.046296296296296294
2 0.18697916666666667 0.4564814814814815 0.026041666666666668 0.046296296296296294
3 0.6817708333333333 0.4583333333333333 0.026041666666666668 0.046296296296296294
4 0.4984375 0.4638888888888889 0.026041666666666668 0.046296296296296294
4 0.6619791666666667 0.462037037037037 0.026041666666666668 0.046296296296296294
4 0.5125 0.4703703703703704 0.026041666666666668 0.046296296296296294
3 0.6817708333333333 0.46944444444444444 0.026041666666666668 0.046296296296296294
2 0.21666666666666667 0.48148148148148145 0.026041666666666668 0.046296296296296294
4 0.4661458333333333 0.4777777777777778 0.026041666666666668 0.046296296296296294
4 0.475 0.4787037037037037 0.026041666666666668 0.046296296296296294
4 0.5359375 0.48148148148148145 0.026041666666666668 0.046296296296296294
4 0.45 0.4861111111111111 0.026041666666666668 0.046296296296296294
4 0.5786458333333333 0.4842592592592593 0.026041666666666668 0.046296296296296294
4 0.5192708333333333 0.4925925925925926 0.026041666666666668 0.046296296296296294
4 0.5880208333333333 0.49537037037037035 0.026041666666666668 0.046296296296296294
4 0.6260416666666667 0.4935185185185185 0.026041666666666668 0.046296296296296294
4 0.6328125 0.49537037037037035 0.026041666666666668 0.046296296296296294
3 0.69375 0.49722222222222223 0.026041666666666668 0.046296296296296294
4 0.5083333333333333 0.5231481481481481 0.026041666666666668 0.046296296296296294
4 0.5755208333333334 0.5212962962962963 0.026041666666666668 0.046296296296296294
4 0.665625 0.5222222222222223 0.026041666666666668 0.046296296296296294
3 0.6901041666666666 0.5175925925925926 0.026041666666666668 0.046296296296296294
4 0.5442708333333334 0.5268518518518519 0.026041666666666668 0.046296296296296294
4 0.6375 0.5277777777777778 0.026041666666666668 0.046296296296296294
4 0.4859375 0.5333333333333333 0.026041666666666668 0.046296296296296294
4 0.503125 0.5342592592592592 0.026041666666666668 0.046296296296296294
4 0.44583333333333336 0.5416666666666666 0.026041666666666668 0.046296296296296294
4 0.5604166666666667 0.5370370370370371 0.026041666666666668 0.046296296296296294
3 0.7265625 0.5370370370370371 0.026041666666666668 0.046296296296296294
4 0.5723958333333333 0.5472222222222223 0.026041666666666668 0.046296296296296294
4 0.5984375 0.5537037037037037 0.026041666666666668 0.046296296296296294
4 0.51875 0.562962962962963 0.026041666666666668 0.046296296296296294
4 0.6098958333333333 0.562962962962963 0.026041666666666668 0.046296296296296294
3 0.7369791666666666 0.5648148148148148 0.026041666666666668 0.046296296296296294
4 0.5078125 0.5694444444444444 0.026041666666666668 0.046296296296296294
4 0.3885416666666667 0.5777777777777777 0.026041666666666668 0.046296296296296294
4 0.446875 0.5805555555555556 0.026041666666666668 0.046296296296296294
4 0.6364583333333333 0.5740740740740741 0.026041666666666668 0.046296296296296294
3 0.7546875 0.575925925925926 0.026041666666666668 0.046296296296296294
3 0.7578125 0.5935185185185186 0.026041666666666668 0.046296296296296294
2 0.22760416666666666 0.6037037037037037 0.026041666666666668 0.046296296296296294
3 0.7416666666666667 0.6166666666666667 0.026041666666666668 0.046296296296296294
3 0.7572916666666667 0.6203703703703703 0.026041666666666668 0.046296296296296294
1 0.7713541666666667 0.6722222222222223 0.026041666666666668 0.046296296296296294
1 0.8885416666666667 0.7490740740740741 0.026041666666666668 0.046296296296296294
1 0.7651041666666667 0.8351851851851851 0.026041666666666668 0.046296296296296294
1 0.9791666666666666 0.8462962962962963 0.026041666666666668 0.046296296296296294
1 0.8296875 0.8601851851851852 0.026041666666666668 0.046296296296296294
1 0.9942708333333333 0.8564814814814815 0.026041666666666668 0.046296296296296294
1 0.3963541666666667 0.8935185185185185 0.026041666666666668 0.046296296296296294
1 0.815625 0.9120370370370371 0.026041666666666668 0.046296296296296294
1 0.008333333333333333 0.9361111111111111 0.026041666666666668 0.046296296296296294
1 0.9708333333333333 0.9453703703703704 0.026041666666666668 0.046296296296296294
1 0.4791666666666667 0.7611111111111111 0.026041666666666668 0.046296296296296294
1 0.8708333333333333 0.8222222222222222 0.026041666666666668 0.046296296296296294
1 0.71875 0.6925925925925925 0.026041666666666668 0.046296296296296294
1 0.7583333333333333 0.7166666666666667 0.026041666666666668 0.046296296296296294
3 0.6875 0.6388888888888888 0.026041666666666668 0.046296296296296294
1 0.6604166666666667 0.6759259259259259 0.026041666666666668 0.046296296296296294
4 0.4375 0.5944444444444444 0.026041666666666668 0.046296296296296294
4 0.3958333333333333 0.46111111111111114 0.026041666666666668 0.046296296296296294
4 0.409375 0.4444444444444444 0.026041666666666668 0.046296296296296294
4 0.4864583333333333 0.5907407407407408 0.026041666666666668 0.046296296296296294
