0 0.47604166666666664 0.09907407407407408 0.026041666666666668 0.046296296296296294
0 0.48020833333333335 0.09814814814814815 0.026041666666666668 0.046296296296296294
0 0.4864583333333333 0.09907407407407408 0.026041666666666668 0.046296296296296294
0 0.4713541666666667 0.10462962962962963 0.026041666666666668 0.046296296296296294
0 0.4703125 0.12222222222222222 0.026041666666666668 0.046296296296296294
0 0.48385416666666664 0.12129629629629629 0.026041666666666668 0.046296296296296294
0 0.4942708333333333 0.12222222222222222 0.026041666666666668 0.046296296296296294
0 0.478125 0.12962962962962962 0.026041666666666668 0.046296296296296294
0 0.4432291666666667 0.13518518518518519 0.026041666666666668 0.046296296296296294
0 0.44947916666666665 0.13518518518518519 0.026041666666666668 0.046296296296296294
0 0.46145833333333336 0.13796296296296295 0.026041666666666668 0.046296296296296294
0 0.4739583333333333 0.14722222222222223 0.026041666666666668 0.046296296296296294
0 0.4822916666666667 0.14351851851851852 0.026041666666666668 0.046296296296296294
0 0.49322916666666666 0.14351851851851852 0.026041666666666668 0.046296296296296294
0 0.4453125 0.1527777777777778 0.026041666666666668 0.046296296296296294
0 0.4703125 0.15185185185185185 0.026041666666666668 0.046296296296296294
0 0.47708333333333336 0.15462962962962962 0.026041666666666668 0.046296296296296294
0 0.45729166666666665 0.15833333333333333 0.026041666666666668 0.046296296296296294
0 0.46145833333333336 0.15925925925925927 0.026041666666666668 0.046296296296296294
0 0.4822916666666667 0.1675925925925926 0.026041666666666668 0.046296296296296294
0 0.4869791666666667 0.16944444444444445 0.026041666666666668 0.046296296296296294
0 0.4953125 0.1675925925925926 0.026041666666666668 0.046296296296296294
0 0.4328125 0.1824074074074074 0.026041666666666668 0.046296296296296294
0 0.4630208333333333 0.1925925925925926 0.026041666666666668 0.046296296296296294
0 0.4875 0.1925925925925926 0.026041666666666668 0.046296296296296294
0 0.4661458333333333 0.21574074074074073 0.026041666666666668 0.046296296296296294
0 0.4859375 0.21574074074074073 0.026041666666666668 0.046296296296296294
0 0.453125 0.23148148148148148 0.026041666666666668 0.046296296296296294
0 0.4744791666666667 0.23055555555555557 0.026041666666666668 0.046296296296296294
0 0.4869791666666667 0.22870370370370371 0.026041666666666668 0.046296296296296294
0 0.4869791666666667 0.2462962962962963 0.026041666666666668 0.046296296296296294
0 0.44166666666666665 0.25277777777777777 0.026041666666666668 0.046296296296296294
0 0.453125 0.25555555555555554 0.026041666666666668 0.046296296296296294
0 0.4401041666666667 0.2601851851851852 0.026041666666666668 0.046296296296296294
0 0.4239583333333333 0.2712962962962963 0.026041666666666668 0.046296296296296294
0 0.5416666666666666 0.2675925925925926 0.026041666666666668 0.046296296296296294
0 0.5041666666666667 0.2777777777777778 0.026041666666666668 0.046296296296296294
0 0.5104166666666666 0.2777777777777778 0.026041666666666668 0.046296296296296294
0 0.49583333333333335 0.2861111111111111 0.026041666666666668 0.046296296296296294
0 0.6953125 0.28703703703703703 0.026041666666666668 0.046296296296296294
0 0.4401041666666667 0.2962962962962963 0.026041666666666668 0.046296296296296294
0 0.5166666666666667 0.29444444444444445 0.026041666666666668 0.046296296296296294
0 0.41875 0.29814814814814816 0.026041666666666668 0.046296296296296294
0 0.42291666666666666 0.29814814814814816 0.026041666666666668 0.046296296296296294
0 0.4869791666666667 0.30277777777777776 0.026041666666666668 0.046296296296296294
0 0.49895833333333334 0.30185185185185187 0.026041666666666668 0.046296296296296294
0 0.5114583333333333 0.30092592592592593 0.026041666666666668 0.046296296296296294
0 0.4192708333333333 0.30925925925925923 0.026041666666666668 0.046296296296296294
0 0.503125 0.30925925925925923 0.026041666666666668 0.046296296296296294
0 0.43333333333333335 0.31574074074074077 0.026041666666666668 0.046296296296296294
0 0.5 0.3148148148148148 0.026041666666666668 0.046296296296296294
0 0.5161458333333333 0.31574074074074077 0.026041666666666668 0.046296296296296294
0 0.7067708333333333 0.31296296296296294 0.026041666666666668 0.046296296296296294
0 0.4401041666666667 0.32037037037037036 0.026041666666666668 0.046296296296296294
0 0.48125 0.32592592592592595 0.026041666666666668 0.046296296296296294
0 0.4661458333333333 0.33240740740740743 0.026041666666666668 0.046296296296296294
4 0.5489583333333333 0.33425925925925926 0.026041666666666668 0.046296296296296294
4 0.44427083333333334 0.337037037037037 0.026041666666666668 0.046296296296296294
4 0.4484375 0.3388888888888889 0.026041666666666668 0.046296296296296294
4 0.4984375 0.337037037037037 0.026041666666666668 0.046296296296296294
4 0.4765625 0.3472222222222222 0.026041666666666668 0.046296296296296294
4 0.5036458333333333 0.35 0.026041666666666668 0.046296296296296294
4 0.37552083333333336 0.35555555555555557 0.026041666666666668 0.046296296296296294
4 0.43385416666666665 0.3574074074074074 0.026041666666666668 0.046296296296296294
4 0.3953125 0.3638888888888889 0.026041666666666668 0.046296296296296294
4 0.4119791666666667 0.38055555555555554 0.026041666666666668 0.046296296296296294
4 0.37447916666666664 0.3851851851851852 0.026041666666666668 0.046296296296296294
4 0.42916666666666664 0.38796296296296295 0.026041666666666668 0.046296296296296294
2 0.2140625 0.39537037037037037 0.026041666666666668 0.046296296296296294
4 0.38697916666666665 0.39444444444444443 0.026041666666666668 0.046296296296296294
4 0.5083333333333333 0.39351851851851855 0.026041666666666668 0.046296296296296294
4 0.5161458333333333 0.39444444444444443 0.026041666666666668 0.046296296296296294
4 0.6541666666666667 0.3962962962962963 0.026041666666666668 0.046296296296296294
2 0.20364583333333333 0.39814814814814814 0.026041666666666668 0.046296296296296294
4 0.5109375 0.40555555555555556 0.026041666666666668 0.046296296296296294
4 0.3802083333333333 0.4111111111111111 0.026041666666666668 0.046296296296296294
4 0.43645833333333334 0.4083333333333333 0.026041666666666668 0.046296296296296294
4 0.45416666666666666 0.4185185185185185 0.026041666666666668 0.046296296296296294
4 0.4864583333333333 0.4185185185185185 0.026041666666666668 0.046296296296296294
4 0.6583333333333333 0.41759259259259257 0.026041666666666668 0.046296296296296294
4 0.45729166666666665 0.4425925925925926 0.026041666666666668 0.046296296296296294
4 0.5078125 0.45 0.026041666666666668 0.046296296296296294
4 0.5239583333333333 0.44907407407407407 0.026041666666666668 0.046296296296296294
4 0.65 0.44722222222222224 0.026041666666666668 0.046296296296296294
3 0.7020833333333333 0.44814814814814813 0.026041666666666668 0.046296296296296294
4 0.6651041666666667 0.45555555555555555 0.026041666666666668 0.046296296296296294
4 0.5192708333333333 0.4648148148148148 0.026041666666666668 0.046296296296296294
4 0.6578125 0.4638888888888889 0.026041666666666668 0.046296296296296294
3 0.6828125 0.46574074074074073 0.026041666666666668 0.046296296296296294
4 0.40208333333333335 0.46944444444444444 0.026041666666666668 0.046296296296296294
4 0.45260416666666664 0.47962962962962963 0.026041666666666668 0.046296296296296294
4 0.5119791666666667 0.4787037037037037 0.026041666666666668 0.046296296296296294
4 0.5244791666666667 0.48148148148148145 0.026041666666666668 0.046296296296296294
3 0.6708333333333333 0.47962962962962963 0.026041666666666668 0.046296296296296294
4 0.4953125 0.4888888888888889 0.026041666666666668 0.046296296296296294
4 0.6114583333333333 0.4935185185185185 0.026041666666666668 0.046296296296296294
3 0.6744791666666666 0.4962962962962963 0.026041666666666668 0.046296296296296294
4 0.6151041666666667 0.5037037037037037 0.026041666666666668 0.046296296296296294
3 0.6833333333333333 0.5046296296296297 0.026041666666666668 0.046296296296296294
4 0.5197916666666667 0.5175925925925926 0.026041666666666668 0.046296296296296294
4 0.6041666666666666 0.5185185185185185 0.026041666666666668 0.046296296296296294
3 0.675 0.5185185185185185 0.026041666666666668 0.046296296296296294
3 0.6869791666666667 0.5203703703703704 0.026041666666666668 0.046296296296296294
4 0.6234375 0.5259259259259259 0.026041666666666668 0.046296296296296294
3 0.7229166666666667 0.5259259259259259 0.026041666666666668 0.046296296296296294
2 0.178125 0.5314814814814814 0.026041666666666668 0.046296296296296294
4 0.5239583333333333 0.5425925925925926 0.026041666666666668 0.046296296296296294
4 0.6291666666666667 0.5425925925925926 0.026041666666666668 0.046296296296296294
4 0.378125 0.55 0.026041666666666668 0.046296296296296294
4 0.3953125 0.5509259259259259 0.026041666666666668 0.046296296296296294
4 0.6114583333333333 0.549074074074074 0.026041666666666668 0.046296296296296294
4 0.4203125 0.5555555555555556 0.026041666666666668 0.046296296296296294
4 0.5104166666666666 0.5527777777777778 0.026041666666666668 0.046296296296296294
3 0.7526041666666666 0.5555555555555556 0.026041666666666668 0.046296296296296294
3 0.7661458333333333 0.5574074074074075 0.026041666666666668 0.046296296296296294
4 0.6286458333333333 0.5648148148148148 0.026041666666666668 0.046296296296296294
4 0.44635416666666666 0.5712962962962963 0.026041666666666668 0.046296296296296294
4 0.5192708333333333 0.5722222222222222 0.026041666666666668 0.046296296296296294
4 0.6125 0.5824074074074074 0.026041666666666668 0.046296296296296294
4 0.6557291666666667 0.575925925925926 0.026041666666666668 0.046296296296296294
4 0.6369791666666667 0.5907407407407408 0.026041666666666668 0.046296296296296294
4 0.6083333333333333 0.5972222222222222 0.026041666666666668 0.046296296296296294
4 0.47604166666666664 0.6018518518518519 0.026041666666666668 0.046296296296296294
4 0.65625 0.6129629629629629 0.026041666666666668 0.046296296296296294
4 0.5760416666666667 0.6361111111111111 0.026041666666666668 0.046296296296296294
3 0.7583333333333333 0.6361111111111111 0.026041666666666668 0.046296296296296294
2 0.1484375 0.6592592592592592 0.026041666666666668 0.046296296296296294
4 0.49583333333333335 0.6416666666666667 0.026041666666666668 0.046296296296296294
4 0.5895833333333333 0.6620370370370371 0.026041666666666668 0.046296296296296294
3 0.7697916666666667 0.6666666666666666 0.026041666666666668 0.046296296296296294
1 0.446875 0.6777777777777778 0.026041666666666668 0.046296296296296294
1 0.2015625 0.7074074074074074 0.026041666666666668 0.046296296296296294
1 0.5234375 0.7074074074074074 0.026041666666666668 0.046296296296296294
1 0.7302083333333333 0.7092592592592593 0.026041666666666668 0.046296296296296294
1 0.8875 0.7537037037037037 0.026041666666666668 0.046296296296296294
1 0.8302083333333333 0.7601851851851852 0.026041666666666668 0.046296296296296294
1 0.896875 0.7777777777777778 0.026041666666666668 0.046296296296296294
1 0.5619791666666667 0.775 0.026041666666666668 0.046296296296296294
1 0.6604166666666667 0.8324074074074074 0.026041666666666668 0.046296296296296294
1 0.7 0.8379629629629629 0.026041666666666668 0.046296296296296294
1 0.14895833333333333 0.8657407407407407 0.026041666666666668 0.046296296296296294
1 0.03958333333333333 0.8768518518518519 0.026041666666666668 0.046296296296296294
1 0.5697916666666667 0.8833333333333333 0.026041666666666668 0.046296296296296294
1 0.0859375 0.8870370370370371 0.026041666666666668 0.046296296296296294
1 0.43802083333333336 0.8916666666666667 0.026041666666666668 0.046296296296296294
1 0.84375 0.8953703703703704 0.026041666666666668 0.046296296296296294
1 0.125 0.9074074074074074 0.026041666666666668 0.046296296296296294
1 0.46979166666666666 0.9055555555555556 0.026041666666666668 0.046296296296296294
1 0.996875 0.9055555555555556 0.026041666666666668 0.046296296296296294
1 0.27760416666666665 0.9157407407407407 0.026041666666666668 0.046296296296296294
1 0.24010416666666667 0.9212962962962963 0.026041666666666668 0.046296296296296294
1 0.11145833333333334 0.9388888888888889 0.026041666666666668 0.046296296296296294
1 0.9739583333333334 0.950925925925926 0.026041666666666668 0.046296296296296294
1 0.403125 0.9444444444444444 0.026041666666666668 0.046296296296296294
1 0.0359375 0.9694444444444444 0.026041666666666668 0.046296296296296294
1 0.16979166666666667 0.9407407407407408 0.026041666666666668 0.046296296296296294
1 0.17083333333333334 0.9777777777777777 0.026041666666666668 0.046296296296296294
1 0.06041666666666667 0.9166666666666666 0.026041666666666668 0.046296296296296294
1 0.27708333333333335 0.9796296296296296 0.026041666666666668 0.046296296296296294
2 0.178125 0.4222222222222222 0.026041666666666668 0.046296296296296294
4 0.6083333333333333 0.6388888888888888 0.026041666666666668 0.046296296296296294
4 0.5385416666666667 0.6185185185185185 0.026041666666666668 0.046296296296296294
4 0.509375 0.6 0.026041666666666668 0.046296296296296294
3 0.73125 0.5648148148148148 0.026041666666666668 0.046296296296296294
1 0.8291666666666667 0.8648148148148148 0.026041666666666668 0.046296296296296294
1 0.8239583333333333 0.8388888888888889 0.026041666666666668 0.046296296296296294
1 0.8364583333333333 0.937037037037037 0.026041666666666668 0.046296296296296294
1 0.8072916666666666 0.9462962962962963 0.026041666666666668 0.046296296296296294
3 0.7041666666666667 0.36666666666666664 0.026041666666666668 0.046296296296296294
3 0.70625 0.5203703703703704 0.026041666666666668 0.046296296296296294
4 0.634375 0.6185185185185185 0.026041666666666668 0.046296296296296294
1 0.64375 0.7240740740740741 0.026041666666666668 0.046296296296296294
4 0.5083333333333333 0.5148148148148148 0.026041666666666668 0.046296296296296294
4 0.428125 0.5037037037037037 0.026041666666666668 0.046296296296296294
4 0.40729166666666666 0.5185185185185185 0.026041666666666668 0.046296296296296294
4 0.41041666666666665 0.48148148148148145 0.026041666666666668 0.046296296296296294
4 0.3958333333333333 0.4185185185185185 0.026041666666666668 0.046296296296296294
4 0.40520833333333334 0.3962962962962963 0.026041666666666668 0.046296296296296294
