0 0.475 0.10648148148148148 0.026041666666666668 0.046296296296296294
0 0.46927083333333336 0.11388888888888889 0.026041666666666668 0.046296296296296294
0 0.4817708333333333 0.12129629629629629 0.026041666666666668 0.046296296296296294
0 0.46979166666666666 0.12962962962962962 0.026041666666666668 0.046296296296296294
0 0.46145833333333336 0.13240740740740742 0.026041666666666668 0.046296296296296294
0 0.475 0.13796296296296295 0.026041666666666668 0.046296296296296294
0 0.4864583333333333 0.13703703703703704 0.026041666666666668 0.046296296296296294
0 0.490625 0.1388888888888889 0.026041666666666668 0.046296296296296294
0 0.4666666666666667 0.14629629629629629 0.026041666666666668 0.046296296296296294
0 0.4635416666666667 0.1527777777777778 0.026041666666666668 0.046296296296296294
0 0.42864583333333334 0.1824074074074074 0.026041666666666668 0.046296296296296294
0 0.46770833333333334 0.18611111111111112 0.026041666666666668 0.046296296296296294
0 0.49270833333333336 0.18055555555555555 0.026041666666666668 0.046296296296296294
0 0.44166666666666665 0.20555555555555555 0.026041666666666668 0.046296296296296294
0 0.484375 0.20555555555555555 0.026041666666666668 0.046296296296296294
0 0.44895833333333335 0.20925925925925926 0.026041666666666668 0.046296296296296294
0 0.46510416666666665 0.22592592592592592 0.026041666666666668 0.046296296296296294
0 0.4859375 0.2222222222222222 0.026041666666666668 0.046296296296296294
0 0.45416666666666666 0.22962962962962963 0.026041666666666668 0.046296296296296294
0 0.42135416666666664 0.2361111111111111 0.026041666666666668 0.046296296296296294
0 0.4322916666666667 0.23796296296296296 0.026041666666666668 0.046296296296296294
0 0.5145833333333333 0.23796296296296296 0.026041666666666668 0.046296296296296294
0 0.415625 0.26481481481481484 0.026041666666666668 0.046296296296296294
0 0.49114583333333334 0.2601851851851852 0.026041666666666668 0.046296296296296294
0 0.703125 0.25925925925925924 0.026041666666666668 0.046296296296296294
0 0.4359375 0.2712962962962963 0.026041666666666668 0.046296296296296294
0 0.49947916666666664 0.26666666666666666 0.026041666666666668 0.046296296296296294
0 0.50625 0.2712962962962963 0.026041666666666668 0.046296296296296294
0 0.4296875 0.27685185185185185 0.026041666666666668 0.046296296296296294
0 0.4661458333333333 0.27870370370370373 0.026041666666666668 0.046296296296296294
0 0.5458333333333333 0.2759259259259259 0.026041666666666668 0.046296296296296294
0 0.503125 0.2861111111111111 0.026041666666666668 0.046296296296296294
0 0.540625 0.287962962962963 0.026041666666666668 0.046296296296296294
0 0.4166666666666667 0.2916666666666667 0.026041666666666668 0.046296296296296294
0 0.4276041666666667 0.2953703703703704 0.026041666666666668 0.046296296296296294
0 0.45416666666666666 0.2916666666666667 0.026041666666666668 0.046296296296296294
0 0.46510416666666665 0.30185185185185187 0.026041666666666668 0.046296296296296294
0 0.515625 0.30092592592592593 0.026041666666666668 0.046296296296296294
0 0.4296875 0.3074074074074074 0.026041666666666668 0.046296296296296294
0 0.4453125 0.30925925925925923 0.026041666666666668 0.046296296296296294
0 0.5072916666666667 0.30925925925925923 0.026041666666666668 0.046296296296296294
0 0.5197916666666667 0.30925925925925923 0.026041666666666668 0.046296296296296294
0 0.5458333333333333 0.3074074074074074 0.026041666666666668 0.046296296296296294
0 0.43645833333333334 0.31574074074074077 0.026041666666666668 0.046296296296296294
0 0.453125 0.31574074074074077 0.026041666666666668 0.046296296296296294
0 0.465625 0.32222222222222224 0.026041666666666668 0.046296296296296294
0 0.4822916666666667 0.325 0.026041666666666668 0.046296296296296294
0 0.4953125 0.32407407407407407 0.026041666666666668 0.046296296296296294
0 0.5026041666666666 0.32685185185185184 0.026041666666666668 0.046296296296296294
4 0.42864583333333334 0.33425925925925926 0.026041666666666668 0.046296296296296294
0 0.4479166666666667 0.3314814814814815 0.026041666666666668 0.046296296296296294
0 0.5109375 0.3314814814814815 0.026041666666666668 0.046296296296296294
4 0.41822916666666665 0.34074074074074073 0.026041666666666668 0.046296296296296294
4 0.4713541666666667 0.33796296296296297 0.026041666666666668 0.046296296296296294
4 0.4114583333333333 0.34814814814814815 0.026041666666666668 0.046296296296296294
4 0.44166666666666665 0.34814814814814815 0.026041666666666668 0.046296296296296294
4 0.45 0.3472222222222222 0.026041666666666668 0.046296296296296294
4 0.45677083333333335 0.34814814814814815 0.026041666666666668 0.046296296296296294
4 0.465625 0.34629629629629627 0.026041666666666668 0.046296296296296294
4 0.47760416666666666 0.3490740740740741 0.026041666666666668 0.046296296296296294
4 0.49895833333333334 0.3472222222222222 0.026041666666666668 0.046296296296296294
4 0.38958333333333334 0.35648148148148145 0.026041666666666668 0.046296296296296294
4 0.4078125 0.35833333333333334 0.026041666666666668 0.046296296296296294
4 0.42864583333333334 0.35555555555555557 0.026041666666666668 0.046296296296296294
3 0.6854166666666667 0.35648148148148145 0.026041666666666668 0.046296296296296294
4 0.4203125 0.3648148148148148 0.026041666666666668 0.046296296296296294
4 0.5125 0.3611111111111111 0.026041666666666668 0.046296296296296294
3 0.7427083333333333 0.36018518518518516 0.026041666666666668 0.046296296296296294
4 0.37447916666666664 0.37037037037037035 0.026041666666666668 0.046296296296296294
4 0.45364583333333336 0.3712962962962963 0.026041666666666668 0.046296296296296294
4 0.38645833333333335 0.37777777777777777 0.026041666666666668 0.046296296296296294
4 0.39791666666666664 0.37962962962962965 0.026041666666666668 0.046296296296296294
4 0.4666666666666667 0.37777777777777777 0.026041666666666668 0.046296296296296294
4 0.5036458333333333 0.3787037037037037 0.026041666666666668 0.046296296296296294
4 0.38645833333333335 0.387037037037037 0.026041666666666668 0.046296296296296294
4 0.515625 0.3888888888888889 0.026041666666666668 0.046296296296296294
2 0.20677083333333332 0.39166666666666666 0.026041666666666668 0.046296296296296294
2 0.20729166666666668 0.4 0.026041666666666668 0.046296296296296294
4 0.4 0.4 0.026041666666666668 0.046296296296296294
4 0.415625 0.40370370370370373 0.026041666666666668 0.046296296296296294
4 0.428125 0.40185185185185185 0.026041666666666668 0.046296296296296294
4 0.4895833333333333 0.4009259259259259 0.026041666666666668 0.046296296296296294
2 0.18958333333333333 0.40925925925925927 0.026041666666666668 0.046296296296296294
2 0.2203125 0.4111111111111111 0.026041666666666668 0.046296296296296294
4 0.390625 0.4101851851851852 0.026041666666666668 0.046296296296296294
4 0.403125 0.40925925925925927 0.026041666666666668 0.046296296296296294
4 0.6541666666666667 0.4111111111111111 0.026041666666666668 0.046296296296296294
4 0.37864583333333335 0.4185185185185185 0.026041666666666668 0.046296296296296294
4 0.5151041666666667 0.41759259259259257 0.026041666666666668 0.046296296296296294
2 0.16666666666666666 0.42685185185185187 0.026041666666666668 0.046296296296296294
2 0.18958333333333333 0.4212962962962963 0.026041666666666668 0.046296296296296294
4 0.4161458333333333 0.42592592592592593 0.026041666666666668 0.046296296296296294
4 0.5 0.43425925925925923 0.026041666666666668 0.046296296296296294
4 0.5161458333333333 0.43333333333333335 0.026041666666666668 0.046296296296296294
4 0.3953125 0.4388888888888889 0.026041666666666668 0.046296296296296294
4 0.4078125 0.44166666666666665 0.026041666666666668 0.046296296296296294
4 0.5244791666666667 0.44166666666666665 0.026041666666666668 0.046296296296296294
3 0.7078125 0.4388888888888889 0.026041666666666668 0.046296296296296294
4 0.48854166666666665 0.45092592592592595 0.026041666666666668 0.046296296296296294
4 0.5036458333333333 0.44814814814814813 0.026041666666666668 0.046296296296296294
4 0.6598958333333333 0.4425925925925926 0.026041666666666668 0.046296296296296294
3 0.6833333333333333 0.44814814814814813 0.026041666666666668 0.046296296296296294
4 0.44479166666666664 0.45740740740740743 0.026041666666666668 0.046296296296296294
4 0.5161458333333333 0.4564814814814815 0.026041666666666668 0.046296296296296294
4 0.37447916666666664 0.4648148148148148 0.026041666666666668 0.046296296296296294
4 0.39895833333333336 0.4666666666666667 0.026041666666666668 0.046296296296296294
3 0.6729166666666667 0.4583333333333333 0.026041666666666668 0.046296296296296294
4 0.4270833333333333 0.4722222222222222 0.026041666666666668 0.046296296296296294
4 0.4859375 0.4703703703703704 0.026041666666666668 0.046296296296296294
4 0.46927083333333336 0.48055555555555557 0.026041666666666668 0.046296296296296294
4 0.521875 0.48148148148148145 0.026041666666666668 0.046296296296296294
4 0.6286458333333333 0.48055555555555557 0.026041666666666668 0.046296296296296294
4 0.43385416666666665 0.487962962962963 0.026041666666666668 0.046296296296296294
4 0.6010416666666667 0.4888888888888889 0.026041666666666668 0.046296296296296294
4 0.6213541666666667 0.4861111111111111 0.026041666666666668 0.046296296296296294
3 0.6869791666666667 0.4861111111111111 0.026041666666666668 0.046296296296296294
2 0.16354166666666667 0.4888888888888889 0.026041666666666668 0.046296296296296294
4 0.5255208333333333 0.49444444444444446 0.026041666666666668 0.046296296296296294
4 0.42864583333333334 0.5027777777777778 0.026041666666666668 0.046296296296296294
4 0.615625 0.5027777777777778 0.026041666666666668 0.046296296296296294
4 0.4583333333333333 0.5120370370370371 0.026041666666666668 0.046296296296296294
4 0.628125 0.5166666666666667 0.026041666666666668 0.046296296296296294
3 0.6947916666666667 0.5194444444444445 0.026041666666666668 0.046296296296296294
4 0.5401041666666667 0.5231481481481481 0.026041666666666668 0.046296296296296294
3 0.715625 0.5231481481481481 0.026041666666666668 0.046296296296296294
4 0.6645833333333333 0.5314814814814814 0.026041666666666668 0.046296296296296294
4 0.6151041666666667 0.5444444444444444 0.026041666666666668 0.046296296296296294
4 0.5520833333333334 0.549074074074074 0.026041666666666668 0.046296296296296294
4 0.6276041666666666 0.5472222222222223 0.026041666666666668 0.046296296296296294
4 0.5682291666666667 0.5537037037037037 0.026041666666666668 0.046296296296296294
4 0.43385416666666665 0.5638888888888889 0.026041666666666668 0.046296296296296294
3 0.7369791666666666 0.5666666666666667 0.026041666666666668 0.046296296296296294
4 0.5473958333333333 0.5712962962962963 0.026041666666666668 0.046296296296296294
4 0.5994791666666667 0.575 0.026041666666666668 0.046296296296296294
4 0.6125 0.5796296296296296 0.026041666666666668 0.046296296296296294
3 0.7395833333333334 0.6509259259259259 0.026041666666666668 0.046296296296296294
4 0.5817708333333333 0.6555555555555556 0.026041666666666668 0.046296296296296294
2 0.18541666666666667 0.6648148148148149 0.026041666666666668 0.046296296296296294
1 0.5208333333333334 0.6722222222222223 0.026041666666666668 0.046296296296296294
1 0.6984375 0.6722222222222223 0.026041666666666668 0.046296296296296294
1 0.7666666666666667 0.6722222222222223 0.026041666666666668 0.046296296296296294
1 0.8854166666666666 0.7435185185185185 0.026041666666666668 0.046296296296296294
1 0.9791666666666666 0.8481481481481481 0.026041666666666668 0.046296296296296294
1 0.7729166666666667 0.8490740740740741 0.026041666666666668 0.046296296296296294
1 0.825 0.8666666666666667 0.026041666666666668 0.046296296296296294
1 0.5630208333333333 0.8796296296296297 0.026041666666666668 0.046296296296296294
1 0.5223958333333333 0.9046296296296297 0.026041666666666668 0.046296296296296294
1 0.8166666666666667 0.9148148148148149 0.026041666666666668 0.046296296296296294
1 0.5895833333333333 0.8574074074074074 0.026041666666666668 0.046296296296296294
1 0.9916666666666667 0.8648148148148148 0.026041666666666668 0.046296296296296294
1 0.95625 0.9388888888888889 0.026041666666666668 0.046296296296296294
1 0.74375 0.7018518518518518 0.026041666666666668 0.046296296296296294
3 0.7510416666666667 0.6185185185185185 0.026041666666666668 0.046296296296296294
3 0.765625 0.5796296296296296 0.026041666666666668 0.046296296296296294
4 0.65 0.5981481481481481 0.026041666666666668 0.046296296296296294
4 0.6083333333333333 0.6277777777777778 0.026041666666666668 0.046296296296296294
4 0.5989583333333334 0.6537037037037037 0.026041666666666668 0.046296296296296294
4 0.4708333333333333 0.5722222222222222 0.026041666666666668 0.046296296296296294
