0 0.4708333333333333 0.09444444444444444 0.026041666666666668 0.046296296296296294
0 0.4869791666666667 0.09814814814814815 0.026041666666666668 0.046296296296296294
0 0.46927083333333336 0.11296296296296296 0.026041666666666668 0.046296296296296294
0 0.4796875 0.11944444444444445 0.026041666666666668 0.046296296296296294
0 0.4875 0.11851851851851852 0.026041666666666668 0.046296296296296294
0 0.490625 0.12222222222222222 0.026041666666666668 0.046296296296296294
0 0.4583333333333333 0.12685185185185185 0.026041666666666668 0.046296296296296294
0 0.4703125 0.12685185185185185 0.026041666666666668 0.046296296296296294
0 0.4786458333333333 0.13148148148148148 0.026041666666666668 0.046296296296296294
0 0.43697916666666664 0.13425925925925927 0.026041666666666668 0.046296296296296294
0 0.45364583333333336 0.13703703703703704 0.026041666666666668 0.046296296296296294
0 0.4625 0.1361111111111111 0.026041666666666668 0.046296296296296294
0 0.46927083333333336 0.1361111111111111 0.026041666666666668 0.046296296296296294
0 0.4875 0.13796296296296295 0.026041666666666668 0.046296296296296294
0 0.4828125 0.1537037037037037 0.026041666666666668 0.046296296296296294
0 0.4739583333333333 0.16111111111111112 0.026041666666666668 0.046296296296296294
0 0.49166666666666664 0.17685185185185184 0.026041666666666668 0.046296296296296294
0 0.4786458333333333 0.19074074074074074 0.026041666666666668 0.046296296296296294
0 0.5125 0.19907407407407407 0.026041666666666668 0.046296296296296294
0 0.44114583333333335 0.21296296296296297 0.026041666666666668 0.046296296296296294
0 0.4630208333333333 0.21296296296296297 0.026041666666666668 0.046296296296296294
0 0.4739583333333333 0.25277777777777777 0.026041666666666668 0.046296296296296294
0 0.4869791666666667 0.25 0.026041666666666668 0.046296296296296294
0 0.4942708333333333 0.25462962962962965 0.026041666666666668 0.046296296296296294
0 0.4234375 0.26296296296296295 0.026041666666666668 0.046296296296296294
0 0.4625 0.25925925925925924 0.026041666666666668 0.046296296296296294
0 0.475 0.2611111111111111 0.026041666666666668 0.046296296296296294
0 0.43802083333333336 0.2675925925925926 0.026041666666666668 0.046296296296296294
0 0.44427083333333334 0.2712962962962963 0.026041666666666668 0.046296296296296294
0 0.465625 0.28055555555555556 0.026041666666666668 0.046296296296296294
0 0.5104166666666666 0.2851851851851852 0.026041666666666668 0.046296296296296294
0 0.4390625 0.29259259259259257 0.026041666666666668 0.046296296296296294
0 0.5 0.2935185185185185 0.026041666666666668 0.046296296296296294
0 0.4869791666666667 0.30092592592592593 0.026041666666666668 0.046296296296296294
0 0.5171875 0.30277777777777776 0.026041666666666668 0.046296296296296294
0 0.6984375 0.30925925925925923 0.026041666666666668 0.046296296296296294
0 0.5036458333333333 0.31666666666666665 0.026041666666666668 0.046296296296296294
0 0.5161458333333333 0.31666666666666665 0.026041666666666668 0.046296296296296294
0 0.7078125 0.31574074074074077 0.026041666666666668 0.046296296296296294
0 0.4166666666666667 0.325 0.026041666666666668 0.046296296296296294
0 0.49635416666666665 0.325 0.026041666666666668 0.046296296296296294
0 0.4239583333333333 0.33240740740740743 0.026041666666666668 0.046296296296296294
0 0.44479166666666664 0.33055555555555555 0.026041666666666668 0.046296296296296294
0 0.5125 0.33240740740740743 0.026041666666666668 0.046296296296296294
4 0.453125 0.3435185185185185 0.026041666666666668 0.046296296296296294
4 0.5067708333333333 0.3435185185185185 0.026041666666666668 0.046296296296296294
4 0.4244791666666667 0.3472222222222222 0.026041666666666668 0.046296296296296294
4 0.49895833333333334 0.3453703703703704 0.026041666666666668 0.046296296296296294
4 0.3828125 0.3537037037037037 0.026041666666666668 0.046296296296296294
4 0.4453125 0.35462962962962963 0.026041666666666668 0.046296296296296294
4 0.45260416666666664 0.3574074074074074 0.026041666666666668 0.046296296296296294
4 0.5072916666666667 0.35555555555555557 0.026041666666666668 0.046296296296296294
4 0.4041666666666667 0.37037037037037035 0.026041666666666668 0.046296296296296294
4 0.5078125 0.3675925925925926 0.026041666666666668 0.046296296296296294
4 0.4317708333333333 0.37592592592592594 0.026041666666666668 0.046296296296296294
4 0.45729166666666665 0.375 0.026041666666666668 0.046296296296296294
4 0.6494791666666667 0.375 0.026041666666666668 0.046296296296296294
4 0.3802083333333333 0.38796296296296295 0.026041666666666668 0.046296296296296294
4 0.44583333333333336 0.387037037037037 0.026041666666666668 0.046296296296296294
4 0.49375 0.3907407407407407 0.026041666666666668 0.046296296296296294
4 0.5161458333333333 0.3962962962962963 0.026041666666666668 0.046296296296296294
4 0.6578125 0.39444444444444443 0.026041666666666668 0.046296296296296294
2 0.2171875 0.4101851851851852 0.026041666666666668 0.046296296296296294
4 0.37864583333333335 0.4111111111111111 0.026041666666666668 0.046296296296296294
4 0.44166666666666665 0.4074074074074074 0.026041666666666668 0.046296296296296294
4 0.48333333333333334 0.4083333333333333 0.026041666666666668 0.046296296296296294
4 0.6515625 0.40925925925925927 0.026041666666666668 0.046296296296296294
4 0.659375 0.4074074074074074 0.026041666666666668 0.046296296296296294
4 0.665625 0.4101851851851852 0.026041666666666668 0.046296296296296294
2 0.2 0.4166666666666667 0.026041666666666668 0.046296296296296294
3 0.6817708333333333 0.425 0.026041666666666668 0.046296296296296294
4 0.65 0.4324074074074074 0.026041666666666668 0.046296296296296294
4 0.6536458333333334 0.4351851851851852 0.026041666666666668 0.046296296296296294
3 0.6932291666666667 0.4305555555555556 0.026041666666666668 0.046296296296296294
4 0.5244791666666667 0.44074074074074077 0.026041666666666668 0.046296296296296294
4 0.6630208333333333 0.44722222222222224 0.026041666666666668 0.046296296296296294
3 0.6729166666666667 0.45185185185185184 0.026041666666666668 0.046296296296296294
3 0.7052083333333333 0.45092592592592595 0.026041666666666668 0.046296296296296294
3 0.7109375 0.44814814814814813 0.026041666666666668 0.046296296296296294
3 0.6864583333333333 0.46574074074074073 0.026041666666666668 0.046296296296296294
4 0.5234375 0.4722222222222222 0.026041666666666668 0.046296296296296294
4 0.6666666666666666 0.475 0.026041666666666668 0.046296296296296294
4 0.4192708333333333 0.48333333333333334 0.026041666666666668 0.046296296296296294
4 0.49947916666666664 0.4898148148148148 0.026041666666666668 0.046296296296296294
3 0.6776041666666667 0.4962962962962963 0.026041666666666668 0.046296296296296294
4 0.6078125 0.5046296296296297 0.026041666666666668 0.046296296296296294
4 0.49947916666666664 0.5185185185185185 0.026041666666666668 0.046296296296296294
4 0.6067708333333334 0.5175925925925926 0.026041666666666668 0.046296296296296294
3 0.7 0.5194444444444445 0.026041666666666668 0.046296296296296294
4 0.6234375 0.5268518518518519 0.026041666666666668 0.046296296296296294
3 0.7192708333333333 0.5333333333333333 0.026041666666666668 0.046296296296296294
4 0.6125 0.5407407407407407 0.026041666666666668 0.046296296296296294
4 0.5901041666666667 0.5509259259259259 0.026041666666666668 0.046296296296296294
4 0.6369791666666667 0.5509259259259259 0.026041666666666668 0.046296296296296294
3 0.6755208333333333 0.55 0.026041666666666668 0.046296296296296294
3 0.6994791666666667 0.5481481481481482 0.026041666666666668 0.046296296296296294
3 0.7364583333333333 0.55 0.026041666666666668 0.046296296296296294
4 0.45625 0.5601851851851852 0.026041666666666668 0.046296296296296294
3 0.7572916666666667 0.5638888888888889 0.026041666666666668 0.046296296296296294
4 0.6151041666666667 0.5731481481481482 0.026041666666666668 0.046296296296296294
4 0.6088541666666667 0.5814814814814815 0.026041666666666668 0.046296296296296294
4 0.6661458333333333 0.5805555555555556 0.026041666666666668 0.046296296296296294
3 0.7609375 0.5805555555555556 0.026041666666666668 0.046296296296296294
4 0.6375 0.5898148148148148 0.026041666666666668 0.046296296296296294
4 0.6083333333333333 0.6027777777777777 0.026041666666666668 0.046296296296296294
4 0.6578125 0.6203703703703703 0.026041666666666668 0.046296296296296294
3 0.753125 0.6212962962962963 0.026041666666666668 0.046296296296296294
4 0.4114583333333333 0.6240740740740741 0.026041666666666668 0.046296296296296294
4 0.5213541666666667 0.6268518518518519 0.026041666666666668 0.046296296296296294
3 0.7291666666666666 0.625 0.026041666666666668 0.046296296296296294
4 0.3885416666666667 0.65 0.026041666666666668 0.046296296296296294
4 0.4192708333333333 0.6592592592592592 0.026041666666666668 0.046296296296296294
4 0.46979166666666666 0.6564814814814814 0.026041666666666668 0.046296296296296294
1 0.5661458333333333 0.675 0.026041666666666668 0.046296296296296294
1 0.6244791666666667 0.6787037037037037 0.026041666666666668 0.046296296296296294
1 0.40989583333333335 0.7055555555555556 0.026041666666666668 0.046296296296296294
1 0.6947916666666667 0.7472222222222222 0.026041666666666668 0.046296296296296294
1 0.8838541666666667 0.7472222222222222 0.026041666666666668 0.046296296296296294
1 0.9166666666666666 0.7574074074074074 0.026041666666666668 0.046296296296296294
1 0.6442708333333333 0.7620370370370371 0.026041666666666668 0.046296296296296294
1 0.8401041666666667 0.7722222222222223 0.026041666666666668 0.046296296296296294
1 0.16666666666666666 0.8009259259259259 0.026041666666666668 0.046296296296296294
1 0.19427083333333334 0.799074074074074 0.026041666666666668 0.046296296296296294
1 0.49322916666666666 0.8268518518518518 0.026041666666666668 0.046296296296296294
1 0.878125 0.8342592592592593 0.026041666666666668 0.046296296296296294
1 0.8255208333333334 0.8481481481481481 0.026041666666666668 0.046296296296296294
1 0.14635416666666667 0.8555555555555555 0.026041666666666668 0.046296296296296294
1 0.6223958333333334 0.8601851851851852 0.026041666666666668 0.046296296296296294
1 0.4348958333333333 0.8944444444444445 0.026041666666666668 0.046296296296296294
1 0.12760416666666666 0.9166666666666666 0.026041666666666668 0.046296296296296294
1 0.2765625 0.9166666666666666 0.026041666666666668 0.046296296296296294
1 0.8135416666666667 0.9324074074074075 0.026041666666666668 0.046296296296296294
1 0.8671875 0.962037037037037 0.026041666666666668 0.046296296296296294
1 0.978125 0.9583333333333334 0.026041666666666668 0.046296296296296294
1 0.040625 0.9648148148148148 0.026041666666666668 0.046296296296296294
1 0.20625 0.9787037037037037 0.026041666666666668 0.046296296296296294
1 0.7572916666666667 0.9787037037037037 0.026041666666666668 0.046296296296296294
1 0.240625 0.9203703703703704 0.026041666666666668 0.046296296296296294
1 0.278125 0.9629629629629629 0.026041666666666668 0.046296296296296294
1 0.46145833333333336 0.9055555555555556 0.026041666666666668 0.046296296296296294
4 0.5135416666666667 0.587037037037037 0.026041666666666668 0.046296296296296294
4 0.5197916666666667 0.562962962962963 0.026041666666666668 0.046296296296296294
1 0.58125 0.6981481481481482 0.026041666666666668 0.046296296296296294
4 0.6083333333333333 0.6388888888888888 0.026041666666666668 0.046296296296296294
1 0.6927083333333334 0.8240740740740741 0.026041666666666668 0.046296296296296294
1 0.8322916666666667 0.8666666666666667 0.026041666666666668 0.046296296296296294
1 0.8489583333333334 0.9 0.026041666666666668 0.046296296296296294
0 0.690625 0.28703703703703703 0.026041666666666668 0.046296296296296294
4 0.61875 0.6148148148148148 0.026041666666666668 0.046296296296296294
2 0.17604166666666668 0.412962962962963 0.026041666666666668 0.046296296296296294
2 0.221875 0.3814814814814815 0.026041666666666668 0.046296296296296294
1 0.778125 0.6703703703703704 0.026041666666666668 0.046296296296296294
3 0.7645833333333333 0.6462962962962963 0.026041666666666668 0.046296296296296294
3 0.778125 0.5592592592592592 0.026041666666666668 0.046296296296296294
