0 0.4875 0.10555555555555556 0.026041666666666668 0.046296296296296294
0 0.4421875 0.13333333333333333 0.026041666666666668 0.046296296296296294
0 0.45 0.13333333333333333 0.026041666666666668 0.046296296296296294
0 0.4552083333333333 0.13518518518518519 0.026041666666666668 0.046296296296296294
0 0.46145833333333336 0.13703703703703704 0.026041666666666668 0.046296296296296294
0 0.475 0.14722222222222223 0.026041666666666668 0.046296296296296294
0 0.4375 0.1537037037037037 0.026041666666666668 0.046296296296296294
0 0.44583333333333336 0.1537037037037037 0.026041666666666668 0.046296296296296294
0 0.46197916666666666 0.15092592592592594 0.026041666666666668 0.046296296296296294
0 0.4505208333333333 0.15833333333333333 0.026041666666666668 0.046296296296296294
0 0.45677083333333335 0.15925925925925927 0.026041666666666668 0.046296296296296294
0 0.46145833333333336 0.1574074074074074 0.026041666666666668 0.046296296296296294
0 0.4734375 0.16018518518518518 0.026041666666666668 0.046296296296296294
0 0.44583333333333336 0.16944444444444445 0.026041666666666668 0.046296296296296294
0 0.4953125 0.16666666666666666 0.026041666666666668 0.046296296296296294
0 0.43333333333333335 0.17407407407407408 0.026041666666666668 0.046296296296296294
0 0.4875 0.17592592592592593 0.026041666666666668 0.046296296296296294
0 0.5010416666666667 0.175 0.026041666666666668 0.046296296296296294
0 0.43802083333333336 0.18425925925925926 0.026041666666666668 0.046296296296296294
0 0.48072916666666665 0.18425925925925926 0.026041666666666668 0.046296296296296294
0 0.5119791666666667 0.1935185185185185 0.026041666666666668 0.046296296296296294
0 0.43333333333333335 0.2101851851851852 0.026041666666666668 0.046296296296296294
0 0.48125 0.20462962962962963 0.026041666666666668 0.046296296296296294
0 0.5104166666666666 0.2064814814814815 0.026041666666666668 0.046296296296296294
0 0.5 0.2111111111111111 0.026041666666666668 0.046296296296296294
0 0.5109375 0.22037037037037038 0.026041666666666668 0.046296296296296294
0 0.5203125 0.22407407407407406 0.026041666666666668 0.046296296296296294
0 0.4328125 0.23055555555555557 0.026041666666666668 0.046296296296296294
0 0.5036458333333333 0.23148148148148148 0.026041666666666668 0.046296296296296294
0 0.5125 0.23796296296296296 0.026041666666666668 0.046296296296296294
0 0.4479166666666667 0.25092592592592594 0.026041666666666668 0.046296296296296294
0 0.4791666666666667 0.2518518518518518 0.026041666666666668 0.046296296296296294
0 0.49895833333333334 0.25555555555555554 0.026041666666666668 0.046296296296296294
0 0.49166666666666664 0.2601851851851852 0.026041666666666668 0.046296296296296294
0 0.5114583333333333 0.26296296296296295 0.026041666666666668 0.046296296296296294
0 0.5239583333333333 0.26944444444444443 0.026041666666666668 0.046296296296296294
0 0.4703125 0.27685185185185185 0.026041666666666668 0.046296296296296294
0 0.4822916666666667 0.2740740740740741 0.026041666666666668 0.046296296296296294
0 0.49375 0.2722222222222222 0.026041666666666668 0.046296296296296294
0 0.5114583333333333 0.275 0.026041666666666668 0.046296296296296294
0 0.5453125 0.2777777777777778 0.026041666666666668 0.046296296296296294
0 0.5067708333333333 0.28703703703703703 0.026041666666666668 0.046296296296296294
0 0.5119791666666667 0.29259259259259257 0.026041666666666668 0.046296296296296294
0 0.6953125 0.29444444444444445 0.026041666666666668 0.046296296296296294
0 0.41770833333333335 0.3 0.026041666666666668 0.046296296296296294
0 0.4234375 0.29907407407407405 0.026041666666666668 0.046296296296296294
0 0.45260416666666664 0.3101851851851852 0.026041666666666668 0.046296296296296294
0 0.4708333333333333 0.30833333333333335 0.026041666666666668 0.046296296296296294
0 0.5161458333333333 0.3074074074074074 0.026041666666666668 0.046296296296296294
0 0.4317708333333333 0.3148148148148148 0.026041666666666668 0.046296296296296294
0 0.7078125 0.31296296296296294 0.026041666666666668 0.046296296296296294
0 0.42135416666666664 0.32037037037037036 0.026041666666666668 0.046296296296296294
0 0.4828125 0.32407407407407407 0.026041666666666668 0.046296296296296294
0 0.515625 0.32407407407407407 0.026041666666666668 0.046296296296296294
4 0.44427083333333334 0.3333333333333333 0.026041666666666668 0.046296296296296294
4 0.5083333333333333 0.3351851851851852 0.026041666666666668 0.046296296296296294
4 0.45364583333333336 0.33796296296296297 0.026041666666666668 0.046296296296296294
4 0.49947916666666664 0.3388888888888889 0.026041666666666668 0.046296296296296294
4 0.3796875 0.35462962962962963 0.026041666666666668 0.046296296296296294
4 0.3875 0.35648148148148145 0.026041666666666668 0.046296296296296294
4 0.503125 0.35462962962962963 0.026041666666666668 0.046296296296296294
4 0.5072916666666667 0.35648148148148145 0.026041666666666668 0.046296296296296294
4 0.4296875 0.362962962962963 0.026041666666666668 0.046296296296296294
4 0.4453125 0.36203703703703705 0.026041666666666668 0.046296296296296294
4 0.37916666666666665 0.3731481481481482 0.026041666666666668 0.046296296296296294
4 0.4244791666666667 0.37222222222222223 0.026041666666666668 0.046296296296296294
4 0.5036458333333333 0.3712962962962963 0.026041666666666668 0.046296296296296294
2 0.21614583333333334 0.3787037037037037 0.026041666666666668 0.046296296296296294
4 0.3963541666666667 0.37962962962962965 0.026041666666666668 0.046296296296296294
4 0.4546875 0.37592592592592594 0.026041666666666668 0.046296296296296294
4 0.49114583333333334 0.38055555555555554 0.026041666666666668 0.046296296296296294
4 0.5109375 0.3787037037037037 0.026041666666666668 0.046296296296296294
4 0.5244791666666667 0.38055555555555554 0.026041666666666668 0.046296296296296294
4 0.38229166666666664 0.3925925925925926 0.026041666666666668 0.046296296296296294
4 0.43802083333333336 0.39351851851851855 0.026041666666666668 0.046296296296296294
4 0.4875 0.39351851851851855 0.026041666666666668 0.046296296296296294
4 0.5078125 0.3962962962962963 0.026041666666666668 0.046296296296296294
4 0.5114583333333333 0.3925925925925926 0.026041666666666668 0.046296296296296294
2 0.203125 0.40185185185185185 0.026041666666666668 0.046296296296296294
4 0.4 0.4027777777777778 0.026041666666666668 0.046296296296296294
4 0.49895833333333334 0.40370370370370373 0.026041666666666668 0.046296296296296294
4 0.665625 0.40185185185185185 0.026041666666666668 0.046296296296296294
2 0.18958333333333333 0.4101851851851852 0.026041666666666668 0.046296296296296294
2 0.21927083333333333 0.40925925925925927 0.026041666666666668 0.046296296296296294
3 0.7078125 0.4074074074074074 0.026041666666666668 0.046296296296296294
2 0.20729166666666668 0.4148148148148148 0.026041666666666668 0.046296296296296294
4 0.46822916666666664 0.4148148148148148 0.026041666666666668 0.046296296296296294
4 0.5161458333333333 0.41759259259259257 0.026041666666666668 0.046296296296296294
4 0.65 0.4148148148148148 0.026041666666666668 0.046296296296296294
2 0.18333333333333332 0.42685185185185187 0.026041666666666668 0.046296296296296294
4 0.4421875 0.42407407407407405 0.026041666666666668 0.046296296296296294
4 0.6651041666666667 0.425 0.026041666666666668 0.046296296296296294
2 0.17135416666666667 0.43333333333333335 0.026041666666666668 0.046296296296296294
2 0.20677083333333332 0.4324074074074074 0.026041666666666668 0.046296296296296294
4 0.503125 0.43333333333333335 0.026041666666666668 0.046296296296296294
4 0.5244791666666667 0.43333333333333335 0.026041666666666668 0.046296296296296294
3 0.6916666666666667 0.4324074074074074 0.026041666666666668 0.046296296296296294
4 0.40677083333333336 0.44074074074074077 0.026041666666666668 0.046296296296296294
3 0.6739583333333333 0.44166666666666665 0.026041666666666668 0.046296296296296294
4 0.38177083333333334 0.45092592592592595 0.026041666666666668 0.046296296296296294
4 0.5041666666666667 0.44537037037037036 0.026041666666666668 0.046296296296296294
4 0.5119791666666667 0.44907407407407407 0.026041666666666668 0.046296296296296294
4 0.5296875 0.45 0.026041666666666668 0.046296296296296294
3 0.6802083333333333 0.45092592592592595 0.026041666666666668 0.046296296296296294
4 0.665625 0.45740740740740743 0.026041666666666668 0.046296296296296294
4 0.39479166666666665 0.46574074074074073 0.026041666666666668 0.046296296296296294
4 0.425 0.4935185185185185 0.026041666666666668 0.046296296296296294
4 0.5026041666666666 0.49166666666666664 0.026041666666666668 0.046296296296296294
4 0.6166666666666667 0.49444444444444446 0.026041666666666668 0.046296296296296294
3 0.6671875 0.49444444444444446 0.026041666666666668 0.046296296296296294
4 0.4708333333333333 0.5 0.026041666666666668 0.046296296296296294
4 0.6286458333333333 0.5046296296296297 0.026041666666666668 0.046296296296296294
4 0.6015625 0.5120370370370371 0.026041666666666668 0.046296296296296294
3 0.7078125 0.5203703703703704 0.026041666666666668 0.046296296296296294
3 0.7125 0.5203703703703704 0.026041666666666668 0.046296296296296294
3 0.6744791666666666 0.524074074074074 0.026041666666666668 0.046296296296296294
4 0.5119791666666667 0.5361111111111111 0.026041666666666668 0.046296296296296294
4 0.6161458333333333 0.5324074074074074 0.026041666666666668 0.046296296296296294
3 0.7078125 0.5361111111111111 0.026041666666666668 0.046296296296296294
4 0.5161458333333333 0.5583333333333333 0.026041666666666668 0.046296296296296294
3 0.7364583333333333 0.5592592592592592 0.026041666666666668 0.046296296296296294
4 0.6234375 0.5666666666666667 0.026041666666666668 0.046296296296296294
3 0.7567708333333333 0.562037037037037 0.026041666666666668 0.046296296296296294
4 0.5036458333333333 0.5796296296296296 0.026041666666666668 0.046296296296296294
4 0.6125 0.5814814814814815 0.026041666666666668 0.046296296296296294
3 0.765625 0.5805555555555556 0.026041666666666668 0.046296296296296294
4 0.4125 0.5916666666666667 0.026041666666666668 0.046296296296296294
3 0.6869791666666667 0.5879629629629629 0.026041666666666668 0.046296296296296294
3 0.7375 0.5833333333333334 0.026041666666666668 0.046296296296296294
4 0.609375 0.5972222222222222 0.026041666666666668 0.046296296296296294
3 0.6703125 0.5916666666666667 0.026041666666666668 0.046296296296296294
4 0.65 0.6055555555555555 0.026041666666666668 0.046296296296296294
4 0.5333333333333333 0.6287037037037037 0.026041666666666668 0.046296296296296294
4 0.6296875 0.6268518518518519 0.026041666666666668 0.046296296296296294
1 0.21979166666666666 0.674074074074074 0.026041666666666668 0.046296296296296294
1 0.5583333333333333 0.6990740740740741 0.026041666666666668 0.046296296296296294
1 0.7130208333333333 0.6935185185185185 0.026041666666666668 0.046296296296296294
1 0.5109375 0.7 0.026041666666666668 0.046296296296296294
1 0.7213541666666666 0.712037037037037 0.026041666666666668 0.046296296296296294
1 0.5416666666666666 0.7185185185185186 0.026041666666666668 0.046296296296296294
1 0.5921875 0.7277777777777777 0.026041666666666668 0.046296296296296294
1 0.78125 0.7185185185185186 0.026041666666666668 0.046296296296296294
1 0.6375 0.7407407407407407 0.026041666666666668 0.046296296296296294
1 0.6625 0.7379629629629629 0.026041666666666668 0.046296296296296294
1 0.8286458333333333 0.7453703703703703 0.026041666666666668 0.046296296296296294
1 0.8822916666666667 0.7518518518518519 0.026041666666666668 0.046296296296296294
1 0.1875 0.7777777777777778 0.026041666666666668 0.046296296296296294
1 0.4666666666666667 0.774074074074074 0.026041666666666668 0.046296296296296294
1 0.9328125 0.7703703703703704 0.026041666666666668 0.046296296296296294
1 0.74375 0.8037037037037037 0.026041666666666668 0.046296296296296294
1 0.16614583333333333 0.8361111111111111 0.026041666666666668 0.046296296296296294
1 0.3015625 0.8388888888888889 0.026041666666666668 0.046296296296296294
1 0.8739583333333333 0.8425925925925926 0.026041666666666668 0.046296296296296294
1 0.7927083333333333 0.8481481481481481 0.026041666666666668 0.046296296296296294
1 0.8213541666666667 0.8694444444444445 0.026041666666666668 0.046296296296296294
1 0.4708333333333333 0.875 0.026041666666666668 0.046296296296296294
1 0.5432291666666667 0.899074074074074 0.026041666666666668 0.046296296296296294
1 0.8989583333333333 0.9083333333333333 0.026041666666666668 0.046296296296296294
1 0.13645833333333332 0.9194444444444444 0.026041666666666668 0.046296296296296294
1 0.4119791666666667 0.9351851851851852 0.026041666666666668 0.046296296296296294
1 0.8505208333333333 0.9555555555555556 0.026041666666666668 0.046296296296296294
1 0.9776041666666667 0.950925925925926 0.026041666666666668 0.046296296296296294
1 0.31927083333333334 0.9564814814814815 0.026041666666666668 0.046296296296296294
1 0.3536458333333333 0.9564814814814815 0.026041666666666668 0.046296296296296294
1 0.3697916666666667 0.9953703703703703 0.026041666666666668 0.046296296296296294
1 0.20208333333333334 0.7166666666666667 0.026041666666666668 0.046296296296296294
1 0.42916666666666664 0.8888888888888888 0.026041666666666668 0.046296296296296294
1 0.40625 0.6851851851851852 0.026041666666666668 0.046296296296296294
1 0.38229166666666664 0.6703703703703704 0.026041666666666668 0.046296296296296294
4 0.46770833333333334 0.6370370370370371 0.026041666666666668 0.046296296296296294
1 0.5916666666666667 0.8962962962962963 0.026041666666666668 0.046296296296296294
4 0.5697916666666667 0.6277777777777778 0.026041666666666668 0.046296296296296294
4 0.5885416666666666 0.6296296296296297 0.026041666666666668 0.046296296296296294
4 0.59375 0.5333333333333333 0.026041666666666668 0.046296296296296294
4 0.603125 0.5481481481481482 0.026041666666666668 0.046296296296296294
1 0.8270833333333333 0.8314814814814815 0.026041666666666668 0.046296296296296294
1 0.7666666666666667 0.6703703703703704 0.026041666666666668 0.046296296296296294
