0 0.4875 0.10555555555555556 0.026041666666666668 0.046296296296296294
0 0.4822916666666667 0.12222222222222222 0.026041666666666668 0.046296296296296294
0 0.49166666666666664 0.12037037037037036 0.026041666666666668 0.046296296296296294
0 0.4713541666666667 0.1287037037037037 0.026041666666666668 0.046296296296296294
0 0.45 0.13518518518518519 0.026041666666666668 0.046296296296296294
0 0.46197916666666666 0.13796296296296295 0.026041666666666668 0.046296296296296294
0 0.43697916666666664 0.14537037037037037 0.026041666666666668 0.046296296296296294
0 0.4401041666666667 0.1425925925925926 0.026041666666666668 0.046296296296296294
0 0.4453125 0.14629629629629629 0.026041666666666668 0.046296296296296294
0 0.4583333333333333 0.14351851851851852 0.026041666666666668 0.046296296296296294
0 0.4734375 0.14537037037037037 0.026041666666666668 0.046296296296296294
0 0.47760416666666666 0.14351851851851852 0.026041666666666668 0.046296296296296294
0 0.4901041666666667 0.14629629629629629 0.026041666666666668 0.046296296296296294
0 0.4625 0.1527777777777778 0.026041666666666668 0.046296296296296294
0 0.4822916666666667 0.1537037037037037 0.026041666666666668 0.046296296296296294
0 0.45729166666666665 0.16944444444444445 0.026041666666666668 0.046296296296296294
0 0.465625 0.16944444444444445 0.026041666666666668 0.046296296296296294
0 0.5046875 0.16944444444444445 0.026041666666666668 0.046296296296296294
0 0.42864583333333334 0.17407407407407408 0.026041666666666668 0.046296296296296294
0 0.4328125 0.17222222222222222 0.026041666666666668 0.046296296296296294
0 0.4453125 0.17407407407407408 0.026041666666666668 0.046296296296296294
0 0.4739583333333333 0.17592592592592593 0.026041666666666668 0.046296296296296294
0 0.5088541666666667 0.17685185185185184 0.026041666666666668 0.046296296296296294
0 0.5 0.1925925925925926 0.026041666666666668 0.046296296296296294
0 0.5125 0.19907407407407407 0.026041666666666668 0.046296296296296294
0 0.49895833333333334 0.20462962962962963 0.026041666666666668 0.046296296296296294
0 0.42083333333333334 0.21481481481481482 0.026041666666666668 0.046296296296296294
0 0.4192708333333333 0.225 0.026041666666666668 0.046296296296296294
0 0.44947916666666665 0.23055555555555557 0.026041666666666668 0.046296296296296294
0 0.4609375 0.22962962962962963 0.026041666666666668 0.046296296296296294
0 0.4859375 0.22870370370370371 0.026041666666666668 0.046296296296296294
0 0.5114583333333333 0.23055555555555557 0.026041666666666668 0.046296296296296294
0 0.475 0.24444444444444444 0.026041666666666668 0.046296296296296294
0 0.4953125 0.24722222222222223 0.026041666666666668 0.046296296296296294
0 0.503125 0.24814814814814815 0.026041666666666668 0.046296296296296294
0 0.48541666666666666 0.25277777777777777 0.026041666666666668 0.046296296296296294
0 0.46927083333333336 0.2638888888888889 0.026041666666666668 0.046296296296296294
0 0.4973958333333333 0.26944444444444443 0.026041666666666668 0.046296296296296294
0 0.5427083333333333 0.275 0.026041666666666668 0.046296296296296294
0 0.5494791666666666 0.2777777777777778 0.026041666666666668 0.046296296296296294
0 0.4666666666666667 0.28425925925925927 0.026041666666666668 0.046296296296296294
0 0.5114583333333333 0.2861111111111111 0.026041666666666668 0.046296296296296294
0 0.546875 0.2851851851851852 0.026041666666666668 0.046296296296296294
0 0.4869791666666667 0.29259259259259257 0.026041666666666668 0.046296296296296294
0 0.7015625 0.29074074074074074 0.026041666666666668 0.046296296296296294
0 0.4609375 0.3 0.026041666666666668 0.046296296296296294
0 0.4609375 0.30925925925925923 0.026041666666666668 0.046296296296296294
0 0.4744791666666667 0.3074074074074074 0.026041666666666668 0.046296296296296294
0 0.440625 0.3138888888888889 0.026041666666666668 0.046296296296296294
0 0.45364583333333336 0.31574074074074077 0.026041666666666668 0.046296296296296294
0 0.5161458333333333 0.3148148148148148 0.026041666666666668 0.046296296296296294
0 0.4510416666666667 0.325 0.026041666666666668 0.046296296296296294
0 0.4578125 0.3314814814814815 0.026041666666666668 0.046296296296296294
0 0.546875 0.33240740740740743 0.026041666666666668 0.046296296296296294
4 0.503125 0.34074074074074073 0.026041666666666668 0.046296296296296294
4 0.5192708333333333 0.3398148148148148 0.026041666666666668 0.046296296296296294
4 0.4114583333333333 0.34814814814814815 0.026041666666666668 0.046296296296296294
4 0.43697916666666664 0.34629629629629627 0.026041666666666668 0.046296296296296294
4 0.44895833333333335 0.3490740740740741 0.026041666666666668 0.046296296296296294
4 0.50625 0.3472222222222222 0.026041666666666668 0.046296296296296294
4 0.39895833333333336 0.35462962962962963 0.026041666666666668 0.046296296296296294
4 0.37447916666666664 0.36203703703703705 0.026041666666666668 0.046296296296296294
4 0.5078125 0.3648148148148148 0.026041666666666668 0.046296296296296294
4 0.3885416666666667 0.3712962962962963 0.026041666666666668 0.046296296296296294
4 0.44114583333333335 0.37037037037037035 0.026041666666666668 0.046296296296296294
4 0.453125 0.37037037037037035 0.026041666666666668 0.046296296296296294
4 0.478125 0.37037037037037035 0.026041666666666668 0.046296296296296294
4 0.49947916666666664 0.3731481481481482 0.026041666666666668 0.046296296296296294
3 0.6776041666666667 0.3675925925925926 0.026041666666666668 0.046296296296296294
4 0.39479166666666665 0.37962962962962965 0.026041666666666668 0.046296296296296294
4 0.4078125 0.37962962962962965 0.026041666666666668 0.046296296296296294
4 0.5078125 0.38055555555555554 0.026041666666666668 0.046296296296296294
4 0.6552083333333333 0.3787037037037037 0.026041666666666668 0.046296296296296294
4 0.6546875 0.387037037037037 0.026041666666666668 0.046296296296296294
2 0.19010416666666666 0.3925925925925926 0.026041666666666668 0.046296296296296294
4 0.503125 0.3972222222222222 0.026041666666666668 0.046296296296296294
2 0.21041666666666667 0.3990740740740741 0.026041666666666668 0.046296296296296294
4 0.375 0.40185185185185185 0.026041666666666668 0.046296296296296294
4 0.39010416666666664 0.4027777777777778 0.026041666666666668 0.046296296296296294
4 0.46041666666666664 0.4 0.026041666666666668 0.046296296296296294
4 0.5119791666666667 0.4009259259259259 0.026041666666666668 0.046296296296296294
2 0.17916666666666667 0.4101851851851852 0.026041666666666668 0.046296296296296294
2 0.2 0.41203703703703703 0.026041666666666668 0.046296296296296294
4 0.5197916666666667 0.4111111111111111 0.026041666666666668 0.046296296296296294
4 0.5166666666666667 0.41944444444444445 0.026041666666666668 0.046296296296296294
4 0.65 0.41759259259259257 0.026041666666666668 0.046296296296296294
4 0.6567708333333333 0.42407407407407405 0.026041666666666668 0.046296296296296294
4 0.5234375 0.44351851851851853 0.026041666666666668 0.046296296296296294
4 0.6619791666666667 0.44074074074074077 0.026041666666666668 0.046296296296296294
3 0.7072916666666667 0.43796296296296294 0.026041666666666668 0.046296296296296294
4 0.5125 0.44814814814814813 0.026041666666666668 0.046296296296296294
2 0.21979166666666666 0.45555555555555555 0.026041666666666668 0.046296296296296294
3 0.6739583333333333 0.4564814814814815 0.026041666666666668 0.046296296296296294
4 0.40625 0.4601851851851852 0.026041666666666668 0.046296296296296294
4 0.45 0.4722222222222222 0.026041666666666668 0.046296296296296294
4 0.5213541666666667 0.4703703703703704 0.026041666666666668 0.046296296296296294
4 0.6661458333333333 0.4740740740740741 0.026041666666666668 0.046296296296296294
3 0.690625 0.4722222222222222 0.026041666666666668 0.046296296296296294
4 0.628125 0.487962962962963 0.026041666666666668 0.046296296296296294
3 0.6817708333333333 0.48703703703703705 0.026041666666666668 0.046296296296296294
4 0.4822916666666667 0.4898148148148148 0.026041666666666668 0.046296296296296294
4 0.6208333333333333 0.4981481481481482 0.026041666666666668 0.046296296296296294
3 0.6708333333333333 0.4962962962962963 0.026041666666666668 0.046296296296296294
3 0.690625 0.49444444444444446 0.026041666666666668 0.046296296296296294
4 0.49635416666666665 0.5009259259259259 0.026041666666666668 0.046296296296296294
2 0.14375 0.5064814814814815 0.026041666666666668 0.046296296296296294
4 0.6078125 0.5083333333333333 0.026041666666666668 0.046296296296296294
4 0.6359375 0.5111111111111111 0.026041666666666668 0.046296296296296294
3 0.6916666666666667 0.5111111111111111 0.026041666666666668 0.046296296296296294
4 0.6661458333333333 0.5287037037037037 0.026041666666666668 0.046296296296296294
4 0.5328125 0.5351851851851852 0.026041666666666668 0.046296296296296294
3 0.703125 0.5351851851851852 0.026041666666666668 0.046296296296296294
4 0.6270833333333333 0.5407407407407407 0.026041666666666668 0.046296296296296294
4 0.6109375 0.549074074074074 0.026041666666666668 0.046296296296296294
4 0.5598958333333334 0.5555555555555556 0.026041666666666668 0.046296296296296294
4 0.5927083333333333 0.5583333333333333 0.026041666666666668 0.046296296296296294
2 0.20364583333333333 0.5657407407407408 0.026041666666666668 0.046296296296296294
3 0.7317708333333334 0.562962962962963 0.026041666666666668 0.046296296296296294
3 0.75625 0.5648148148148148 0.026041666666666668 0.046296296296296294
4 0.4828125 0.5703703703703704 0.026041666666666668 0.046296296296296294
4 0.5322916666666667 0.5694444444444444 0.026041666666666668 0.046296296296296294
4 0.5807291666666666 0.575925925925926 0.026041666666666668 0.046296296296296294
4 0.6458333333333334 0.587037037037037 0.026041666666666668 0.046296296296296294
2 0.215625 0.5972222222222222 0.026041666666666668 0.046296296296296294
4 0.559375 0.5962962962962963 0.026041666666666668 0.046296296296296294
3 0.7614583333333333 0.6416666666666667 0.026041666666666668 0.046296296296296294
1 0.6375 0.6685185185185185 0.026041666666666668 0.046296296296296294
3 0.7364583333333333 0.6657407407407407 0.026041666666666668 0.046296296296296294
1 0.7739583333333333 0.6888888888888889 0.026041666666666668 0.046296296296296294
1 0.6338541666666667 0.6935185185185185 0.026041666666666668 0.046296296296296294
1 0.16979166666666667 0.7157407407407408 0.026041666666666668 0.046296296296296294
1 0.6130208333333333 0.7212962962962963 0.026041666666666668 0.046296296296296294
1 0.5505208333333333 0.7305555555555555 0.026041666666666668 0.046296296296296294
1 0.43854166666666666 0.737037037037037 0.026041666666666668 0.046296296296296294
1 0.390625 0.7435185185185185 0.026041666666666668 0.046296296296296294
1 0.47552083333333334 0.7527777777777778 0.026041666666666668 0.046296296296296294
1 0.884375 0.7472222222222222 0.026041666666666668 0.046296296296296294
1 0.8260416666666667 0.8407407407407408 0.026041666666666668 0.046296296296296294
1 0.7713541666666667 0.8425925925925926 0.026041666666666668 0.046296296296296294
1 0.9734375 0.8490740740740741 0.026041666666666668 0.046296296296296294
1 0.8255208333333334 0.8675925925925926 0.026041666666666668 0.046296296296296294
1 0.7838541666666666 0.8712962962962963 0.026041666666666668 0.046296296296296294
1 0.9744791666666667 0.9407407407407408 0.026041666666666668 0.046296296296296294
1 0.8739583333333333 0.8203703703703704 0.026041666666666668 0.046296296296296294
1 0.9895833333333334 0.8574074074074074 0.026041666666666668 0.046296296296296294
1 0.5479166666666667 0.7814814814814814 0.026041666666666668 0.046296296296296294
2 0.17395833333333333 0.5944444444444444 0.026041666666666668 0.046296296296296294
2 0.19479166666666667 0.5944444444444444 0.026041666666666668 0.046296296296296294
0 0.6947916666666667 0.29259259259259257 0.026041666666666668 0.046296296296296294
3 0.7729166666666667 0.5888888888888889 0.026041666666666668 0.046296296296296294
1 0.6697916666666667 0.674074074074074 0.026041666666666668 0.046296296296296294
4 0.559375 0.6314814814814815 0.026041666666666668 0.046296296296296294
4 0.4979166666666667 0.4425925925925926 0.026041666666666668 0.046296296296296294
