0 0.490625 0.12129629629629629 0.026041666666666668 0.046296296296296294
0 0.46979166666666666 0.1287037037037037 0.026041666666666668 0.046296296296296294
0 0.47760416666666666 0.13148148148148148 0.026041666666666668 0.046296296296296294
0 0.4609375 0.1361111111111111 0.026041666666666668 0.046296296296296294
0 0.4739583333333333 0.13796296296296295 0.026041666666666668 0.046296296296296294
0 0.4869791666666667 0.1388888888888889 0.026041666666666668 0.046296296296296294
0 0.4703125 0.14629629629629629 0.026041666666666668 0.046296296296296294
0 0.4630208333333333 0.1527777777777778 0.026041666666666668 0.046296296296296294
0 0.4786458333333333 0.15185185185185185 0.026041666666666668 0.046296296296296294
0 0.4588541666666667 0.1675925925925926 0.026041666666666668 0.046296296296296294
0 0.4317708333333333 0.17407407407407408 0.026041666666666668 0.046296296296296294
0 0.46875 0.1925925925925926 0.026041666666666668 0.046296296296296294
0 0.4875 0.19166666666666668 0.026041666666666668 0.046296296296296294
0 0.496875 0.19814814814814816 0.026041666666666668 0.046296296296296294
0 0.503125 0.20185185185185187 0.026041666666666668 0.046296296296296294
0 0.48333333333333334 0.2064814814814815 0.026041666666666668 0.046296296296296294
0 0.48333333333333334 0.2324074074074074 0.026041666666666668 0.046296296296296294
0 0.4703125 0.24351851851851852 0.026041666666666668 0.046296296296296294
0 0.4791666666666667 0.25555555555555554 0.026041666666666668 0.046296296296296294
0 0.46979166666666666 0.2601851851851852 0.026041666666666668 0.046296296296296294
0 0.44635416666666666 0.2712962962962963 0.026041666666666668 0.046296296296296294
0 0.4744791666666667 0.2777777777777778 0.026041666666666668 0.046296296296296294
0 0.4895833333333333 0.275 0.026041666666666668 0.046296296296296294
0 0.5161458333333333 0.2759259259259259 0.026041666666666668 0.046296296296296294
0 0.5416666666666666 0.2759259259259259 0.026041666666666668 0.046296296296296294
0 0.7015625 0.2759259259259259 0.026041666666666668 0.046296296296296294
0 0.49947916666666664 0.2814814814814815 0.026041666666666668 0.046296296296296294
0 0.41875 0.28703703703703703 0.026041666666666668 0.046296296296296294
0 0.46770833333333334 0.29259259259259257 0.026041666666666668 0.046296296296296294
0 0.5020833333333333 0.29444444444444445 0.026041666666666668 0.046296296296296294
0 0.50625 0.2935185185185185 0.026041666666666668 0.046296296296296294
0 0.5208333333333334 0.29259259259259257 0.026041666666666668 0.046296296296296294
0 0.5255208333333333 0.2935185185185185 0.026041666666666668 0.046296296296296294
0 0.5317708333333333 0.29444444444444445 0.026041666666666668 0.046296296296296294
0 0.6916666666666667 0.29259259259259257 0.026041666666666668 0.046296296296296294
0 0.4359375 0.3 0.026041666666666668 0.046296296296296294
0 0.4239583333333333 0.30462962962962964 0.026041666666666668 0.046296296296296294
0 0.5151041666666667 0.3175925925925926 0.026041666666666668 0.046296296296296294
0 0.7072916666666667 0.31203703703703706 0.026041666666666668 0.046296296296296294
0 0.503125 0.32314814814814813 0.026041666666666668 0.046296296296296294
0 0.42239583333333336 0.3296296296296296 0.026041666666666668 0.046296296296296294
0 0.44479166666666664 0.3296296296296296 0.026041666666666668 0.046296296296296294
4 0.45364583333333336 0.3472222222222222 0.026041666666666668 0.046296296296296294
4 0.37604166666666666 0.3574074074074074 0.026041666666666668 0.046296296296296294
4 0.3828125 0.35648148148148145 0.026041666666666668 0.046296296296296294
4 0.5041666666666667 0.35555555555555557 0.026041666666666668 0.046296296296296294
4 0.3984375 0.3685185185185185 0.026041666666666668 0.046296296296296294
2 0.16770833333333332 0.37962962962962965 0.026041666666666668 0.046296296296296294
4 0.5119791666666667 0.3787037037037037 0.026041666666666668 0.046296296296296294
4 0.5291666666666667 0.3814814814814815 0.026041666666666668 0.046296296296296294
4 0.4901041666666667 0.3861111111111111 0.026041666666666668 0.046296296296296294
4 0.37864583333333335 0.3962962962962963 0.026041666666666668 0.046296296296296294
4 0.5166666666666667 0.39444444444444443 0.026041666666666668 0.046296296296296294
3 0.68125 0.39351851851851855 0.026041666666666668 0.046296296296296294
4 0.6536458333333334 0.40370370370370373 0.026041666666666668 0.046296296296296294
2 0.178125 0.4111111111111111 0.026041666666666668 0.046296296296296294
4 0.37864583333333335 0.4101851851851852 0.026041666666666668 0.046296296296296294
2 0.16614583333333333 0.4166666666666667 0.026041666666666668 0.046296296296296294
2 0.20416666666666666 0.41574074074074074 0.026041666666666668 0.046296296296296294
3 0.6682291666666667 0.41944444444444445 0.026041666666666668 0.046296296296296294
4 0.6614583333333334 0.425 0.026041666666666668 0.046296296296296294
3 0.678125 0.43333333333333335 0.026041666666666668 0.046296296296296294
4 0.5098958333333333 0.4425925925925926 0.026041666666666668 0.046296296296296294
4 0.6572916666666667 0.4425925925925926 0.026041666666666668 0.046296296296296294
3 0.7067708333333333 0.43796296296296294 0.026041666666666668 0.046296296296296294
4 0.4276041666666667 0.44351851851851853 0.026041666666666668 0.046296296296296294
4 0.45729166666666665 0.4564814814814815 0.026041666666666668 0.046296296296296294
4 0.5125 0.4564814814814815 0.026041666666666668 0.046296296296296294
3 0.6739583333333333 0.45925925925925926 0.026041666666666668 0.046296296296296294
3 0.6791666666666667 0.4740740740740741 0.026041666666666668 0.046296296296296294
4 0.59375 0.4777777777777778 0.026041666666666668 0.046296296296296294
4 0.6130208333333333 0.47962962962962963 0.026041666666666668 0.046296296296296294
4 0.4661458333333333 0.4898148148148148 0.026041666666666668 0.046296296296296294
4 0.5161458333333333 0.48703703703703705 0.026041666666666668 0.046296296296296294
4 0.621875 0.49074074074074076 0.026041666666666668 0.046296296296296294
2 0.19114583333333332 0.4935185185185185 0.026041666666666668 0.046296296296296294
4 0.4125 0.4925925925925926 0.026041666666666668 0.046296296296296294
3 0.6734375 0.4935185185185185 0.026041666666666668 0.046296296296296294
4 0.6453125 0.5064814814814815 0.026041666666666668 0.046296296296296294
3 0.6963541666666667 0.5037037037037037 0.026041666666666668 0.046296296296296294
4 0.5026041666666666 0.5111111111111111 0.026041666666666668 0.046296296296296294
3 0.7026041666666667 0.512962962962963 0.026041666666666668 0.046296296296296294
4 0.6322916666666667 0.5185185185185185 0.026041666666666668 0.046296296296296294
3 0.6744791666666666 0.5166666666666667 0.026041666666666668 0.046296296296296294
4 0.5036458333333333 0.5268518518518519 0.026041666666666668 0.046296296296296294
4 0.4453125 0.5342592592592592 0.026041666666666668 0.046296296296296294
4 0.4947916666666667 0.5361111111111111 0.026041666666666668 0.046296296296296294
3 0.71875 0.5333333333333333 0.026041666666666668 0.046296296296296294
3 0.7322916666666667 0.5314814814814814 0.026041666666666668 0.046296296296296294
4 0.5114583333333333 0.549074074074074 0.026041666666666668 0.046296296296296294
4 0.4828125 0.5564814814814815 0.026041666666666668 0.046296296296296294
4 0.534375 0.5555555555555556 0.026041666666666668 0.046296296296296294
4 0.5661458333333333 0.5546296296296296 0.026041666666666668 0.046296296296296294
4 0.6328125 0.5527777777777778 0.026041666666666668 0.046296296296296294
4 0.39479166666666665 0.5638888888888889 0.026041666666666668 0.046296296296296294
4 0.6 0.5638888888888889 0.026041666666666668 0.046296296296296294
3 0.7395833333333334 0.5611111111111111 0.026041666666666668 0.046296296296296294
3 0.75625 0.5583333333333333 0.026041666666666668 0.046296296296296294
4 0.4276041666666667 0.5935185185185186 0.026041666666666668 0.046296296296296294
4 0.39114583333333336 0.6037037037037037 0.026041666666666668 0.046296296296296294
4 0.4109375 0.6203703703703703 0.026041666666666668 0.046296296296296294
4 0.6411458333333333 0.6185185185185185 0.026041666666666668 0.046296296296296294
2 0.22760416666666666 0.6277777777777778 0.026041666666666668 0.046296296296296294
4 0.56875 0.6287037037037037 0.026041666666666668 0.046296296296296294
4 0.38125 0.6435185185185185 0.026041666666666668 0.046296296296296294
4 0.39947916666666666 0.649074074074074 0.026041666666666668 0.046296296296296294
4 0.4484375 0.649074074074074 0.026041666666666668 0.046296296296296294
3 0.7416666666666667 0.6518518518518519 0.026041666666666668 0.046296296296296294
4 0.4828125 0.6592592592592592 0.026041666666666668 0.046296296296296294
4 0.5036458333333333 0.6648148148148149 0.026041666666666668 0.046296296296296294
1 0.690625 0.6675925925925926 0.026041666666666668 0.046296296296296294
1 0.20885416666666667 0.6759259259259259 0.026041666666666668 0.046296296296296294
1 0.6802083333333333 0.6768518518518518 0.026041666666666668 0.046296296296296294
1 0.7666666666666667 0.675 0.026041666666666668 0.046296296296296294
1 0.43645833333333334 0.6833333333333333 0.026041666666666668 0.046296296296296294
1 0.703125 0.6833333333333333 0.026041666666666668 0.046296296296296294
1 0.5791666666666667 0.6796296296296296 0.026041666666666668 0.046296296296296294
1 0.6208333333333333 0.7027777777777777 0.026041666666666668 0.046296296296296294
1 0.39947916666666666 0.7185185185185186 0.026041666666666668 0.046296296296296294
1 0.5296875 0.75 0.026041666666666668 0.046296296296296294
1 0.8854166666666666 0.7555555555555555 0.026041666666666668 0.046296296296296294
1 0.6333333333333333 0.7703703703703704 0.026041666666666668 0.046296296296296294
1 0.94375 0.7712962962962963 0.026041666666666668 0.046296296296296294
1 0.3541666666666667 0.7824074074074074 0.026041666666666668 0.046296296296296294
1 0.15833333333333333 0.812962962962963 0.026041666666666668 0.046296296296296294
1 0.8697916666666666 0.8212962962962963 0.026041666666666668 0.046296296296296294
1 0.3411458333333333 0.8175925925925925 0.026041666666666668 0.046296296296296294
1 0.7630208333333334 0.8314814814814815 0.026041666666666668 0.046296296296296294
1 0.7130208333333333 0.8388888888888889 0.026041666666666668 0.046296296296296294
1 0.5395833333333333 0.8583333333333333 0.026041666666666668 0.046296296296296294
1 0.7916666666666666 0.85 0.026041666666666668 0.046296296296296294
1 0.8286458333333333 0.8648148148148148 0.026041666666666668 0.046296296296296294
1 0.13125 0.8685185185185185 0.026041666666666668 0.046296296296296294
1 0.4973958333333333 0.8944444444444445 0.026041666666666668 0.046296296296296294
1 0.30416666666666664 0.9185185185185185 0.026041666666666668 0.046296296296296294
1 0.8260416666666667 0.9305555555555556 0.026041666666666668 0.046296296296296294
1 0.9270833333333334 0.9305555555555556 0.026041666666666668 0.046296296296296294
1 0.09635416666666667 0.9361111111111111 0.026041666666666668 0.046296296296296294
1 0.96875 0.95 0.026041666666666668 0.046296296296296294
1 0.38697916666666665 0.962037037037037 0.026041666666666668 0.046296296296296294
1 0.19479166666666667 0.8833333333333333 0.026041666666666668 0.046296296296296294
1 0.39895833333333336 0.7759259259259259 0.026041666666666668 0.046296296296296294
4 0.5114583333333333 0.6185185185185185 0.026041666666666668 0.046296296296296294
4 0.5354166666666667 0.6277777777777778 0.026041666666666668 0.046296296296296294
3 0.75625 0.6111111111111112 0.026041666666666668 0.046296296296296294
3 0.7645833333333333 0.575925925925926 0.026041666666666668 0.046296296296296294
2 0.20520833333333333 0.4666666666666667 0.026041666666666668 0.046296296296296294
1 0.9197916666666667 0.8333333333333334 0.026041666666666668 0.046296296296296294
