0 0.471875 0.09537037037037037 0.026041666666666668 0.046296296296296294
0 0.48333333333333334 0.09814814814814815 0.026041666666666668 0.046296296296296294
0 0.48385416666666664 0.12222222222222222 0.026041666666666668 0.046296296296296294
0 0.490625 0.12129629629629629 0.026041666666666668 0.046296296296296294
0 0.459375 0.1259259259259259 0.026041666666666668 0.046296296296296294
0 0.46979166666666666 0.12777777777777777 0.026041666666666668 0.046296296296296294
0 0.44114583333333335 0.13240740740740742 0.026041666666666668 0.046296296296296294
0 0.45 0.13796296296296295 0.026041666666666668 0.046296296296296294
0 0.453125 0.1361111111111111 0.026041666666666668 0.046296296296296294
0 0.46197916666666666 0.13796296296296295 0.026041666666666668 0.046296296296296294
0 0.490625 0.13518518518518519 0.026041666666666668 0.046296296296296294
0 0.4375 0.14537037037037037 0.026041666666666668 0.046296296296296294
0 0.4453125 0.14629629629629629 0.026041666666666668 0.046296296296296294
0 0.465625 0.14351851851851852 0.026041666666666668 0.046296296296296294
0 0.478125 0.15555555555555556 0.026041666666666668 0.046296296296296294
0 0.4828125 0.15555555555555556 0.026041666666666668 0.046296296296296294
0 0.4708333333333333 0.1685185185185185 0.026041666666666668 0.046296296296296294
0 0.46510416666666665 0.1814814814814815 0.026041666666666668 0.046296296296296294
0 0.4786458333333333 0.18333333333333332 0.026041666666666668 0.046296296296296294
0 0.475 0.19444444444444445 0.026041666666666668 0.046296296296296294
0 0.44895833333333335 0.20833333333333334 0.026041666666666668 0.046296296296296294
0 0.47760416666666666 0.21481481481481482 0.026041666666666668 0.046296296296296294
0 0.5041666666666667 0.21666666666666667 0.026041666666666668 0.046296296296296294
0 0.48333333333333334 0.22962962962962963 0.026041666666666668 0.046296296296296294
0 0.4984375 0.2324074074074074 0.026041666666666668 0.046296296296296294
0 0.428125 0.2351851851851852 0.026041666666666668 0.046296296296296294
0 0.4354166666666667 0.2388888888888889 0.026041666666666668 0.046296296296296294
0 0.4609375 0.23703703703703705 0.026041666666666668 0.046296296296296294
0 0.45 0.25277777777777777 0.026041666666666668 0.046296296296296294
0 0.4984375 0.2518518518518518 0.026041666666666668 0.046296296296296294
0 0.5192708333333333 0.25462962962962965 0.026041666666666668 0.046296296296296294
0 0.4317708333333333 0.2601851851851852 0.026041666666666668 0.046296296296296294
0 0.46927083333333336 0.2675925925925926 0.026041666666666668 0.046296296296296294
0 0.44166666666666665 0.27870370370370373 0.026041666666666668 0.046296296296296294
0 0.44895833333333335 0.27870370370370373 0.026041666666666668 0.046296296296296294
0 0.5078125 0.27870370370370373 0.026041666666666668 0.046296296296296294
0 0.6916666666666667 0.28425925925925927 0.026041666666666668 0.046296296296296294
0 0.4348958333333333 0.29259259259259257 0.026041666666666668 0.046296296296296294
0 0.4979166666666667 0.30185185185185187 0.026041666666666668 0.046296296296296294
0 0.5125 0.3 0.026041666666666668 0.046296296296296294
0 0.4171875 0.3138888888888889 0.026041666666666668 0.046296296296296294
0 0.503125 0.31666666666666665 0.026041666666666668 0.046296296296296294
0 0.7 0.31574074074074077 0.026041666666666668 0.046296296296296294
0 0.7083333333333334 0.3138888888888889 0.026041666666666668 0.046296296296296294
0 0.49375 0.32407407407407407 0.026041666666666668 0.046296296296296294
0 0.5109375 0.325 0.026041666666666668 0.046296296296296294
0 0.415625 0.33055555555555555 0.026041666666666668 0.046296296296296294
0 0.4453125 0.3314814814814815 0.026041666666666668 0.046296296296296294
0 0.475 0.33055555555555555 0.026041666666666668 0.046296296296296294
4 0.4322916666666667 0.3388888888888889 0.026041666666666668 0.046296296296296294
4 0.453125 0.3388888888888889 0.026041666666666668 0.046296296296296294
4 0.5072916666666667 0.3435185185185185 0.026041666666666668 0.046296296296296294
4 0.4166666666666667 0.3490740740740741 0.026041666666666668 0.046296296296296294
4 0.4453125 0.3453703703703704 0.026041666666666668 0.046296296296296294
4 0.46875 0.34814814814814815 0.026041666666666668 0.046296296296296294
4 0.39479166666666665 0.35555555555555557 0.026041666666666668 0.046296296296296294
4 0.44947916666666665 0.35555555555555557 0.026041666666666668 0.046296296296296294
4 0.6494791666666667 0.35462962962962963 0.026041666666666668 0.046296296296296294
2 0.16510416666666666 0.3731481481481482 0.026041666666666668 0.046296296296296294
4 0.4083333333333333 0.37037037037037035 0.026041666666666668 0.046296296296296294
4 0.4166666666666667 0.37037037037037035 0.026041666666666668 0.046296296296296294
4 0.4953125 0.3712962962962963 0.026041666666666668 0.046296296296296294
4 0.5067708333333333 0.3685185185185185 0.026041666666666668 0.046296296296296294
2 0.21979166666666666 0.37777777777777777 0.026041666666666668 0.046296296296296294
4 0.3828125 0.3787037037037037 0.026041666666666668 0.046296296296296294
4 0.44947916666666665 0.3787037037037037 0.026041666666666668 0.046296296296296294
4 0.5161458333333333 0.38981481481481484 0.026041666666666668 0.046296296296296294
4 0.49583333333333335 0.3925925925925926 0.026041666666666668 0.046296296296296294
4 0.5036458333333333 0.3925925925925926 0.026041666666666668 0.046296296296296294
4 0.5104166666666666 0.39444444444444443 0.026041666666666668 0.046296296296296294
4 0.65 0.39166666666666666 0.026041666666666668 0.046296296296296294
4 0.6578125 0.4027777777777778 0.026041666666666668 0.046296296296296294
2 0.21197916666666666 0.4111111111111111 0.026041666666666668 0.046296296296296294
4 0.4875 0.4111111111111111 0.026041666666666668 0.046296296296296294
4 0.6546875 0.41203703703703703 0.026041666666666668 0.046296296296296294
2 0.19947916666666668 0.4166666666666667 0.026041666666666668 0.046296296296296294
4 0.6625 0.425 0.026041666666666668 0.046296296296296294
4 0.5161458333333333 0.4351851851851852 0.026041666666666668 0.046296296296296294
3 0.6833333333333333 0.43333333333333335 0.026041666666666668 0.046296296296296294
4 0.65 0.4388888888888889 0.026041666666666668 0.046296296296296294
3 0.69375 0.4388888888888889 0.026041666666666668 0.046296296296296294
4 0.5078125 0.45092592592592595 0.026041666666666668 0.046296296296296294
3 0.6703125 0.45185185185185184 0.026041666666666668 0.046296296296296294
3 0.6869791666666667 0.45092592592592595 0.026041666666666668 0.046296296296296294
3 0.7046875 0.44814814814814813 0.026041666666666668 0.046296296296296294
3 0.7109375 0.44814814814814813 0.026041666666666668 0.046296296296296294
4 0.6661458333333333 0.45925925925925926 0.026041666666666668 0.046296296296296294
4 0.5197916666666667 0.4638888888888889 0.026041666666666668 0.046296296296296294
3 0.6864583333333333 0.4648148148148148 0.026041666666666668 0.046296296296296294
4 0.5322916666666667 0.4703703703703704 0.026041666666666668 0.046296296296296294
4 0.6661458333333333 0.4740740740740741 0.026041666666666668 0.046296296296296294
4 0.5802083333333333 0.4777777777777778 0.026041666666666668 0.046296296296296294
4 0.4953125 0.48703703703703705 0.026041666666666668 0.046296296296296294
4 0.5213541666666667 0.487962962962963 0.026041666666666668 0.046296296296296294
3 0.6703125 0.49722222222222223 0.026041666666666668 0.046296296296296294
4 0.615625 0.5037037037037037 0.026041666666666668 0.046296296296296294
3 0.6979166666666666 0.5037037037037037 0.026041666666666668 0.046296296296296294
4 0.6046875 0.5194444444444445 0.026041666666666668 0.046296296296296294
3 0.6697916666666667 0.5185185185185185 0.026041666666666668 0.046296296296296294
4 0.6239583333333333 0.524074074074074 0.026041666666666668 0.046296296296296294
3 0.6984375 0.5231481481481481 0.026041666666666668 0.046296296296296294
4 0.46197916666666666 0.5407407407407407 0.026041666666666668 0.046296296296296294
3 0.7192708333333333 0.5388888888888889 0.026041666666666668 0.046296296296296294
4 0.384375 0.5453703703703704 0.026041666666666668 0.046296296296296294
4 0.6380208333333334 0.5509259259259259 0.026041666666666668 0.046296296296296294
4 0.40729166666666666 0.5648148148148148 0.026041666666666668 0.046296296296296294
4 0.45416666666666666 0.5685185185185185 0.026041666666666668 0.046296296296296294
4 0.5213541666666667 0.5666666666666667 0.026041666666666668 0.046296296296296294
4 0.6197916666666666 0.5731481481481482 0.026041666666666668 0.046296296296296294
4 0.3890625 0.5796296296296296 0.026041666666666668 0.046296296296296294
4 0.6609375 0.5796296296296296 0.026041666666666668 0.046296296296296294
4 0.5166666666666667 0.5888888888888889 0.026041666666666668 0.046296296296296294
4 0.6359375 0.5907407407407408 0.026041666666666668 0.046296296296296294
4 0.6119791666666666 0.6 0.026041666666666668 0.046296296296296294
3 0.7317708333333334 0.6018518518518519 0.026041666666666668 0.046296296296296294
4 0.621875 0.612037037037037 0.026041666666666668 0.046296296296296294
4 0.653125 0.6092592592592593 0.026041666666666668 0.046296296296296294
4 0.4875 0.6259259259259259 0.026041666666666668 0.046296296296296294
4 0.5328125 0.6287037037037037 0.026041666666666668 0.046296296296296294
1 0.5614583333333333 0.6722222222222223 0.026041666666666668 0.046296296296296294
1 0.5213541666666667 0.6925925925925925 0.026041666666666668 0.046296296296296294
1 0.5796875 0.6972222222222222 0.026041666666666668 0.046296296296296294
1 0.8828125 0.7435185185185185 0.026041666666666668 0.046296296296296294
1 0.8994791666666667 0.7444444444444445 0.026041666666666668 0.046296296296296294
1 0.6494791666666667 0.75 0.026041666666666668 0.046296296296296294
1 0.4015625 0.7611111111111111 0.026041666666666668 0.046296296296296294
1 0.5765625 0.7731481481481481 0.026041666666666668 0.046296296296296294
1 0.84375 0.7574074074074074 0.026041666666666668 0.046296296296296294
1 0.5276041666666667 0.8055555555555556 0.026041666666666668 0.046296296296296294
1 0.21927083333333333 0.8305555555555556 0.026041666666666668 0.046296296296296294
1 0.8239583333333333 0.8388888888888889 0.026041666666666668 0.046296296296296294
1 0.8739583333333333 0.8342592592592593 0.026041666666666668 0.046296296296296294
1 0.17083333333333334 0.8296296296296296 0.026041666666666668 0.046296296296296294
1 0.12864583333333332 0.8842592592592593 0.026041666666666668 0.046296296296296294
1 0.4317708333333333 0.887962962962963 0.026041666666666668 0.046296296296296294
1 0.8625 0.9018518518518519 0.026041666666666668 0.046296296296296294
1 0.471875 0.9046296296296297 0.026041666666666668 0.046296296296296294
1 0.2421875 0.9166666666666666 0.026041666666666668 0.046296296296296294
1 0.40677083333333336 0.9166666666666666 0.026041666666666668 0.046296296296296294
1 0.033854166666666664 0.925 0.026041666666666668 0.046296296296296294
1 0.2734375 0.925 0.026041666666666668 0.046296296296296294
1 0.7697916666666667 0.9453703703703704 0.026041666666666668 0.046296296296296294
1 0.7161458333333334 0.95 0.026041666666666668 0.046296296296296294
1 0.9776041666666667 0.9583333333333334 0.026041666666666668 0.046296296296296294
1 0.690625 0.9712962962962963 0.026041666666666668 0.046296296296296294
1 0.07291666666666667 0.9824074074074074 0.026041666666666668 0.046296296296296294
1 0.10104166666666667 0.9925925925925926 0.026041666666666668 0.046296296296296294
2 0.17395833333333333 0.43148148148148147 0.026041666666666668 0.046296296296296294
2 0.23020833333333332 0.6296296296296297 0.026041666666666668 0.046296296296296294
1 0.22604166666666667 0.6833333333333333 0.026041666666666668 0.046296296296296294
1 0.278125 0.9611111111111111 0.026041666666666668 0.046296296296296294
4 0.409375 0.42407407407407405 0.026041666666666668 0.046296296296296294
4 0.6072916666666667 0.6481481481481481 0.026041666666666668 0.046296296296296294
1 0.8135416666666667 0.9259259259259259 0.026041666666666668 0.046296296296296294
1 0.865625 0.9592592592592593 0.026041666666666668 0.046296296296296294
1 0.8291666666666667 0.8685185185185185 0.026041666666666668 0.046296296296296294
3 0.8604166666666667 0.5148148148148148 0.026041666666666668 0.046296296296296294
3 0.7208333333333333 0.6259259259259259 0.026041666666666668 0.046296296296296294
1 0.7270833333333333 0.7185185185185186 0.026041666666666668 0.046296296296296294
1 0.7770833333333333 0.674074074074074 0.026041666666666668 0.046296296296296294
3 0.7625 0.65 0.026041666666666668 0.046296296296296294
3 0.759375 0.562962962962963 0.026041666666666668 0.046296296296296294
3 0.7354166666666667 0.5666666666666667 0.026041666666666668 0.046296296296296294
3 0.7645833333333333 0.5962962962962963 0.026041666666666668 0.046296296296296294
4 0.60625 0.5481481481481482 0.026041666666666668 0.046296296296296294
4 0.5916666666666667 0.5148148148148148 0.026041666666666668 0.046296296296296294
4 0.5354166666666667 0.5462962962962963 0.026041666666666668 0.046296296296296294
4 0.5208333333333334 0.5148148148148148 0.026041666666666668 0.046296296296296294
4 0.5072916666666667 0.5166666666666667 0.026041666666666668 0.046296296296296294
2 0.22395833333333334 0.4444444444444444 0.026041666666666668 0.046296296296296294
