0 0.471875 0.0962962962962963 0.026041666666666668 0.046296296296296294
0 0.47604166666666664 0.10740740740740741 0.026041666666666668 0.046296296296296294
0 0.4875 0.10648148148148148 0.026041666666666668 0.046296296296296294
0 0.47552083333333334 0.12314814814814815 0.026041666666666668 0.046296296296296294
0 0.4703125 0.13055555555555556 0.026041666666666668 0.046296296296296294
0 0.4822916666666667 0.13055555555555556 0.026041666666666668 0.046296296296296294
0 0.490625 0.13055555555555556 0.026041666666666668 0.046296296296296294
0 0.44114583333333335 0.13333333333333333 0.026041666666666668 0.046296296296296294
0 0.4453125 0.13240740740740742 0.026041666666666668 0.046296296296296294
0 0.4588541666666667 0.13240740740740742 0.026041666666666668 0.046296296296296294
0 0.4947916666666667 0.13796296296296295 0.026041666666666668 0.046296296296296294
0 0.4578125 0.1425925925925926 0.026041666666666668 0.046296296296296294
0 0.4947916666666667 0.14722222222222223 0.026041666666666668 0.046296296296296294
0 0.4739583333333333 0.1537037037037037 0.026041666666666668 0.046296296296296294
0 0.4901041666666667 0.16203703703703703 0.026041666666666668 0.046296296296296294
0 0.4875 0.16944444444444445 0.026041666666666668 0.046296296296296294
0 0.49947916666666664 0.17592592592592593 0.026041666666666668 0.046296296296296294
0 0.4401041666666667 0.18425925925925926 0.026041666666666668 0.046296296296296294
0 0.4739583333333333 0.1824074074074074 0.026041666666666668 0.046296296296296294
0 0.515625 0.18518518518518517 0.026041666666666668 0.046296296296296294
0 0.43072916666666666 0.20092592592592592 0.026041666666666668 0.046296296296296294
0 0.4583333333333333 0.1935185185185185 0.026041666666666668 0.046296296296296294
0 0.465625 0.20092592592592592 0.026041666666666668 0.046296296296296294
0 0.4765625 0.22314814814814815 0.026041666666666668 0.046296296296296294
0 0.43697916666666664 0.23055555555555557 0.026041666666666668 0.046296296296296294
0 0.4479166666666667 0.23148148148148148 0.026041666666666668 0.046296296296296294
0 0.4666666666666667 0.22685185185185186 0.026041666666666668 0.046296296296296294
0 0.5067708333333333 0.22592592592592592 0.026041666666666668 0.046296296296296294
0 0.47760416666666666 0.23703703703703705 0.026041666666666668 0.046296296296296294
0 0.4890625 0.23703703703703705 0.026041666666666668 0.046296296296296294
0 0.41354166666666664 0.25092592592592594 0.026041666666666668 0.046296296296296294
0 0.4203125 0.2518518518518518 0.026041666666666668 0.046296296296296294
0 0.48854166666666665 0.2611111111111111 0.026041666666666668 0.046296296296296294
0 0.665625 0.2601851851851852 0.026041666666666668 0.046296296296296294
0 0.5072916666666667 0.27037037037037037 0.026041666666666668 0.046296296296296294
0 0.440625 0.27685185185185185 0.026041666666666668 0.046296296296296294
0 0.49166666666666664 0.2777777777777778 0.026041666666666668 0.046296296296296294
0 0.5026041666666666 0.27870370370370373 0.026041666666666668 0.046296296296296294
0 0.5322916666666667 0.2759259259259259 0.026041666666666668 0.046296296296296294
0 0.5447916666666667 0.2777777777777778 0.026041666666666668 0.046296296296296294
0 0.5026041666666666 0.28703703703703703 0.026041666666666668 0.046296296296296294
0 0.44114583333333335 0.29074074074074074 0.026041666666666668 0.046296296296296294
0 0.528125 0.2953703703703704 0.026041666666666668 0.046296296296296294
0 0.5380208333333333 0.29444444444444445 0.026041666666666668 0.046296296296296294
0 0.41458333333333336 0.30185185185185187 0.026041666666666668 0.046296296296296294
0 0.4359375 0.30185185185185187 0.026041666666666668 0.046296296296296294
0 0.4953125 0.30185185185185187 0.026041666666666668 0.046296296296296294
0 0.4578125 0.31203703703703706 0.026041666666666668 0.046296296296296294
0 0.4786458333333333 0.30925925925925923 0.026041666666666668 0.046296296296296294
0 0.49895833333333334 0.30833333333333335 0.026041666666666668 0.046296296296296294
0 0.4161458333333333 0.3175925925925926 0.026041666666666668 0.046296296296296294
0 0.43333333333333335 0.3175925925925926 0.026041666666666668 0.046296296296296294
0 0.49114583333333334 0.31666666666666665 0.026041666666666668 0.046296296296296294
0 0.5119791666666667 0.31851851851851853 0.026041666666666668 0.046296296296296294
0 0.53125 0.31574074074074077 0.026041666666666668 0.046296296296296294
0 0.6984375 0.31574074074074077 0.026041666666666668 0.046296296296296294
0 0.4744791666666667 0.32407407407407407 0.026041666666666668 0.046296296296296294
0 0.49947916666666664 0.32314814814814813 0.026041666666666668 0.046296296296296294
0 0.5510416666666667 0.32407407407407407 0.026041666666666668 0.046296296296296294
0 0.440625 0.33055555555555555 0.026041666666666668 0.046296296296296294
0 0.45208333333333334 0.33240740740740743 0.026041666666666668 0.046296296296296294
4 0.503125 0.3398148148148148 0.026041666666666668 0.046296296296296294
4 0.5380208333333333 0.3388888888888889 0.026041666666666668 0.046296296296296294
4 0.415625 0.34814814814814815 0.026041666666666668 0.046296296296296294
4 0.475 0.3425925925925926 0.026041666666666668 0.046296296296296294
4 0.4859375 0.34629629629629627 0.026041666666666668 0.046296296296296294
4 0.40520833333333334 0.35648148148148145 0.026041666666666668 0.046296296296296294
4 0.4005208333333333 0.3638888888888889 0.026041666666666668 0.046296296296296294
4 0.41510416666666666 0.362962962962963 0.026041666666666668 0.046296296296296294
4 0.5119791666666667 0.36203703703703705 0.026041666666666668 0.046296296296296294
4 0.3958333333333333 0.3814814814814815 0.026041666666666668 0.046296296296296294
4 0.4036458333333333 0.37777777777777777 0.026041666666666668 0.046296296296296294
4 0.415625 0.37777777777777777 0.026041666666666668 0.046296296296296294
4 0.45677083333333335 0.3787037037037037 0.026041666666666668 0.046296296296296294
4 0.5119791666666667 0.37777777777777777 0.026041666666666668 0.046296296296296294
4 0.38697916666666665 0.3861111111111111 0.026041666666666668 0.046296296296296294
4 0.4244791666666667 0.38425925925925924 0.026041666666666668 0.046296296296296294
4 0.4359375 0.38796296296296295 0.026041666666666668 0.046296296296296294
4 0.49583333333333335 0.387037037037037 0.026041666666666668 0.046296296296296294
4 0.5161458333333333 0.387037037037037 0.026041666666666668 0.046296296296296294
2 0.215625 0.39444444444444443 0.026041666666666668 0.046296296296296294
4 0.4083333333333333 0.40185185185185185 0.026041666666666668 0.046296296296296294
4 0.4276041666666667 0.4009259259259259 0.026041666666666668 0.046296296296296294
4 0.5145833333333333 0.4 0.026041666666666668 0.046296296296296294
4 0.6515625 0.40185185185185185 0.026041666666666668 0.046296296296296294
4 0.39010416666666664 0.4101851851851852 0.026041666666666668 0.046296296296296294
4 0.4583333333333333 0.4074074074074074 0.026041666666666668 0.046296296296296294
4 0.4828125 0.4074074074074074 0.026041666666666668 0.046296296296296294
4 0.43333333333333335 0.41574074074074074 0.026041666666666668 0.046296296296296294
4 0.5104166666666666 0.41759259259259257 0.026041666666666668 0.046296296296296294
2 0.17083333333333334 0.42592592592592593 0.026041666666666668 0.046296296296296294
4 0.39479166666666665 0.42592592592592593 0.026041666666666668 0.046296296296296294
4 0.4984375 0.425 0.026041666666666668 0.046296296296296294
3 0.6697916666666667 0.42314814814814816 0.026041666666666668 0.046296296296296294
4 0.4161458333333333 0.4351851851851852 0.026041666666666668 0.046296296296296294
4 0.4828125 0.4324074074074074 0.026041666666666668 0.046296296296296294
4 0.5208333333333334 0.43425925925925923 0.026041666666666668 0.046296296296296294
4 0.38697916666666665 0.44351851851851853 0.026041666666666668 0.046296296296296294
4 0.3953125 0.4398148148148148 0.026041666666666668 0.046296296296296294
4 0.403125 0.43796296296296294 0.026041666666666668 0.046296296296296294
3 0.6677083333333333 0.4351851851851852 0.026041666666666668 0.046296296296296294
3 0.7057291666666666 0.4388888888888889 0.026041666666666668 0.046296296296296294
3 0.6776041666666667 0.4462962962962963 0.026041666666666668 0.046296296296296294
4 0.38645833333333335 0.4583333333333333 0.026041666666666668 0.046296296296296294
4 0.39895833333333336 0.4546296296296296 0.026041666666666668 0.046296296296296294
4 0.4109375 0.46296296296296297 0.026041666666666668 0.046296296296296294
3 0.6895833333333333 0.4638888888888889 0.026041666666666668 0.046296296296296294
4 0.37447916666666664 0.4722222222222222 0.026041666666666668 0.046296296296296294
4 0.38645833333333335 0.4722222222222222 0.026041666666666668 0.046296296296296294
4 0.5088541666666667 0.4722222222222222 0.026041666666666668 0.046296296296296294
3 0.6901041666666666 0.4787037037037037 0.026041666666666668 0.046296296296296294
4 0.3875 0.487962962962963 0.026041666666666668 0.046296296296296294
4 0.5328125 0.49074074074074076 0.026041666666666668 0.046296296296296294
4 0.6041666666666666 0.48518518518518516 0.026041666666666668 0.046296296296296294
4 0.6208333333333333 0.4888888888888889 0.026041666666666668 0.046296296296296294
3 0.6833333333333333 0.487962962962963 0.026041666666666668 0.046296296296296294
4 0.3958333333333333 0.4962962962962963 0.026041666666666668 0.046296296296296294
4 0.5255208333333333 0.5074074074074074 0.026041666666666668 0.046296296296296294
4 0.6322916666666667 0.5027777777777778 0.026041666666666668 0.046296296296296294
3 0.6916666666666667 0.5009259259259259 0.026041666666666668 0.046296296296296294
4 0.5880208333333333 0.512962962962963 0.026041666666666668 0.046296296296296294
3 0.6989583333333333 0.512962962962963 0.026041666666666668 0.046296296296296294
4 0.3875 0.5203703703703704 0.026041666666666668 0.046296296296296294
4 0.4276041666666667 0.5222222222222223 0.026041666666666668 0.046296296296296294
4 0.5166666666666667 0.5268518518518519 0.026041666666666668 0.046296296296296294
4 0.5369791666666667 0.5259259259259259 0.026041666666666668 0.046296296296296294
4 0.665625 0.5268518518518519 0.026041666666666668 0.046296296296296294
3 0.753125 0.5222222222222223 0.026041666666666668 0.046296296296296294
4 0.5817708333333333 0.5314814814814814 0.026041666666666668 0.046296296296296294
3 0.721875 0.5314814814814814 0.026041666666666668 0.046296296296296294
4 0.39166666666666666 0.5425925925925926 0.026041666666666668 0.046296296296296294
4 0.5536458333333333 0.537962962962963 0.026041666666666668 0.046296296296296294
3 0.6953125 0.549074074074074 0.026041666666666668 0.046296296296296294
4 0.38697916666666665 0.5583333333333333 0.026041666666666668 0.046296296296296294
4 0.4161458333333333 0.5583333333333333 0.026041666666666668 0.046296296296296294
3 0.7114583333333333 0.5638888888888889 0.026041666666666668 0.046296296296296294
4 0.6395833333333333 0.5796296296296296 0.026041666666666668 0.046296296296296294
4 0.6041666666666666 0.587037037037037 0.026041666666666668 0.046296296296296294
3 0.7526041666666666 0.6185185185185185 0.026041666666666668 0.046296296296296294
3 0.70625 0.6583333333333333 0.026041666666666668 0.046296296296296294
1 0.7411458333333333 0.6703703703703704 0.026041666666666668 0.046296296296296294
1 0.5359375 0.6768518518518518 0.026041666666666668 0.046296296296296294
1 0.5333333333333333 0.7287037037037037 0.026041666666666668 0.046296296296296294
1 0.8854166666666666 0.7388888888888889 0.026041666666666668 0.046296296296296294
1 0.8890625 0.7962962962962963 0.026041666666666668 0.046296296296296294
1 0.965625 0.8074074074074075 0.026041666666666668 0.046296296296296294
1 0.8067708333333333 0.8231481481481482 0.026041666666666668 0.046296296296296294
1 0.8286458333333333 0.8314814814814815 0.026041666666666668 0.046296296296296294
1 0.9953125 0.8583333333333333 0.026041666666666668 0.046296296296296294
1 0.7552083333333334 0.8935185185185185 0.026041666666666668 0.046296296296296294
1 0.8239583333333333 0.9259259259259259 0.026041666666666668 0.046296296296296294
1 0.6083333333333333 0.7037037037037037 0.026041666666666668 0.046296296296296294
3 0.7677083333333333 0.587037037037037 0.026041666666666668 0.046296296296296294
3 0.690625 0.6037037037037037 0.026041666666666668 0.046296296296296294
3 0.696875 0.5796296296296296 0.026041666666666668 0.046296296296296294
4 0.6510416666666666 0.43148148148148147 0.026041666666666668 0.046296296296296294
4 0.45729166666666665 0.43703703703703706 0.026041666666666668 0.046296296296296294
4 0.45208333333333334 0.5333333333333333 0.026041666666666668 0.046296296296296294
