0 0.4708333333333333 0.1287037037037037 0.026041666666666668 0.046296296296296294
0 0.490625 0.12962962962962962 0.026041666666666668 0.046296296296296294
0 0.46510416666666665 0.13703703703703704 0.026041666666666668 0.046296296296296294
0 0.4786458333333333 0.14537037037037037 0.026041666666666668 0.046296296296296294
0 0.4625 0.15555555555555556 0.026041666666666668 0.046296296296296294
0 0.4828125 0.15648148148148147 0.026041666666666668 0.046296296296296294
0 0.453125 0.1675925925925926 0.026041666666666668 0.046296296296296294
0 0.4322916666666667 0.17592592592592593 0.026041666666666668 0.046296296296296294
0 0.4734375 0.17777777777777778 0.026041666666666668 0.046296296296296294
0 0.4276041666666667 0.18796296296296297 0.026041666666666668 0.046296296296296294
0 0.5041666666666667 0.18518518518518517 0.026041666666666668 0.046296296296296294
0 0.4666666666666667 0.1925925925925926 0.026041666666666668 0.046296296296296294
0 0.48333333333333334 0.19722222222222222 0.026041666666666668 0.046296296296296294
0 0.4953125 0.20185185185185187 0.026041666666666668 0.046296296296296294
0 0.42083333333333334 0.2064814814814815 0.026041666666666668 0.046296296296296294
0 0.465625 0.20925925925925926 0.026041666666666668 0.046296296296296294
0 0.44947916666666665 0.2175925925925926 0.026041666666666668 0.046296296296296294
0 0.4140625 0.22777777777777777 0.026041666666666668 0.046296296296296294
0 0.5145833333333333 0.23055555555555557 0.026041666666666668 0.046296296296296294
0 0.46197916666666666 0.2361111111111111 0.026041666666666668 0.046296296296296294
0 0.4875 0.25555555555555554 0.026041666666666668 0.046296296296296294
0 0.5104166666666666 0.2601851851851852 0.026041666666666668 0.046296296296296294
0 0.48125 0.26666666666666666 0.026041666666666668 0.046296296296296294
0 0.49375 0.26944444444444443 0.026041666666666668 0.046296296296296294
0 0.4828125 0.2740740740740741 0.026041666666666668 0.046296296296296294
0 0.5489583333333333 0.2777777777777778 0.026041666666666668 0.046296296296296294
0 0.4942708333333333 0.2851851851851852 0.026041666666666668 0.046296296296296294
0 0.5109375 0.2851851851851852 0.026041666666666668 0.046296296296296294
0 0.55 0.29259259259259257 0.026041666666666668 0.046296296296296294
0 0.45677083333333335 0.30277777777777776 0.026041666666666668 0.046296296296296294
0 0.4317708333333333 0.30185185185185187 0.026041666666666668 0.046296296296296294
0 0.5114583333333333 0.30925925925925923 0.026041666666666668 0.046296296296296294
0 0.43802083333333336 0.3111111111111111 0.026041666666666668 0.046296296296296294
0 0.46979166666666666 0.31574074074074077 0.026041666666666668 0.046296296296296294
0 0.5036458333333333 0.31666666666666665 0.026041666666666668 0.046296296296296294
0 0.5145833333333333 0.3175925925925926 0.026041666666666668 0.046296296296296294
0 0.4817708333333333 0.32407407407407407 0.026041666666666668 0.046296296296296294
0 0.44479166666666664 0.3314814814814815 0.026041666666666668 0.046296296296296294
0 0.45677083333333335 0.3287037037037037 0.026041666666666668 0.046296296296296294
0 0.49947916666666664 0.3314814814814815 0.026041666666666668 0.046296296296296294
4 0.5286458333333334 0.3416666666666667 0.026041666666666668 0.046296296296296294
4 0.44583333333333336 0.34444444444444444 0.026041666666666668 0.046296296296296294
4 0.5208333333333334 0.34814814814814815 0.026041666666666668 0.046296296296296294
4 0.5479166666666667 0.34814814814814815 0.026041666666666668 0.046296296296296294
4 0.375 0.35555555555555557 0.026041666666666668 0.046296296296296294
4 0.38645833333333335 0.3537037037037037 0.026041666666666668 0.046296296296296294
4 0.3953125 0.35462962962962963 0.026041666666666668 0.046296296296296294
4 0.4036458333333333 0.35648148148148145 0.026041666666666668 0.046296296296296294
4 0.46145833333333336 0.3537037037037037 0.026041666666666668 0.046296296296296294
4 0.41302083333333334 0.3611111111111111 0.026041666666666668 0.046296296296296294
4 0.4942708333333333 0.362962962962963 0.026041666666666668 0.046296296296296294
4 0.5083333333333333 0.3638888888888889 0.026041666666666668 0.046296296296296294
4 0.5239583333333333 0.3638888888888889 0.026041666666666668 0.046296296296296294
4 0.4088541666666667 0.37222222222222223 0.026041666666666668 0.046296296296296294
4 0.453125 0.3712962962962963 0.026041666666666668 0.046296296296296294
3 0.6776041666666667 0.37037037037037035 0.026041666666666668 0.046296296296296294
4 0.5119791666666667 0.37962962962962965 0.026041666666666668 0.046296296296296294
4 0.5463541666666667 0.37962962962962965 0.026041666666666668 0.046296296296296294
4 0.39166666666666666 0.38425925925925924 0.026041666666666668 0.046296296296296294
4 0.40260416666666665 0.3888888888888889 0.026041666666666668 0.046296296296296294
4 0.41354166666666664 0.39537037037037037 0.026041666666666668 0.046296296296296294
4 0.5161458333333333 0.3962962962962963 0.026041666666666668 0.046296296296296294
4 0.6546875 0.39444444444444443 0.026041666666666668 0.046296296296296294
4 0.5026041666666666 0.4 0.026041666666666668 0.046296296296296294
3 0.6755208333333333 0.40370370370370373 0.026041666666666668 0.046296296296296294
2 0.18177083333333333 0.40925925925925927 0.026041666666666668 0.046296296296296294
2 0.20729166666666668 0.4111111111111111 0.026041666666666668 0.046296296296296294
4 0.6546875 0.4111111111111111 0.026041666666666668 0.046296296296296294
4 0.4265625 0.4101851851851852 0.026041666666666668 0.046296296296296294
4 0.49895833333333334 0.4185185185185185 0.026041666666666668 0.046296296296296294
4 0.5130208333333334 0.41944444444444445 0.026041666666666668 0.046296296296296294
4 0.653125 0.425 0.026041666666666668 0.046296296296296294
2 0.20208333333333334 0.4351851851851852 0.026041666666666668 0.046296296296296294
4 0.5177083333333333 0.43425925925925923 0.026041666666666668 0.046296296296296294
3 0.7072916666666667 0.43796296296296294 0.026041666666666668 0.046296296296296294
2 0.17864583333333334 0.44814814814814813 0.026041666666666668 0.046296296296296294
4 0.5239583333333333 0.4583333333333333 0.026041666666666668 0.046296296296296294
2 0.203125 0.46111111111111114 0.026041666666666668 0.046296296296296294
4 0.5166666666666667 0.4759259259259259 0.026041666666666668 0.046296296296296294
2 0.17864583333333334 0.4888888888888889 0.026041666666666668 0.046296296296296294
4 0.5213541666666667 0.4888888888888889 0.026041666666666668 0.046296296296296294
3 0.6895833333333333 0.4888888888888889 0.026041666666666668 0.046296296296296294
4 0.6619791666666667 0.5037037037037037 0.026041666666666668 0.046296296296296294
3 0.7078125 0.5037037037037037 0.026041666666666668 0.046296296296296294
4 0.47760416666666666 0.5148148148148148 0.026041666666666668 0.046296296296296294
4 0.49166666666666664 0.5175925925925926 0.026041666666666668 0.046296296296296294
4 0.525 0.5175925925925926 0.026041666666666668 0.046296296296296294
4 0.6369791666666667 0.5203703703703704 0.026041666666666668 0.046296296296296294
3 0.6958333333333333 0.5185185185185185 0.026041666666666668 0.046296296296296294
4 0.4171875 0.5342592592592592 0.026041666666666668 0.046296296296296294
4 0.6286458333333333 0.5361111111111111 0.026041666666666668 0.046296296296296294
3 0.7223958333333333 0.5351851851851852 0.026041666666666668 0.046296296296296294
3 0.7114583333333333 0.5388888888888889 0.026041666666666668 0.046296296296296294
4 0.384375 0.5388888888888889 0.026041666666666668 0.046296296296296294
4 0.421875 0.5481481481481482 0.026041666666666668 0.046296296296296294
4 0.5671875 0.5555555555555556 0.026041666666666668 0.046296296296296294
4 0.6026041666666667 0.5574074074074075 0.026041666666666668 0.046296296296296294
3 0.7203125 0.5583333333333333 0.026041666666666668 0.046296296296296294
4 0.44895833333333335 0.5638888888888889 0.026041666666666668 0.046296296296296294
4 0.49895833333333334 0.5722222222222222 0.026041666666666668 0.046296296296296294
4 0.5307291666666667 0.5712962962962963 0.026041666666666668 0.046296296296296294
4 0.5489583333333333 0.5666666666666667 0.026041666666666668 0.046296296296296294
4 0.5838541666666667 0.5685185185185185 0.026041666666666668 0.046296296296296294
4 0.6567708333333333 0.5648148148148148 0.026041666666666668 0.046296296296296294
3 0.7286458333333333 0.575 0.026041666666666668 0.046296296296296294
4 0.48333333333333334 0.5898148148148148 0.026041666666666668 0.046296296296296294
2 0.22916666666666666 0.600925925925926 0.026041666666666668 0.046296296296296294
2 0.22135416666666666 0.6129629629629629 0.026041666666666668 0.046296296296296294
3 0.7223958333333333 0.6157407407407407 0.026041666666666668 0.046296296296296294
4 0.5177083333333333 0.6416666666666667 0.026041666666666668 0.046296296296296294
3 0.7619791666666667 0.6435185185185185 0.026041666666666668 0.046296296296296294
4 0.521875 0.6564814814814814 0.026041666666666668 0.046296296296296294
4 0.6286458333333333 0.6657407407407407 0.026041666666666668 0.046296296296296294
3 0.7375 0.6657407407407407 0.026041666666666668 0.046296296296296294
1 0.14479166666666668 0.674074074074074 0.026041666666666668 0.046296296296296294
1 0.7026041666666667 0.674074074074074 0.026041666666666668 0.046296296296296294
1 0.17864583333333334 0.6796296296296296 0.026041666666666668 0.046296296296296294
1 0.22864583333333333 0.7074074074074074 0.026041666666666668 0.046296296296296294
1 0.7786458333333334 0.6925925925925925 0.026041666666666668 0.046296296296296294
1 0.10885416666666667 0.725925925925926 0.026041666666666668 0.046296296296296294
1 0.18697916666666667 0.7314814814814815 0.026041666666666668 0.046296296296296294
1 0.5958333333333333 0.7166666666666667 0.026041666666666668 0.046296296296296294
1 0.14947916666666666 0.737037037037037 0.026041666666666668 0.046296296296296294
1 0.11041666666666666 0.7509259259259259 0.026041666666666668 0.046296296296296294
1 0.15 0.7509259259259259 0.026041666666666668 0.046296296296296294
1 0.6578125 0.7574074074074074 0.026041666666666668 0.046296296296296294
1 0.8848958333333333 0.7481481481481481 0.026041666666666668 0.046296296296296294
1 0.37447916666666664 0.775 0.026041666666666668 0.046296296296296294
1 0.096875 0.7935185185185185 0.026041666666666668 0.046296296296296294
1 0.4036458333333333 0.8046296296296296 0.026041666666666668 0.046296296296296294
1 0.621875 0.8046296296296296 0.026041666666666668 0.046296296296296294
1 0.20052083333333334 0.8212962962962963 0.026041666666666668 0.046296296296296294
1 0.7708333333333334 0.8388888888888889 0.026041666666666668 0.046296296296296294
1 0.6921875 0.8546296296296296 0.026041666666666668 0.046296296296296294
1 0.9776041666666667 0.850925925925926 0.026041666666666668 0.046296296296296294
1 0.7869791666666667 0.8731481481481481 0.026041666666666668 0.046296296296296294
1 0.175 0.8935185185185185 0.026041666666666668 0.046296296296296294
1 0.08385416666666666 0.8972222222222223 0.026041666666666668 0.046296296296296294
1 0.12552083333333333 0.9009259259259259 0.026041666666666668 0.046296296296296294
1 0.49375 0.9009259259259259 0.026041666666666668 0.046296296296296294
1 0.578125 0.9185185185185185 0.026041666666666668 0.046296296296296294
1 0.9703125 0.9453703703703704 0.026041666666666668 0.046296296296296294
1 0.21197916666666666 0.987037037037037 0.026041666666666668 0.046296296296296294
1 0.9953125 0.9842592592592593 0.026041666666666668 0.046296296296296294
1 0.035416666666666666 0.9166666666666666 0.026041666666666668 0.046296296296296294
1 0.06458333333333334 0.8518518518518519 0.026041666666666668 0.046296296296296294
1 0.11041666666666666 0.837037037037037 0.026041666666666668 0.046296296296296294
1 0.15520833333333334 0.837037037037037 0.026041666666666668 0.046296296296296294
1 0.2125 0.7666666666666667 0.026041666666666668 0.046296296296296294
1 0.18229166666666666 0.7703703703703704 0.026041666666666668 0.046296296296296294
2 0.225 0.44814814814814813 0.026041666666666668 0.046296296296296294
1 0.55 0.8296296296296296 0.026041666666666668 0.046296296296296294
1 0.65625 0.9685185185185186 0.026041666666666668 0.046296296296296294
1 0.825 0.8685185185185185 0.026041666666666668 0.046296296296296294
1 0.8260416666666667 0.8407407407407408 0.026041666666666668 0.046296296296296294
1 0.8677083333333333 0.8185185185185185 0.026041666666666668 0.046296296296296294
1 0.9979166666666667 0.85 0.026041666666666668 0.046296296296296294
1 0.6864583333333333 0.6833333333333333 0.026041666666666668 0.046296296296296294
1 0.66875 0.674074074074074 0.026041666666666668 0.046296296296296294
3 0.7541666666666667 0.5574074074074075 0.026041666666666668 0.046296296296296294
3 0.7677083333333333 0.575925925925926 0.026041666666666668 0.046296296296296294
0 0.69375 0.29074074074074074 0.026041666666666668 0.046296296296296294
0 0.709375 0.3074074074074074 0.026041666666666668 0.046296296296296294
4 0.4552083333333333 0.42407407407407405 0.026041666666666668 0.046296296296296294
