0 0.4708333333333333 0.09537037037037037 0.026041666666666668 0.046296296296296294
0 0.4786458333333333 0.0962962962962963 0.026041666666666668 0.046296296296296294
0 0.4744791666666667 0.10740740740740741 0.026041666666666668 0.046296296296296294
0 0.48333333333333334 0.10555555555555556 0.026041666666666668 0.046296296296296294
0 0.4869791666666667 0.10648148148148148 0.026041666666666668 0.046296296296296294
0 0.4703125 0.11388888888888889 0.026041666666666668 0.046296296296296294
0 0.4828125 0.12129629629629629 0.026041666666666668 0.046296296296296294
0 0.49166666666666664 0.11944444444444445 0.026041666666666668 0.046296296296296294
0 0.4708333333333333 0.12962962962962962 0.026041666666666668 0.046296296296296294
0 0.490625 0.1287037037037037 0.026041666666666668 0.046296296296296294
0 0.4484375 0.13240740740740742 0.026041666666666668 0.046296296296296294
0 0.4588541666666667 0.13425925925925927 0.026041666666666668 0.046296296296296294
0 0.46145833333333336 0.13518518518518519 0.026041666666666668 0.046296296296296294
0 0.4828125 0.1388888888888889 0.026041666666666668 0.046296296296296294
0 0.4401041666666667 0.14629629629629629 0.026041666666666668 0.046296296296296294
0 0.4739583333333333 0.14629629629629629 0.026041666666666668 0.046296296296296294
0 0.4953125 0.14629629629629629 0.026041666666666668 0.046296296296296294
0 0.4666666666666667 0.15462962962962962 0.026041666666666668 0.046296296296296294
0 0.4354166666666667 0.16018518518518518 0.026041666666666668 0.046296296296296294
0 0.4796875 0.15925925925925927 0.026041666666666668 0.046296296296296294
0 0.4901041666666667 0.15833333333333333 0.026041666666666668 0.046296296296296294
0 0.4322916666666667 0.16944444444444445 0.026041666666666668 0.046296296296296294
0 0.4859375 0.16944444444444445 0.026041666666666668 0.046296296296296294
0 0.5036458333333333 0.1685185185185185 0.026041666666666668 0.046296296296296294
0 0.4666666666666667 0.175 0.026041666666666668 0.046296296296296294
0 0.46041666666666664 0.18333333333333332 0.026041666666666668 0.046296296296296294
0 0.44166666666666665 0.22037037037037038 0.026041666666666668 0.046296296296296294
0 0.4791666666666667 0.22037037037037038 0.026041666666666668 0.046296296296296294
0 0.5109375 0.23055555555555557 0.026041666666666668 0.046296296296296294
0 0.4953125 0.2388888888888889 0.026041666666666668 0.046296296296296294
0 0.5026041666666666 0.2388888888888889 0.026041666666666668 0.046296296296296294
0 0.4875 0.24351851851851852 0.026041666666666668 0.046296296296296294
0 0.5 0.24722222222222223 0.026041666666666668 0.046296296296296294
0 0.5109375 0.2462962962962963 0.026041666666666668 0.046296296296296294
0 0.4817708333333333 0.2537037037037037 0.026041666666666668 0.046296296296296294
0 0.47291666666666665 0.262037037037037 0.026041666666666668 0.046296296296296294
0 0.4953125 0.2611111111111111 0.026041666666666668 0.046296296296296294
0 0.5125 0.2611111111111111 0.026041666666666668 0.046296296296296294
0 0.4609375 0.2638888888888889 0.026041666666666668 0.046296296296296294
0 0.50625 0.27037037037037037 0.026041666666666668 0.046296296296296294
0 0.5130208333333334 0.2833333333333333 0.026041666666666668 0.046296296296296294
0 0.5203125 0.2861111111111111 0.026041666666666668 0.046296296296296294
0 0.70625 0.2833333333333333 0.026041666666666668 0.046296296296296294
0 0.46041666666666664 0.287962962962963 0.026041666666666668 0.046296296296296294
0 0.4744791666666667 0.28888888888888886 0.026041666666666668 0.046296296296296294
0 0.503125 0.2935185185185185 0.026041666666666668 0.046296296296296294
0 0.6875 0.2916666666666667 0.026041666666666668 0.046296296296296294
0 0.48802083333333335 0.30092592592592593 0.026041666666666668 0.046296296296296294
0 0.4109375 0.30462962962962964 0.026041666666666668 0.046296296296296294
0 0.4270833333333333 0.3055555555555556 0.026041666666666668 0.046296296296296294
0 0.43645833333333334 0.30925925925925923 0.026041666666666668 0.046296296296296294
0 0.4484375 0.30833333333333335 0.026041666666666668 0.046296296296296294
0 0.5109375 0.3111111111111111 0.026041666666666668 0.046296296296296294
0 0.46145833333333336 0.3148148148148148 0.026041666666666668 0.046296296296296294
0 0.5322916666666667 0.31666666666666665 0.026041666666666668 0.046296296296296294
0 0.42135416666666664 0.32222222222222224 0.026041666666666668 0.046296296296296294
0 0.4901041666666667 0.32592592592592595 0.026041666666666668 0.046296296296296294
4 0.4510416666666667 0.33425925925925926 0.026041666666666668 0.046296296296296294
0 0.45729166666666665 0.33240740740740743 0.026041666666666668 0.046296296296296294
0 0.5114583333333333 0.3314814814814815 0.026041666666666668 0.046296296296296294
4 0.5208333333333334 0.33425925925925926 0.026041666666666668 0.046296296296296294
4 0.4265625 0.337037037037037 0.026041666666666668 0.046296296296296294
4 0.37864583333333335 0.34629629629629627 0.026041666666666668 0.046296296296296294
4 0.4078125 0.3472222222222222 0.026041666666666668 0.046296296296296294
4 0.4197916666666667 0.3472222222222222 0.026041666666666668 0.046296296296296294
4 0.44427083333333334 0.3472222222222222 0.026041666666666668 0.046296296296296294
4 0.46041666666666664 0.34444444444444444 0.026041666666666668 0.046296296296296294
4 0.5114583333333333 0.3490740740740741 0.026041666666666668 0.046296296296296294
4 0.39010416666666664 0.35555555555555557 0.026041666666666668 0.046296296296296294
4 0.3958333333333333 0.35648148148148145 0.026041666666666668 0.046296296296296294
4 0.4114583333333333 0.3592592592592593 0.026041666666666668 0.046296296296296294
4 0.4375 0.35555555555555557 0.026041666666666668 0.046296296296296294
4 0.453125 0.35462962962962963 0.026041666666666668 0.046296296296296294
4 0.46197916666666666 0.3527777777777778 0.026041666666666668 0.046296296296296294
4 0.4791666666666667 0.35555555555555557 0.026041666666666668 0.046296296296296294
4 0.5072916666666667 0.35833333333333334 0.026041666666666668 0.046296296296296294
4 0.37395833333333334 0.3638888888888889 0.026041666666666668 0.046296296296296294
4 0.4036458333333333 0.3648148148148148 0.026041666666666668 0.046296296296296294
4 0.471875 0.3648148148148148 0.026041666666666668 0.046296296296296294
4 0.39114583333333336 0.3675925925925926 0.026041666666666668 0.046296296296296294
4 0.4161458333333333 0.3712962962962963 0.026041666666666668 0.046296296296296294
4 0.4578125 0.3712962962962963 0.026041666666666668 0.046296296296296294
4 0.5067708333333333 0.37222222222222223 0.026041666666666668 0.046296296296296294
3 0.6776041666666667 0.36944444444444446 0.026041666666666668 0.046296296296296294
4 0.39947916666666666 0.37962962962962965 0.026041666666666668 0.046296296296296294
4 0.4078125 0.37777777777777777 0.026041666666666668 0.046296296296296294
4 0.44583333333333336 0.37962962962962965 0.026041666666666668 0.046296296296296294
4 0.4661458333333333 0.3768518518518518 0.026041666666666668 0.046296296296296294
4 0.515625 0.37777777777777777 0.026041666666666668 0.046296296296296294
4 0.6505208333333333 0.37777777777777777 0.026041666666666668 0.046296296296296294
4 0.6541666666666667 0.37777777777777777 0.026041666666666668 0.046296296296296294
4 0.49895833333333334 0.38981481481481484 0.026041666666666668 0.046296296296296294
4 0.5197916666666667 0.3861111111111111 0.026041666666666668 0.046296296296296294
2 0.21979166666666666 0.39166666666666666 0.026041666666666668 0.046296296296296294
4 0.4005208333333333 0.39166666666666666 0.026041666666666668 0.046296296296296294
4 0.6546875 0.39444444444444443 0.026041666666666668 0.046296296296296294
4 0.41510416666666666 0.40185185185185185 0.026041666666666668 0.046296296296296294
3 0.7609375 0.4009259259259259 0.026041666666666668 0.046296296296296294
2 0.2078125 0.40555555555555556 0.026041666666666668 0.046296296296296294
4 0.4625 0.40925925925925927 0.026041666666666668 0.046296296296296294
2 0.190625 0.41574074074074074 0.026041666666666668 0.046296296296296294
2 0.16770833333333332 0.42592592592592593 0.026041666666666668 0.046296296296296294
4 0.44427083333333334 0.42685185185185187 0.026041666666666668 0.046296296296296294
4 0.6536458333333334 0.42592592592592593 0.026041666666666668 0.046296296296296294
4 0.4276041666666667 0.43333333333333335 0.026041666666666668 0.046296296296296294
4 0.4875 0.42962962962962964 0.026041666666666668 0.046296296296296294
4 0.5114583333333333 0.43333333333333335 0.026041666666666668 0.046296296296296294
4 0.49947916666666664 0.44166666666666665 0.026041666666666668 0.046296296296296294
3 0.7072916666666667 0.43796296296296294 0.026041666666666668 0.046296296296296294
4 0.5119791666666667 0.45092592592592595 0.026041666666666668 0.046296296296296294
4 0.6619791666666667 0.45 0.026041666666666668 0.046296296296296294
4 0.42083333333333334 0.45925925925925926 0.026041666666666668 0.046296296296296294
4 0.440625 0.45555555555555555 0.026041666666666668 0.046296296296296294
3 0.6932291666666667 0.4564814814814815 0.026041666666666668 0.046296296296296294
4 0.49947916666666664 0.46296296296296297 0.026041666666666668 0.046296296296296294
4 0.5291666666666667 0.4648148148148148 0.026041666666666668 0.046296296296296294
4 0.6609375 0.4601851851851852 0.026041666666666668 0.046296296296296294
3 0.6854166666666667 0.47314814814814815 0.026041666666666668 0.046296296296296294
4 0.46510416666666665 0.4787037037037037 0.026041666666666668 0.046296296296296294
4 0.5119791666666667 0.4787037037037037 0.026041666666666668 0.046296296296296294
4 0.5239583333333333 0.4787037037037037 0.026041666666666668 0.046296296296296294
4 0.478125 0.49722222222222223 0.026041666666666668 0.046296296296296294
4 0.5244791666666667 0.49444444444444446 0.026041666666666668 0.046296296296296294
4 0.6026041666666667 0.49537037037037035 0.026041666666666668 0.046296296296296294
3 0.6828125 0.4935185185185185 0.026041666666666668 0.046296296296296294
4 0.38177083333333334 0.5027777777777778 0.026041666666666668 0.046296296296296294
4 0.5385416666666667 0.5046296296296297 0.026041666666666668 0.046296296296296294
4 0.4203125 0.5111111111111111 0.026041666666666668 0.046296296296296294
3 0.6911458333333333 0.5111111111111111 0.026041666666666668 0.046296296296296294
4 0.403125 0.5185185185185185 0.026041666666666668 0.046296296296296294
4 0.5791666666666667 0.5185185185185185 0.026041666666666668 0.046296296296296294
4 0.5864583333333333 0.5175925925925926 0.026041666666666668 0.046296296296296294
4 0.6348958333333333 0.5185185185185185 0.026041666666666668 0.046296296296296294
4 0.4786458333333333 0.5268518518518519 0.026041666666666668 0.046296296296296294
4 0.5619791666666667 0.525 0.026041666666666668 0.046296296296296294
4 0.6078125 0.5287037037037037 0.026041666666666668 0.046296296296296294
4 0.6651041666666667 0.5277777777777778 0.026041666666666668 0.046296296296296294
3 0.6869791666666667 0.5268518518518519 0.026041666666666668 0.046296296296296294
3 0.7526041666666666 0.524074074074074 0.026041666666666668 0.046296296296296294
4 0.525 0.5342592592592592 0.026041666666666668 0.046296296296296294
3 0.7208333333333333 0.5370370370370371 0.026041666666666668 0.046296296296296294
4 0.39791666666666664 0.549074074074074 0.026041666666666668 0.046296296296296294
4 0.5458333333333333 0.5509259259259259 0.026041666666666668 0.046296296296296294
4 0.5942708333333333 0.5472222222222223 0.026041666666666668 0.046296296296296294
4 0.6359375 0.5703703703703704 0.026041666666666668 0.046296296296296294
3 0.73125 0.5694444444444444 0.026041666666666668 0.046296296296296294
4 0.6416666666666667 0.5898148148148148 0.026041666666666668 0.046296296296296294
3 0.7677083333333333 0.5861111111111111 0.026041666666666668 0.046296296296296294
3 0.6911458333333333 0.6351851851851852 0.026041666666666668 0.046296296296296294
4 0.44375 0.6370370370370371 0.026041666666666668 0.046296296296296294
4 0.6458333333333334 0.6583333333333333 0.026041666666666668 0.046296296296296294
1 0.771875 0.6731481481481482 0.026041666666666668 0.046296296296296294
1 0.18645833333333334 0.6898148148148148 0.026041666666666668 0.046296296296296294
1 0.6583333333333333 0.7055555555555556 0.026041666666666668 0.046296296296296294
1 0.8822916666666667 0.7398148148148148 0.026041666666666668 0.046296296296296294
1 0.4791666666666667 0.75 0.026041666666666668 0.046296296296296294
1 0.5817708333333333 0.7666666666666667 0.026041666666666668 0.046296296296296294
1 0.8239583333333333 0.8388888888888889 0.026041666666666668 0.046296296296296294
1 0.7578125 0.8435185185185186 0.026041666666666668 0.046296296296296294
1 0.975 0.8472222222222222 0.026041666666666668 0.046296296296296294
1 0.8286458333333333 0.8675925925925926 0.026041666666666668 0.046296296296296294
1 0.9953125 0.8657407407407407 0.026041666666666668 0.046296296296296294
1 0.8182291666666667 0.9092592592592592 0.026041666666666668 0.046296296296296294
1 0.9729166666666667 0.9416666666666667 0.026041666666666668 0.046296296296296294
1 0.2947916666666667 0.9861111111111112 0.026041666666666668 0.046296296296296294
2 0.07916666666666666 0.6666666666666666 0.026041666666666668 0.046296296296296294
1 0.184375 0.9814814814814815 0.026041666666666668 0.046296296296296294
1 0.75 0.9407407407407408 0.026041666666666668 0.046296296296296294
3 0.7625 0.6185185185185185 0.026041666666666668 0.046296296296296294
3 0.7479166666666667 0.6259259259259259 0.026041666666666668 0.046296296296296294
4 0.5770833333333333 0.5555555555555556 0.026041666666666668 0.046296296296296294
4 0.6239583333333333 0.4888888888888889 0.026041666666666668 0.046296296296296294
