0 0.471875 0.0962962962962963 0.026041666666666668 0.046296296296296294
0 0.48802083333333335 0.1037037037037037 0.026041666666666668 0.046296296296296294
0 0.4822916666666667 0.12129629629629629 0.026041666666666668 0.046296296296296294
0 0.49114583333333334 0.12222222222222222 0.026041666666666668 0.046296296296296294
0 0.46197916666666666 0.12777777777777777 0.026041666666666668 0.046296296296296294
0 0.44947916666666665 0.1361111111111111 0.026041666666666668 0.046296296296296294
0 0.4786458333333333 0.13796296296296295 0.026041666666666668 0.046296296296296294
0 0.4901041666666667 0.1388888888888889 0.026041666666666668 0.046296296296296294
0 0.44166666666666665 0.14166666666666666 0.026041666666666668 0.046296296296296294
0 0.44583333333333336 0.14537037037037037 0.026041666666666668 0.046296296296296294
0 0.4552083333333333 0.14537037037037037 0.026041666666666668 0.046296296296296294
0 0.4625 0.1425925925925926 0.026041666666666668 0.046296296296296294
0 0.46979166666666666 0.14444444444444443 0.026041666666666668 0.046296296296296294
0 0.475 0.15462962962962962 0.026041666666666668 0.046296296296296294
0 0.44635416666666666 0.16018518518518518 0.026041666666666668 0.046296296296296294
0 0.46979166666666666 0.16666666666666666 0.026041666666666668 0.046296296296296294
0 0.475 0.1824074074074074 0.026041666666666668 0.046296296296296294
0 0.4864583333333333 0.1824074074074074 0.026041666666666668 0.046296296296296294
0 0.4796875 0.20185185185185187 0.026041666666666668 0.046296296296296294
0 0.44479166666666664 0.20277777777777778 0.026041666666666668 0.046296296296296294
0 0.4713541666666667 0.2222222222222222 0.026041666666666668 0.046296296296296294
0 0.45364583333333336 0.25925925925925924 0.026041666666666668 0.046296296296296294
0 0.5104166666666666 0.26296296296296295 0.026041666666666668 0.046296296296296294
0 0.5041666666666667 0.2796296296296296 0.026041666666666668 0.046296296296296294
0 0.6953125 0.28703703703703703 0.026041666666666668 0.046296296296296294
0 0.4197916666666667 0.2935185185185185 0.026041666666666668 0.046296296296296294
0 0.5078125 0.29259259259259257 0.026041666666666668 0.046296296296296294
0 0.41302083333333334 0.2972222222222222 0.026041666666666668 0.046296296296296294
0 0.6708333333333333 0.2962962962962963 0.026041666666666668 0.046296296296296294
0 0.42864583333333334 0.30925925925925923 0.026041666666666668 0.046296296296296294
0 0.4953125 0.3037037037037037 0.026041666666666668 0.046296296296296294
0 0.4171875 0.31574074074074077 0.026041666666666668 0.046296296296296294
0 0.44583333333333336 0.3148148148148148 0.026041666666666668 0.046296296296296294
0 0.46770833333333334 0.31666666666666665 0.026041666666666668 0.046296296296296294
0 0.47291666666666665 0.3175925925925926 0.026041666666666668 0.046296296296296294
0 0.49947916666666664 0.31851851851851853 0.026041666666666668 0.046296296296296294
0 0.5067708333333333 0.31666666666666665 0.026041666666666668 0.046296296296296294
0 0.703125 0.3138888888888889 0.026041666666666668 0.046296296296296294
0 0.46927083333333336 0.32407407407407407 0.026041666666666668 0.046296296296296294
0 0.5151041666666667 0.32407407407407407 0.026041666666666668 0.046296296296296294
0 0.421875 0.3314814814814815 0.026041666666666668 0.046296296296296294
0 0.428125 0.3314814814814815 0.026041666666666668 0.046296296296296294
4 0.453125 0.33425925925925926 0.026041666666666668 0.046296296296296294
4 0.490625 0.33425925925925926 0.026041666666666668 0.046296296296296294
4 0.415625 0.3398148148148148 0.026041666666666668 0.046296296296296294
4 0.44947916666666665 0.3388888888888889 0.026041666666666668 0.046296296296296294
4 0.46979166666666666 0.3398148148148148 0.026041666666666668 0.046296296296296294
4 0.5036458333333333 0.3416666666666667 0.026041666666666668 0.046296296296296294
4 0.45260416666666664 0.3472222222222222 0.026041666666666668 0.046296296296296294
4 0.37916666666666665 0.35462962962962963 0.026041666666666668 0.046296296296296294
4 0.38645833333333335 0.3537037037037037 0.026041666666666668 0.046296296296296294
4 0.39895833333333336 0.35555555555555557 0.026041666666666668 0.046296296296296294
4 0.43697916666666664 0.3537037037037037 0.026041666666666668 0.046296296296296294
4 0.44947916666666665 0.35648148148148145 0.026041666666666668 0.046296296296296294
4 0.49114583333333334 0.3537037037037037 0.026041666666666668 0.046296296296296294
4 0.375 0.3648148148148148 0.026041666666666668 0.046296296296296294
4 0.4875 0.36574074074074076 0.026041666666666668 0.046296296296296294
4 0.5026041666666666 0.362962962962963 0.026041666666666668 0.046296296296296294
4 0.6510416666666666 0.3638888888888889 0.026041666666666668 0.046296296296296294
4 0.37864583333333335 0.37222222222222223 0.026041666666666668 0.046296296296296294
4 0.5052083333333334 0.36944444444444446 0.026041666666666668 0.046296296296296294
2 0.2203125 0.3787037037037037 0.026041666666666668 0.046296296296296294
4 0.390625 0.3814814814814815 0.026041666666666668 0.046296296296296294
4 0.4083333333333333 0.38055555555555554 0.026041666666666668 0.046296296296296294
4 0.4453125 0.3768518518518518 0.026041666666666668 0.046296296296296294
4 0.45625 0.3768518518518518 0.026041666666666668 0.046296296296296294
2 0.190625 0.3907407407407407 0.026041666666666668 0.046296296296296294
4 0.37552083333333336 0.3962962962962963 0.026041666666666668 0.046296296296296294
4 0.453125 0.3962962962962963 0.026041666666666668 0.046296296296296294
4 0.46875 0.39166666666666666 0.026041666666666668 0.046296296296296294
4 0.4744791666666667 0.3907407407407407 0.026041666666666668 0.046296296296296294
4 0.4822916666666667 0.39351851851851855 0.026041666666666668 0.046296296296296294
4 0.50625 0.39351851851851855 0.026041666666666668 0.046296296296296294
4 0.6489583333333333 0.39444444444444443 0.026041666666666668 0.046296296296296294
4 0.415625 0.4 0.026041666666666668 0.046296296296296294
4 0.5151041666666667 0.40185185185185185 0.026041666666666668 0.046296296296296294
2 0.17447916666666666 0.4083333333333333 0.026041666666666668 0.046296296296296294
4 0.403125 0.4083333333333333 0.026041666666666668 0.046296296296296294
4 0.4453125 0.41388888888888886 0.026041666666666668 0.046296296296296294
4 0.4786458333333333 0.412962962962963 0.026041666666666668 0.046296296296296294
4 0.6494791666666667 0.4083333333333333 0.026041666666666668 0.046296296296296294
4 0.6609375 0.40925925925925927 0.026041666666666668 0.046296296296296294
4 0.44479166666666664 0.42685185185185187 0.026041666666666668 0.046296296296296294
4 0.4703125 0.42592592592592593 0.026041666666666668 0.046296296296296294
4 0.6614583333333334 0.43333333333333335 0.026041666666666668 0.046296296296296294
3 0.6734375 0.4351851851851852 0.026041666666666668 0.046296296296296294
4 0.6536458333333334 0.4398148148148148 0.026041666666666668 0.046296296296296294
4 0.665625 0.44351851851851853 0.026041666666666668 0.046296296296296294
4 0.5244791666666667 0.44907407407407407 0.026041666666666668 0.046296296296296294
3 0.6864583333333333 0.45092592592592595 0.026041666666666668 0.046296296296296294
3 0.7 0.44722222222222224 0.026041666666666668 0.046296296296296294
4 0.6588541666666666 0.45740740740740743 0.026041666666666668 0.046296296296296294
4 0.6651041666666667 0.4583333333333333 0.026041666666666668 0.046296296296296294
3 0.6776041666666667 0.4564814814814815 0.026041666666666668 0.046296296296296294
3 0.7072916666666667 0.4564814814814815 0.026041666666666668 0.046296296296296294
4 0.4505208333333333 0.4638888888888889 0.026041666666666668 0.046296296296296294
4 0.46145833333333336 0.4666666666666667 0.026041666666666668 0.046296296296296294
3 0.6869791666666667 0.46296296296296297 0.026041666666666668 0.046296296296296294
4 0.5145833333333333 0.4722222222222222 0.026041666666666668 0.046296296296296294
3 0.6786458333333333 0.4759259259259259 0.026041666666666668 0.046296296296296294
4 0.6088541666666667 0.487962962962963 0.026041666666666668 0.046296296296296294
4 0.528125 0.49444444444444446 0.026041666666666668 0.046296296296296294
4 0.665625 0.4981481481481482 0.026041666666666668 0.046296296296296294
4 0.5958333333333333 0.5111111111111111 0.026041666666666668 0.046296296296296294
4 0.640625 0.5175925925925926 0.026041666666666668 0.046296296296296294
4 0.6229166666666667 0.5259259259259259 0.026041666666666668 0.046296296296296294
3 0.6671875 0.5268518518518519 0.026041666666666668 0.046296296296296294
4 0.5125 0.5333333333333333 0.026041666666666668 0.046296296296296294
3 0.7338541666666667 0.5305555555555556 0.026041666666666668 0.046296296296296294
4 0.6286458333333333 0.5444444444444444 0.026041666666666668 0.046296296296296294
4 0.6078125 0.5472222222222223 0.026041666666666668 0.046296296296296294
4 0.43645833333333334 0.5564814814814815 0.026041666666666668 0.046296296296296294
4 0.6666666666666666 0.5592592592592592 0.026041666666666668 0.046296296296296294
4 0.61875 0.5657407407407408 0.026041666666666668 0.046296296296296294
4 0.4036458333333333 0.5703703703703704 0.026041666666666668 0.046296296296296294
4 0.5239583333333333 0.5731481481481482 0.026041666666666668 0.046296296296296294
4 0.6083333333333333 0.5796296296296296 0.026041666666666668 0.046296296296296294
4 0.6333333333333333 0.5787037037037037 0.026041666666666668 0.046296296296296294
3 0.7322916666666667 0.5777777777777777 0.026041666666666668 0.046296296296296294
4 0.6453125 0.587037037037037 0.026041666666666668 0.046296296296296294
4 0.6114583333333333 0.5962962962962963 0.026041666666666668 0.046296296296296294
4 0.47291666666666665 0.6046296296296296 0.026041666666666668 0.046296296296296294
4 0.6625 0.6037037037037037 0.026041666666666668 0.046296296296296294
4 0.6286458333333333 0.6138888888888889 0.026041666666666668 0.046296296296296294
4 0.5546875 0.6287037037037037 0.026041666666666668 0.046296296296296294
4 0.43802083333333336 0.6333333333333333 0.026041666666666668 0.046296296296296294
4 0.49270833333333336 0.6314814814814815 0.026041666666666668 0.046296296296296294
4 0.5838541666666667 0.6351851851851852 0.026041666666666668 0.046296296296296294
3 0.7572916666666667 0.6361111111111111 0.026041666666666668 0.046296296296296294
4 0.5166666666666667 0.6611111111111111 0.026041666666666668 0.046296296296296294
4 0.5041666666666667 0.662962962962963 0.026041666666666668 0.046296296296296294
4 0.5864583333333333 0.6620370370370371 0.026041666666666668 0.046296296296296294
1 0.48020833333333335 0.6935185185185185 0.026041666666666668 0.046296296296296294
1 0.6333333333333333 0.7083333333333334 0.026041666666666668 0.046296296296296294
1 0.728125 0.7157407407407408 0.026041666666666668 0.046296296296296294
1 0.5552083333333333 0.7240740740740741 0.026041666666666668 0.046296296296296294
1 0.4395833333333333 0.737037037037037 0.026041666666666668 0.046296296296296294
1 0.32916666666666666 0.7842592592592592 0.026041666666666668 0.046296296296296294
1 0.6953125 0.7824074074074074 0.026041666666666668 0.046296296296296294
1 0.8078125 0.8185185185185185 0.026041666666666668 0.046296296296296294
1 0.19322916666666667 0.8481481481481481 0.026041666666666668 0.046296296296296294
1 0.050520833333333334 0.862037037037037 0.026041666666666668 0.046296296296296294
1 0.12760416666666666 0.8583333333333333 0.026041666666666668 0.046296296296296294
1 0.08125 0.8657407407407407 0.026041666666666668 0.046296296296296294
1 0.022916666666666665 0.8777777777777778 0.026041666666666668 0.046296296296296294
1 0.4375 0.8851851851851852 0.026041666666666668 0.046296296296296294
1 0.19635416666666666 0.9 0.026041666666666668 0.046296296296296294
1 0.06822916666666666 0.9148148148148149 0.026041666666666668 0.046296296296296294
1 0.25104166666666666 0.924074074074074 0.026041666666666668 0.046296296296296294
1 0.30364583333333334 0.9212962962962963 0.026041666666666668 0.046296296296296294
1 0.9677083333333333 0.9388888888888889 0.026041666666666668 0.046296296296296294
1 0.025 0.9740740740740741 0.026041666666666668 0.046296296296296294
1 0.17395833333333333 0.9685185185185186 0.026041666666666668 0.046296296296296294
1 0.2838541666666667 0.9694444444444444 0.026041666666666668 0.046296296296296294
1 0.13645833333333332 0.987037037037037 0.026041666666666668 0.046296296296296294
2 0.16458333333333333 0.587037037037037 0.026041666666666668 0.046296296296296294
2 0.18854166666666666 0.46111111111111114 0.026041666666666668 0.046296296296296294
2 0.22083333333333333 0.4388888888888889 0.026041666666666668 0.046296296296296294
1 0.47291666666666665 0.9074074074074074 0.026041666666666668 0.046296296296296294
1 0.6208333333333333 0.7333333333333333 0.026041666666666668 0.046296296296296294
1 0.7177083333333333 0.8092592592592592 0.026041666666666668 0.046296296296296294
1 0.834375 0.924074074074074 0.026041666666666668 0.046296296296296294
1 0.778125 0.9018518518518519 0.026041666666666668 0.046296296296296294
1 0.8625 0.8944444444444445 0.026041666666666668 0.046296296296296294
1 0.8833333333333333 0.7481481481481481 0.026041666666666668 0.046296296296296294
3 0.7666666666666667 0.5833333333333334 0.026041666666666668 0.046296296296296294
3 0.7479166666666667 0.5592592592592592 0.026041666666666668 0.046296296296296294
3 0.6864583333333333 0.5166666666666667 0.026041666666666668 0.046296296296296294
4 0.5135416666666667 0.5944444444444444 0.026041666666666668 0.046296296296296294
4 0.43020833333333336 0.6111111111111112 0.026041666666666668 0.046296296296296294
4 0.4 0.4462962962962963 0.026041666666666668 0.046296296296296294
4 0.3875 0.42962962962962964 0.026041666666666668 0.046296296296296294
4 0.3802083333333333 0.45185185185185184 0.026041666666666668 0.046296296296296294
3 0.71875 0.6388888888888888 0.026041666666666668 0.046296296296296294
4 0.61875 0.6370370370370371 0.026041666666666668 0.046296296296296294
1 0.778125 0.6703703703703704 0.026041666666666668 0.046296296296296294
