0 0.4822916666666667 0.12037037037037036 0.026041666666666668 0.046296296296296294
0 0.49114583333333334 0.13055555555555556 0.026041666666666668 0.046296296296296294
0 0.4427083333333333 0.13240740740740742 0.026041666666666668 0.046296296296296294
0 0.44895833333333335 0.13333333333333333 0.026041666666666668 0.046296296296296294
0 0.4552083333333333 0.13240740740740742 0.026041666666666668 0.046296296296296294
0 0.46145833333333336 0.13425925925925927 0.026041666666666668 0.046296296296296294
0 0.4739583333333333 0.14629629629629629 0.026041666666666668 0.046296296296296294
0 0.46145833333333336 0.15 0.026041666666666668 0.046296296296296294
0 0.43072916666666666 0.1712962962962963 0.026041666666666668 0.046296296296296294
0 0.4739583333333333 0.1675925925925926 0.026041666666666668 0.046296296296296294
0 0.4479166666666667 0.1712962962962963 0.026041666666666668 0.046296296296296294
0 0.4317708333333333 0.18425925925925926 0.026041666666666668 0.046296296296296294
0 0.4828125 0.2212962962962963 0.026041666666666668 0.046296296296296294
0 0.44479166666666664 0.23148148148148148 0.026041666666666668 0.046296296296296294
0 0.6536458333333334 0.2611111111111111 0.026041666666666668 0.046296296296296294
0 0.46197916666666666 0.2657407407407407 0.026041666666666668 0.046296296296296294
0 0.4864583333333333 0.2712962962962963 0.026041666666666668 0.046296296296296294
0 0.49322916666666666 0.2759259259259259 0.026041666666666668 0.046296296296296294
0 0.5375 0.2759259259259259 0.026041666666666668 0.046296296296296294
0 0.5453125 0.27685185185185185 0.026041666666666668 0.046296296296296294
0 0.4375 0.2861111111111111 0.026041666666666668 0.046296296296296294
0 0.46197916666666666 0.2851851851851852 0.026041666666666668 0.046296296296296294
0 0.5114583333333333 0.2824074074074074 0.026041666666666668 0.046296296296296294
0 0.6911458333333333 0.2851851851851852 0.026041666666666668 0.046296296296296294
0 0.4578125 0.2962962962962963 0.026041666666666668 0.046296296296296294
0 0.5005208333333333 0.29259259259259257 0.026041666666666668 0.046296296296296294
0 0.5114583333333333 0.30092592592592593 0.026041666666666668 0.046296296296296294
0 0.525 0.30277777777777776 0.026041666666666668 0.046296296296296294
0 0.428125 0.3074074074074074 0.026041666666666668 0.046296296296296294
0 0.43854166666666666 0.31574074074074077 0.026041666666666668 0.046296296296296294
0 0.5036458333333333 0.31666666666666665 0.026041666666666668 0.046296296296296294
0 0.5151041666666667 0.31666666666666665 0.026041666666666668 0.046296296296296294
0 0.528125 0.3175925925925926 0.026041666666666668 0.046296296296296294
0 0.42916666666666664 0.3194444444444444 0.026041666666666668 0.046296296296296294
0 0.4510416666666667 0.3287037037037037 0.026041666666666668 0.046296296296296294
0 0.45729166666666665 0.3314814814814815 0.026041666666666668 0.046296296296296294
0 0.515625 0.3314814814814815 0.026041666666666668 0.046296296296296294
4 0.4588541666666667 0.3472222222222222 0.026041666666666668 0.046296296296296294
4 0.5192708333333333 0.34814814814814815 0.026041666666666668 0.046296296296296294
4 0.3776041666666667 0.3537037037037037 0.026041666666666668 0.046296296296296294
4 0.39947916666666666 0.35555555555555557 0.026041666666666668 0.046296296296296294
4 0.5067708333333333 0.35462962962962963 0.026041666666666668 0.046296296296296294
4 0.4953125 0.3638888888888889 0.026041666666666668 0.046296296296296294
4 0.5244791666666667 0.3638888888888889 0.026041666666666668 0.046296296296296294
4 0.3802083333333333 0.36944444444444446 0.026041666666666668 0.046296296296296294
4 0.38697916666666665 0.37037037037037035 0.026041666666666668 0.046296296296296294
4 0.49583333333333335 0.37962962962962965 0.026041666666666668 0.046296296296296294
4 0.5161458333333333 0.3787037037037037 0.026041666666666668 0.046296296296296294
3 0.6822916666666666 0.3925925925925926 0.026041666666666668 0.046296296296296294
3 0.7286458333333333 0.39537037037037037 0.026041666666666668 0.046296296296296294
2 0.19322916666666667 0.40185185185185185 0.026041666666666668 0.046296296296296294
4 0.6604166666666667 0.40185185185185185 0.026041666666666668 0.046296296296296294
4 0.5083333333333333 0.4101851851851852 0.026041666666666668 0.046296296296296294
4 0.4609375 0.41759259259259257 0.026041666666666668 0.046296296296296294
4 0.5 0.42592592592592593 0.026041666666666668 0.046296296296296294
4 0.40729166666666666 0.4305555555555556 0.026041666666666668 0.046296296296296294
4 0.41875 0.43333333333333335 0.026041666666666668 0.046296296296296294
4 0.4328125 0.43425925925925923 0.026041666666666668 0.046296296296296294
4 0.478125 0.43425925925925923 0.026041666666666668 0.046296296296296294
4 0.5151041666666667 0.4324074074074074 0.026041666666666668 0.046296296296296294
3 0.6703125 0.4351851851851852 0.026041666666666668 0.046296296296296294
3 0.7067708333333333 0.43796296296296294 0.026041666666666668 0.046296296296296294
4 0.4114583333333333 0.4564814814814815 0.026041666666666668 0.046296296296296294
4 0.45677083333333335 0.45740740740740743 0.026041666666666668 0.046296296296296294
4 0.5078125 0.45740740740740743 0.026041666666666668 0.046296296296296294
4 0.5234375 0.4546296296296296 0.026041666666666668 0.046296296296296294
4 0.6572916666666667 0.45740740740740743 0.026041666666666668 0.046296296296296294
4 0.6614583333333334 0.45925925925925926 0.026041666666666668 0.046296296296296294
4 0.39166666666666666 0.4638888888888889 0.026041666666666668 0.046296296296296294
2 0.20416666666666666 0.47129629629629627 0.026041666666666668 0.046296296296296294
4 0.3927083333333333 0.4740740740740741 0.026041666666666668 0.046296296296296294
4 0.4375 0.4777777777777778 0.026041666666666668 0.046296296296296294
4 0.4484375 0.4824074074074074 0.026041666666666668 0.046296296296296294
4 0.5125 0.48055555555555557 0.026041666666666668 0.046296296296296294
4 0.5984375 0.48518518518518516 0.026041666666666668 0.046296296296296294
3 0.6786458333333333 0.48333333333333334 0.026041666666666668 0.046296296296296294
4 0.6609375 0.49537037037037035 0.026041666666666668 0.046296296296296294
4 0.4390625 0.4981481481481482 0.026041666666666668 0.046296296296296294
4 0.6364583333333333 0.5027777777777778 0.026041666666666668 0.046296296296296294
4 0.4859375 0.5157407407407407 0.026041666666666668 0.046296296296296294
4 0.625 0.5222222222222223 0.026041666666666668 0.046296296296296294
3 0.7119791666666667 0.5175925925925926 0.026041666666666668 0.046296296296296294
3 0.6911458333333333 0.5259259259259259 0.026041666666666668 0.046296296296296294
3 0.7166666666666667 0.5324074074074074 0.026041666666666668 0.046296296296296294
4 0.5354166666666667 0.5444444444444444 0.026041666666666668 0.046296296296296294
4 0.5088541666666667 0.5509259259259259 0.026041666666666668 0.046296296296296294
4 0.4786458333333333 0.5564814814814815 0.026041666666666668 0.046296296296296294
4 0.5713541666666667 0.5509259259259259 0.026041666666666668 0.046296296296296294
4 0.6614583333333334 0.5564814814814815 0.026041666666666668 0.046296296296296294
4 0.6005208333333333 0.562037037037037 0.026041666666666668 0.046296296296296294
3 0.7390625 0.5611111111111111 0.026041666666666668 0.046296296296296294
4 0.4119791666666667 0.5703703703703704 0.026041666666666668 0.046296296296296294
4 0.5505208333333333 0.5675925925925925 0.026041666666666668 0.046296296296296294
3 0.7567708333333333 0.5666666666666667 0.026041666666666668 0.046296296296296294
4 0.4375 0.5768518518518518 0.026041666666666668 0.046296296296296294
4 0.3880208333333333 0.5888888888888889 0.026041666666666668 0.046296296296296294
4 0.4901041666666667 0.5962962962962963 0.026041666666666668 0.046296296296296294
4 0.6489583333333333 0.5953703703703703 0.026041666666666668 0.046296296296296294
4 0.3807291666666667 0.6046296296296296 0.026041666666666668 0.046296296296296294
3 0.6828125 0.6092592592592593 0.026041666666666668 0.046296296296296294
3 0.7630208333333334 0.6212962962962963 0.026041666666666668 0.046296296296296294
2 0.21614583333333334 0.6277777777777778 0.026041666666666668 0.046296296296296294
3 0.7625 0.6435185185185185 0.026041666666666668 0.046296296296296294
3 0.7291666666666666 0.6509259259259259 0.026041666666666668 0.046296296296296294
2 0.21614583333333334 0.6555555555555556 0.026041666666666668 0.046296296296296294
1 0.7817708333333333 0.6722222222222223 0.026041666666666668 0.046296296296296294
1 0.7026041666666667 0.6777777777777778 0.026041666666666668 0.046296296296296294
1 0.16510416666666666 0.7148148148148148 0.026041666666666668 0.046296296296296294
1 0.8848958333333333 0.7472222222222222 0.026041666666666668 0.046296296296296294
1 0.8151041666666666 0.7916666666666666 0.026041666666666668 0.046296296296296294
1 0.121875 0.7953703703703704 0.026041666666666668 0.046296296296296294
1 0.7619791666666667 0.8222222222222222 0.026041666666666668 0.046296296296296294
1 0.9244791666666666 0.825925925925926 0.026041666666666668 0.046296296296296294
1 0.8291666666666667 0.8361111111111111 0.026041666666666668 0.046296296296296294
1 0.9942708333333333 0.8564814814814815 0.026041666666666668 0.046296296296296294
1 0.7890625 0.8731481481481481 0.026041666666666668 0.046296296296296294
1 0.49947916666666664 0.8916666666666667 0.026041666666666668 0.046296296296296294
1 0.7015625 0.9046296296296297 0.026041666666666668 0.046296296296296294
1 0.35833333333333334 0.9305555555555556 0.026041666666666668 0.046296296296296294
1 0.39947916666666666 0.9407407407407408 0.026041666666666668 0.046296296296296294
1 0.9692708333333333 0.9444444444444444 0.026041666666666668 0.046296296296296294
1 0.6588541666666666 0.9416666666666667 0.026041666666666668 0.046296296296296294
1 0.6348958333333333 0.9629629629629629 0.026041666666666668 0.046296296296296294
1 0.38333333333333336 0.9787037037037037 0.026041666666666668 0.046296296296296294
1 0.08958333333333333 0.9833333333333333 0.026041666666666668 0.046296296296296294
1 0.19479166666666667 0.8203703703703704 0.026041666666666668 0.046296296296296294
1 0.14583333333333334 0.8240740740740741 0.026041666666666668 0.046296296296296294
1 0.04791666666666667 0.9629629629629629 0.026041666666666668 0.046296296296296294
1 0.8302083333333333 0.8759259259259259 0.026041666666666668 0.046296296296296294
1 0.8729166666666667 0.8185185185185185 0.026041666666666668 0.046296296296296294
4 0.63125 0.662962962962963 0.026041666666666668 0.046296296296296294
4 0.6020833333333333 0.6222222222222222 0.026041666666666668 0.046296296296296294
1 0.6791666666666667 0.6833333333333333 0.026041666666666668 0.046296296296296294
4 0.6239583333333333 0.5370370370370371 0.026041666666666668 0.046296296296296294
2 0.16875 0.46296296296296297 0.026041666666666668 0.046296296296296294
2 0.21354166666666666 0.40555555555555556 0.026041666666666668 0.046296296296296294
2 0.18541666666666667 0.40925925925925927 0.026041666666666668 0.046296296296296294
