0 0.4901041666666667 0.1287037037037037 0.026041666666666668 0.046296296296296294
0 0.4505208333333333 0.13240740740740742 0.026041666666666668 0.046296296296296294
0 0.45625 0.13333333333333333 0.026041666666666668 0.046296296296296294
0 0.4609375 0.13518518518518519 0.026041666666666668 0.046296296296296294
0 0.440625 0.1425925925925926 0.026041666666666668 0.046296296296296294
0 0.47552083333333334 0.14537037037037037 0.026041666666666668 0.046296296296296294
0 0.4822916666666667 0.14537037037037037 0.026041666666666668 0.046296296296296294
0 0.6109375 0.13425925925925927 0.026041666666666668 0.046296296296296294
0 0.46145833333333336 0.15833333333333333 0.026041666666666668 0.046296296296296294
0 0.4546875 0.1638888888888889 0.026041666666666668 0.046296296296296294
0 0.4328125 0.17222222222222222 0.026041666666666668 0.046296296296296294
0 0.4671875 0.17222222222222222 0.026041666666666668 0.046296296296296294
0 0.47291666666666665 0.17685185185185184 0.026041666666666668 0.046296296296296294
0 0.496875 0.175 0.026041666666666668 0.046296296296296294
0 0.5052083333333334 0.17592592592592593 0.026041666666666668 0.046296296296296294
0 0.5119791666666667 0.17777777777777778 0.026041666666666668 0.046296296296296294
0 0.4479166666666667 0.1814814814814815 0.026041666666666668 0.046296296296296294
0 0.4609375 0.17962962962962964 0.026041666666666668 0.046296296296296294
0 0.4666666666666667 0.1814814814814815 0.026041666666666668 0.046296296296296294
0 0.48020833333333335 0.19074074074074074 0.026041666666666668 0.046296296296296294
0 0.49114583333333334 0.1935185185185185 0.026041666666666668 0.046296296296296294
0 0.4713541666666667 0.2 0.026041666666666668 0.046296296296296294
0 0.5067708333333333 0.20092592592592592 0.026041666666666668 0.046296296296296294
0 0.490625 0.21944444444444444 0.026041666666666668 0.046296296296296294
0 0.5026041666666666 0.2222222222222222 0.026041666666666668 0.046296296296296294
0 0.4630208333333333 0.24537037037037038 0.026041666666666668 0.046296296296296294
0 0.4901041666666667 0.24537037037037038 0.026041666666666668 0.046296296296296294
0 0.503125 0.24537037037037038 0.026041666666666668 0.046296296296296294
0 0.4822916666666667 0.2537037037037037 0.026041666666666668 0.046296296296296294
0 0.4166666666666667 0.275 0.026041666666666668 0.046296296296296294
0 0.4609375 0.2712962962962963 0.026041666666666668 0.046296296296296294
0 0.4942708333333333 0.275 0.026041666666666668 0.046296296296296294
0 0.5125 0.2777777777777778 0.026041666666666668 0.046296296296296294
0 0.5041666666666667 0.2851851851851852 0.026041666666666668 0.046296296296296294
0 0.6947916666666667 0.28425925925925927 0.026041666666666668 0.046296296296296294
0 0.4234375 0.2935185185185185 0.026041666666666668 0.046296296296296294
0 0.4359375 0.3055555555555556 0.026041666666666668 0.046296296296296294
0 0.44479166666666664 0.3074074074074074 0.026041666666666668 0.046296296296296294
0 0.4609375 0.3074074074074074 0.026041666666666668 0.046296296296296294
0 0.478125 0.3074074074074074 0.026041666666666668 0.046296296296296294
0 0.5036458333333333 0.3074074074074074 0.026041666666666668 0.046296296296296294
0 0.5338541666666666 0.3074074074074074 0.026041666666666668 0.046296296296296294
0 0.7078125 0.3074074074074074 0.026041666666666668 0.046296296296296294
0 0.42916666666666664 0.3277777777777778 0.026041666666666668 0.046296296296296294
0 0.44479166666666664 0.32314814814814813 0.026041666666666668 0.046296296296296294
0 0.515625 0.325 0.026041666666666668 0.046296296296296294
0 0.453125 0.33240740740740743 0.026041666666666668 0.046296296296296294
0 0.46510416666666665 0.3314814814814815 0.026041666666666668 0.046296296296296294
4 0.5088541666666667 0.3333333333333333 0.026041666666666668 0.046296296296296294
4 0.44427083333333334 0.33796296296296297 0.026041666666666668 0.046296296296296294
4 0.44895833333333335 0.3398148148148148 0.026041666666666668 0.046296296296296294
4 0.48333333333333334 0.34074074074074073 0.026041666666666668 0.046296296296296294
4 0.5192708333333333 0.34074074074074073 0.026041666666666668 0.046296296296296294
4 0.42083333333333334 0.34629629629629627 0.026041666666666668 0.046296296296296294
4 0.378125 0.35648148148148145 0.026041666666666668 0.046296296296296294
4 0.39791666666666664 0.3527777777777778 0.026041666666666668 0.046296296296296294
4 0.4708333333333333 0.3527777777777778 0.026041666666666668 0.046296296296296294
4 0.37447916666666664 0.3648148148148148 0.026041666666666668 0.046296296296296294
4 0.37916666666666665 0.3648148148148148 0.026041666666666668 0.046296296296296294
4 0.38645833333333335 0.36203703703703705 0.026041666666666668 0.046296296296296294
4 0.5125 0.3638888888888889 0.026041666666666668 0.046296296296296294
4 0.5291666666666667 0.3638888888888889 0.026041666666666668 0.046296296296296294
4 0.403125 0.36944444444444446 0.026041666666666668 0.046296296296296294
3 0.6765625 0.36666666666666664 0.026041666666666668 0.046296296296296294
4 0.5088541666666667 0.3814814814814815 0.026041666666666668 0.046296296296296294
4 0.6541666666666667 0.3787037037037037 0.026041666666666668 0.046296296296296294
4 0.3692708333333333 0.3907407407407407 0.026041666666666668 0.046296296296296294
4 0.4869791666666667 0.38425925925925924 0.026041666666666668 0.046296296296296294
2 0.21197916666666666 0.38981481481481484 0.026041666666666668 0.046296296296296294
4 0.5130208333333334 0.39444444444444443 0.026041666666666668 0.046296296296296294
2 0.1796875 0.4 0.026041666666666668 0.046296296296296294
2 0.18385416666666668 0.41759259259259257 0.026041666666666668 0.046296296296296294
4 0.5166666666666667 0.4166666666666667 0.026041666666666668 0.046296296296296294
4 0.6520833333333333 0.41574074074074074 0.026041666666666668 0.046296296296296294
4 0.6578125 0.425 0.026041666666666668 0.046296296296296294
4 0.41875 0.42592592592592593 0.026041666666666668 0.046296296296296294
4 0.5083333333333333 0.4361111111111111 0.026041666666666668 0.046296296296296294
4 0.478125 0.4398148148148148 0.026041666666666668 0.046296296296296294
4 0.6526041666666667 0.44166666666666665 0.026041666666666668 0.046296296296296294
4 0.4578125 0.4444444444444444 0.026041666666666668 0.046296296296296294
2 0.2171875 0.4546296296296296 0.026041666666666668 0.046296296296296294
4 0.503125 0.4583333333333333 0.026041666666666668 0.046296296296296294
4 0.5223958333333333 0.45555555555555555 0.026041666666666668 0.046296296296296294
3 0.703125 0.45740740740740743 0.026041666666666668 0.046296296296296294
4 0.4083333333333333 0.46296296296296297 0.026041666666666668 0.046296296296296294
4 0.3953125 0.4685185185185185 0.026041666666666668 0.046296296296296294
4 0.5244791666666667 0.4675925925925926 0.026041666666666668 0.046296296296296294
4 0.5364583333333334 0.47129629629629627 0.026041666666666668 0.046296296296296294
4 0.665625 0.47129629629629627 0.026041666666666668 0.046296296296296294
3 0.6921875 0.475 0.026041666666666668 0.046296296296296294
4 0.4734375 0.4787037037037037 0.026041666666666668 0.046296296296296294
4 0.5020833333333333 0.487962962962963 0.026041666666666668 0.046296296296296294
3 0.6833333333333333 0.48703703703703705 0.026041666666666668 0.046296296296296294
4 0.5244791666666667 0.49444444444444446 0.026041666666666668 0.046296296296296294
4 0.6328125 0.49444444444444446 0.026041666666666668 0.046296296296296294
3 0.6963541666666667 0.49722222222222223 0.026041666666666668 0.046296296296296294
4 0.6244791666666667 0.5037037037037037 0.026041666666666668 0.046296296296296294
2 0.14322916666666666 0.5074074074074074 0.026041666666666668 0.046296296296296294
4 0.590625 0.5092592592592593 0.026041666666666668 0.046296296296296294
4 0.6125 0.5111111111111111 0.026041666666666668 0.046296296296296294
4 0.6317708333333333 0.5101851851851852 0.026041666666666668 0.046296296296296294
3 0.6901041666666666 0.5120370370370371 0.026041666666666668 0.046296296296296294
3 0.6713541666666667 0.5361111111111111 0.026041666666666668 0.046296296296296294
4 0.6265625 0.5416666666666666 0.026041666666666668 0.046296296296296294
3 0.7208333333333333 0.5333333333333333 0.026041666666666668 0.046296296296296294
4 0.5338541666666666 0.5583333333333333 0.026041666666666668 0.046296296296296294
4 0.5567708333333333 0.5546296296296296 0.026041666666666668 0.046296296296296294
4 0.5932291666666667 0.5555555555555556 0.026041666666666668 0.046296296296296294
3 0.7296875 0.562962962962963 0.026041666666666668 0.046296296296296294
3 0.7536458333333333 0.5648148148148148 0.026041666666666668 0.046296296296296294
4 0.5822916666666667 0.5731481481481482 0.026041666666666668 0.046296296296296294
4 0.6458333333333334 0.5796296296296296 0.026041666666666668 0.046296296296296294
3 0.7708333333333334 0.5814814814814815 0.026041666666666668 0.046296296296296294
2 0.19583333333333333 0.587037037037037 0.026041666666666668 0.046296296296296294
2 0.225 0.6074074074074074 0.026041666666666668 0.046296296296296294
3 0.7625 0.6175925925925926 0.026041666666666668 0.046296296296296294
3 0.6822916666666666 0.6277777777777778 0.026041666666666668 0.046296296296296294
3 0.746875 0.6361111111111111 0.026041666666666668 0.046296296296296294
4 0.6333333333333333 0.6638888888888889 0.026041666666666668 0.046296296296296294
3 0.7614583333333333 0.6611111111111111 0.026041666666666668 0.046296296296296294
1 0.6015625 0.6898148148148148 0.026041666666666668 0.046296296296296294
1 0.6703125 0.712037037037037 0.026041666666666668 0.046296296296296294
1 0.15520833333333334 0.7398148148148148 0.026041666666666668 0.046296296296296294
1 0.5338541666666666 0.7509259259259259 0.026041666666666668 0.046296296296296294
1 0.8838541666666667 0.7472222222222222 0.026041666666666668 0.046296296296296294
1 0.475 0.7546296296296297 0.026041666666666668 0.046296296296296294
1 0.6770833333333334 0.7712962962962963 0.026041666666666668 0.046296296296296294
1 0.5692708333333333 0.7842592592592592 0.026041666666666668 0.046296296296296294
1 0.828125 0.8388888888888889 0.026041666666666668 0.046296296296296294
1 0.7661458333333333 0.8462962962962963 0.026041666666666668 0.046296296296296294
1 0.978125 0.8444444444444444 0.026041666666666668 0.046296296296296294
1 0.5932291666666667 0.8490740740740741 0.026041666666666668 0.046296296296296294
1 0.39166666666666666 0.8629629629629629 0.026041666666666668 0.046296296296296294
1 0.453125 0.8694444444444445 0.026041666666666668 0.046296296296296294
1 0.7875 0.8712962962962963 0.026041666666666668 0.046296296296296294
1 0.9578125 0.9462962962962963 0.026041666666666668 0.046296296296296294
1 0.3416666666666667 0.9518518518518518 0.026041666666666668 0.046296296296296294
1 0.6203125 0.95 0.026041666666666668 0.046296296296296294
1 0.9411458333333333 0.9953703703703703 0.026041666666666668 0.046296296296296294
2 0.15625 0.5925925925925926 0.026041666666666668 0.046296296296296294
1 0.871875 0.8296296296296296 0.026041666666666668 0.046296296296296294
1 0.9947916666666666 0.8666666666666667 0.026041666666666668 0.046296296296296294
4 0.4739583333333333 0.512962962962963 0.026041666666666668 0.046296296296296294
