0 0.4713541666666667 0.0962962962962963 0.026041666666666668 0.046296296296296294
0 0.4791666666666667 0.09722222222222222 0.026041666666666668 0.046296296296296294
0 0.4869791666666667 0.10462962962962963 0.026041666666666668 0.046296296296296294
0 0.48333333333333334 0.12314814814814815 0.026041666666666668 0.046296296296296294
0 0.49270833333333336 0.12037037037037036 0.026041666666666668 0.046296296296296294
0 0.4953125 0.12407407407407407 0.026041666666666668 0.046296296296296294
0 0.4703125 0.12962962962962962 0.026041666666666668 0.046296296296296294
0 0.4421875 0.13240740740740742 0.026041666666666668 0.046296296296296294
0 0.44895833333333335 0.13240740740740742 0.026041666666666668 0.046296296296296294
0 0.46145833333333336 0.13425925925925927 0.026041666666666668 0.046296296296296294
0 0.4869791666666667 0.1388888888888889 0.026041666666666668 0.046296296296296294
0 0.4817708333333333 0.14629629629629629 0.026041666666666668 0.046296296296296294
0 0.46197916666666666 0.15185185185185185 0.026041666666666668 0.046296296296296294
0 0.4708333333333333 0.1537037037037037 0.026041666666666668 0.046296296296296294
0 0.4828125 0.16018518518518518 0.026041666666666668 0.046296296296296294
0 0.4947916666666667 0.15925925925925927 0.026041666666666668 0.046296296296296294
0 0.43697916666666664 0.17037037037037037 0.026041666666666668 0.046296296296296294
0 0.4666666666666667 0.1675925925925926 0.026041666666666668 0.046296296296296294
0 0.48802083333333335 0.1685185185185185 0.026041666666666668 0.046296296296296294
0 0.4317708333333333 0.17777777777777778 0.026041666666666668 0.046296296296296294
0 0.475 0.17314814814814813 0.026041666666666668 0.046296296296296294
0 0.4822916666666667 0.17407407407407408 0.026041666666666668 0.046296296296296294
0 0.4484375 0.1814814814814815 0.026041666666666668 0.046296296296296294
0 0.5015625 0.18425925925925926 0.026041666666666668 0.046296296296296294
0 0.490625 0.2064814814814815 0.026041666666666668 0.046296296296296294
0 0.4473958333333333 0.21944444444444444 0.026041666666666668 0.046296296296296294
0 0.48541666666666666 0.2351851851851852 0.026041666666666668 0.046296296296296294
0 0.5140625 0.23148148148148148 0.026041666666666668 0.046296296296296294
0 0.4739583333333333 0.2518518518518518 0.026041666666666668 0.046296296296296294
0 0.6583333333333333 0.2601851851851852 0.026041666666666668 0.046296296296296294
0 0.4317708333333333 0.2675925925925926 0.026041666666666668 0.046296296296296294
0 0.4744791666666667 0.2740740740740741 0.026041666666666668 0.046296296296296294
0 0.4864583333333333 0.2740740740740741 0.026041666666666668 0.046296296296296294
0 0.5375 0.27685185185185185 0.026041666666666668 0.046296296296296294
0 0.5489583333333333 0.2759259259259259 0.026041666666666668 0.046296296296296294
0 0.43125 0.2824074074074074 0.026041666666666668 0.046296296296296294
0 0.4953125 0.28425925925925927 0.026041666666666668 0.046296296296296294
0 0.5104166666666666 0.2824074074074074 0.026041666666666668 0.046296296296296294
0 0.6911458333333333 0.28425925925925927 0.026041666666666668 0.046296296296296294
0 0.4583333333333333 0.3 0.026041666666666668 0.046296296296296294
0 0.4635416666666667 0.29814814814814816 0.026041666666666668 0.046296296296296294
0 0.4786458333333333 0.30092592592592593 0.026041666666666668 0.046296296296296294
0 0.4671875 0.3055555555555556 0.026041666666666668 0.046296296296296294
0 0.5145833333333333 0.30925925925925923 0.026041666666666668 0.046296296296296294
0 0.43645833333333334 0.31666666666666665 0.026041666666666668 0.046296296296296294
0 0.5026041666666666 0.3175925925925926 0.026041666666666668 0.046296296296296294
0 0.528125 0.31851851851851853 0.026041666666666668 0.046296296296296294
0 0.4125 0.3314814814814815 0.026041666666666668 0.046296296296296294
0 0.5041666666666667 0.33055555555555555 0.026041666666666668 0.046296296296296294
4 0.4234375 0.3398148148148148 0.026041666666666668 0.046296296296296294
4 0.4421875 0.3388888888888889 0.026041666666666668 0.046296296296296294
4 0.4505208333333333 0.3388888888888889 0.026041666666666668 0.046296296296296294
4 0.5161458333333333 0.34074074074074073 0.026041666666666668 0.046296296296296294
4 0.5197916666666667 0.34814814814814815 0.026041666666666668 0.046296296296296294
4 0.37552083333333336 0.35648148148148145 0.026041666666666668 0.046296296296296294
4 0.37864583333333335 0.3574074074074074 0.026041666666666668 0.046296296296296294
4 0.3927083333333333 0.3648148148148148 0.026041666666666668 0.046296296296296294
4 0.4947916666666667 0.362962962962963 0.026041666666666668 0.046296296296296294
4 0.5078125 0.3638888888888889 0.026041666666666668 0.046296296296296294
4 0.5244791666666667 0.36203703703703705 0.026041666666666668 0.046296296296296294
4 0.44166666666666665 0.3712962962962963 0.026041666666666668 0.046296296296296294
3 0.715625 0.36574074074074076 0.026041666666666668 0.046296296296296294
4 0.4947916666666667 0.37962962962962965 0.026041666666666668 0.046296296296296294
4 0.3734375 0.3888888888888889 0.026041666666666668 0.046296296296296294
4 0.5192708333333333 0.387037037037037 0.026041666666666668 0.046296296296296294
4 0.390625 0.39351851851851855 0.026041666666666668 0.046296296296296294
4 0.4015625 0.3962962962962963 0.026041666666666668 0.046296296296296294
4 0.45364583333333336 0.3962962962962963 0.026041666666666668 0.046296296296296294
3 0.68125 0.3925925925925926 0.026041666666666668 0.046296296296296294
4 0.47291666666666665 0.4009259259259259 0.026041666666666668 0.046296296296296294
4 0.5078125 0.4027777777777778 0.026041666666666668 0.046296296296296294
4 0.6505208333333333 0.40185185185185185 0.026041666666666668 0.046296296296296294
4 0.6546875 0.4111111111111111 0.026041666666666668 0.046296296296296294
2 0.1796875 0.4185185185185185 0.026041666666666668 0.046296296296296294
2 0.20677083333333332 0.41203703703703703 0.026041666666666668 0.046296296296296294
4 0.39427083333333335 0.4212962962962963 0.026041666666666668 0.046296296296296294
4 0.4578125 0.41759259259259257 0.026041666666666668 0.046296296296296294
4 0.40989583333333335 0.42314814814814816 0.026041666666666668 0.046296296296296294
4 0.4322916666666667 0.42592592592592593 0.026041666666666668 0.046296296296296294
4 0.6619791666666667 0.42685185185185187 0.026041666666666668 0.046296296296296294
4 0.4322916666666667 0.43333333333333335 0.026041666666666668 0.046296296296296294
4 0.4630208333333333 0.4361111111111111 0.026041666666666668 0.046296296296296294
4 0.4953125 0.43425925925925923 0.026041666666666668 0.046296296296296294
4 0.515625 0.43333333333333335 0.026041666666666668 0.046296296296296294
4 0.4192708333333333 0.44074074074074077 0.026041666666666668 0.046296296296296294
4 0.39895833333333336 0.44907407407407407 0.026041666666666668 0.046296296296296294
4 0.5041666666666667 0.4546296296296296 0.026041666666666668 0.046296296296296294
4 0.5244791666666667 0.4564814814814815 0.026041666666666668 0.046296296296296294
4 0.6583333333333333 0.45925925925925926 0.026041666666666668 0.046296296296296294
4 0.4109375 0.4648148148148148 0.026041666666666668 0.046296296296296294
2 0.20625 0.4685185185185185 0.026041666666666668 0.046296296296296294
4 0.4354166666666667 0.47129629629629627 0.026041666666666668 0.046296296296296294
4 0.5161458333333333 0.47962962962962963 0.026041666666666668 0.046296296296296294
4 0.6291666666666667 0.47962962962962963 0.026041666666666668 0.046296296296296294
3 0.678125 0.4787037037037037 0.026041666666666668 0.046296296296296294
2 0.159375 0.4787037037037037 0.026041666666666668 0.046296296296296294
4 0.39947916666666666 0.487962962962963 0.026041666666666668 0.046296296296296294
4 0.6078125 0.4935185185185185 0.026041666666666668 0.046296296296296294
4 0.6614583333333334 0.49537037037037035 0.026041666666666668 0.046296296296296294
4 0.628125 0.5018518518518519 0.026041666666666668 0.046296296296296294
3 0.7114583333333333 0.5092592592592593 0.026041666666666668 0.046296296296296294
4 0.48802083333333335 0.5259259259259259 0.026041666666666668 0.046296296296296294
4 0.5130208333333334 0.525 0.026041666666666668 0.046296296296296294
3 0.6697916666666667 0.5268518518518519 0.026041666666666668 0.046296296296296294
3 0.6942708333333333 0.525 0.026041666666666668 0.046296296296296294
3 0.7229166666666667 0.5361111111111111 0.026041666666666668 0.046296296296296294
4 0.5364583333333334 0.5435185185185185 0.026041666666666668 0.046296296296296294
4 0.5755208333333334 0.5546296296296296 0.026041666666666668 0.046296296296296294
4 0.6104166666666667 0.5546296296296296 0.026041666666666668 0.046296296296296294
4 0.6578125 0.5555555555555556 0.026041666666666668 0.046296296296296294
3 0.7416666666666667 0.5648148148148148 0.026041666666666668 0.046296296296296294
3 0.7541666666666667 0.5611111111111111 0.026041666666666668 0.046296296296296294
4 0.5505208333333333 0.562962962962963 0.026041666666666668 0.046296296296296294
4 0.5958333333333333 0.575925925925926 0.026041666666666668 0.046296296296296294
4 0.4036458333333333 0.6129629629629629 0.026041666666666668 0.046296296296296294
4 0.6515625 0.6092592592592593 0.026041666666666668 0.046296296296296294
3 0.7286458333333333 0.6148148148148148 0.026041666666666668 0.046296296296296294
4 0.39895833333333336 0.6259259259259259 0.026041666666666668 0.046296296296296294
3 0.7619791666666667 0.6435185185185185 0.026041666666666668 0.046296296296296294
4 0.428125 0.6370370370370371 0.026041666666666668 0.046296296296296294
3 0.728125 0.6509259259259259 0.026041666666666668 0.046296296296296294
2 0.20416666666666666 0.6518518518518519 0.026041666666666668 0.046296296296296294
1 0.6760416666666667 0.6824074074074075 0.026041666666666668 0.046296296296296294
1 0.703125 0.6787037037037037 0.026041666666666668 0.046296296296296294
1 0.78125 0.6851851851851852 0.026041666666666668 0.046296296296296294
1 0.16510416666666666 0.7166666666666667 0.026041666666666668 0.046296296296296294
1 0.184375 0.7509259259259259 0.026041666666666668 0.046296296296296294
1 0.8854166666666666 0.7490740740740741 0.026041666666666668 0.046296296296296294
1 0.32864583333333336 0.7703703703703704 0.026041666666666668 0.046296296296296294
1 0.7572916666666667 0.8222222222222222 0.026041666666666668 0.046296296296296294
1 0.8697916666666666 0.8203703703703704 0.026041666666666668 0.046296296296296294
1 0.21614583333333334 0.8379629629629629 0.026041666666666668 0.046296296296296294
1 0.9630208333333333 0.8583333333333333 0.026041666666666668 0.046296296296296294
1 0.9942708333333333 0.8638888888888889 0.026041666666666668 0.046296296296296294
1 0.603125 0.8722222222222222 0.026041666666666668 0.046296296296296294
1 0.7875 0.8731481481481481 0.026041666666666668 0.046296296296296294
1 0.5755208333333334 0.8833333333333333 0.026041666666666668 0.046296296296296294
1 0.12395833333333334 0.8833333333333333 0.026041666666666668 0.046296296296296294
1 0.4979166666666667 0.8925925925925926 0.026041666666666668 0.046296296296296294
1 0.578125 0.9203703703703704 0.026041666666666668 0.046296296296296294
1 0.9708333333333333 0.9453703703703704 0.026041666666666668 0.046296296296296294
1 0.39895833333333336 0.9555555555555556 0.026041666666666668 0.046296296296296294
1 0.8489583333333334 0.9842592592592593 0.026041666666666668 0.046296296296296294
1 0.04739583333333333 0.9953703703703703 0.026041666666666668 0.046296296296296294
1 0.07604166666666666 0.85 0.026041666666666668 0.046296296296296294
1 0.11979166666666667 0.9611111111111111 0.026041666666666668 0.046296296296296294
1 0.8302083333333333 0.8703703703703703 0.026041666666666668 0.046296296296296294
1 0.8364583333333333 0.8407407407407408 0.026041666666666668 0.046296296296296294
3 0.7614583333333333 0.575925925925926 0.026041666666666668 0.046296296296296294
3 0.671875 0.6148148148148148 0.026041666666666668 0.046296296296296294
1 0.6114583333333333 0.6907407407407408 0.026041666666666668 0.046296296296296294
4 0.5177083333333333 0.6277777777777778 0.026041666666666668 0.046296296296296294
4 0.446875 0.5166666666666667 0.026041666666666668 0.046296296296296294
