0 0.4708333333333333 0.11296296296296296 0.026041666666666668 0.046296296296296294
0 0.4703125 0.13055555555555556 0.026041666666666668 0.046296296296296294
0 0.4901041666666667 0.13240740740740742 0.026041666666666668 0.046296296296296294
0 0.46197916666666666 0.1361111111111111 0.026041666666666668 0.046296296296296294
0 0.4828125 0.1398148148148148 0.026041666666666668 0.046296296296296294
0 0.44947916666666665 0.14537037037037037 0.026041666666666668 0.046296296296296294
0 0.4734375 0.14444444444444443 0.026041666666666668 0.046296296296296294
0 0.4864583333333333 0.14629629629629629 0.026041666666666668 0.046296296296296294
0 0.4588541666666667 0.15185185185185185 0.026041666666666668 0.046296296296296294
0 0.465625 0.15185185185185185 0.026041666666666668 0.046296296296296294
0 0.4786458333333333 0.16111111111111112 0.026041666666666668 0.046296296296296294
0 0.4947916666666667 0.16111111111111112 0.026041666666666668 0.046296296296296294
0 0.44635416666666666 0.1685185185185185 0.026041666666666668 0.046296296296296294
0 0.49114583333333334 0.1685185185185185 0.026041666666666668 0.046296296296296294
0 0.4666666666666667 0.17592592592592593 0.026041666666666668 0.046296296296296294
0 0.5005208333333333 0.175 0.026041666666666668 0.046296296296296294
0 0.43333333333333335 0.21944444444444444 0.026041666666666668 0.046296296296296294
0 0.44479166666666664 0.225 0.026041666666666668 0.046296296296296294
0 0.41822916666666665 0.2388888888888889 0.026041666666666668 0.046296296296296294
0 0.425 0.23981481481481481 0.026041666666666668 0.046296296296296294
0 0.43802083333333336 0.23703703703703705 0.026041666666666668 0.046296296296296294
0 0.4822916666666667 0.23425925925925925 0.026041666666666668 0.046296296296296294
0 0.5026041666666666 0.2351851851851852 0.026041666666666668 0.046296296296296294
0 0.50625 0.2361111111111111 0.026041666666666668 0.046296296296296294
0 0.4119791666666667 0.24537037037037038 0.026041666666666668 0.046296296296296294
0 0.465625 0.24444444444444444 0.026041666666666668 0.046296296296296294
0 0.4864583333333333 0.24814814814814815 0.026041666666666668 0.046296296296296294
0 0.4197916666666667 0.2564814814814815 0.026041666666666668 0.046296296296296294
0 0.48125 0.2518518518518518 0.026041666666666668 0.046296296296296294
0 0.515625 0.25277777777777777 0.026041666666666668 0.046296296296296294
0 0.503125 0.262037037037037 0.026041666666666668 0.046296296296296294
0 0.47552083333333334 0.2712962962962963 0.026041666666666668 0.046296296296296294
0 0.490625 0.26944444444444443 0.026041666666666668 0.046296296296296294
0 0.5 0.27870370370370373 0.026041666666666668 0.046296296296296294
0 0.7015625 0.275 0.026041666666666668 0.046296296296296294
0 0.44895833333333335 0.2833333333333333 0.026041666666666668 0.046296296296296294
0 0.46927083333333336 0.2824074074074074 0.026041666666666668 0.046296296296296294
0 0.4822916666666667 0.28703703703703703 0.026041666666666668 0.046296296296296294
0 0.521875 0.2861111111111111 0.026041666666666668 0.046296296296296294
0 0.55 0.2861111111111111 0.026041666666666668 0.046296296296296294
0 0.6916666666666667 0.2851851851851852 0.026041666666666668 0.046296296296296294
0 0.5098958333333333 0.3 0.026041666666666668 0.046296296296296294
0 0.515625 0.30277777777777776 0.026041666666666668 0.046296296296296294
0 0.43072916666666666 0.30833333333333335 0.026041666666666668 0.046296296296296294
0 0.43645833333333334 0.3074074074074074 0.026041666666666668 0.046296296296296294
0 0.478125 0.30925925925925923 0.026041666666666668 0.046296296296296294
0 0.503125 0.31203703703703706 0.026041666666666668 0.046296296296296294
0 0.5286458333333334 0.3111111111111111 0.026041666666666668 0.046296296296296294
0 0.41875 0.3138888888888889 0.026041666666666668 0.046296296296296294
0 0.425 0.31851851851851853 0.026041666666666668 0.046296296296296294
0 0.453125 0.3148148148148148 0.026041666666666668 0.046296296296296294
0 0.5223958333333333 0.3148148148148148 0.026041666666666668 0.046296296296296294
0 0.425 0.32592592592592595 0.026041666666666668 0.046296296296296294
0 0.4453125 0.32407407407407407 0.026041666666666668 0.046296296296296294
0 0.4583333333333333 0.3314814814814815 0.026041666666666668 0.046296296296296294
4 0.5161458333333333 0.3333333333333333 0.026041666666666668 0.046296296296296294
4 0.4161458333333333 0.3453703703703704 0.026041666666666668 0.046296296296296294
4 0.48333333333333334 0.337037037037037 0.026041666666666668 0.046296296296296294
4 0.3880208333333333 0.3472222222222222 0.026041666666666668 0.046296296296296294
4 0.4453125 0.34444444444444444 0.026041666666666668 0.046296296296296294
4 0.453125 0.35185185185185186 0.026041666666666668 0.046296296296296294
4 0.5447916666666667 0.35 0.026041666666666668 0.046296296296296294
4 0.3963541666666667 0.35555555555555557 0.026041666666666668 0.046296296296296294
4 0.4041666666666667 0.3537037037037037 0.026041666666666668 0.046296296296296294
4 0.4161458333333333 0.3574074074074074 0.026041666666666668 0.046296296296296294
4 0.5005208333333333 0.35462962962962963 0.026041666666666668 0.046296296296296294
4 0.5067708333333333 0.3537037037037037 0.026041666666666668 0.046296296296296294
4 0.5328125 0.35462962962962963 0.026041666666666668 0.046296296296296294
4 0.37447916666666664 0.362962962962963 0.026041666666666668 0.046296296296296294
4 0.38645833333333335 0.3648148148148148 0.026041666666666668 0.046296296296296294
4 0.45260416666666664 0.362962962962963 0.026041666666666668 0.046296296296296294
4 0.46458333333333335 0.36203703703703705 0.026041666666666668 0.046296296296296294
4 0.4822916666666667 0.362962962962963 0.026041666666666668 0.046296296296296294
4 0.4125 0.37037037037037035 0.026041666666666668 0.046296296296296294
4 0.4203125 0.3675925925925926 0.026041666666666668 0.046296296296296294
4 0.428125 0.37037037037037035 0.026041666666666668 0.046296296296296294
4 0.5197916666666667 0.37222222222222223 0.026041666666666668 0.046296296296296294
3 0.6791666666666667 0.3675925925925926 0.026041666666666668 0.046296296296296294
4 0.6494791666666667 0.3787037037037037 0.026041666666666668 0.046296296296296294
4 0.42083333333333334 0.38333333333333336 0.026041666666666668 0.046296296296296294
4 0.4828125 0.3925925925925926 0.026041666666666668 0.046296296296296294
4 0.5151041666666667 0.39814814814814814 0.026041666666666668 0.046296296296296294
4 0.6552083333333333 0.3962962962962963 0.026041666666666668 0.046296296296296294
4 0.46510416666666665 0.4027777777777778 0.026041666666666668 0.046296296296296294
4 0.5078125 0.4027777777777778 0.026041666666666668 0.046296296296296294
2 0.19479166666666667 0.4064814814814815 0.026041666666666668 0.046296296296296294
4 0.6510416666666666 0.4083333333333333 0.026041666666666668 0.046296296296296294
4 0.6588541666666666 0.412962962962963 0.026041666666666668 0.046296296296296294
2 0.17395833333333333 0.41759259259259257 0.026041666666666668 0.046296296296296294
4 0.46510416666666665 0.42407407407407405 0.026041666666666668 0.046296296296296294
4 0.49114583333333334 0.42592592592592593 0.026041666666666668 0.046296296296296294
4 0.6536458333333334 0.42685185185185187 0.026041666666666668 0.046296296296296294
2 0.16927083333333334 0.4351851851851852 0.026041666666666668 0.046296296296296294
4 0.37395833333333334 0.43333333333333335 0.026041666666666668 0.046296296296296294
4 0.6625 0.43333333333333335 0.026041666666666668 0.046296296296296294
4 0.5078125 0.4425925925925926 0.026041666666666668 0.046296296296296294
3 0.7130208333333333 0.44074074074074077 0.026041666666666668 0.046296296296296294
4 0.428125 0.44814814814814813 0.026041666666666668 0.046296296296296294
4 0.4401041666666667 0.44907407407407407 0.026041666666666668 0.046296296296296294
4 0.47760416666666666 0.44814814814814813 0.026041666666666668 0.046296296296296294
4 0.5244791666666667 0.45 0.026041666666666668 0.046296296296296294
2 0.17083333333333334 0.4583333333333333 0.026041666666666668 0.046296296296296294
4 0.41875 0.45555555555555555 0.026041666666666668 0.046296296296296294
4 0.4947916666666667 0.4564814814814815 0.026041666666666668 0.046296296296296294
4 0.6614583333333334 0.4527777777777778 0.026041666666666668 0.046296296296296294
3 0.6916666666666667 0.45555555555555555 0.026041666666666668 0.046296296296296294
2 0.17916666666666667 0.4648148148148148 0.026041666666666668 0.046296296296296294
3 0.684375 0.46574074074074073 0.026041666666666668 0.046296296296296294
4 0.5125 0.4703703703703704 0.026041666666666668 0.046296296296296294
4 0.5239583333333333 0.47314814814814815 0.026041666666666668 0.046296296296296294
3 0.6791666666666667 0.4740740740740741 0.026041666666666668 0.046296296296296294
2 0.21979166666666666 0.4777777777777778 0.026041666666666668 0.046296296296296294
4 0.5239583333333333 0.48055555555555557 0.026041666666666668 0.046296296296296294
3 0.6875 0.48148148148148145 0.026041666666666668 0.046296296296296294
4 0.4828125 0.487962962962963 0.026041666666666668 0.046296296296296294
4 0.578125 0.4861111111111111 0.026041666666666668 0.046296296296296294
4 0.6333333333333333 0.48518518518518516 0.026041666666666668 0.046296296296296294
3 0.6958333333333333 0.5027777777777778 0.026041666666666668 0.046296296296296294
4 0.5286458333333334 0.5185185185185185 0.026041666666666668 0.046296296296296294
4 0.6375 0.5175925925925926 0.026041666666666668 0.046296296296296294
4 0.6473958333333333 0.5185185185185185 0.026041666666666668 0.046296296296296294
4 0.6661458333333333 0.5287037037037037 0.026041666666666668 0.046296296296296294
4 0.5479166666666667 0.5314814814814814 0.026041666666666668 0.046296296296296294
4 0.6291666666666667 0.5388888888888889 0.026041666666666668 0.046296296296296294
3 0.7229166666666667 0.5333333333333333 0.026041666666666668 0.046296296296296294
4 0.5072916666666667 0.537962962962963 0.026041666666666668 0.046296296296296294
4 0.5786458333333333 0.537962962962963 0.026041666666666668 0.046296296296296294
4 0.5286458333333334 0.55 0.026041666666666668 0.046296296296296294
4 0.5854166666666667 0.549074074074074 0.026041666666666668 0.046296296296296294
4 0.6411458333333333 0.55 0.026041666666666668 0.046296296296296294
4 0.4 0.562962962962963 0.026041666666666668 0.046296296296296294
4 0.596875 0.5638888888888889 0.026041666666666668 0.046296296296296294
4 0.6333333333333333 0.5703703703703704 0.026041666666666668 0.046296296296296294
3 0.6880208333333333 0.5740740740740741 0.026041666666666668 0.046296296296296294
3 0.7604166666666666 0.5685185185185185 0.026041666666666668 0.046296296296296294
4 0.4739583333333333 0.5787037037037037 0.026041666666666668 0.046296296296296294
4 0.5130208333333334 0.5805555555555556 0.026041666666666668 0.046296296296296294
4 0.534375 0.5962962962962963 0.026041666666666668 0.046296296296296294
4 0.5677083333333334 0.5972222222222222 0.026041666666666668 0.046296296296296294
3 0.7697916666666667 0.5990740740740741 0.026041666666666668 0.046296296296296294
4 0.396875 0.6129629629629629 0.026041666666666668 0.046296296296296294
3 0.7088541666666667 0.625 0.026041666666666668 0.046296296296296294
3 0.7578125 0.6259259259259259 0.026041666666666668 0.046296296296296294
4 0.5697916666666667 0.6444444444444445 0.026041666666666668 0.046296296296296294
3 0.7708333333333334 0.6666666666666666 0.026041666666666668 0.046296296296296294
1 0.6270833333333333 0.7083333333333334 0.026041666666666668 0.046296296296296294
1 0.721875 0.712037037037037 0.026041666666666668 0.046296296296296294
1 0.5614583333333333 0.725925925925926 0.026041666666666668 0.046296296296296294
1 0.3692708333333333 0.7592592592592593 0.026041666666666668 0.046296296296296294
1 0.6432291666666666 0.7564814814814815 0.026041666666666668 0.046296296296296294
1 0.5380208333333333 0.7638888888888888 0.026041666666666668 0.046296296296296294
1 0.38177083333333334 0.7870370370370371 0.026041666666666668 0.046296296296296294
1 0.48385416666666664 0.8074074074074075 0.026041666666666668 0.046296296296296294
1 0.7645833333333333 0.8333333333333334 0.026041666666666668 0.046296296296296294
1 0.9791666666666666 0.8472222222222222 0.026041666666666668 0.046296296296296294
1 0.8161458333333333 0.9138888888888889 0.026041666666666668 0.046296296296296294
1 0.9723958333333333 0.9425925925925925 0.026041666666666668 0.046296296296296294
1 0.41822916666666665 0.9861111111111112 0.026041666666666668 0.046296296296296294
1 0.8885416666666667 0.7518518518518519 0.026041666666666668 0.046296296296296294
1 0.8677083333333333 0.8222222222222222 0.026041666666666668 0.046296296296296294
1 0.8270833333333333 0.8685185185185185 0.026041666666666668 0.046296296296296294
1 0.828125 0.8296296296296296 0.026041666666666668 0.046296296296296294
3 0.7510416666666667 0.6018518518518519 0.026041666666666668 0.046296296296296294
1 0.7395833333333334 0.6925925925925925 0.026041666666666668 0.046296296296296294
4 0.45416666666666666 0.48333333333333334 0.026041666666666668 0.046296296296296294
4 0.4395833333333333 0.5481481481481482 0.026041666666666668 0.046296296296296294
4 0.5072916666666667 0.65 0.026041666666666668 0.046296296296296294
2 0.21770833333333334 0.39814814814814814 0.026041666666666668 0.046296296296296294
