0 0.4817708333333333 0.12222222222222222 0.026041666666666668 0.046296296296296294
0 0.46979166666666666 0.12777777777777777 0.026041666666666668 0.046296296296296294
0 0.49375 0.12962962962962962 0.026041666666666668 0.046296296296296294
0 0.44947916666666665 0.13333333333333333 0.026041666666666668 0.046296296296296294
0 0.4546875 0.13333333333333333 0.026041666666666668 0.046296296296296294
0 0.4609375 0.13703703703703704 0.026041666666666668 0.046296296296296294
0 0.4875 0.1388888888888889 0.026041666666666668 0.046296296296296294
0 0.4744791666666667 0.14444444444444443 0.026041666666666668 0.046296296296296294
0 0.4625 0.15462962962962962 0.026041666666666668 0.046296296296296294
0 0.4828125 0.15555555555555556 0.026041666666666668 0.046296296296296294
0 0.45729166666666665 0.1648148148148148 0.026041666666666668 0.046296296296296294
0 0.49947916666666664 0.1675925925925926 0.026041666666666668 0.046296296296296294
0 0.43125 0.17314814814814813 0.026041666666666668 0.046296296296296294
0 0.4734375 0.175 0.026041666666666668 0.046296296296296294
0 0.4322916666666667 0.1814814814814815 0.026041666666666668 0.046296296296296294
0 0.44375 0.17962962962962964 0.026041666666666668 0.046296296296296294
0 0.4828125 0.18425925925925926 0.026041666666666668 0.046296296296296294
0 0.5 0.1824074074074074 0.026041666666666668 0.046296296296296294
0 0.45677083333333335 0.18981481481481483 0.026041666666666668 0.046296296296296294
0 0.4630208333333333 0.19074074074074074 0.026041666666666668 0.046296296296296294
0 0.49947916666666664 0.2074074074074074 0.026041666666666668 0.046296296296296294
0 0.4161458333333333 0.22685185185185186 0.026041666666666668 0.046296296296296294
0 0.4666666666666667 0.23796296296296296 0.026041666666666668 0.046296296296296294
0 0.428125 0.2462962962962963 0.026041666666666668 0.046296296296296294
0 0.5078125 0.2638888888888889 0.026041666666666668 0.046296296296296294
0 0.5447916666666667 0.26851851851851855 0.026041666666666668 0.046296296296296294
0 0.46927083333333336 0.2796296296296296 0.026041666666666668 0.046296296296296294
0 0.4869791666666667 0.2759259259259259 0.026041666666666668 0.046296296296296294
0 0.4203125 0.2851851851851852 0.026041666666666668 0.046296296296296294
0 0.440625 0.28425925925925927 0.026041666666666668 0.046296296296296294
0 0.49947916666666664 0.2833333333333333 0.026041666666666668 0.046296296296296294
0 0.4822916666666667 0.2953703703703704 0.026041666666666668 0.046296296296296294
0 0.509375 0.2935185185185185 0.026041666666666668 0.046296296296296294
0 0.690625 0.29074074074074074 0.026041666666666668 0.046296296296296294
0 0.43645833333333334 0.30092592592592593 0.026041666666666668 0.046296296296296294
0 0.4578125 0.3 0.026041666666666668 0.046296296296296294
0 0.49114583333333334 0.29814814814814816 0.026041666666666668 0.046296296296296294
0 0.5161458333333333 0.30185185185185187 0.026041666666666668 0.046296296296296294
0 0.45 0.3101851851851852 0.026041666666666668 0.046296296296296294
0 0.46041666666666664 0.3111111111111111 0.026041666666666668 0.046296296296296294
0 0.4744791666666667 0.30833333333333335 0.026041666666666668 0.046296296296296294
0 0.5078125 0.30925925925925923 0.026041666666666668 0.046296296296296294
0 0.42916666666666664 0.31851851851851853 0.026041666666666668 0.046296296296296294
0 0.4875 0.31666666666666665 0.026041666666666668 0.046296296296296294
0 0.5 0.31666666666666665 0.026041666666666668 0.046296296296296294
0 0.70625 0.31296296296296294 0.026041666666666668 0.046296296296296294
0 0.5067708333333333 0.32314814814814813 0.026041666666666668 0.046296296296296294
0 0.44427083333333334 0.3314814814814815 0.026041666666666668 0.046296296296296294
0 0.453125 0.3287037037037037 0.026041666666666668 0.046296296296296294
0 0.4828125 0.33240740740740743 0.026041666666666668 0.046296296296296294
0 0.5197916666666667 0.33240740740740743 0.026041666666666668 0.046296296296296294
4 0.4661458333333333 0.3398148148148148 0.026041666666666668 0.046296296296296294
4 0.49114583333333334 0.3435185185185185 0.026041666666666668 0.046296296296296294
4 0.5114583333333333 0.3416666666666667 0.026041666666666668 0.046296296296296294
4 0.4041666666666667 0.34629629629629627 0.026041666666666668 0.046296296296296294
4 0.44583333333333336 0.3490740740740741 0.026041666666666668 0.046296296296296294
4 0.375 0.35462962962962963 0.026041666666666668 0.046296296296296294
4 0.4671875 0.3611111111111111 0.026041666666666668 0.046296296296296294
2 0.165625 0.37222222222222223 0.026041666666666668 0.046296296296296294
4 0.4171875 0.37222222222222223 0.026041666666666668 0.046296296296296294
4 0.44479166666666664 0.36944444444444446 0.026041666666666668 0.046296296296296294
4 0.5072916666666667 0.36944444444444446 0.026041666666666668 0.046296296296296294
4 0.5182291666666666 0.37037037037037035 0.026041666666666668 0.046296296296296294
4 0.4713541666666667 0.3787037037037037 0.026041666666666668 0.046296296296296294
4 0.4953125 0.3861111111111111 0.026041666666666668 0.046296296296296294
4 0.5119791666666667 0.387037037037037 0.026041666666666668 0.046296296296296294
4 0.5322916666666667 0.387037037037037 0.026041666666666668 0.046296296296296294
3 0.6755208333333333 0.3907407407407407 0.026041666666666668 0.046296296296296294
4 0.4453125 0.3990740740740741 0.026041666666666668 0.046296296296296294
4 0.5239583333333333 0.40370370370370373 0.026041666666666668 0.046296296296296294
4 0.65 0.40185185185185185 0.026041666666666668 0.046296296296296294
2 0.21145833333333333 0.4083333333333333 0.026041666666666668 0.046296296296296294
4 0.5166666666666667 0.4398148148148148 0.026041666666666668 0.046296296296296294
3 0.7078125 0.4388888888888889 0.026041666666666668 0.046296296296296294
4 0.37447916666666664 0.44907407407407407 0.026041666666666668 0.046296296296296294
4 0.4953125 0.44907407407407407 0.026041666666666668 0.046296296296296294
4 0.4276041666666667 0.4564814814814815 0.026041666666666668 0.046296296296296294
4 0.38958333333333334 0.4601851851851852 0.026041666666666668 0.046296296296296294
4 0.4015625 0.462037037037037 0.026041666666666668 0.046296296296296294
4 0.5192708333333333 0.4638888888888889 0.026041666666666668 0.046296296296296294
3 0.6697916666666667 0.4666666666666667 0.026041666666666668 0.046296296296296294
3 0.6994791666666667 0.4740740740740741 0.026041666666666668 0.046296296296296294
4 0.5083333333333333 0.4824074074074074 0.026041666666666668 0.046296296296296294
4 0.49583333333333335 0.4861111111111111 0.026041666666666668 0.046296296296296294
3 0.6734375 0.487962962962963 0.026041666666666668 0.046296296296296294
3 0.6921875 0.4888888888888889 0.026041666666666668 0.046296296296296294
4 0.6171875 0.4935185185185185 0.026041666666666668 0.046296296296296294
4 0.6567708333333333 0.49444444444444446 0.026041666666666668 0.046296296296296294
3 0.6744791666666666 0.5037037037037037 0.026041666666666668 0.046296296296296294
4 0.5041666666666667 0.5120370370370371 0.026041666666666668 0.046296296296296294
4 0.6291666666666667 0.5185185185185185 0.026041666666666668 0.046296296296296294
3 0.7067708333333333 0.5203703703703704 0.026041666666666668 0.046296296296296294
3 0.6703125 0.5287037037037037 0.026041666666666668 0.046296296296296294
4 0.5135416666666667 0.5361111111111111 0.026041666666666668 0.046296296296296294
3 0.7182291666666667 0.5324074074074074 0.026041666666666668 0.046296296296296294
3 0.7354166666666667 0.5296296296296297 0.026041666666666668 0.046296296296296294
4 0.6046875 0.5416666666666666 0.026041666666666668 0.046296296296296294
4 0.5244791666666667 0.5583333333333333 0.026041666666666668 0.046296296296296294
4 0.5692708333333333 0.5537037037037037 0.026041666666666668 0.046296296296296294
4 0.6333333333333333 0.5592592592592592 0.026041666666666668 0.046296296296296294
4 0.5520833333333334 0.5601851851851852 0.026041666666666668 0.046296296296296294
3 0.7390625 0.5611111111111111 0.026041666666666668 0.046296296296296294
3 0.7604166666666666 0.5657407407407408 0.026041666666666668 0.046296296296296294
4 0.5067708333333333 0.5722222222222222 0.026041666666666668 0.046296296296296294
4 0.5994791666666667 0.5722222222222222 0.026041666666666668 0.046296296296296294
4 0.47708333333333336 0.5694444444444444 0.026041666666666668 0.046296296296296294
3 0.7473958333333334 0.5787037037037037 0.026041666666666668 0.046296296296296294
4 0.40572916666666664 0.5861111111111111 0.026041666666666668 0.046296296296296294
4 0.61875 0.5833333333333334 0.026041666666666668 0.046296296296296294
4 0.38697916666666665 0.5953703703703703 0.026041666666666668 0.046296296296296294
4 0.421875 0.5935185185185186 0.026041666666666668 0.046296296296296294
4 0.41875 0.6027777777777777 0.026041666666666668 0.046296296296296294
4 0.6505208333333333 0.5981481481481481 0.026041666666666668 0.046296296296296294
4 0.45364583333333336 0.6222222222222222 0.026041666666666668 0.046296296296296294
4 0.4984375 0.6472222222222223 0.026041666666666668 0.046296296296296294
3 0.7078125 0.6527777777777778 0.026041666666666668 0.046296296296296294
2 0.203125 0.6527777777777778 0.026041666666666668 0.046296296296296294
4 0.4203125 0.6574074074074074 0.026041666666666668 0.046296296296296294
4 0.46197916666666666 0.6574074074074074 0.026041666666666668 0.046296296296296294
4 0.5130208333333334 0.6574074074074074 0.026041666666666668 0.046296296296296294
3 0.7630208333333334 0.6666666666666666 0.026041666666666668 0.046296296296296294
1 0.7036458333333333 0.6759259259259259 0.026041666666666668 0.046296296296296294
1 0.7869791666666667 0.6805555555555556 0.026041666666666668 0.046296296296296294
1 0.16510416666666666 0.6944444444444444 0.026041666666666668 0.046296296296296294
1 0.45 0.7203703703703703 0.026041666666666668 0.046296296296296294
1 0.646875 0.737037037037037 0.026041666666666668 0.046296296296296294
1 0.884375 0.7481481481481481 0.026041666666666668 0.046296296296296294
1 0.9541666666666667 0.7731481481481481 0.026041666666666668 0.046296296296296294
1 0.3151041666666667 0.8444444444444444 0.026041666666666668 0.046296296296296294
1 0.44166666666666665 0.8601851851851852 0.026041666666666668 0.046296296296296294
1 0.134375 0.8833333333333333 0.026041666666666668 0.046296296296296294
1 0.26979166666666665 0.899074074074074 0.026041666666666668 0.046296296296296294
1 0.31875 0.8953703703703704 0.026041666666666668 0.046296296296296294
1 0.10885416666666667 0.912962962962963 0.026041666666666668 0.046296296296296294
1 0.6385416666666667 0.9212962962962963 0.026041666666666668 0.046296296296296294
1 0.9411458333333333 0.9194444444444444 0.026041666666666668 0.046296296296296294
1 0.353125 0.9425925925925925 0.026041666666666668 0.046296296296296294
1 0.9661458333333334 0.9435185185185185 0.026041666666666668 0.046296296296296294
1 0.13489583333333333 0.9546296296296296 0.026041666666666668 0.046296296296296294
1 0.6088541666666667 0.9518518518518518 0.026041666666666668 0.046296296296296294
1 0.5057291666666667 0.9546296296296296 0.026041666666666668 0.046296296296296294
1 0.090625 0.9953703703703703 0.026041666666666668 0.046296296296296294
1 0.20416666666666666 0.7685185185185185 0.026041666666666668 0.046296296296296294
1 0.16770833333333332 0.8629629629629629 0.026041666666666668 0.046296296296296294
2 0.184375 0.4185185185185185 0.026041666666666668 0.046296296296296294
2 0.19791666666666666 0.412962962962963 0.026041666666666668 0.046296296296296294
2 0.21979166666666666 0.4685185185185185 0.026041666666666668 0.046296296296296294
1 0.43020833333333336 0.7185185185185186 0.026041666666666668 0.046296296296296294
1 0.49375 0.8 0.026041666666666668 0.046296296296296294
1 0.4635416666666667 0.7796296296296297 0.026041666666666668 0.046296296296296294
4 0.37604166666666666 0.6444444444444445 0.026041666666666668 0.046296296296296294
4 0.375 0.48518518518518516 0.026041666666666668 0.046296296296296294
1 0.6 0.6888888888888889 0.026041666666666668 0.046296296296296294
3 0.6854166666666667 0.6574074074074074 0.026041666666666668 0.046296296296296294
1 0.6791666666666667 0.6814814814814815 0.026041666666666668 0.046296296296296294
3 0.7375 0.6222222222222222 0.026041666666666668 0.046296296296296294
3 0.7520833333333333 0.6037037037037037 0.026041666666666668 0.046296296296296294
1 0.765625 0.8166666666666667 0.026041666666666668 0.046296296296296294
1 0.7625 0.8629629629629629 0.026041666666666668 0.046296296296296294
1 0.7489583333333333 0.9055555555555556 0.026041666666666668 0.046296296296296294
1 0.8333333333333334 0.9388888888888889 0.026041666666666668 0.046296296296296294
1 0.8114583333333333 0.8629629629629629 0.026041666666666668 0.046296296296296294
1 0.8302083333333333 0.8666666666666667 0.026041666666666668 0.046296296296296294
1 0.8729166666666667 0.8277777777777777 0.026041666666666668 0.046296296296296294
4 0.459375 0.412962962962963 0.026041666666666668 0.046296296296296294
