0 0.4859375 0.10555555555555556 0.026041666666666668 0.046296296296296294
0 0.4666666666666667 0.12129629629629629 0.026041666666666668 0.046296296296296294
0 0.4421875 0.13333333333333333 0.026041666666666668 0.046296296296296294
0 0.44947916666666665 0.13518518518518519 0.026041666666666668 0.046296296296296294
0 0.45416666666666666 0.13425925925925927 0.026041666666666668 0.046296296296296294
0 0.4583333333333333 0.13703703703703704 0.026041666666666668 0.046296296296296294
0 0.46145833333333336 0.13796296296296295 0.026041666666666668 0.046296296296296294
0 0.4901041666666667 0.1398148148148148 0.026041666666666668 0.046296296296296294
0 0.44635416666666666 0.14722222222222223 0.026041666666666668 0.046296296296296294
0 0.4713541666666667 0.14444444444444443 0.026041666666666668 0.046296296296296294
0 0.475 0.14629629629629629 0.026041666666666668 0.046296296296296294
0 0.45416666666666666 0.1685185185185185 0.026041666666666668 0.046296296296296294
0 0.46927083333333336 0.1824074074074074 0.026041666666666668 0.046296296296296294
0 0.4453125 0.19074074074074074 0.026041666666666668 0.046296296296296294
0 0.46927083333333336 0.2388888888888889 0.026041666666666668 0.046296296296296294
0 0.4817708333333333 0.24351851851851852 0.026041666666666668 0.046296296296296294
0 0.5026041666666666 0.24444444444444444 0.026041666666666668 0.046296296296296294
0 0.503125 0.27685185185185185 0.026041666666666668 0.046296296296296294
0 0.6958333333333333 0.2861111111111111 0.026041666666666668 0.046296296296296294
0 0.42291666666666666 0.29259259259259257 0.026041666666666668 0.046296296296296294
0 0.47552083333333334 0.2916666666666667 0.026041666666666668 0.046296296296296294
0 0.50625 0.2935185185185185 0.026041666666666668 0.046296296296296294
0 0.4947916666666667 0.29907407407407405 0.026041666666666668 0.046296296296296294
0 0.4583333333333333 0.30833333333333335 0.026041666666666668 0.046296296296296294
0 0.465625 0.30833333333333335 0.026041666666666668 0.046296296296296294
0 0.4239583333333333 0.31296296296296294 0.026041666666666668 0.046296296296296294
0 0.4453125 0.31574074074074077 0.026041666666666668 0.046296296296296294
0 0.47708333333333336 0.3148148148148148 0.026041666666666668 0.046296296296296294
0 0.49947916666666664 0.31666666666666665 0.026041666666666668 0.046296296296296294
0 0.7026041666666667 0.31296296296296294 0.026041666666666668 0.046296296296296294
0 0.5161458333333333 0.32314814814814813 0.026041666666666668 0.046296296296296294
4 0.4375 0.3333333333333333 0.026041666666666668 0.046296296296296294
0 0.49583333333333335 0.33240740740740743 0.026041666666666668 0.046296296296296294
4 0.4479166666666667 0.3388888888888889 0.026041666666666668 0.046296296296296294
4 0.5078125 0.3435185185185185 0.026041666666666668 0.046296296296296294
4 0.47760416666666666 0.3453703703703704 0.026041666666666668 0.046296296296296294
4 0.38177083333333334 0.35648148148148145 0.026041666666666668 0.046296296296296294
4 0.39375 0.3537037037037037 0.026041666666666668 0.046296296296296294
4 0.4203125 0.35555555555555557 0.026041666666666668 0.046296296296296294
4 0.45364583333333336 0.35462962962962963 0.026041666666666668 0.046296296296296294
4 0.4036458333333333 0.3638888888888889 0.026041666666666668 0.046296296296296294
4 0.47760416666666666 0.36203703703703705 0.026041666666666668 0.046296296296296294
4 0.4864583333333333 0.36203703703703705 0.026041666666666668 0.046296296296296294
4 0.5036458333333333 0.3638888888888889 0.026041666666666668 0.046296296296296294
4 0.37447916666666664 0.37407407407407406 0.026041666666666668 0.046296296296296294
4 0.4953125 0.36944444444444446 0.026041666666666668 0.046296296296296294
4 0.5083333333333333 0.3787037037037037 0.026041666666666668 0.046296296296296294
4 0.42916666666666664 0.3851851851851852 0.026041666666666668 0.046296296296296294
4 0.43645833333333334 0.387037037037037 0.026041666666666668 0.046296296296296294
4 0.4828125 0.387037037037037 0.026041666666666668 0.046296296296296294
4 0.375 0.3925925925925926 0.026041666666666668 0.046296296296296294
4 0.40260416666666665 0.39537037037037037 0.026041666666666668 0.046296296296296294
2 0.19375 0.40185185185185185 0.026041666666666668 0.046296296296296294
2 0.21145833333333333 0.40185185185185185 0.026041666666666668 0.046296296296296294
4 0.4984375 0.4027777777777778 0.026041666666666668 0.046296296296296294
4 0.5098958333333333 0.40185185185185185 0.026041666666666668 0.046296296296296294
2 0.17395833333333333 0.4101851851851852 0.026041666666666668 0.046296296296296294
4 0.6505208333333333 0.4074074074074074 0.026041666666666668 0.046296296296296294
4 0.6609375 0.41203703703703703 0.026041666666666668 0.046296296296296294
4 0.43333333333333335 0.41759259259259257 0.026041666666666668 0.046296296296296294
4 0.49114583333333334 0.41759259259259257 0.026041666666666668 0.046296296296296294
4 0.46927083333333336 0.42685185185185187 0.026041666666666668 0.046296296296296294
4 0.6546875 0.42777777777777776 0.026041666666666668 0.046296296296296294
4 0.653125 0.4425925925925926 0.026041666666666668 0.046296296296296294
4 0.46927083333333336 0.44814814814814813 0.026041666666666668 0.046296296296296294
4 0.5036458333333333 0.44907407407407407 0.026041666666666668 0.046296296296296294
4 0.6619791666666667 0.45092592592592595 0.026041666666666668 0.046296296296296294
3 0.7 0.44907407407407407 0.026041666666666668 0.046296296296296294
3 0.6791666666666667 0.45740740740740743 0.026041666666666668 0.046296296296296294
3 0.7083333333333334 0.45740740740740743 0.026041666666666668 0.046296296296296294
4 0.5208333333333334 0.4648148148148148 0.026041666666666668 0.046296296296296294
3 0.6880208333333333 0.4638888888888889 0.026041666666666668 0.046296296296296294
4 0.6583333333333333 0.4740740740740741 0.026041666666666668 0.046296296296296294
3 0.6796875 0.48148148148148145 0.026041666666666668 0.046296296296296294
4 0.3854166666666667 0.487962962962963 0.026041666666666668 0.046296296296296294
4 0.5234375 0.48703703703703705 0.026041666666666668 0.046296296296296294
4 0.5958333333333333 0.4898148148148148 0.026041666666666668 0.046296296296296294
4 0.6078125 0.4861111111111111 0.026041666666666668 0.046296296296296294
4 0.415625 0.4935185185185185 0.026041666666666668 0.046296296296296294
4 0.5036458333333333 0.49537037037037035 0.026041666666666668 0.046296296296296294
4 0.6328125 0.49537037037037035 0.026041666666666668 0.046296296296296294
4 0.6661458333333333 0.4981481481481482 0.026041666666666668 0.046296296296296294
4 0.596875 0.5120370370370371 0.026041666666666668 0.046296296296296294
3 0.690625 0.5120370370370371 0.026041666666666668 0.046296296296296294
4 0.5036458333333333 0.524074074074074 0.026041666666666668 0.046296296296296294
4 0.621875 0.525 0.026041666666666668 0.046296296296296294
4 0.6661458333333333 0.5259259259259259 0.026041666666666668 0.046296296296296294
4 0.5171875 0.5351851851851852 0.026041666666666668 0.046296296296296294
3 0.734375 0.5351851851851852 0.026041666666666668 0.046296296296296294
4 0.5921875 0.5398148148148149 0.026041666666666668 0.046296296296296294
4 0.6286458333333333 0.5425925925925926 0.026041666666666668 0.046296296296296294
4 0.5328125 0.5574074074074075 0.026041666666666668 0.046296296296296294
3 0.7776041666666667 0.5592592592592592 0.026041666666666668 0.046296296296296294
4 0.5166666666666667 0.5638888888888889 0.026041666666666668 0.046296296296296294
4 0.6239583333333333 0.5675925925925925 0.026041666666666668 0.046296296296296294
4 0.5177083333333333 0.5833333333333334 0.026041666666666668 0.046296296296296294
4 0.6296875 0.5814814814814815 0.026041666666666668 0.046296296296296294
4 0.6604166666666667 0.5787037037037037 0.026041666666666668 0.046296296296296294
3 0.7697916666666667 0.5805555555555556 0.026041666666666668 0.046296296296296294
4 0.46770833333333334 0.6046296296296296 0.026041666666666668 0.046296296296296294
4 0.6583333333333333 0.6129629629629629 0.026041666666666668 0.046296296296296294
4 0.5072916666666667 0.6185185185185185 0.026041666666666668 0.046296296296296294
4 0.5484375 0.6342592592592593 0.026041666666666668 0.046296296296296294
3 0.7578125 0.6333333333333333 0.026041666666666668 0.046296296296296294
4 0.5786458333333333 0.6444444444444445 0.026041666666666668 0.046296296296296294
4 0.6260416666666667 0.6435185185185185 0.026041666666666668 0.046296296296296294
4 0.475 0.6666666666666666 0.026041666666666668 0.046296296296296294
4 0.5864583333333333 0.662962962962963 0.026041666666666668 0.046296296296296294
1 0.4583333333333333 0.6962962962962963 0.026041666666666668 0.046296296296296294
1 0.4786458333333333 0.6972222222222222 0.026041666666666668 0.046296296296296294
1 0.6072916666666667 0.7055555555555556 0.026041666666666668 0.046296296296296294
1 0.55625 0.7111111111111111 0.026041666666666668 0.046296296296296294
1 0.728125 0.7203703703703703 0.026041666666666668 0.046296296296296294
1 0.5838541666666667 0.7212962962962963 0.026041666666666668 0.046296296296296294
1 0.45 0.7379629629629629 0.026041666666666668 0.046296296296296294
1 0.8895833333333333 0.7481481481481481 0.026041666666666668 0.046296296296296294
1 0.6916666666666667 0.775 0.026041666666666668 0.046296296296296294
1 0.15989583333333332 0.7944444444444444 0.026041666666666668 0.046296296296296294
1 0.8552083333333333 0.8287037037037037 0.026041666666666668 0.046296296296296294
1 0.8234375 0.837037037037037 0.026041666666666668 0.046296296296296294
1 0.057291666666666664 0.8527777777777777 0.026041666666666668 0.046296296296296294
1 0.0828125 0.8666666666666667 0.026041666666666668 0.046296296296296294
1 0.01875 0.8935185185185185 0.026041666666666668 0.046296296296296294
1 0.20052083333333334 0.8907407407407407 0.026041666666666668 0.046296296296296294
1 0.4359375 0.8972222222222223 0.026041666666666668 0.046296296296296294
1 0.075 0.9148148148148149 0.026041666666666668 0.046296296296296294
1 0.4666666666666667 0.9111111111111111 0.026041666666666668 0.046296296296296294
1 0.9942708333333333 0.9101851851851852 0.026041666666666668 0.046296296296296294
1 0.12552083333333333 0.9259259259259259 0.026041666666666668 0.046296296296296294
1 0.7880208333333333 0.9259259259259259 0.026041666666666668 0.046296296296296294
1 0.2890625 0.925 0.026041666666666668 0.046296296296296294
1 0.2828125 0.9712962962962963 0.026041666666666668 0.046296296296296294
1 0.3729166666666667 0.9740740740740741 0.026041666666666668 0.046296296296296294
1 0.11770833333333333 0.8351851851851851 0.026041666666666668 0.046296296296296294
2 0.13645833333333332 0.5925925925925926 0.026041666666666668 0.046296296296296294
1 0.31145833333333334 0.8870370370370371 0.026041666666666668 0.046296296296296294
1 0.2552083333333333 0.9259259259259259 0.026041666666666668 0.046296296296296294
1 0.17395833333333333 0.95 0.026041666666666668 0.046296296296296294
4 0.4322916666666667 0.6666666666666666 0.026041666666666668 0.046296296296296294
4 0.41458333333333336 0.6074074074074074 0.026041666666666668 0.046296296296296294
4 0.38229166666666664 0.5592592592592592 0.026041666666666668 0.046296296296296294
3 0.6833333333333333 0.3425925925925926 0.026041666666666668 0.046296296296296294
3 0.703125 0.37222222222222223 0.026041666666666668 0.046296296296296294
1 0.7697916666666667 0.6685185185185185 0.026041666666666668 0.046296296296296294
3 0.746875 0.562962962962963 0.026041666666666668 0.046296296296296294
3 0.7239583333333334 0.6055555555555555 0.026041666666666668 0.046296296296296294
1 0.7197916666666667 0.7907407407407407 0.026041666666666668 0.046296296296296294
1 0.8302083333333333 0.8666666666666667 0.026041666666666668 0.046296296296296294
1 0.8375 0.9444444444444444 0.026041666666666668 0.046296296296296294
1 0.8427083333333333 0.9074074074074074 0.026041666666666668 0.046296296296296294
4 0.609375 0.5925925925925926 0.026041666666666668 0.046296296296296294
1 0.640625 0.7222222222222222 0.026041666666666668 0.046296296296296294
1 0.9729166666666667 0.95 0.026041666666666668 0.046296296296296294
