0 0.4708333333333333 0.0962962962962963 0.026041666666666668 0.046296296296296294
0 0.4796875 0.0962962962962963 0.026041666666666668 0.046296296296296294
0 0.49114583333333334 0.09722222222222222 0.026041666666666668 0.046296296296296294
0 0.4875 0.10648148148148148 0.026041666666666668 0.046296296296296294
0 0.4708333333333333 0.11481481481481481 0.026041666666666668 0.046296296296296294
0 0.4786458333333333 0.12222222222222222 0.026041666666666668 0.046296296296296294
0 0.46458333333333335 0.12962962962962962 0.026041666666666668 0.046296296296296294
0 0.440625 0.13148148148148148 0.026041666666666668 0.046296296296296294
0 0.4479166666666667 0.13425925925925927 0.026041666666666668 0.046296296296296294
0 0.45364583333333336 0.13148148148148148 0.026041666666666668 0.046296296296296294
0 0.46510416666666665 0.13796296296296295 0.026041666666666668 0.046296296296296294
0 0.4401041666666667 0.1425925925925926 0.026041666666666668 0.046296296296296294
0 0.4744791666666667 0.14629629629629629 0.026041666666666668 0.046296296296296294
0 0.4828125 0.14722222222222223 0.026041666666666668 0.046296296296296294
0 0.4625 0.15185185185185185 0.026041666666666668 0.046296296296296294
0 0.4703125 0.15185185185185185 0.026041666666666668 0.046296296296296294
0 0.4583333333333333 0.15925925925925927 0.026041666666666668 0.046296296296296294
0 0.4786458333333333 0.16203703703703703 0.026041666666666668 0.046296296296296294
0 0.49947916666666664 0.17592592592592593 0.026041666666666668 0.046296296296296294
0 0.5083333333333333 0.18425925925925926 0.026041666666666668 0.046296296296296294
0 0.43333333333333335 0.18888888888888888 0.026041666666666668 0.046296296296296294
0 0.4744791666666667 0.19074074074074074 0.026041666666666668 0.046296296296296294
0 0.48020833333333335 0.21574074074074073 0.026041666666666668 0.046296296296296294
0 0.48541666666666666 0.21296296296296297 0.026041666666666668 0.046296296296296294
0 0.5041666666666667 0.21574074074074073 0.026041666666666668 0.046296296296296294
0 0.49895833333333334 0.22314814814814815 0.026041666666666668 0.046296296296296294
0 0.4192708333333333 0.23703703703703705 0.026041666666666668 0.046296296296296294
0 0.45677083333333335 0.2351851851851852 0.026041666666666668 0.046296296296296294
0 0.4635416666666667 0.2351851851851852 0.026041666666666668 0.046296296296296294
0 0.46822916666666664 0.23796296296296296 0.026041666666666668 0.046296296296296294
0 0.4354166666666667 0.24537037037037038 0.026041666666666668 0.046296296296296294
0 0.5005208333333333 0.24444444444444444 0.026041666666666668 0.046296296296296294
0 0.5067708333333333 0.24444444444444444 0.026041666666666668 0.046296296296296294
0 0.4875 0.2537037037037037 0.026041666666666668 0.046296296296296294
0 0.5130208333333334 0.25462962962962965 0.026041666666666668 0.046296296296296294
0 0.5192708333333333 0.2537037037037037 0.026041666666666668 0.046296296296296294
0 0.4515625 0.26296296296296295 0.026041666666666668 0.046296296296296294
0 0.46979166666666666 0.2611111111111111 0.026041666666666668 0.046296296296296294
0 0.4942708333333333 0.26296296296296295 0.026041666666666668 0.046296296296296294
0 0.4354166666666667 0.26944444444444443 0.026041666666666668 0.046296296296296294
0 0.5489583333333333 0.275 0.026041666666666668 0.046296296296296294
0 0.465625 0.2851851851851852 0.026041666666666668 0.046296296296296294
0 0.4901041666666667 0.28425925925925927 0.026041666666666668 0.046296296296296294
0 0.5072916666666667 0.2861111111111111 0.026041666666666668 0.046296296296296294
0 0.4203125 0.29259259259259257 0.026041666666666668 0.046296296296296294
0 0.46041666666666664 0.29259259259259257 0.026041666666666668 0.046296296296296294
0 0.49895833333333334 0.29444444444444445 0.026041666666666668 0.046296296296296294
0 0.690625 0.29259259259259257 0.026041666666666668 0.046296296296296294
0 0.525 0.3 0.026041666666666668 0.046296296296296294
0 0.5364583333333334 0.30277777777777776 0.026041666666666668 0.046296296296296294
0 0.4375 0.30925925925925923 0.026041666666666668 0.046296296296296294
0 0.5145833333333333 0.3111111111111111 0.026041666666666668 0.046296296296296294
0 0.453125 0.3175925925925926 0.026041666666666668 0.046296296296296294
0 0.4317708333333333 0.32407407407407407 0.026041666666666668 0.046296296296296294
0 0.5317708333333333 0.325 0.026041666666666668 0.046296296296296294
0 0.44895833333333335 0.3314814814814815 0.026041666666666668 0.046296296296296294
0 0.4630208333333333 0.3314814814814815 0.026041666666666668 0.046296296296296294
0 0.4744791666666667 0.33240740740740743 0.026041666666666668 0.046296296296296294
4 0.5104166666666666 0.3333333333333333 0.026041666666666668 0.046296296296296294
0 0.5244791666666667 0.3314814814814815 0.026041666666666668 0.046296296296296294
4 0.4322916666666667 0.3398148148148148 0.026041666666666668 0.046296296296296294
4 0.37864583333333335 0.3490740740740741 0.026041666666666668 0.046296296296296294
4 0.4166666666666667 0.3472222222222222 0.026041666666666668 0.046296296296296294
4 0.4703125 0.34814814814814815 0.026041666666666668 0.046296296296296294
4 0.49895833333333334 0.34629629629629627 0.026041666666666668 0.046296296296296294
4 0.39947916666666666 0.3537037037037037 0.026041666666666668 0.046296296296296294
4 0.40677083333333336 0.35462962962962963 0.026041666666666668 0.046296296296296294
4 0.44114583333333335 0.3574074074074074 0.026041666666666668 0.046296296296296294
4 0.4588541666666667 0.35648148148148145 0.026041666666666668 0.046296296296296294
4 0.5114583333333333 0.3537037037037037 0.026041666666666668 0.046296296296296294
4 0.5401041666666667 0.35833333333333334 0.026041666666666668 0.046296296296296294
3 0.6848958333333334 0.3527777777777778 0.026041666666666668 0.046296296296296294
3 0.7166666666666667 0.3509259259259259 0.026041666666666668 0.046296296296296294
4 0.37447916666666664 0.362962962962963 0.026041666666666668 0.046296296296296294
4 0.3875 0.3638888888888889 0.026041666666666668 0.046296296296296294
4 0.41302083333333334 0.362962962962963 0.026041666666666668 0.046296296296296294
4 0.5041666666666667 0.3638888888888889 0.026041666666666668 0.046296296296296294
4 0.434375 0.3712962962962963 0.026041666666666668 0.046296296296296294
4 0.5161458333333333 0.37037037037037035 0.026041666666666668 0.046296296296296294
4 0.646875 0.36666666666666664 0.026041666666666668 0.046296296296296294
4 0.6536458333333334 0.3685185185185185 0.026041666666666668 0.046296296296296294
4 0.38697916666666665 0.38796296296296295 0.026041666666666668 0.046296296296296294
4 0.44166666666666665 0.3851851851851852 0.026041666666666668 0.046296296296296294
4 0.6588541666666666 0.3861111111111111 0.026041666666666668 0.046296296296296294
4 0.37916666666666665 0.3972222222222222 0.026041666666666668 0.046296296296296294
4 0.5161458333333333 0.3925925925925926 0.026041666666666668 0.046296296296296294
2 0.19895833333333332 0.3990740740740741 0.026041666666666668 0.046296296296296294
4 0.47552083333333334 0.40370370370370373 0.026041666666666668 0.046296296296296294
4 0.4036458333333333 0.4111111111111111 0.026041666666666668 0.046296296296296294
4 0.4197916666666667 0.412962962962963 0.026041666666666668 0.046296296296296294
4 0.5213541666666667 0.4083333333333333 0.026041666666666668 0.046296296296296294
4 0.6583333333333333 0.40925925925925927 0.026041666666666668 0.046296296296296294
2 0.19166666666666668 0.4203703703703704 0.026041666666666668 0.046296296296296294
4 0.41354166666666664 0.4203703703703704 0.026041666666666668 0.046296296296296294
4 0.4901041666666667 0.41944444444444445 0.026041666666666668 0.046296296296296294
4 0.3776041666666667 0.42777777777777776 0.026041666666666668 0.046296296296296294
4 0.5171875 0.42592592592592593 0.026041666666666668 0.046296296296296294
4 0.6536458333333334 0.425 0.026041666666666668 0.046296296296296294
2 0.1703125 0.4361111111111111 0.026041666666666668 0.046296296296296294
4 0.5234375 0.4324074074074074 0.026041666666666668 0.046296296296296294
4 0.4036458333333333 0.4425925925925926 0.026041666666666668 0.046296296296296294
4 0.4166666666666667 0.4398148148148148 0.026041666666666668 0.046296296296296294
4 0.4484375 0.44074074074074077 0.026041666666666668 0.046296296296296294
4 0.4739583333333333 0.4425925925925926 0.026041666666666668 0.046296296296296294
4 0.5005208333333333 0.44074074074074077 0.026041666666666668 0.046296296296296294
4 0.6619791666666667 0.44351851851851853 0.026041666666666668 0.046296296296296294
3 0.7072916666666667 0.4388888888888889 0.026041666666666668 0.046296296296296294
4 0.5234375 0.44814814814814813 0.026041666666666668 0.046296296296296294
4 0.5072916666666667 0.4564814814814815 0.026041666666666668 0.046296296296296294
4 0.6661458333333333 0.4546296296296296 0.026041666666666668 0.046296296296296294
3 0.6859375 0.4546296296296296 0.026041666666666668 0.046296296296296294
4 0.5291666666666667 0.4648148148148148 0.026041666666666668 0.046296296296296294
4 0.515625 0.4740740740740741 0.026041666666666668 0.046296296296296294
3 0.6786458333333333 0.47314814814814815 0.026041666666666668 0.046296296296296294
3 0.6963541666666667 0.47314814814814815 0.026041666666666668 0.046296296296296294
2 0.215625 0.47962962962962963 0.026041666666666668 0.046296296296296294
4 0.49166666666666664 0.4824074074074074 0.026041666666666668 0.046296296296296294
4 0.46197916666666666 0.4861111111111111 0.026041666666666668 0.046296296296296294
4 0.5151041666666667 0.48518518518518516 0.026041666666666668 0.046296296296296294
4 0.628125 0.4888888888888889 0.026041666666666668 0.046296296296296294
4 0.49583333333333335 0.4962962962962963 0.026041666666666668 0.046296296296296294
3 0.6994791666666667 0.49722222222222223 0.026041666666666668 0.046296296296296294
3 0.6927083333333334 0.5037037037037037 0.026041666666666668 0.046296296296296294
4 0.5270833333333333 0.5055555555555555 0.026041666666666668 0.046296296296296294
2 0.22447916666666667 0.5175925925925926 0.026041666666666668 0.046296296296296294
4 0.64375 0.5194444444444445 0.026041666666666668 0.046296296296296294
3 0.7020833333333333 0.5166666666666667 0.026041666666666668 0.046296296296296294
4 0.665625 0.5259259259259259 0.026041666666666668 0.046296296296296294
4 0.5375 0.5314814814814814 0.026041666666666668 0.046296296296296294
4 0.5515625 0.5287037037037037 0.026041666666666668 0.046296296296296294
4 0.6333333333333333 0.5333333333333333 0.026041666666666668 0.046296296296296294
3 0.7239583333333334 0.5333333333333333 0.026041666666666668 0.046296296296296294
4 0.5682291666666667 0.5546296296296296 0.026041666666666668 0.046296296296296294
4 0.5854166666666667 0.5537037037037037 0.026041666666666668 0.046296296296296294
3 0.7348958333333333 0.5564814814814815 0.026041666666666668 0.046296296296296294
3 0.7489583333333333 0.5666666666666667 0.026041666666666668 0.046296296296296294
4 0.5098958333333333 0.5787037037037037 0.026041666666666668 0.046296296296296294
4 0.5229166666666667 0.5805555555555556 0.026041666666666668 0.046296296296296294
4 0.6463541666666667 0.5842592592592593 0.026041666666666668 0.046296296296296294
4 0.471875 0.6083333333333333 0.026041666666666668 0.046296296296296294
4 0.5197916666666667 0.6240740740740741 0.026041666666666668 0.046296296296296294
4 0.5796875 0.6388888888888888 0.026041666666666668 0.046296296296296294
1 0.7708333333333334 0.6694444444444444 0.026041666666666668 0.046296296296296294
1 0.7036458333333333 0.6935185185185185 0.026041666666666668 0.046296296296296294
1 0.7416666666666667 0.6962962962962963 0.026041666666666668 0.046296296296296294
1 0.609375 0.7018518518518518 0.026041666666666668 0.046296296296296294
1 0.8838541666666667 0.7453703703703703 0.026041666666666668 0.046296296296296294
1 0.5208333333333334 0.7833333333333333 0.026041666666666668 0.046296296296296294
1 0.4546875 0.8268518518518518 0.026041666666666668 0.046296296296296294
1 0.7708333333333334 0.8398148148148148 0.026041666666666668 0.046296296296296294
1 0.978125 0.8481481481481481 0.026041666666666668 0.046296296296296294
1 0.7 0.8407407407407408 0.026041666666666668 0.046296296296296294
1 0.828125 0.8675925925925926 0.026041666666666668 0.046296296296296294
1 0.815625 0.9138888888888889 0.026041666666666668 0.046296296296296294
1 0.9661458333333334 0.9388888888888889 0.026041666666666668 0.046296296296296294
1 0.9369791666666667 0.9851851851851852 0.026041666666666668 0.046296296296296294
1 0.825 0.8351851851851851 0.026041666666666668 0.046296296296296294
1 0.99375 0.8574074074074074 0.026041666666666668 0.046296296296296294
1 0.878125 0.8092592592592592 0.026041666666666668 0.046296296296296294
1 0.6520833333333333 0.8277777777777777 0.026041666666666668 0.046296296296296294
1 0.578125 0.7481481481481481 0.026041666666666668 0.046296296296296294
1 0.525 0.7166666666666667 0.026041666666666668 0.046296296296296294
3 0.7635416666666667 0.5777777777777777 0.026041666666666668 0.046296296296296294
3 0.7541666666666667 0.6185185185185185 0.026041666666666668 0.046296296296296294
1 0.7208333333333333 0.674074074074074 0.026041666666666668 0.046296296296296294
3 0.7166666666666667 0.6203703703703703 0.026041666666666668 0.046296296296296294
2 0.18958333333333333 0.45185185185185184 0.026041666666666668 0.046296296296296294
4 0.61875 0.5611111111111111 0.026041666666666668 0.046296296296296294
3 0.6791666666666667 0.5203703703703704 0.026041666666666668 0.046296296296296294
