0 0.4713541666666667 0.0962962962962963 0.026041666666666668 0.046296296296296294
0 0.48333333333333334 0.09814814814814815 0.026041666666666668 0.046296296296296294
0 0.48541666666666666 0.1 0.026041666666666668 0.046296296296296294
0 0.4708333333333333 0.10555555555555556 0.026041666666666668 0.046296296296296294
0 0.48333333333333334 0.12129629629629629 0.026041666666666668 0.046296296296296294
0 0.49166666666666664 0.12314814814814815 0.026041666666666668 0.046296296296296294
0 0.459375 0.12777777777777777 0.026041666666666668 0.046296296296296294
0 0.4703125 0.12962962962962962 0.026041666666666668 0.046296296296296294
0 0.44166666666666665 0.13425925925925927 0.026041666666666668 0.046296296296296294
0 0.44947916666666665 0.13518518518518519 0.026041666666666668 0.046296296296296294
0 0.45364583333333336 0.13703703703703704 0.026041666666666668 0.046296296296296294
0 0.4625 0.13703703703703704 0.026041666666666668 0.046296296296296294
0 0.48385416666666664 0.1398148148148148 0.026041666666666668 0.046296296296296294
0 0.49114583333333334 0.13518518518518519 0.026041666666666668 0.046296296296296294
0 0.43072916666666666 0.14166666666666666 0.026041666666666668 0.046296296296296294
0 0.43697916666666664 0.14722222222222223 0.026041666666666668 0.046296296296296294
0 0.4713541666666667 0.14629629629629629 0.026041666666666668 0.046296296296296294
0 0.4953125 0.1527777777777778 0.026041666666666668 0.046296296296296294
0 0.5005208333333333 0.17314814814814813 0.026041666666666668 0.046296296296296294
0 0.43697916666666664 0.18333333333333332 0.026041666666666668 0.046296296296296294
0 0.4708333333333333 0.1814814814814815 0.026041666666666668 0.046296296296296294
0 0.48385416666666664 0.18425925925925926 0.026041666666666668 0.046296296296296294
0 0.4640625 0.22777777777777777 0.026041666666666668 0.046296296296296294
0 0.4828125 0.22870370370370371 0.026041666666666668 0.046296296296296294
0 0.5088541666666667 0.22962962962962963 0.026041666666666668 0.046296296296296294
0 0.5036458333333333 0.2601851851851852 0.026041666666666668 0.046296296296296294
0 0.5119791666666667 0.262037037037037 0.026041666666666668 0.046296296296296294
0 0.5416666666666666 0.26666666666666666 0.026041666666666668 0.046296296296296294
0 0.5046875 0.2777777777777778 0.026041666666666668 0.046296296296296294
0 0.5171875 0.2851851851851852 0.026041666666666668 0.046296296296296294
0 0.6921875 0.2851851851851852 0.026041666666666668 0.046296296296296294
0 0.48333333333333334 0.3 0.026041666666666668 0.046296296296296294
0 0.43333333333333335 0.3101851851851852 0.026041666666666668 0.046296296296296294
0 0.49895833333333334 0.30833333333333335 0.026041666666666668 0.046296296296296294
0 0.5145833333333333 0.3074074074074074 0.026041666666666668 0.046296296296296294
0 0.42604166666666665 0.3175925925925926 0.026041666666666668 0.046296296296296294
0 0.440625 0.31666666666666665 0.026041666666666668 0.046296296296296294
0 0.4765625 0.31666666666666665 0.026041666666666668 0.046296296296296294
0 0.7041666666666667 0.3148148148148148 0.026041666666666668 0.046296296296296294
0 0.4197916666666667 0.32592592592592595 0.026041666666666668 0.046296296296296294
0 0.49375 0.32407407407407407 0.026041666666666668 0.046296296296296294
0 0.44114583333333335 0.3296296296296296 0.026041666666666668 0.046296296296296294
0 0.471875 0.3314814814814815 0.026041666666666668 0.046296296296296294
4 0.5078125 0.33425925925925926 0.026041666666666668 0.046296296296296294
4 0.428125 0.33796296296296297 0.026041666666666668 0.046296296296296294
4 0.45260416666666664 0.3388888888888889 0.026041666666666668 0.046296296296296294
4 0.48333333333333334 0.34074074074074073 0.026041666666666668 0.046296296296296294
4 0.3953125 0.3472222222222222 0.026041666666666668 0.046296296296296294
4 0.4119791666666667 0.34814814814814815 0.026041666666666668 0.046296296296296294
4 0.375 0.35462962962962963 0.026041666666666668 0.046296296296296294
4 0.378125 0.35648148148148145 0.026041666666666668 0.046296296296296294
4 0.4083333333333333 0.35648148148148145 0.026041666666666668 0.046296296296296294
4 0.44114583333333335 0.35555555555555557 0.026041666666666668 0.046296296296296294
4 0.44479166666666664 0.35462962962962963 0.026041666666666668 0.046296296296296294
4 0.5026041666666666 0.3592592592592593 0.026041666666666668 0.046296296296296294
4 0.4739583333333333 0.37222222222222223 0.026041666666666668 0.046296296296296294
4 0.4510416666666667 0.375 0.026041666666666668 0.046296296296296294
4 0.5151041666666667 0.37777777777777777 0.026041666666666668 0.046296296296296294
4 0.4354166666666667 0.38425925925925924 0.026041666666666668 0.046296296296296294
4 0.39895833333333336 0.39444444444444443 0.026041666666666668 0.046296296296296294
4 0.5213541666666667 0.3925925925925926 0.026041666666666668 0.046296296296296294
4 0.5276041666666667 0.39444444444444443 0.026041666666666668 0.046296296296296294
4 0.4869791666666667 0.4027777777777778 0.026041666666666668 0.046296296296296294
4 0.503125 0.40185185185185185 0.026041666666666668 0.046296296296296294
4 0.5145833333333333 0.4027777777777778 0.026041666666666668 0.046296296296296294
4 0.6635416666666667 0.41203703703703703 0.026041666666666668 0.046296296296296294
4 0.4119791666666667 0.4166666666666667 0.026041666666666668 0.046296296296296294
4 0.5328125 0.41759259259259257 0.026041666666666668 0.046296296296296294
4 0.4401041666666667 0.42685185185185187 0.026041666666666668 0.046296296296296294
4 0.4786458333333333 0.425 0.026041666666666668 0.046296296296296294
4 0.6541666666666667 0.42685185185185187 0.026041666666666668 0.046296296296296294
4 0.5083333333333333 0.43425925925925923 0.026041666666666668 0.046296296296296294
4 0.4161458333333333 0.4388888888888889 0.026041666666666668 0.046296296296296294
4 0.4661458333333333 0.44166666666666665 0.026041666666666668 0.046296296296296294
4 0.5192708333333333 0.4425925925925926 0.026041666666666668 0.046296296296296294
3 0.6703125 0.44166666666666665 0.026041666666666668 0.046296296296296294
3 0.6984375 0.44166666666666665 0.026041666666666668 0.046296296296296294
4 0.396875 0.45740740740740743 0.026041666666666668 0.046296296296296294
4 0.4244791666666667 0.4583333333333333 0.026041666666666668 0.046296296296296294
4 0.515625 0.45740740740740743 0.026041666666666668 0.046296296296296294
4 0.5328125 0.4564814814814815 0.026041666666666668 0.046296296296296294
4 0.6583333333333333 0.45555555555555555 0.026041666666666668 0.046296296296296294
4 0.4791666666666667 0.46296296296296297 0.026041666666666668 0.046296296296296294
3 0.6708333333333333 0.46296296296296297 0.026041666666666668 0.046296296296296294
3 0.6854166666666667 0.4648148148148148 0.026041666666666668 0.046296296296296294
4 0.440625 0.4740740740740741 0.026041666666666668 0.046296296296296294
4 0.503125 0.4703703703703704 0.026041666666666668 0.046296296296296294
4 0.5145833333333333 0.47129629629629627 0.026041666666666668 0.046296296296296294
4 0.5328125 0.4740740740740741 0.026041666666666668 0.046296296296296294
3 0.6760416666666667 0.48148148148148145 0.026041666666666668 0.046296296296296294
4 0.3890625 0.4824074074074074 0.026041666666666668 0.046296296296296294
4 0.40677083333333336 0.4842592592592593 0.026041666666666668 0.046296296296296294
4 0.48802083333333335 0.487962962962963 0.026041666666666668 0.046296296296296294
4 0.6130208333333333 0.4962962962962963 0.026041666666666668 0.046296296296296294
3 0.6984375 0.49537037037037035 0.026041666666666668 0.046296296296296294
3 0.68125 0.5018518518518519 0.026041666666666668 0.046296296296296294
4 0.43333333333333335 0.5092592592592593 0.026041666666666668 0.046296296296296294
4 0.5041666666666667 0.5101851851851852 0.026041666666666668 0.046296296296296294
4 0.5125 0.5120370370370371 0.026041666666666668 0.046296296296296294
3 0.6989583333333333 0.5083333333333333 0.026041666666666668 0.046296296296296294
4 0.6041666666666666 0.5212962962962963 0.026041666666666668 0.046296296296296294
4 0.6192708333333333 0.5259259259259259 0.026041666666666668 0.046296296296296294
3 0.6703125 0.5259259259259259 0.026041666666666668 0.046296296296296294
4 0.475 0.5324074074074074 0.026041666666666668 0.046296296296296294
4 0.4484375 0.5462962962962963 0.026041666666666668 0.046296296296296294
3 0.7369791666666666 0.5462962962962963 0.026041666666666668 0.046296296296296294
4 0.4734375 0.5546296296296296 0.026041666666666668 0.046296296296296294
4 0.5197916666666667 0.5657407407407408 0.026041666666666668 0.046296296296296294
4 0.39114583333333336 0.5722222222222222 0.026041666666666668 0.046296296296296294
3 0.7614583333333333 0.5712962962962963 0.026041666666666668 0.046296296296296294
4 0.6052083333333333 0.5796296296296296 0.026041666666666668 0.046296296296296294
4 0.5130208333333334 0.5879629629629629 0.026041666666666668 0.046296296296296294
4 0.6375 0.5944444444444444 0.026041666666666668 0.046296296296296294
4 0.6609375 0.5907407407407408 0.026041666666666668 0.046296296296296294
4 0.5223958333333333 0.6046296296296296 0.026041666666666668 0.046296296296296294
4 0.6463541666666667 0.6129629629629629 0.026041666666666668 0.046296296296296294
2 0.21822916666666667 0.6185185185185185 0.026041666666666668 0.046296296296296294
4 0.621875 0.6203703703703703 0.026041666666666668 0.046296296296296294
2 0.23072916666666668 0.6361111111111111 0.026041666666666668 0.046296296296296294
4 0.5401041666666667 0.6305555555555555 0.026041666666666668 0.046296296296296294
4 0.4276041666666667 0.6370370370370371 0.026041666666666668 0.046296296296296294
2 0.20729166666666668 0.6574074074074074 0.026041666666666668 0.046296296296296294
3 0.7380208333333333 0.6611111111111111 0.026041666666666668 0.046296296296296294
3 0.771875 0.6592592592592592 0.026041666666666668 0.046296296296296294
1 0.7151041666666667 0.7027777777777777 0.026041666666666668 0.046296296296296294
1 0.6401041666666667 0.712037037037037 0.026041666666666668 0.046296296296296294
1 0.8776041666666666 0.7490740740740741 0.026041666666666668 0.046296296296296294
1 0.9078125 0.7481481481481481 0.026041666666666668 0.046296296296296294
1 0.5604166666666667 0.7555555555555555 0.026041666666666668 0.046296296296296294
1 0.8244791666666667 0.7648148148148148 0.026041666666666668 0.046296296296296294
1 0.7416666666666667 0.8046296296296296 0.026041666666666668 0.046296296296296294
1 0.3963541666666667 0.8287037037037037 0.026041666666666668 0.046296296296296294
1 0.8723958333333334 0.8314814814814815 0.026041666666666668 0.046296296296296294
1 0.15052083333333333 0.8444444444444444 0.026041666666666668 0.046296296296296294
1 0.7807291666666667 0.8342592592592593 0.026041666666666668 0.046296296296296294
1 0.8265625 0.837037037037037 0.026041666666666668 0.046296296296296294
1 0.840625 0.8546296296296296 0.026041666666666668 0.046296296296296294
1 0.8463541666666666 0.8944444444444445 0.026041666666666668 0.046296296296296294
1 0.4390625 0.8870370370370371 0.026041666666666668 0.046296296296296294
1 0.46458333333333335 0.9074074074074074 0.026041666666666668 0.046296296296296294
1 0.21770833333333334 0.9166666666666666 0.026041666666666668 0.046296296296296294
1 0.821875 0.9444444444444444 0.026041666666666668 0.046296296296296294
1 0.1515625 0.9490740740740741 0.026041666666666668 0.046296296296296294
1 0.5817708333333333 0.9490740740740741 0.026041666666666668 0.046296296296296294
1 0.028645833333333332 0.9611111111111111 0.026041666666666668 0.046296296296296294
1 0.9640625 0.9518518518518518 0.026041666666666668 0.046296296296296294
1 0.5473958333333333 0.9777777777777777 0.026041666666666668 0.046296296296296294
1 0.5140625 0.9925925925925926 0.026041666666666668 0.046296296296296294
2 0.19895833333333332 0.4425925925925926 0.026041666666666668 0.046296296296296294
2 0.190625 0.42407407407407405 0.026041666666666668 0.046296296296296294
2 0.18020833333333333 0.44074074074074077 0.026041666666666668 0.046296296296296294
1 0.6427083333333333 0.9037037037037037 0.026041666666666668 0.046296296296296294
1 0.8729166666666667 0.9574074074074074 0.026041666666666668 0.046296296296296294
3 0.75 0.6518518518518519 0.026041666666666668 0.046296296296296294
3 0.746875 0.5703703703703704 0.026041666666666668 0.046296296296296294
3 0.7291666666666666 0.5740740740740741 0.026041666666666668 0.046296296296296294
4 0.6041666666666666 0.6388888888888888 0.026041666666666668 0.046296296296296294
4 0.5760416666666667 0.6370370370370371 0.026041666666666668 0.046296296296296294
4 0.45729166666666665 0.6333333333333333 0.026041666666666668 0.046296296296296294
4 0.378125 0.6222222222222222 0.026041666666666668 0.046296296296296294
2 0.21145833333333333 0.45925925925925926 0.026041666666666668 0.046296296296296294
2 0.22083333333333333 0.37962962962962965 0.026041666666666668 0.046296296296296294
