0 0.46875 0.09444444444444444 0.026041666666666668 0.046296296296296294
0 0.4822916666666667 0.10462962962962963 0.026041666666666668 0.046296296296296294
0 0.46979166666666666 0.11296296296296296 0.026041666666666668 0.046296296296296294
0 0.4822916666666667 0.12314814814814815 0.026041666666666668 0.046296296296296294
0 0.49375 0.12037037037037036 0.026041666666666668 0.046296296296296294
0 0.4609375 0.13425925925925927 0.026041666666666668 0.046296296296296294
0 0.46979166666666666 0.13796296296296295 0.026041666666666668 0.046296296296296294
0 0.465625 0.14444444444444443 0.026041666666666668 0.046296296296296294
0 0.478125 0.14537037037037037 0.026041666666666668 0.046296296296296294
0 0.4630208333333333 0.15185185185185185 0.026041666666666668 0.046296296296296294
0 0.4744791666666667 0.1527777777777778 0.026041666666666668 0.046296296296296294
0 0.4817708333333333 0.15462962962962962 0.026041666666666668 0.046296296296296294
0 0.47552083333333334 0.15925925925925927 0.026041666666666668 0.046296296296296294
0 0.4864583333333333 0.16296296296296298 0.026041666666666668 0.046296296296296294
0 0.4708333333333333 0.175 0.026041666666666668 0.046296296296296294
0 0.49270833333333336 0.17685185185185184 0.026041666666666668 0.046296296296296294
0 0.4984375 0.17592592592592593 0.026041666666666668 0.046296296296296294
0 0.48385416666666664 0.18333333333333332 0.026041666666666668 0.046296296296296294
0 0.5151041666666667 0.18518518518518517 0.026041666666666668 0.046296296296296294
0 0.44947916666666665 0.19074074074074074 0.026041666666666668 0.046296296296296294
0 0.459375 0.19166666666666668 0.026041666666666668 0.046296296296296294
0 0.46145833333333336 0.21574074074074073 0.026041666666666668 0.046296296296296294
0 0.48541666666666666 0.21388888888888888 0.026041666666666668 0.046296296296296294
0 0.5114583333333333 0.21388888888888888 0.026041666666666668 0.046296296296296294
0 0.44895833333333335 0.2222222222222222 0.026041666666666668 0.046296296296296294
0 0.42083333333333334 0.2388888888888889 0.026041666666666668 0.046296296296296294
0 0.42916666666666664 0.23796296296296296 0.026041666666666668 0.046296296296296294
0 0.440625 0.23981481481481481 0.026041666666666668 0.046296296296296294
0 0.4666666666666667 0.23796296296296296 0.026041666666666668 0.046296296296296294
0 0.5114583333333333 0.2351851851851852 0.026041666666666668 0.046296296296296294
0 0.4875 0.24351851851851852 0.026041666666666668 0.046296296296296294
0 0.4947916666666667 0.2518518518518518 0.026041666666666668 0.046296296296296294
0 0.4161458333333333 0.26481481481481484 0.026041666666666668 0.046296296296296294
0 0.7026041666666667 0.25925925925925924 0.026041666666666668 0.046296296296296294
0 0.4375 0.26944444444444443 0.026041666666666668 0.046296296296296294
0 0.4864583333333333 0.27685185185185185 0.026041666666666668 0.046296296296296294
0 0.5234375 0.27685185185185185 0.026041666666666668 0.046296296296296294
0 0.41770833333333335 0.2833333333333333 0.026041666666666668 0.046296296296296294
0 0.42552083333333335 0.28703703703703703 0.026041666666666668 0.046296296296296294
0 0.45729166666666665 0.28425925925925927 0.026041666666666668 0.046296296296296294
0 0.440625 0.2898148148148148 0.026041666666666668 0.046296296296296294
0 0.4953125 0.29259259259259257 0.026041666666666668 0.046296296296296294
0 0.46927083333333336 0.30092592592592593 0.026041666666666668 0.046296296296296294
0 0.44166666666666665 0.30462962962962964 0.026041666666666668 0.046296296296296294
0 0.4484375 0.30833333333333335 0.026041666666666668 0.046296296296296294
0 0.4578125 0.3055555555555556 0.026041666666666668 0.046296296296296294
0 0.5083333333333333 0.3074074074074074 0.026041666666666668 0.046296296296296294
0 0.5197916666666667 0.3101851851851852 0.026041666666666668 0.046296296296296294
0 0.46510416666666665 0.31851851851851853 0.026041666666666668 0.046296296296296294
0 0.44479166666666664 0.33055555555555555 0.026041666666666668 0.046296296296296294
0 0.46197916666666666 0.3314814814814815 0.026041666666666668 0.046296296296296294
0 0.4739583333333333 0.3314814814814815 0.026041666666666668 0.046296296296296294
0 0.5036458333333333 0.33055555555555555 0.026041666666666668 0.046296296296296294
4 0.4578125 0.35 0.026041666666666668 0.046296296296296294
4 0.49895833333333334 0.3472222222222222 0.026041666666666668 0.046296296296296294
4 0.4036458333333333 0.35555555555555557 0.026041666666666668 0.046296296296296294
4 0.4239583333333333 0.3537037037037037 0.026041666666666668 0.046296296296296294
4 0.5098958333333333 0.3537037037037037 0.026041666666666668 0.046296296296296294
3 0.6729166666666667 0.35185185185185186 0.026041666666666668 0.046296296296296294
4 0.3921875 0.362962962962963 0.026041666666666668 0.046296296296296294
4 0.4203125 0.362962962962963 0.026041666666666668 0.046296296296296294
4 0.403125 0.37037037037037035 0.026041666666666668 0.046296296296296294
4 0.5119791666666667 0.3675925925925926 0.026041666666666668 0.046296296296296294
4 0.5239583333333333 0.375 0.026041666666666668 0.046296296296296294
4 0.39427083333333335 0.37962962962962965 0.026041666666666668 0.046296296296296294
4 0.4083333333333333 0.38055555555555554 0.026041666666666668 0.046296296296296294
4 0.42291666666666666 0.3787037037037037 0.026041666666666668 0.046296296296296294
2 0.19166666666666668 0.39351851851851855 0.026041666666666668 0.046296296296296294
2 0.2171875 0.3925925925925926 0.026041666666666668 0.046296296296296294
4 0.4078125 0.3925925925925926 0.026041666666666668 0.046296296296296294
4 0.43697916666666664 0.39537037037037037 0.026041666666666668 0.046296296296296294
4 0.41875 0.4046296296296296 0.026041666666666668 0.046296296296296294
4 0.4713541666666667 0.40370370370370373 0.026041666666666668 0.046296296296296294
4 0.6578125 0.4064814814814815 0.026041666666666668 0.046296296296296294
4 0.3848958333333333 0.4101851851851852 0.026041666666666668 0.046296296296296294
4 0.40260416666666665 0.40925925925925927 0.026041666666666668 0.046296296296296294
4 0.44895833333333335 0.4166666666666667 0.026041666666666668 0.046296296296296294
4 0.65 0.425 0.026041666666666668 0.046296296296296294
2 0.21666666666666667 0.43425925925925923 0.026041666666666668 0.046296296296296294
4 0.41041666666666665 0.4351851851851852 0.026041666666666668 0.046296296296296294
4 0.6645833333333333 0.44074074074074077 0.026041666666666668 0.046296296296296294
3 0.7046875 0.4398148148148148 0.026041666666666668 0.046296296296296294
4 0.38697916666666665 0.44907407407407407 0.026041666666666668 0.046296296296296294
4 0.3984375 0.44814814814814813 0.026041666666666668 0.046296296296296294
4 0.4276041666666667 0.44907407407407407 0.026041666666666668 0.046296296296296294
4 0.4703125 0.4444444444444444 0.026041666666666668 0.046296296296296294
4 0.4822916666666667 0.4462962962962963 0.026041666666666668 0.046296296296296294
3 0.6854166666666667 0.4462962962962963 0.026041666666666668 0.046296296296296294
4 0.5145833333333333 0.45740740740740743 0.026041666666666668 0.046296296296296294
4 0.528125 0.45740740740740743 0.026041666666666668 0.046296296296296294
3 0.6744791666666666 0.4583333333333333 0.026041666666666668 0.046296296296296294
4 0.38229166666666664 0.4759259259259259 0.026041666666666668 0.046296296296296294
4 0.4625 0.4740740740740741 0.026041666666666668 0.046296296296296294
3 0.6869791666666667 0.47129629629629627 0.026041666666666668 0.046296296296296294
4 0.4328125 0.48148148148148145 0.026041666666666668 0.046296296296296294
4 0.49114583333333334 0.4777777777777778 0.026041666666666668 0.046296296296296294
4 0.5104166666666666 0.4824074074074074 0.026041666666666668 0.046296296296296294
4 0.6192708333333333 0.4777777777777778 0.026041666666666668 0.046296296296296294
4 0.4197916666666667 0.48703703703703705 0.026041666666666668 0.046296296296296294
4 0.5203125 0.487962962962963 0.026041666666666668 0.046296296296296294
4 0.6203125 0.4842592592592593 0.026041666666666668 0.046296296296296294
3 0.6916666666666667 0.487962962962963 0.026041666666666668 0.046296296296296294
4 0.5239583333333333 0.4935185185185185 0.026041666666666668 0.046296296296296294
4 0.6130208333333333 0.4962962962962963 0.026041666666666668 0.046296296296296294
4 0.6614583333333334 0.49444444444444446 0.026041666666666668 0.046296296296296294
4 0.40260416666666665 0.5037037037037037 0.026041666666666668 0.046296296296296294
4 0.6286458333333333 0.5 0.026041666666666668 0.046296296296296294
4 0.38697916666666665 0.5101851851851852 0.026041666666666668 0.046296296296296294
4 0.4453125 0.5120370370370371 0.026041666666666668 0.046296296296296294
4 0.5333333333333333 0.5092592592592593 0.026041666666666668 0.046296296296296294
3 0.753125 0.5111111111111111 0.026041666666666668 0.046296296296296294
4 0.42864583333333334 0.5185185185185185 0.026041666666666668 0.046296296296296294
4 0.4744791666666667 0.5194444444444445 0.026041666666666668 0.046296296296296294
4 0.6322916666666667 0.5203703703703704 0.026041666666666668 0.046296296296296294
3 0.6921875 0.5203703703703704 0.026041666666666668 0.046296296296296294
4 0.6661458333333333 0.5259259259259259 0.026041666666666668 0.046296296296296294
3 0.6708333333333333 0.5268518518518519 0.026041666666666668 0.046296296296296294
4 0.5328125 0.5324074074074074 0.026041666666666668 0.046296296296296294
3 0.7234375 0.5351851851851852 0.026041666666666668 0.046296296296296294
4 0.6026041666666667 0.5388888888888889 0.026041666666666668 0.046296296296296294
4 0.478125 0.5564814814814815 0.026041666666666668 0.046296296296296294
4 0.5427083333333333 0.5574074074074075 0.026041666666666668 0.046296296296296294
4 0.5635416666666667 0.5537037037037037 0.026041666666666668 0.046296296296296294
4 0.5911458333333334 0.5574074074074075 0.026041666666666668 0.046296296296296294
4 0.6651041666666667 0.5583333333333333 0.026041666666666668 0.046296296296296294
3 0.7395833333333334 0.5574074074074075 0.026041666666666668 0.046296296296296294
4 0.653125 0.575925925925926 0.026041666666666668 0.046296296296296294
3 0.7614583333333333 0.5796296296296296 0.026041666666666668 0.046296296296296294
4 0.42135416666666664 0.587037037037037 0.026041666666666668 0.046296296296296294
4 0.5838541666666667 0.6101851851851852 0.026041666666666668 0.046296296296296294
4 0.6041666666666666 0.6268518518518519 0.026041666666666668 0.046296296296296294
3 0.7578125 0.6268518518518519 0.026041666666666668 0.046296296296296294
2 0.10416666666666667 0.6305555555555555 0.026041666666666668 0.046296296296296294
4 0.5984375 0.6435185185185185 0.026041666666666668 0.046296296296296294
3 0.7328125 0.65 0.026041666666666668 0.046296296296296294
3 0.7630208333333334 0.6657407407407407 0.026041666666666668 0.046296296296296294
1 0.7697916666666667 0.6777777777777778 0.026041666666666668 0.046296296296296294
1 0.5723958333333333 0.7046296296296296 0.026041666666666668 0.046296296296296294
1 0.68125 0.7046296296296296 0.026041666666666668 0.046296296296296294
1 0.5380208333333333 0.7240740740740741 0.026041666666666668 0.046296296296296294
1 0.8822916666666667 0.7453703703703703 0.026041666666666668 0.046296296296296294
1 0.4125 0.7490740740740741 0.026041666666666668 0.046296296296296294
1 0.8619791666666666 0.799074074074074 0.026041666666666668 0.046296296296296294
1 0.64375 0.8027777777777778 0.026041666666666668 0.046296296296296294
1 0.47552083333333334 0.8212962962962963 0.026041666666666668 0.046296296296296294
1 0.825 0.8361111111111111 0.026041666666666668 0.046296296296296294
1 0.975 0.8453703703703703 0.026041666666666668 0.046296296296296294
1 0.7635416666666667 0.8611111111111112 0.026041666666666668 0.046296296296296294
1 0.6598958333333333 0.8805555555555555 0.026041666666666668 0.046296296296296294
1 0.8869791666666667 0.8703703703703703 0.026041666666666668 0.046296296296296294
1 0.815625 0.9157407407407407 0.026041666666666668 0.046296296296296294
1 0.9671875 0.9462962962962963 0.026041666666666668 0.046296296296296294
1 0.46458333333333335 0.9851851851851852 0.026041666666666668 0.046296296296296294
4 0.5145833333333333 0.6 0.026041666666666668 0.046296296296296294
1 0.665625 0.6759259259259259 0.026041666666666668 0.046296296296296294
1 0.584375 0.6833333333333333 0.026041666666666668 0.046296296296296294
1 0.99375 0.8611111111111112 0.026041666666666668 0.046296296296296294
1 0.6114583333333333 0.8944444444444445 0.026041666666666668 0.046296296296296294
4 0.44583333333333336 0.5351851851851852 0.026041666666666668 0.046296296296296294
4 0.378125 0.512962962962963 0.026041666666666668 0.046296296296296294
4 0.5125 0.4 0.026041666666666668 0.046296296296296294
4 0.51875 0.42407407407407405 0.026041666666666668 0.046296296296296294
