0 0.471875 0.09537037037037037 0.026041666666666668 0.046296296296296294
0 0.4786458333333333 0.09537037037037037 0.026041666666666668 0.046296296296296294
0 0.4864583333333333 0.0962962962962963 0.026041666666666668 0.046296296296296294
0 0.4828125 0.10462962962962963 0.026041666666666668 0.046296296296296294
0 0.4708333333333333 0.11481481481481481 0.026041666666666668 0.046296296296296294
0 0.48333333333333334 0.11666666666666667 0.026041666666666668 0.046296296296296294
0 0.46979166666666666 0.1287037037037037 0.026041666666666668 0.046296296296296294
0 0.4744791666666667 0.13240740740740742 0.026041666666666668 0.046296296296296294
0 0.4552083333333333 0.13148148148148148 0.026041666666666668 0.046296296296296294
0 0.46197916666666666 0.1361111111111111 0.026041666666666668 0.046296296296296294
0 0.4869791666666667 0.14074074074074075 0.026041666666666668 0.046296296296296294
0 0.45364583333333336 0.1425925925925926 0.026041666666666668 0.046296296296296294
0 0.4744791666666667 0.14444444444444443 0.026041666666666668 0.046296296296296294
0 0.4984375 0.14444444444444443 0.026041666666666668 0.046296296296296294
0 0.4625 0.15185185185185185 0.026041666666666668 0.046296296296296294
0 0.465625 0.1537037037037037 0.026041666666666668 0.046296296296296294
0 0.49375 0.15462962962962962 0.026041666666666668 0.046296296296296294
0 0.49114583333333334 0.16203703703703703 0.026041666666666668 0.046296296296296294
0 0.47552083333333334 0.17685185185185184 0.026041666666666668 0.046296296296296294
0 0.4869791666666667 0.17685185185185184 0.026041666666666668 0.046296296296296294
0 0.503125 0.17407407407407408 0.026041666666666668 0.046296296296296294
0 0.4317708333333333 0.1787037037037037 0.026041666666666668 0.046296296296296294
0 0.5114583333333333 0.19444444444444445 0.026041666666666668 0.046296296296296294
0 0.4630208333333333 0.2074074074074074 0.026041666666666668 0.046296296296296294
0 0.47239583333333335 0.21388888888888888 0.026041666666666668 0.046296296296296294
0 0.4786458333333333 0.2111111111111111 0.026041666666666668 0.046296296296296294
0 0.45260416666666664 0.23148148148148148 0.026041666666666668 0.046296296296296294
0 0.49947916666666664 0.22777777777777777 0.026041666666666668 0.046296296296296294
0 0.42083333333333334 0.2361111111111111 0.026041666666666668 0.046296296296296294
0 0.4317708333333333 0.2361111111111111 0.026041666666666668 0.046296296296296294
0 0.44479166666666664 0.2361111111111111 0.026041666666666668 0.046296296296296294
0 0.4578125 0.2361111111111111 0.026041666666666668 0.046296296296296294
0 0.49895833333333334 0.23796296296296296 0.026041666666666668 0.046296296296296294
0 0.5078125 0.23981481481481481 0.026041666666666668 0.046296296296296294
0 0.46927083333333336 0.24537037037037038 0.026041666666666668 0.046296296296296294
0 0.4875 0.24537037037037038 0.026041666666666668 0.046296296296296294
0 0.43854166666666666 0.25462962962962965 0.026041666666666668 0.046296296296296294
0 0.4197916666666667 0.2601851851851852 0.026041666666666668 0.046296296296296294
0 0.48333333333333334 0.2611111111111111 0.026041666666666668 0.046296296296296294
0 0.49114583333333334 0.26296296296296295 0.026041666666666668 0.046296296296296294
0 0.49114583333333334 0.26944444444444443 0.026041666666666668 0.046296296296296294
0 0.4984375 0.26944444444444443 0.026041666666666668 0.046296296296296294
0 0.4276041666666667 0.2824074074074074 0.026041666666666668 0.046296296296296294
0 0.4744791666666667 0.2833333333333333 0.026041666666666668 0.046296296296296294
0 0.4859375 0.2851851851851852 0.026041666666666668 0.046296296296296294
0 0.5203125 0.28425925925925927 0.026041666666666668 0.046296296296296294
0 0.5463541666666667 0.28703703703703703 0.026041666666666668 0.046296296296296294
0 0.4203125 0.29074074074074074 0.026041666666666668 0.046296296296296294
0 0.6901041666666666 0.29259259259259257 0.026041666666666668 0.046296296296296294
0 0.42552083333333335 0.30092592592592593 0.026041666666666668 0.046296296296296294
0 0.4322916666666667 0.29814814814814816 0.026041666666666668 0.046296296296296294
0 0.4578125 0.30092592592592593 0.026041666666666668 0.046296296296296294
0 0.5020833333333333 0.30092592592592593 0.026041666666666668 0.046296296296296294
0 0.4161458333333333 0.3074074074074074 0.026041666666666668 0.046296296296296294
0 0.43645833333333334 0.3074074074074074 0.026041666666666668 0.046296296296296294
0 0.46510416666666665 0.3111111111111111 0.026041666666666668 0.046296296296296294
0 0.47760416666666666 0.3111111111111111 0.026041666666666668 0.046296296296296294
0 0.49114583333333334 0.30925925925925923 0.026041666666666668 0.046296296296296294
0 0.5296875 0.30833333333333335 0.026041666666666668 0.046296296296296294
0 0.425 0.3148148148148148 0.026041666666666668 0.046296296296296294
0 0.45364583333333336 0.3175925925925926 0.026041666666666668 0.046296296296296294
0 0.503125 0.3175925925925926 0.026041666666666668 0.046296296296296294
0 0.5192708333333333 0.31666666666666665 0.026041666666666668 0.046296296296296294
0 0.44166666666666665 0.3212962962962963 0.026041666666666668 0.046296296296296294
0 0.4479166666666667 0.3314814814814815 0.026041666666666668 0.046296296296296294
0 0.4578125 0.3296296296296296 0.026041666666666668 0.046296296296296294
0 0.46822916666666664 0.3314814814814815 0.026041666666666668 0.046296296296296294
0 0.7036458333333333 0.33055555555555555 0.026041666666666668 0.046296296296296294
4 0.5114583333333333 0.3416666666666667 0.026041666666666668 0.046296296296296294
4 0.4713541666666667 0.3472222222222222 0.026041666666666668 0.046296296296296294
4 0.378125 0.35648148148148145 0.026041666666666668 0.046296296296296294
4 0.3828125 0.35462962962962963 0.026041666666666668 0.046296296296296294
4 0.39427083333333335 0.3537037037037037 0.026041666666666668 0.046296296296296294
4 0.49947916666666664 0.35462962962962963 0.026041666666666668 0.046296296296296294
3 0.6864583333333333 0.35555555555555557 0.026041666666666668 0.046296296296296294
4 0.37447916666666664 0.362962962962963 0.026041666666666668 0.046296296296296294
4 0.38697916666666665 0.3638888888888889 0.026041666666666668 0.046296296296296294
4 0.5078125 0.36203703703703705 0.026041666666666668 0.046296296296296294
4 0.5197916666666667 0.37222222222222223 0.026041666666666668 0.046296296296296294
4 0.5416666666666666 0.37407407407407406 0.026041666666666668 0.046296296296296294
4 0.6473958333333333 0.3675925925925926 0.026041666666666668 0.046296296296296294
4 0.65 0.3685185185185185 0.026041666666666668 0.046296296296296294
4 0.6546875 0.37037037037037035 0.026041666666666668 0.046296296296296294
4 0.39114583333333336 0.37962962962962965 0.026041666666666668 0.046296296296296294
4 0.40260416666666665 0.37962962962962965 0.026041666666666668 0.046296296296296294
4 0.425 0.37962962962962965 0.026041666666666668 0.046296296296296294
4 0.45416666666666666 0.38425925925925924 0.026041666666666668 0.046296296296296294
2 0.2234375 0.39444444444444443 0.026041666666666668 0.046296296296296294
4 0.3828125 0.3962962962962963 0.026041666666666668 0.046296296296296294
4 0.4203125 0.39537037037037037 0.026041666666666668 0.046296296296296294
4 0.515625 0.3962962962962963 0.026041666666666668 0.046296296296296294
2 0.20364583333333333 0.40370370370370373 0.026041666666666668 0.046296296296296294
4 0.39166666666666666 0.4009259259259259 0.026041666666666668 0.046296296296296294
2 0.20416666666666666 0.41203703703703703 0.026041666666666668 0.046296296296296294
4 0.5109375 0.412962962962963 0.026041666666666668 0.046296296296296294
4 0.6541666666666667 0.4101851851851852 0.026041666666666668 0.046296296296296294
4 0.4625 0.41574074074074074 0.026041666666666668 0.046296296296296294
4 0.478125 0.4185185185185185 0.026041666666666668 0.046296296296296294
4 0.665625 0.4324074074074074 0.026041666666666668 0.046296296296296294
4 0.49583333333333335 0.4388888888888889 0.026041666666666668 0.046296296296296294
4 0.5171875 0.44074074074074077 0.026041666666666668 0.046296296296296294
3 0.7067708333333333 0.44166666666666665 0.026041666666666668 0.046296296296296294
4 0.5234375 0.45092592592592595 0.026041666666666668 0.046296296296296294
4 0.6598958333333333 0.45 0.026041666666666668 0.046296296296296294
2 0.19427083333333334 0.4546296296296296 0.026041666666666668 0.046296296296296294
4 0.5046875 0.45555555555555555 0.026041666666666668 0.046296296296296294
3 0.6859375 0.4546296296296296 0.026041666666666668 0.046296296296296294
4 0.5229166666666667 0.4638888888888889 0.026041666666666668 0.046296296296296294
4 0.42864583333333334 0.48703703703703705 0.026041666666666668 0.046296296296296294
4 0.5703125 0.4888888888888889 0.026041666666666668 0.046296296296296294
4 0.5828125 0.4898148148148148 0.026041666666666668 0.046296296296296294
4 0.4869791666666667 0.4962962962962963 0.026041666666666668 0.046296296296296294
4 0.5572916666666666 0.4962962962962963 0.026041666666666668 0.046296296296296294
4 0.40677083333333336 0.5009259259259259 0.026041666666666668 0.046296296296296294
4 0.4578125 0.5018518518518519 0.026041666666666668 0.046296296296296294
4 0.521875 0.5027777777777778 0.026041666666666668 0.046296296296296294
3 0.6994791666666667 0.5101851851851852 0.026041666666666668 0.046296296296296294
4 0.48333333333333334 0.5166666666666667 0.026041666666666668 0.046296296296296294
4 0.525 0.5175925925925926 0.026041666666666668 0.046296296296296294
4 0.6322916666666667 0.5175925925925926 0.026041666666666668 0.046296296296296294
4 0.5317708333333333 0.525 0.026041666666666668 0.046296296296296294
4 0.6442708333333333 0.5268518518518519 0.026041666666666668 0.046296296296296294
3 0.6697916666666667 0.5259259259259259 0.026041666666666668 0.046296296296296294
3 0.7255208333333333 0.5342592592592592 0.026041666666666668 0.046296296296296294
4 0.5119791666666667 0.5416666666666666 0.026041666666666668 0.046296296296296294
4 0.5692708333333333 0.5407407407407407 0.026041666666666668 0.046296296296296294
4 0.5875 0.55 0.026041666666666668 0.046296296296296294
4 0.5994791666666667 0.5555555555555556 0.026041666666666668 0.046296296296296294
3 0.753125 0.5592592592592592 0.026041666666666668 0.046296296296296294
3 0.7369791666666666 0.5648148148148148 0.026041666666666668 0.046296296296296294
4 0.4427083333333333 0.5703703703703704 0.026041666666666668 0.046296296296296294
4 0.5364583333333334 0.5712962962962963 0.026041666666666668 0.046296296296296294
4 0.5703125 0.5722222222222222 0.026041666666666668 0.046296296296296294
3 0.7375 0.5962962962962963 0.026041666666666668 0.046296296296296294
4 0.5114583333333333 0.6111111111111112 0.026041666666666668 0.046296296296296294
2 0.19947916666666668 0.6185185185185185 0.026041666666666668 0.046296296296296294
4 0.5484375 0.6212962962962963 0.026041666666666668 0.046296296296296294
4 0.45625 0.6138888888888889 0.026041666666666668 0.046296296296296294
3 0.6994791666666667 0.6314814814814815 0.026041666666666668 0.046296296296296294
1 0.721875 0.6768518518518518 0.026041666666666668 0.046296296296296294
1 0.771875 0.6694444444444444 0.026041666666666668 0.046296296296296294
1 0.7229166666666667 0.7027777777777777 0.026041666666666668 0.046296296296296294
1 0.41354166666666664 0.7240740740740741 0.026041666666666668 0.046296296296296294
1 0.4744791666666667 0.8055555555555556 0.026041666666666668 0.046296296296296294
1 0.8671875 0.8148148148148148 0.026041666666666668 0.046296296296296294
1 0.8197916666666667 0.8296296296296296 0.026041666666666668 0.046296296296296294
1 0.765625 0.8351851851851851 0.026041666666666668 0.046296296296296294
1 0.9791666666666666 0.8462962962962963 0.026041666666666668 0.046296296296296294
1 0.8161458333333333 0.9212962962962963 0.026041666666666668 0.046296296296296294
1 0.565625 0.925 0.026041666666666668 0.046296296296296294
1 0.9666666666666667 0.9462962962962963 0.026041666666666668 0.046296296296296294
1 0.9359375 0.9851851851851852 0.026041666666666668 0.046296296296296294
1 0.89375 0.7333333333333333 0.026041666666666668 0.046296296296296294
1 0.996875 0.8611111111111112 0.026041666666666668 0.046296296296296294
1 0.825 0.8777777777777778 0.026041666666666668 0.046296296296296294
4 0.615625 0.6240740740740741 0.026041666666666668 0.046296296296296294
1 0.6979166666666666 0.6962962962962963 0.026041666666666668 0.046296296296296294
3 0.7572916666666667 0.6277777777777778 0.026041666666666668 0.046296296296296294
3 0.7697916666666667 0.5814814814814815 0.026041666666666668 0.046296296296296294
3 0.7645833333333333 0.5314814814814814 0.026041666666666668 0.046296296296296294
3 0.690625 0.5851851851851851 0.026041666666666668 0.046296296296296294
4 0.603125 0.5925925925925926 0.026041666666666668 0.046296296296296294
4 0.621875 0.5592592592592592 0.026041666666666668 0.046296296296296294
4 0.6270833333333333 0.5425925925925926 0.026041666666666668 0.046296296296296294
4 0.628125 0.4925925925925926 0.026041666666666668 0.046296296296296294
4 0.6052083333333333 0.5370370370370371 0.026041666666666668 0.046296296296296294
