0 0.4739583333333333 0.09814814814814815 0.026041666666666668 0.046296296296296294
0 0.4822916666666667 0.10462962962962963 0.026041666666666668 0.046296296296296294
0 0.4828125 0.12129629629629629 0.026041666666666668 0.046296296296296294
0 0.49166666666666664 0.12037037037037036 0.026041666666666668 0.046296296296296294
0 0.4703125 0.13055555555555556 0.026041666666666668 0.046296296296296294
0 0.44947916666666665 0.13333333333333333 0.026041666666666668 0.046296296296296294
0 0.4625 0.13703703703703704 0.026041666666666668 0.046296296296296294
0 0.4828125 0.1398148148148148 0.026041666666666668 0.046296296296296294
0 0.440625 0.14444444444444443 0.026041666666666668 0.046296296296296294
0 0.4744791666666667 0.14444444444444443 0.026041666666666668 0.046296296296296294
0 0.4375 0.15462962962962962 0.026041666666666668 0.046296296296296294
0 0.44947916666666665 0.14722222222222223 0.026041666666666668 0.046296296296296294
0 0.45416666666666666 0.14907407407407408 0.026041666666666668 0.046296296296296294
0 0.4703125 0.1537037037037037 0.026041666666666668 0.046296296296296294
0 0.4817708333333333 0.1527777777777778 0.026041666666666668 0.046296296296296294
0 0.4578125 0.15925925925925927 0.026041666666666668 0.046296296296296294
0 0.44947916666666665 0.16944444444444445 0.026041666666666668 0.046296296296296294
0 0.4984375 0.1675925925925926 0.026041666666666668 0.046296296296296294
0 0.43333333333333335 0.17592592592592593 0.026041666666666668 0.046296296296296294
0 0.4666666666666667 0.175 0.026041666666666668 0.046296296296296294
0 0.4744791666666667 0.17777777777777778 0.026041666666666668 0.046296296296296294
0 0.428125 0.18703703703703703 0.026041666666666668 0.046296296296296294
0 0.46145833333333336 0.18333333333333332 0.026041666666666668 0.046296296296296294
0 0.49947916666666664 0.18425925925925926 0.026041666666666668 0.046296296296296294
0 0.4744791666666667 0.18981481481481483 0.026041666666666668 0.046296296296296294
0 0.4796875 0.1962962962962963 0.026041666666666668 0.046296296296296294
0 0.4875 0.19444444444444445 0.026041666666666668 0.046296296296296294
0 0.49947916666666664 0.2 0.026041666666666668 0.046296296296296294
0 0.4171875 0.2212962962962963 0.026041666666666668 0.046296296296296294
0 0.45 0.22962962962962963 0.026041666666666668 0.046296296296296294
0 0.5151041666666667 0.2324074074074074 0.026041666666666668 0.046296296296296294
0 0.4546875 0.2462962962962963 0.026041666666666668 0.046296296296296294
0 0.47760416666666666 0.2601851851851852 0.026041666666666668 0.046296296296296294
0 0.48854166666666665 0.25925925925925924 0.026041666666666668 0.046296296296296294
0 0.509375 0.2611111111111111 0.026041666666666668 0.046296296296296294
0 0.5140625 0.2611111111111111 0.026041666666666668 0.046296296296296294
0 0.4869791666666667 0.26851851851851855 0.026041666666666668 0.046296296296296294
0 0.49895833333333334 0.26481481481481484 0.026041666666666668 0.046296296296296294
0 0.4739583333333333 0.27685185185185185 0.026041666666666668 0.046296296296296294
0 0.4786458333333333 0.27870370370370373 0.026041666666666668 0.046296296296296294
0 0.5458333333333333 0.275 0.026041666666666668 0.046296296296296294
0 0.4671875 0.28425925925925927 0.026041666666666668 0.046296296296296294
0 0.5046875 0.2824074074074074 0.026041666666666668 0.046296296296296294
0 0.6953125 0.2851851851851852 0.026041666666666668 0.046296296296296294
0 0.4588541666666667 0.3037037037037037 0.026041666666666668 0.046296296296296294
0 0.5125 0.30277777777777776 0.026041666666666668 0.046296296296296294
0 0.428125 0.30462962962962964 0.026041666666666668 0.046296296296296294
0 0.43802083333333336 0.3074074074074074 0.026041666666666668 0.046296296296296294
0 0.4734375 0.30925925925925923 0.026041666666666668 0.046296296296296294
0 0.5203125 0.30833333333333335 0.026041666666666668 0.046296296296296294
0 0.5067708333333333 0.31666666666666665 0.026041666666666668 0.046296296296296294
0 0.5239583333333333 0.3175925925925926 0.026041666666666668 0.046296296296296294
0 0.5078125 0.32685185185185184 0.026041666666666668 0.046296296296296294
0 0.4510416666666667 0.33240740740740743 0.026041666666666668 0.046296296296296294
0 0.4578125 0.3296296296296296 0.026041666666666668 0.046296296296296294
4 0.4114583333333333 0.34814814814814815 0.026041666666666668 0.046296296296296294
4 0.4588541666666667 0.3472222222222222 0.026041666666666668 0.046296296296296294
4 0.4859375 0.34629629629629627 0.026041666666666668 0.046296296296296294
4 0.5114583333333333 0.34444444444444444 0.026041666666666668 0.046296296296296294
4 0.5234375 0.3472222222222222 0.026041666666666668 0.046296296296296294
4 0.38645833333333335 0.3537037037037037 0.026041666666666668 0.046296296296296294
4 0.39947916666666666 0.3527777777777778 0.026041666666666668 0.046296296296296294
4 0.4036458333333333 0.35648148148148145 0.026041666666666668 0.046296296296296294
4 0.4197916666666667 0.35555555555555557 0.026041666666666668 0.046296296296296294
4 0.3692708333333333 0.36203703703703705 0.026041666666666668 0.046296296296296294
4 0.4953125 0.362962962962963 0.026041666666666668 0.046296296296296294
4 0.5244791666666667 0.3648148148148148 0.026041666666666668 0.046296296296296294
4 0.38697916666666665 0.3731481481481482 0.026041666666666668 0.046296296296296294
4 0.4046875 0.37222222222222223 0.026041666666666668 0.046296296296296294
3 0.678125 0.3675925925925926 0.026041666666666668 0.046296296296296294
4 0.5130208333333334 0.3787037037037037 0.026041666666666668 0.046296296296296294
4 0.38697916666666665 0.3851851851851852 0.026041666666666668 0.046296296296296294
4 0.40260416666666665 0.3851851851851852 0.026041666666666668 0.046296296296296294
4 0.6494791666666667 0.3851851851851852 0.026041666666666668 0.046296296296296294
3 0.6729166666666667 0.3851851851851852 0.026041666666666668 0.046296296296296294
2 0.19583333333333333 0.40925925925925927 0.026041666666666668 0.046296296296296294
2 0.21666666666666667 0.4083333333333333 0.026041666666666668 0.046296296296296294
4 0.5 0.4101851851851852 0.026041666666666668 0.046296296296296294
4 0.44114583333333335 0.41388888888888886 0.026041666666666668 0.046296296296296294
4 0.49270833333333336 0.41574074074074074 0.026041666666666668 0.046296296296296294
4 0.415625 0.4324074074074074 0.026041666666666668 0.046296296296296294
4 0.5203125 0.43425925925925923 0.026041666666666668 0.046296296296296294
4 0.6578125 0.44074074074074077 0.026041666666666668 0.046296296296296294
3 0.7067708333333333 0.4388888888888889 0.026041666666666668 0.046296296296296294
4 0.6505208333333333 0.44814814814814813 0.026041666666666668 0.046296296296296294
4 0.48333333333333334 0.45092592592592595 0.026041666666666668 0.046296296296296294
4 0.5234375 0.4564814814814815 0.026041666666666668 0.046296296296296294
4 0.6609375 0.45555555555555555 0.026041666666666668 0.046296296296296294
4 0.5151041666666667 0.48055555555555557 0.026041666666666668 0.046296296296296294
4 0.6625 0.47962962962962963 0.026041666666666668 0.046296296296296294
3 0.6776041666666667 0.47962962962962963 0.026041666666666668 0.046296296296296294
4 0.5203125 0.487962962962963 0.026041666666666668 0.046296296296296294
2 0.16145833333333334 0.49074074074074076 0.026041666666666668 0.046296296296296294
4 0.44166666666666665 0.49166666666666664 0.026041666666666668 0.046296296296296294
4 0.6369791666666667 0.49722222222222223 0.026041666666666668 0.046296296296296294
3 0.6895833333333333 0.49537037037037035 0.026041666666666668 0.046296296296296294
4 0.4088541666666667 0.5009259259259259 0.026041666666666668 0.046296296296296294
4 0.5078125 0.5055555555555555 0.026041666666666668 0.046296296296296294
4 0.6078125 0.5046296296296297 0.026041666666666668 0.046296296296296294
3 0.7072916666666667 0.5064814814814815 0.026041666666666668 0.046296296296296294
4 0.47760416666666666 0.5157407407407407 0.026041666666666668 0.046296296296296294
4 0.5192708333333333 0.5157407407407407 0.026041666666666668 0.046296296296296294
4 0.6333333333333333 0.5194444444444445 0.026041666666666668 0.046296296296296294
3 0.6901041666666666 0.5166666666666667 0.026041666666666668 0.046296296296296294
4 0.5036458333333333 0.5296296296296297 0.026041666666666668 0.046296296296296294
4 0.5578125 0.524074074074074 0.026041666666666668 0.046296296296296294
4 0.5729166666666666 0.524074074074074 0.026041666666666668 0.046296296296296294
4 0.665625 0.5268518518518519 0.026041666666666668 0.046296296296296294
4 0.5291666666666667 0.5333333333333333 0.026041666666666668 0.046296296296296294
3 0.7234375 0.5361111111111111 0.026041666666666668 0.046296296296296294
4 0.5583333333333333 0.5555555555555556 0.026041666666666668 0.046296296296296294
4 0.6651041666666667 0.5583333333333333 0.026041666666666668 0.046296296296296294
3 0.7708333333333334 0.5574074074074075 0.026041666666666668 0.046296296296296294
4 0.5989583333333334 0.562962962962963 0.026041666666666668 0.046296296296296294
3 0.7296875 0.5657407407407408 0.026041666666666668 0.046296296296296294
3 0.7578125 0.5648148148148148 0.026041666666666668 0.046296296296296294
4 0.5385416666666667 0.562962962962963 0.026041666666666668 0.046296296296296294
4 0.6541666666666667 0.5722222222222222 0.026041666666666668 0.046296296296296294
4 0.5791666666666667 0.5814814814814815 0.026041666666666668 0.046296296296296294
2 0.17447916666666666 0.612037037037037 0.026041666666666668 0.046296296296296294
2 0.19583333333333333 0.6101851851851852 0.026041666666666668 0.046296296296296294
4 0.3921875 0.6074074074074074 0.026041666666666668 0.046296296296296294
3 0.6942708333333333 0.6259259259259259 0.026041666666666668 0.046296296296296294
4 0.4244791666666667 0.6342592592592593 0.026041666666666668 0.046296296296296294
4 0.6 0.6342592592592593 0.026041666666666668 0.046296296296296294
3 0.7703125 0.6361111111111111 0.026041666666666668 0.046296296296296294
3 0.7130208333333333 0.6462962962962963 0.026041666666666668 0.046296296296296294
3 0.7328125 0.6425925925925926 0.026041666666666668 0.046296296296296294
2 0.15625 0.6509259259259259 0.026041666666666668 0.046296296296296294
2 0.1828125 0.6592592592592592 0.026041666666666668 0.046296296296296294
1 0.21510416666666668 0.6675925925925926 0.026041666666666668 0.046296296296296294
3 0.7421875 0.6657407407407407 0.026041666666666668 0.046296296296296294
1 0.1359375 0.6731481481481482 0.026041666666666668 0.046296296296296294
1 0.16979166666666667 0.6842592592592592 0.026041666666666668 0.046296296296296294
1 0.703125 0.6777777777777778 0.026041666666666668 0.046296296296296294
1 0.7828125 0.6814814814814815 0.026041666666666668 0.046296296296296294
1 0.20364583333333333 0.7138888888888889 0.026041666666666668 0.046296296296296294
1 0.16666666666666666 0.7231481481481481 0.026041666666666668 0.046296296296296294
1 0.11979166666666667 0.7444444444444445 0.026041666666666668 0.046296296296296294
1 0.2203125 0.7435185185185185 0.026041666666666668 0.046296296296296294
1 0.14479166666666668 0.7592592592592593 0.026041666666666668 0.046296296296296294
1 0.8895833333333333 0.7472222222222222 0.026041666666666668 0.046296296296296294
1 0.5786458333333333 0.7685185185185185 0.026041666666666668 0.046296296296296294
1 0.646875 0.774074074074074 0.026041666666666668 0.046296296296296294
1 0.7729166666666667 0.8407407407407408 0.026041666666666668 0.046296296296296294
1 0.8291666666666667 0.8481481481481481 0.026041666666666668 0.046296296296296294
1 0.978125 0.8481481481481481 0.026041666666666668 0.046296296296296294
1 0.5364583333333334 0.8462962962962963 0.026041666666666668 0.046296296296296294
1 0.7828125 0.8666666666666667 0.026041666666666668 0.046296296296296294
1 0.49375 0.875 0.026041666666666668 0.046296296296296294
1 0.434375 0.9101851851851852 0.026041666666666668 0.046296296296296294
1 0.6072916666666667 0.9 0.026041666666666668 0.046296296296296294
1 0.4921875 0.9398148148148148 0.026041666666666668 0.046296296296296294
1 0.9692708333333333 0.9435185185185185 0.026041666666666668 0.046296296296296294
1 0.5333333333333333 0.9712962962962963 0.026041666666666668 0.046296296296296294
1 0.7395833333333334 0.9842592592592593 0.026041666666666668 0.046296296296296294
1 0.5895833333333333 0.9962962962962963 0.026041666666666668 0.046296296296296294
1 0.8322916666666667 0.8722222222222222 0.026041666666666668 0.046296296296296294
1 0.9979166666666667 0.8611111111111112 0.026041666666666668 0.046296296296296294
1 0.9927083333333333 0.9833333333333333 0.026041666666666668 0.046296296296296294
1 0.8697916666666666 0.8166666666666667 0.026041666666666668 0.046296296296296294
1 0.140625 0.7962962962962963 0.026041666666666668 0.046296296296296294
1 0.190625 0.7314814814814815 0.026041666666666668 0.046296296296296294
2 0.22708333333333333 0.6462962962962963 0.026041666666666668 0.046296296296296294
1 0.13958333333333334 0.7129629629629629 0.026041666666666668 0.046296296296296294
1 0.19270833333333334 0.6981481481481482 0.026041666666666668 0.046296296296296294
2 0.21979166666666666 0.4648148148148148 0.026041666666666668 0.046296296296296294
2 0.16458333333333333 0.4074074074074074 0.026041666666666668 0.046296296296296294
1 0.521875 0.7111111111111111 0.026041666666666668 0.046296296296296294
1 0.571875 0.7148148148148148 0.026041666666666668 0.046296296296296294
1 0.6760416666666667 0.6814814814814815 0.026041666666666668 0.046296296296296294
3 0.66875 0.6314814814814815 0.026041666666666668 0.046296296296296294
4 0.6270833333333333 0.55 0.026041666666666668 0.046296296296296294
4 0.3927083333333333 0.45 0.026041666666666668 0.046296296296296294
