0 0.4703125 0.09537037037037037 0.026041666666666668 0.046296296296296294
0 0.478125 0.09722222222222222 0.026041666666666668 0.046296296296296294
0 0.4828125 0.10555555555555556 0.026041666666666668 0.046296296296296294
0 0.48802083333333335 0.10462962962962963 0.026041666666666668 0.046296296296296294
0 0.4703125 0.11388888888888889 0.026041666666666668 0.046296296296296294
0 0.45989583333333334 0.1259259259259259 0.026041666666666668 0.046296296296296294
0 0.4625 0.12777777777777777 0.026041666666666668 0.046296296296296294
0 0.4890625 0.1287037037037037 0.026041666666666668 0.046296296296296294
0 0.44166666666666665 0.13333333333333333 0.026041666666666668 0.046296296296296294
0 0.45 0.13518518518518519 0.026041666666666668 0.046296296296296294
0 0.453125 0.13333333333333333 0.026041666666666668 0.046296296296296294
0 0.4713541666666667 0.13518518518518519 0.026041666666666668 0.046296296296296294
0 0.49114583333333334 0.1425925925925926 0.026041666666666668 0.046296296296296294
0 0.465625 0.1527777777777778 0.026041666666666668 0.046296296296296294
0 0.478125 0.1537037037037037 0.026041666666666668 0.046296296296296294
0 0.43697916666666664 0.16018518518518518 0.026041666666666668 0.046296296296296294
0 0.4786458333333333 0.15833333333333333 0.026041666666666668 0.046296296296296294
0 0.4864583333333333 0.15925925925925927 0.026041666666666668 0.046296296296296294
0 0.4921875 0.17407407407407408 0.026041666666666668 0.046296296296296294
0 0.5078125 0.175 0.026041666666666668 0.046296296296296294
0 0.5119791666666667 0.1925925925925926 0.026041666666666668 0.046296296296296294
0 0.4895833333333333 0.20555555555555555 0.026041666666666668 0.046296296296296294
0 0.46197916666666666 0.21851851851851853 0.026041666666666668 0.046296296296296294
0 0.46510416666666665 0.22592592592592592 0.026041666666666668 0.046296296296296294
0 0.41875 0.23796296296296296 0.026041666666666668 0.046296296296296294
0 0.421875 0.23703703703703705 0.026041666666666668 0.046296296296296294
0 0.4859375 0.2361111111111111 0.026041666666666668 0.046296296296296294
0 0.4739583333333333 0.24351851851851852 0.026041666666666668 0.046296296296296294
0 0.49895833333333334 0.26296296296296295 0.026041666666666668 0.046296296296296294
0 0.703125 0.25925925925925924 0.026041666666666668 0.046296296296296294
0 0.4390625 0.2657407407407407 0.026041666666666668 0.046296296296296294
0 0.46510416666666665 0.27314814814814814 0.026041666666666668 0.046296296296296294
0 0.4984375 0.2759259259259259 0.026041666666666668 0.046296296296296294
0 0.5114583333333333 0.2833333333333333 0.026041666666666668 0.046296296296296294
0 0.5286458333333334 0.2861111111111111 0.026041666666666668 0.046296296296296294
0 0.5380208333333333 0.28425925925925927 0.026041666666666668 0.046296296296296294
0 0.5442708333333334 0.2833333333333333 0.026041666666666668 0.046296296296296294
0 0.49895833333333334 0.2916666666666667 0.026041666666666668 0.046296296296296294
0 0.4661458333333333 0.30092592592592593 0.026041666666666668 0.046296296296296294
0 0.503125 0.30185185185185187 0.026041666666666668 0.046296296296296294
0 0.515625 0.30277777777777776 0.026041666666666668 0.046296296296296294
0 0.4171875 0.3074074074074074 0.026041666666666668 0.046296296296296294
0 0.440625 0.30648148148148147 0.026041666666666668 0.046296296296296294
0 0.4953125 0.30648148148148147 0.026041666666666668 0.046296296296296294
0 0.4791666666666667 0.3175925925925926 0.026041666666666668 0.046296296296296294
0 0.4901041666666667 0.31666666666666665 0.026041666666666668 0.046296296296296294
0 0.5083333333333333 0.3175925925925926 0.026041666666666668 0.046296296296296294
0 0.528125 0.31574074074074077 0.026041666666666668 0.046296296296296294
0 0.4203125 0.32592592592592595 0.026041666666666668 0.046296296296296294
0 0.44895833333333335 0.32407407407407407 0.026041666666666668 0.046296296296296294
0 0.5119791666666667 0.32685185185185184 0.026041666666666668 0.046296296296296294
0 0.6947916666666667 0.32222222222222224 0.026041666666666668 0.046296296296296294
0 0.4453125 0.33240740740740743 0.026041666666666668 0.046296296296296294
0 0.4625 0.3296296296296296 0.026041666666666668 0.046296296296296294
0 0.4791666666666667 0.3287037037037037 0.026041666666666668 0.046296296296296294
0 0.5036458333333333 0.3314814814814815 0.026041666666666668 0.046296296296296294
4 0.4984375 0.34074074074074073 0.026041666666666668 0.046296296296296294
4 0.6489583333333333 0.3388888888888889 0.026041666666666668 0.046296296296296294
4 0.44166666666666665 0.34629629629629627 0.026041666666666668 0.046296296296296294
4 0.44947916666666665 0.3453703703703704 0.026041666666666668 0.046296296296296294
4 0.5130208333333334 0.3453703703703704 0.026041666666666668 0.046296296296296294
4 0.390625 0.35462962962962963 0.026041666666666668 0.046296296296296294
4 0.41875 0.3574074074074074 0.026041666666666668 0.046296296296296294
4 0.5369791666666667 0.35555555555555557 0.026041666666666668 0.046296296296296294
4 0.384375 0.3638888888888889 0.026041666666666668 0.046296296296296294
4 0.403125 0.3638888888888889 0.026041666666666668 0.046296296296296294
4 0.5145833333333333 0.37407407407407406 0.026041666666666668 0.046296296296296294
4 0.4036458333333333 0.37777777777777777 0.026041666666666668 0.046296296296296294
4 0.415625 0.37962962962962965 0.026041666666666668 0.046296296296296294
4 0.3885416666666667 0.387037037037037 0.026041666666666668 0.046296296296296294
4 0.3984375 0.38981481481481484 0.026041666666666668 0.046296296296296294
4 0.4239583333333333 0.38425925925925924 0.026041666666666668 0.046296296296296294
4 0.42916666666666664 0.4 0.026041666666666668 0.046296296296296294
2 0.17291666666666666 0.40925925925925927 0.026041666666666668 0.046296296296296294
2 0.18854166666666666 0.4074074074074074 0.026041666666666668 0.046296296296296294
2 0.2109375 0.4074074074074074 0.026041666666666668 0.046296296296296294
4 0.4005208333333333 0.4083333333333333 0.026041666666666668 0.046296296296296294
4 0.39166666666666666 0.4148148148148148 0.026041666666666668 0.046296296296296294
4 0.43645833333333334 0.41759259259259257 0.026041666666666668 0.046296296296296294
4 0.37864583333333335 0.42685185185185187 0.026041666666666668 0.046296296296296294
4 0.5046875 0.43333333333333335 0.026041666666666668 0.046296296296296294
3 0.6697916666666667 0.43333333333333335 0.026041666666666668 0.046296296296296294
4 0.415625 0.4425925925925926 0.026041666666666668 0.046296296296296294
4 0.5125 0.44074074074074077 0.026041666666666668 0.046296296296296294
3 0.7072916666666667 0.4388888888888889 0.026041666666666668 0.046296296296296294
4 0.390625 0.44907407407407407 0.026041666666666668 0.046296296296296294
4 0.5208333333333334 0.45740740740740743 0.026041666666666668 0.046296296296296294
4 0.6614583333333334 0.45740740740740743 0.026041666666666668 0.046296296296296294
3 0.678125 0.45555555555555555 0.026041666666666668 0.046296296296296294
4 0.38645833333333335 0.4685185185185185 0.026041666666666668 0.046296296296296294
4 0.4119791666666667 0.4675925925925926 0.026041666666666668 0.046296296296296294
4 0.44895833333333335 0.47129629629629627 0.026041666666666668 0.046296296296296294
4 0.4953125 0.4777777777777778 0.026041666666666668 0.046296296296296294
4 0.6125 0.47685185185185186 0.026041666666666668 0.046296296296296294
4 0.61875 0.4777777777777778 0.026041666666666668 0.046296296296296294
3 0.675 0.4777777777777778 0.026041666666666668 0.046296296296296294
3 0.690625 0.48055555555555557 0.026041666666666668 0.046296296296296294
4 0.5052083333333334 0.4888888888888889 0.026041666666666668 0.046296296296296294
4 0.5317708333333333 0.48703703703703705 0.026041666666666668 0.046296296296296294
4 0.6005208333333333 0.4888888888888889 0.026041666666666668 0.046296296296296294
3 0.6791666666666667 0.4861111111111111 0.026041666666666668 0.046296296296296294
4 0.3984375 0.5055555555555555 0.026041666666666668 0.046296296296296294
4 0.5286458333333334 0.5064814814814815 0.026041666666666668 0.046296296296296294
3 0.7036458333333333 0.5046296296296297 0.026041666666666668 0.046296296296296294
4 0.37864583333333335 0.5111111111111111 0.026041666666666668 0.046296296296296294
4 0.4708333333333333 0.5 0.026041666666666668 0.046296296296296294
3 0.6947916666666667 0.5120370370370371 0.026041666666666668 0.046296296296296294
4 0.6255208333333333 0.5194444444444445 0.026041666666666668 0.046296296296296294
4 0.6635416666666667 0.525 0.026041666666666668 0.046296296296296294
3 0.7197916666666667 0.5268518518518519 0.026041666666666668 0.046296296296296294
4 0.3921875 0.5361111111111111 0.026041666666666668 0.046296296296296294
4 0.4109375 0.5370370370370371 0.026041666666666668 0.046296296296296294
4 0.5234375 0.5342592592592592 0.026041666666666668 0.046296296296296294
4 0.5864583333333333 0.5342592592592592 0.026041666666666668 0.046296296296296294
4 0.5442708333333334 0.5435185185185185 0.026041666666666668 0.046296296296296294
4 0.38385416666666666 0.5527777777777778 0.026041666666666668 0.046296296296296294
4 0.5708333333333333 0.549074074074074 0.026041666666666668 0.046296296296296294
4 0.6166666666666667 0.5509259259259259 0.026041666666666668 0.046296296296296294
4 0.48802083333333335 0.5648148148148148 0.026041666666666668 0.046296296296296294
3 0.7317708333333334 0.5648148148148148 0.026041666666666668 0.046296296296296294
4 0.44947916666666665 0.5722222222222222 0.026041666666666668 0.046296296296296294
4 0.6161458333333333 0.5685185185185185 0.026041666666666668 0.046296296296296294
3 0.6828125 0.5731481481481482 0.026041666666666668 0.046296296296296294
4 0.5484375 0.5824074074074074 0.026041666666666668 0.046296296296296294
4 0.471875 0.5972222222222222 0.026041666666666668 0.046296296296296294
4 0.5239583333333333 0.6037037037037037 0.026041666666666668 0.046296296296296294
4 0.43385416666666665 0.6185185185185185 0.026041666666666668 0.046296296296296294
4 0.6046875 0.6287037037037037 0.026041666666666668 0.046296296296296294
3 0.7666666666666667 0.6296296296296297 0.026041666666666668 0.046296296296296294
4 0.5994791666666667 0.6425925925925926 0.026041666666666668 0.046296296296296294
4 0.5567708333333333 0.65 0.026041666666666668 0.046296296296296294
3 0.7411458333333333 0.6472222222222223 0.026041666666666668 0.046296296296296294
4 0.5328125 0.6592592592592592 0.026041666666666668 0.046296296296296294
1 0.7666666666666667 0.6731481481481482 0.026041666666666668 0.046296296296296294
1 0.6729166666666667 0.6759259259259259 0.026041666666666668 0.046296296296296294
1 0.5802083333333333 0.7111111111111111 0.026041666666666668 0.046296296296296294
1 0.8838541666666667 0.7472222222222222 0.026041666666666668 0.046296296296296294
1 0.353125 0.7592592592592593 0.026041666666666668 0.046296296296296294
1 0.6755208333333333 0.7657407407407407 0.026041666666666668 0.046296296296296294
1 0.40729166666666666 0.7861111111111111 0.026041666666666668 0.046296296296296294
1 0.9010416666666666 0.799074074074074 0.026041666666666668 0.046296296296296294
1 0.8244791666666667 0.8305555555555556 0.026041666666666668 0.046296296296296294
1 0.975 0.8472222222222222 0.026041666666666668 0.046296296296296294
1 0.9953125 0.85 0.026041666666666668 0.046296296296296294
1 0.7536458333333333 0.8805555555555555 0.026041666666666668 0.046296296296296294
1 0.825 0.9287037037037037 0.026041666666666668 0.046296296296296294
1 0.965625 0.9416666666666667 0.026041666666666668 0.046296296296296294
1 0.1859375 0.9814814814814815 0.026041666666666668 0.046296296296296294
1 0.042708333333333334 0.8870370370370371 0.026041666666666668 0.046296296296296294
1 0.65625 0.8537037037037037 0.026041666666666668 0.046296296296296294
1 0.6697916666666667 0.9203703703703704 0.026041666666666668 0.046296296296296294
3 0.765625 0.5796296296296296 0.026041666666666668 0.046296296296296294
3 0.7135416666666666 0.6407407407407407 0.026041666666666668 0.046296296296296294
3 0.7604166666666666 0.5203703703703704 0.026041666666666668 0.046296296296296294
2 0.18229166666666666 0.44074074074074077 0.026041666666666668 0.046296296296296294
