0 0.4822916666666667 0.12037037037037036 0.026041666666666668 0.046296296296296294
0 0.4703125 0.1287037037037037 0.026041666666666668 0.046296296296296294
0 0.47760416666666666 0.12962962962962962 0.026041666666666668 0.046296296296296294
0 0.4864583333333333 0.12962962962962962 0.026041666666666668 0.046296296296296294
0 0.4427083333333333 0.13333333333333333 0.026041666666666668 0.046296296296296294
0 0.4552083333333333 0.13148148148148148 0.026041666666666668 0.046296296296296294
0 0.46145833333333336 0.1361111111111111 0.026041666666666668 0.046296296296296294
0 0.49583333333333335 0.1361111111111111 0.026041666666666668 0.046296296296296294
0 0.4744791666666667 0.14537037037037037 0.026041666666666668 0.046296296296296294
0 0.4786458333333333 0.14629629629629629 0.026041666666666668 0.046296296296296294
0 0.4864583333333333 0.14629629629629629 0.026041666666666668 0.046296296296296294
0 0.4901041666666667 0.14537037037037037 0.026041666666666668 0.046296296296296294
0 0.4630208333333333 0.15185185185185185 0.026041666666666668 0.046296296296296294
0 0.49895833333333334 0.16018518518518518 0.026041666666666668 0.046296296296296294
0 0.4630208333333333 0.16574074074074074 0.026041666666666668 0.046296296296296294
0 0.4822916666666667 0.16944444444444445 0.026041666666666668 0.046296296296296294
0 0.4322916666666667 0.175 0.026041666666666668 0.046296296296296294
0 0.4708333333333333 0.17592592592592593 0.026041666666666668 0.046296296296296294
0 0.490625 0.17592592592592593 0.026041666666666668 0.046296296296296294
0 0.4786458333333333 0.18611111111111112 0.026041666666666668 0.046296296296296294
0 0.49270833333333336 0.18981481481481483 0.026041666666666668 0.046296296296296294
0 0.5036458333333333 0.19166666666666668 0.026041666666666668 0.046296296296296294
0 0.453125 0.21481481481481482 0.026041666666666668 0.046296296296296294
0 0.48333333333333334 0.22314814814814815 0.026041666666666668 0.046296296296296294
0 0.4515625 0.225 0.026041666666666668 0.046296296296296294
0 0.5125 0.23333333333333334 0.026041666666666668 0.046296296296296294
0 0.4947916666666667 0.23981481481481481 0.026041666666666668 0.046296296296296294
0 0.46510416666666665 0.25092592592592594 0.026041666666666668 0.046296296296296294
0 0.4864583333333333 0.25555555555555554 0.026041666666666668 0.046296296296296294
0 0.490625 0.262037037037037 0.026041666666666668 0.046296296296296294
0 0.42552083333333335 0.2675925925925926 0.026041666666666668 0.046296296296296294
0 0.484375 0.2722222222222222 0.026041666666666668 0.046296296296296294
0 0.4947916666666667 0.2759259259259259 0.026041666666666668 0.046296296296296294
0 0.4739583333333333 0.2824074074074074 0.026041666666666668 0.046296296296296294
0 0.4979166666666667 0.2851851851851852 0.026041666666666668 0.046296296296296294
0 0.5098958333333333 0.28425925925925927 0.026041666666666668 0.046296296296296294
0 0.6911458333333333 0.2851851851851852 0.026041666666666668 0.046296296296296294
0 0.4421875 0.28888888888888886 0.026041666666666668 0.046296296296296294
0 0.4859375 0.29444444444444445 0.026041666666666668 0.046296296296296294
0 0.428125 0.2962962962962963 0.026041666666666668 0.046296296296296294
0 0.475 0.30092592592592593 0.026041666666666668 0.046296296296296294
0 0.5036458333333333 0.30925925925925923 0.026041666666666668 0.046296296296296294
0 0.7020833333333333 0.30925925925925923 0.026041666666666668 0.046296296296296294
0 0.6786458333333333 0.31574074074074077 0.026041666666666668 0.046296296296296294
0 0.5083333333333333 0.325 0.026041666666666668 0.046296296296296294
0 0.5203125 0.32592592592592595 0.026041666666666668 0.046296296296296294
0 0.45 0.3296296296296296 0.026041666666666668 0.046296296296296294
4 0.45729166666666665 0.3333333333333333 0.026041666666666668 0.046296296296296294
0 0.4739583333333333 0.33240740740740743 0.026041666666666668 0.046296296296296294
0 0.5411458333333333 0.3314814814814815 0.026041666666666668 0.046296296296296294
4 0.4244791666666667 0.34814814814814815 0.026041666666666668 0.046296296296296294
4 0.37604166666666666 0.35555555555555557 0.026041666666666668 0.046296296296296294
4 0.38333333333333336 0.35555555555555557 0.026041666666666668 0.046296296296296294
4 0.4630208333333333 0.3537037037037037 0.026041666666666668 0.046296296296296294
4 0.5125 0.35555555555555557 0.026041666666666668 0.046296296296296294
4 0.3953125 0.3638888888888889 0.026041666666666668 0.046296296296296294
4 0.4125 0.362962962962963 0.026041666666666668 0.046296296296296294
4 0.5078125 0.3712962962962963 0.026041666666666668 0.046296296296296294
4 0.525 0.3712962962962963 0.026041666666666668 0.046296296296296294
4 0.6494791666666667 0.37037037037037035 0.026041666666666668 0.046296296296296294
4 0.39947916666666666 0.3787037037037037 0.026041666666666668 0.046296296296296294
4 0.4947916666666667 0.38055555555555554 0.026041666666666668 0.046296296296296294
3 0.7333333333333333 0.3768518518518518 0.026041666666666668 0.046296296296296294
4 0.5130208333333334 0.38796296296296295 0.026041666666666668 0.046296296296296294
4 0.3875 0.3962962962962963 0.026041666666666668 0.046296296296296294
3 0.6822916666666666 0.38981481481481484 0.026041666666666668 0.046296296296296294
4 0.6536458333333334 0.40370370370370373 0.026041666666666668 0.046296296296296294
2 0.2109375 0.4074074074074074 0.026041666666666668 0.046296296296296294
4 0.5166666666666667 0.4101851851851852 0.026041666666666668 0.046296296296296294
2 0.1875 0.41944444444444445 0.026041666666666668 0.046296296296296294
4 0.37552083333333336 0.425 0.026041666666666668 0.046296296296296294
4 0.38333333333333336 0.42592592592592593 0.026041666666666668 0.046296296296296294
4 0.39479166666666665 0.42407407407407405 0.026041666666666668 0.046296296296296294
4 0.6614583333333334 0.4287037037037037 0.026041666666666668 0.046296296296296294
4 0.65 0.44166666666666665 0.026041666666666668 0.046296296296296294
4 0.665625 0.44166666666666665 0.026041666666666668 0.046296296296296294
3 0.7114583333333333 0.4388888888888889 0.026041666666666668 0.046296296296296294
4 0.5119791666666667 0.45 0.026041666666666668 0.046296296296296294
4 0.42083333333333334 0.4648148148148148 0.026041666666666668 0.046296296296296294
4 0.5067708333333333 0.46944444444444444 0.026041666666666668 0.046296296296296294
3 0.6734375 0.4648148148148148 0.026041666666666668 0.046296296296296294
4 0.5244791666666667 0.47314814814814815 0.026041666666666668 0.046296296296296294
4 0.6067708333333334 0.47685185185185186 0.026041666666666668 0.046296296296296294
4 0.6364583333333333 0.48148148148148145 0.026041666666666668 0.046296296296296294
4 0.5041666666666667 0.487962962962963 0.026041666666666668 0.046296296296296294
4 0.5932291666666667 0.48148148148148145 0.026041666666666668 0.046296296296296294
4 0.6208333333333333 0.49074074074074076 0.026041666666666668 0.046296296296296294
4 0.646875 0.49074074074074076 0.026041666666666668 0.046296296296296294
3 0.678125 0.48703703703703705 0.026041666666666668 0.046296296296296294
4 0.45677083333333335 0.49074074074074076 0.026041666666666668 0.046296296296296294
4 0.39895833333333336 0.5 0.026041666666666668 0.046296296296296294
4 0.6364583333333333 0.5046296296296297 0.026041666666666668 0.046296296296296294
3 0.6671875 0.5037037037037037 0.026041666666666668 0.046296296296296294
3 0.6953125 0.5037037037037037 0.026041666666666668 0.046296296296296294
3 0.7166666666666667 0.5055555555555555 0.026041666666666668 0.046296296296296294
4 0.4328125 0.5074074074074074 0.026041666666666668 0.046296296296296294
3 0.7072916666666667 0.5092592592592593 0.026041666666666668 0.046296296296296294
4 0.5036458333333333 0.5175925925925926 0.026041666666666668 0.046296296296296294
4 0.640625 0.5185185185185185 0.026041666666666668 0.046296296296296294
3 0.6708333333333333 0.5203703703703704 0.026041666666666668 0.046296296296296294
4 0.6296875 0.5268518518518519 0.026041666666666668 0.046296296296296294
3 0.73125 0.525 0.026041666666666668 0.046296296296296294
4 0.5171875 0.5444444444444444 0.026041666666666668 0.046296296296296294
3 0.6942708333333333 0.5444444444444444 0.026041666666666668 0.046296296296296294
4 0.5557291666666667 0.5444444444444444 0.026041666666666668 0.046296296296296294
4 0.6322916666666667 0.55 0.026041666666666668 0.046296296296296294
4 0.5338541666666666 0.5546296296296296 0.026041666666666668 0.046296296296296294
4 0.5963541666666666 0.5574074074074075 0.026041666666666668 0.046296296296296294
4 0.6276041666666666 0.5592592592592592 0.026041666666666668 0.046296296296296294
4 0.4828125 0.5583333333333333 0.026041666666666668 0.046296296296296294
4 0.6411458333333333 0.5648148148148148 0.026041666666666668 0.046296296296296294
3 0.7197916666666667 0.5648148148148148 0.026041666666666668 0.046296296296296294
3 0.7416666666666667 0.562037037037037 0.026041666666666668 0.046296296296296294
3 0.7645833333333333 0.562037037037037 0.026041666666666668 0.046296296296296294
4 0.5125 0.5685185185185185 0.026041666666666668 0.046296296296296294
4 0.590625 0.5712962962962963 0.026041666666666668 0.046296296296296294
3 0.6994791666666667 0.5722222222222222 0.026041666666666668 0.046296296296296294
4 0.625 0.5898148148148148 0.026041666666666668 0.046296296296296294
4 0.65 0.5907407407407408 0.026041666666666668 0.046296296296296294
4 0.625 0.6055555555555555 0.026041666666666668 0.046296296296296294
4 0.49583333333333335 0.612037037037037 0.026041666666666668 0.046296296296296294
4 0.5963541666666666 0.6092592592592593 0.026041666666666668 0.046296296296296294
4 0.640625 0.6185185185185185 0.026041666666666668 0.046296296296296294
2 0.2203125 0.6185185185185185 0.026041666666666668 0.046296296296296294
3 0.7072916666666667 0.6351851851851852 0.026041666666666668 0.046296296296296294
3 0.7208333333333333 0.6527777777777778 0.026041666666666668 0.046296296296296294
3 0.7708333333333334 0.6657407407407407 0.026041666666666668 0.046296296296296294
1 0.6755208333333333 0.6833333333333333 0.026041666666666668 0.046296296296296294
1 0.7046875 0.6805555555555556 0.026041666666666668 0.046296296296296294
1 0.7822916666666667 0.6796296296296296 0.026041666666666668 0.046296296296296294
1 0.18697916666666667 0.687037037037037 0.026041666666666668 0.046296296296296294
1 0.39114583333333336 0.7046296296296296 0.026041666666666668 0.046296296296296294
1 0.6739583333333333 0.7333333333333333 0.026041666666666668 0.046296296296296294
1 0.18229166666666666 0.7583333333333333 0.026041666666666668 0.046296296296296294
1 0.8838541666666667 0.7481481481481481 0.026041666666666668 0.046296296296296294
1 0.2296875 0.7666666666666667 0.026041666666666668 0.046296296296296294
1 0.32447916666666665 0.7731481481481481 0.026041666666666668 0.046296296296296294
1 0.14010416666666667 0.8027777777777778 0.026041666666666668 0.046296296296296294
1 0.5557291666666667 0.8231481481481482 0.026041666666666668 0.046296296296296294
1 0.9197916666666667 0.825925925925926 0.026041666666666668 0.046296296296296294
1 0.7609375 0.8333333333333334 0.026041666666666668 0.046296296296296294
1 0.37552083333333336 0.8453703703703703 0.026041666666666668 0.046296296296296294
1 0.5359375 0.8398148148148148 0.026041666666666668 0.046296296296296294
1 0.9338541666666667 0.8527777777777777 0.026041666666666668 0.046296296296296294
1 0.9755208333333333 0.8537037037037037 0.026041666666666668 0.046296296296296294
1 0.3484375 0.8555555555555555 0.026041666666666668 0.046296296296296294
1 0.12083333333333333 0.8685185185185185 0.026041666666666668 0.046296296296296294
1 0.4395833333333333 0.8629629629629629 0.026041666666666668 0.046296296296296294
1 0.7890625 0.8555555555555555 0.026041666666666668 0.046296296296296294
1 0.8291666666666667 0.8685185185185185 0.026041666666666668 0.046296296296296294
1 0.6953125 0.8796296296296297 0.026041666666666668 0.046296296296296294
1 0.49635416666666665 0.8898148148148148 0.026041666666666668 0.046296296296296294
1 0.33697916666666666 0.9027777777777778 0.026041666666666668 0.046296296296296294
1 0.6567708333333333 0.9055555555555556 0.026041666666666668 0.046296296296296294
1 0.3020833333333333 0.9342592592592592 0.026041666666666668 0.046296296296296294
1 0.6864583333333333 0.9351851851851852 0.026041666666666668 0.046296296296296294
1 0.971875 0.9388888888888889 0.026041666666666668 0.046296296296296294
1 0.375 0.7870370370370371 0.026041666666666668 0.046296296296296294
1 0.740625 0.7351851851851852 0.026041666666666668 0.046296296296296294
1 0.8739583333333333 0.8203703703703704 0.026041666666666668 0.046296296296296294
4 0.42916666666666664 0.5981481481481481 0.026041666666666668 0.046296296296296294
4 0.39791666666666664 0.5981481481481481 0.026041666666666668 0.046296296296296294
1 0.690625 0.6759259259259259 0.026041666666666668 0.046296296296296294
3 0.7645833333333333 0.6296296296296297 0.026041666666666668 0.046296296296296294
