0 0.48020833333333335 0.09722222222222222 0.026041666666666668 0.046296296296296294
0 0.4864583333333333 0.09814814814814815 0.026041666666666668 0.046296296296296294
0 0.48333333333333334 0.12222222222222222 0.026041666666666668 0.046296296296296294
0 0.4901041666666667 0.12129629629629629 0.026041666666666668 0.046296296296296294
0 0.43333333333333335 0.12777777777777777 0.026041666666666668 0.046296296296296294
0 0.4713541666666667 0.12685185185185185 0.026041666666666668 0.046296296296296294
0 0.47760416666666666 0.12962962962962962 0.026041666666666668 0.046296296296296294
0 0.4578125 0.13703703703703704 0.026041666666666668 0.046296296296296294
0 0.46145833333333336 0.13703703703703704 0.026041666666666668 0.046296296296296294
0 0.465625 0.13796296296296295 0.026041666666666668 0.046296296296296294
0 0.4901041666666667 0.1361111111111111 0.026041666666666668 0.046296296296296294
0 0.4432291666666667 0.14537037037037037 0.026041666666666668 0.046296296296296294
0 0.45416666666666666 0.14537037037037037 0.026041666666666668 0.046296296296296294
0 0.4739583333333333 0.14537037037037037 0.026041666666666668 0.046296296296296294
0 0.4822916666666667 0.14444444444444443 0.026041666666666668 0.046296296296296294
0 0.49114583333333334 0.15185185185185185 0.026041666666666668 0.046296296296296294
0 0.4739583333333333 0.15925925925925927 0.026041666666666668 0.046296296296296294
0 0.4359375 0.16944444444444445 0.026041666666666668 0.046296296296296294
0 0.46145833333333336 0.16944444444444445 0.026041666666666668 0.046296296296296294
0 0.4546875 0.16944444444444445 0.026041666666666668 0.046296296296296294
0 0.4739583333333333 0.1814814814814815 0.026041666666666668 0.046296296296296294
0 0.4869791666666667 0.1824074074074074 0.026041666666666668 0.046296296296296294
0 0.46197916666666666 0.18611111111111112 0.026041666666666668 0.046296296296296294
0 0.4734375 0.20462962962962963 0.026041666666666668 0.046296296296296294
0 0.4901041666666667 0.20462962962962963 0.026041666666666668 0.046296296296296294
0 0.503125 0.20555555555555555 0.026041666666666668 0.046296296296296294
0 0.5125 0.2064814814814815 0.026041666666666668 0.046296296296296294
0 0.490625 0.22037037037037038 0.026041666666666668 0.046296296296296294
0 0.49583333333333335 0.225 0.026041666666666668 0.046296296296296294
0 0.5078125 0.23148148148148148 0.026041666666666668 0.046296296296296294
0 0.5197916666666667 0.23148148148148148 0.026041666666666668 0.046296296296296294
0 0.45260416666666664 0.2361111111111111 0.026041666666666668 0.046296296296296294
0 0.43125 0.25092592592592594 0.026041666666666668 0.046296296296296294
0 0.5026041666666666 0.25462962962962965 0.026041666666666668 0.046296296296296294
0 0.4869791666666667 0.26296296296296295 0.026041666666666668 0.046296296296296294
0 0.528125 0.26851851851851855 0.026041666666666668 0.046296296296296294
0 0.4401041666666667 0.275 0.026041666666666668 0.046296296296296294
0 0.5088541666666667 0.27685185185185185 0.026041666666666668 0.046296296296296294
0 0.6947916666666667 0.2861111111111111 0.026041666666666668 0.046296296296296294
0 0.44895833333333335 0.2935185185185185 0.026041666666666668 0.046296296296296294
0 0.4744791666666667 0.29074074074074074 0.026041666666666668 0.046296296296296294
0 0.4869791666666667 0.29814814814814816 0.026041666666666668 0.046296296296296294
0 0.4942708333333333 0.30092592592592593 0.026041666666666668 0.046296296296296294
0 0.5119791666666667 0.30277777777777776 0.026041666666666668 0.046296296296296294
0 0.43333333333333335 0.3175925925925926 0.026041666666666668 0.046296296296296294
0 0.4828125 0.31666666666666665 0.026041666666666668 0.046296296296296294
0 0.5 0.31574074074074077 0.026041666666666668 0.046296296296296294
0 0.5161458333333333 0.31666666666666665 0.026041666666666668 0.046296296296296294
0 0.7067708333333333 0.31203703703703706 0.026041666666666668 0.046296296296296294
0 0.45729166666666665 0.32592592592592595 0.026041666666666668 0.046296296296296294
0 0.4947916666666667 0.33055555555555555 0.026041666666666668 0.046296296296296294
0 0.5036458333333333 0.3287037037037037 0.026041666666666668 0.046296296296296294
4 0.5458333333333333 0.3351851851851852 0.026041666666666668 0.046296296296296294
4 0.4421875 0.33796296296296297 0.026041666666666668 0.046296296296296294
4 0.45 0.3398148148148148 0.026041666666666668 0.046296296296296294
4 0.4125 0.3472222222222222 0.026041666666666668 0.046296296296296294
4 0.46197916666666666 0.3472222222222222 0.026041666666666668 0.046296296296296294
4 0.49947916666666664 0.34814814814814815 0.026041666666666668 0.046296296296296294
4 0.5026041666666666 0.34814814814814815 0.026041666666666668 0.046296296296296294
4 0.37552083333333336 0.35555555555555557 0.026041666666666668 0.046296296296296294
4 0.38697916666666665 0.35462962962962963 0.026041666666666668 0.046296296296296294
4 0.43802083333333336 0.3574074074074074 0.026041666666666668 0.046296296296296294
4 0.37864583333333335 0.37407407407407406 0.026041666666666668 0.046296296296296294
4 0.4703125 0.3731481481481482 0.026041666666666668 0.046296296296296294
2 0.21979166666666666 0.3787037037037037 0.026041666666666668 0.046296296296296294
4 0.4114583333333333 0.37592592592592594 0.026041666666666668 0.046296296296296294
4 0.5046875 0.37592592592592594 0.026041666666666668 0.046296296296296294
4 0.5135416666666667 0.3787037037037037 0.026041666666666668 0.046296296296296294
4 0.5197916666666667 0.38055555555555554 0.026041666666666668 0.046296296296296294
3 0.6822916666666666 0.3768518518518518 0.026041666666666668 0.046296296296296294
4 0.425 0.38796296296296295 0.026041666666666668 0.046296296296296294
4 0.4578125 0.387037037037037 0.026041666666666668 0.046296296296296294
4 0.5 0.38796296296296295 0.026041666666666668 0.046296296296296294
4 0.4703125 0.3962962962962963 0.026041666666666668 0.046296296296296294
4 0.5083333333333333 0.39444444444444443 0.026041666666666668 0.046296296296296294
2 0.19583333333333333 0.4009259259259259 0.026041666666666668 0.046296296296296294
4 0.428125 0.4027777777777778 0.026041666666666668 0.046296296296296294
4 0.44583333333333336 0.4009259259259259 0.026041666666666668 0.046296296296296294
4 0.5161458333333333 0.40555555555555556 0.026041666666666668 0.046296296296296294
4 0.6494791666666667 0.4 0.026041666666666668 0.046296296296296294
4 0.6583333333333333 0.40370370370370373 0.026041666666666668 0.046296296296296294
4 0.37864583333333335 0.4111111111111111 0.026041666666666668 0.046296296296296294
4 0.4114583333333333 0.4101851851851852 0.026041666666666668 0.046296296296296294
2 0.190625 0.4166666666666667 0.026041666666666668 0.046296296296296294
4 0.4859375 0.4185185185185185 0.026041666666666668 0.046296296296296294
4 0.5078125 0.41759259259259257 0.026041666666666668 0.046296296296296294
4 0.6572916666666667 0.4185185185185185 0.026041666666666668 0.046296296296296294
4 0.4005208333333333 0.42685185185185187 0.026041666666666668 0.046296296296296294
4 0.42135416666666664 0.425 0.026041666666666668 0.046296296296296294
4 0.42916666666666664 0.4351851851851852 0.026041666666666668 0.046296296296296294
4 0.65 0.44074074074074077 0.026041666666666668 0.046296296296296294
4 0.5078125 0.4462962962962963 0.026041666666666668 0.046296296296296294
3 0.7036458333333333 0.44907407407407407 0.026041666666666668 0.046296296296296294
4 0.42552083333333335 0.45555555555555555 0.026041666666666668 0.046296296296296294
4 0.49166666666666664 0.4564814814814815 0.026041666666666668 0.046296296296296294
3 0.6791666666666667 0.4583333333333333 0.026041666666666668 0.046296296296296294
4 0.5171875 0.4666666666666667 0.026041666666666668 0.046296296296296294
4 0.6541666666666667 0.46574074074074073 0.026041666666666668 0.046296296296296294
3 0.6875 0.4703703703703704 0.026041666666666668 0.046296296296296294
4 0.4942708333333333 0.4861111111111111 0.026041666666666668 0.046296296296296294
4 0.6 0.4962962962962963 0.026041666666666668 0.046296296296296294
4 0.6125 0.4925925925925926 0.026041666666666668 0.046296296296296294
3 0.6703125 0.49444444444444446 0.026041666666666668 0.046296296296296294
4 0.615625 0.5027777777777778 0.026041666666666668 0.046296296296296294
3 0.6953125 0.5037037037037037 0.026041666666666668 0.046296296296296294
4 0.5067708333333333 0.5083333333333333 0.026041666666666668 0.046296296296296294
4 0.6005208333333333 0.5101851851851852 0.026041666666666668 0.046296296296296294
4 0.5208333333333334 0.5185185185185185 0.026041666666666668 0.046296296296296294
4 0.5875 0.5185185185185185 0.026041666666666668 0.046296296296296294
3 0.6953125 0.5185185185185185 0.026041666666666668 0.046296296296296294
4 0.4276041666666667 0.5259259259259259 0.026041666666666668 0.046296296296296294
4 0.6239583333333333 0.5259259259259259 0.026041666666666668 0.046296296296296294
3 0.7192708333333333 0.5333333333333333 0.026041666666666668 0.046296296296296294
4 0.5239583333333333 0.5416666666666666 0.026041666666666668 0.046296296296296294
4 0.6083333333333333 0.5388888888888889 0.026041666666666668 0.046296296296296294
4 0.590625 0.55 0.026041666666666668 0.046296296296296294
4 0.5130208333333334 0.5546296296296296 0.026041666666666668 0.046296296296296294
4 0.4109375 0.5648148148148148 0.026041666666666668 0.046296296296296294
3 0.7677083333333333 0.562037037037037 0.026041666666666668 0.046296296296296294
4 0.39479166666666665 0.5722222222222222 0.026041666666666668 0.046296296296296294
4 0.521875 0.5805555555555556 0.026041666666666668 0.046296296296296294
4 0.6119791666666666 0.5814814814814815 0.026041666666666668 0.046296296296296294
4 0.6614583333333334 0.5805555555555556 0.026041666666666668 0.046296296296296294
4 0.6385416666666667 0.587037037037037 0.026041666666666668 0.046296296296296294
4 0.4276041666666667 0.6027777777777777 0.026041666666666668 0.046296296296296294
4 0.5109375 0.6055555555555555 0.026041666666666668 0.046296296296296294
4 0.6130208333333333 0.6046296296296296 0.026041666666666668 0.046296296296296294
4 0.6526041666666667 0.6111111111111112 0.026041666666666668 0.046296296296296294
4 0.4010416666666667 0.6194444444444445 0.026041666666666668 0.046296296296296294
4 0.5416666666666666 0.6277777777777778 0.026041666666666668 0.046296296296296294
3 0.7572916666666667 0.637962962962963 0.026041666666666668 0.046296296296296294
4 0.40625 0.6416666666666667 0.026041666666666668 0.046296296296296294
4 0.584375 0.6416666666666667 0.026041666666666668 0.046296296296296294
4 0.6171875 0.6444444444444445 0.026041666666666668 0.046296296296296294
4 0.4979166666666667 0.6592592592592592 0.026041666666666668 0.046296296296296294
4 0.5875 0.6638888888888889 0.026041666666666668 0.046296296296296294
1 0.4270833333333333 0.6768518518518518 0.026041666666666668 0.046296296296296294
1 0.4546875 0.687962962962963 0.026041666666666668 0.046296296296296294
1 0.7286458333333333 0.7194444444444444 0.026041666666666668 0.046296296296296294
1 0.5739583333333333 0.7324074074074074 0.026041666666666668 0.046296296296296294
1 0.17552083333333332 0.7416666666666667 0.026041666666666668 0.046296296296296294
1 0.884375 0.7490740740740741 0.026041666666666668 0.046296296296296294
1 0.8302083333333333 0.7574074074074074 0.026041666666666668 0.046296296296296294
1 0.5598958333333334 0.7648148148148148 0.026041666666666668 0.046296296296296294
1 0.16666666666666666 0.7824074074074074 0.026041666666666668 0.046296296296296294
1 0.6572916666666667 0.8101851851851852 0.026041666666666668 0.046296296296296294
1 0.7166666666666667 0.8583333333333333 0.026041666666666668 0.046296296296296294
1 0.6375 0.8842592592592593 0.026041666666666668 0.046296296296296294
1 0.6802083333333333 0.875 0.026041666666666668 0.046296296296296294
1 0.9036458333333334 0.875 0.026041666666666668 0.046296296296296294
1 0.43802083333333336 0.8916666666666667 0.026041666666666668 0.046296296296296294
1 0.5697916666666667 0.8944444444444445 0.026041666666666668 0.046296296296296294
1 0.08020833333333334 0.9074074074074074 0.026041666666666668 0.046296296296296294
1 0.7619791666666667 0.9083333333333333 0.026041666666666668 0.046296296296296294
1 0.46927083333333336 0.9092592592592592 0.026041666666666668 0.046296296296296294
1 0.13177083333333334 0.9194444444444444 0.026041666666666668 0.046296296296296294
1 0.23802083333333332 0.9203703703703704 0.026041666666666668 0.046296296296296294
1 0.2734375 0.9222222222222223 0.026041666666666668 0.046296296296296294
1 0.16614583333333333 0.9388888888888889 0.026041666666666668 0.046296296296296294
1 0.011458333333333333 0.9546296296296296 0.026041666666666668 0.046296296296296294
1 0.04583333333333333 0.9518518518518518 0.026041666666666668 0.046296296296296294
1 0.2791666666666667 0.9611111111111111 0.026041666666666668 0.046296296296296294
1 0.1734375 0.9851851851851852 0.026041666666666668 0.046296296296296294
1 0.06510416666666667 0.9981481481481481 0.026041666666666668 0.046296296296296294
1 0.10208333333333333 0.9953703703703703 0.026041666666666668 0.046296296296296294
1 0.4270833333333333 0.9962962962962963 0.026041666666666668 0.046296296296296294
1 0.15833333333333333 0.812962962962963 0.026041666666666668 0.046296296296296294
1 0.8270833333333333 0.8407407407407408 0.026041666666666668 0.046296296296296294
1 0.8270833333333333 0.8759259259259259 0.026041666666666668 0.046296296296296294
1 0.8072916666666666 0.9407407407407408 0.026041666666666668 0.046296296296296294
1 0.8625 0.9314814814814815 0.026041666666666668 0.046296296296296294
1 0.9770833333333333 0.9481481481481482 0.026041666666666668 0.046296296296296294
1 0.896875 0.7759259259259259 0.026041666666666668 0.046296296296296294
3 0.7677083333333333 0.6648148148148149 0.026041666666666668 0.046296296296296294
3 0.75625 0.5574074074074075 0.026041666666666668 0.046296296296296294
3 0.7375 0.5648148148148148 0.026041666666666668 0.046296296296296294
4 0.621875 0.6148148148148148 0.026041666666666668 0.046296296296296294
4 0.39479166666666665 0.44814814814814813 0.026041666666666668 0.046296296296296294
3 0.6833333333333333 0.5296296296296297 0.026041666666666668 0.046296296296296294
4 0.625 0.5703703703703704 0.026041666666666668 0.046296296296296294
4 0.6416666666666667 0.5518518518518518 0.026041666666666668 0.046296296296296294
2 0.171875 0.42962962962962964 0.026041666666666668 0.046296296296296294
2 0.21145833333333333 0.40555555555555556 0.026041666666666668 0.046296296296296294
