0 0.48802083333333335 0.10555555555555556 0.026041666666666668 0.046296296296296294
0 0.48333333333333334 0.12129629629629629 0.026041666666666668 0.046296296296296294
0 0.4953125 0.12314814814814815 0.026041666666666668 0.046296296296296294
0 0.4703125 0.13055555555555556 0.026041666666666668 0.046296296296296294
0 0.4546875 0.13240740740740742 0.026041666666666668 0.046296296296296294
0 0.46197916666666666 0.13703703703703704 0.026041666666666668 0.046296296296296294
0 0.46145833333333336 0.15555555555555556 0.026041666666666668 0.046296296296296294
0 0.44947916666666665 0.1675925925925926 0.026041666666666668 0.046296296296296294
0 0.48333333333333334 0.16944444444444445 0.026041666666666668 0.046296296296296294
0 0.4317708333333333 0.17592592592592593 0.026041666666666668 0.046296296296296294
0 0.4708333333333333 0.18055555555555555 0.026041666666666668 0.046296296296296294
0 0.5114583333333333 0.22962962962962963 0.026041666666666668 0.046296296296296294
0 0.4703125 0.23796296296296296 0.026041666666666668 0.046296296296296294
0 0.43802083333333336 0.2462962962962963 0.026041666666666668 0.046296296296296294
0 0.4578125 0.25092592592592594 0.026041666666666668 0.046296296296296294
0 0.5484375 0.26851851851851855 0.026041666666666668 0.046296296296296294
0 0.49375 0.275 0.026041666666666668 0.046296296296296294
0 0.4734375 0.28888888888888886 0.026041666666666668 0.046296296296296294
0 0.6953125 0.28703703703703703 0.026041666666666668 0.046296296296296294
0 0.50625 0.29074074074074074 0.026041666666666668 0.046296296296296294
0 0.515625 0.2916666666666667 0.026041666666666668 0.046296296296296294
0 0.43645833333333334 0.30092592592592593 0.026041666666666668 0.046296296296296294
0 0.49895833333333334 0.30185185185185187 0.026041666666666668 0.046296296296296294
0 0.45729166666666665 0.3101851851851852 0.026041666666666668 0.046296296296296294
0 0.4708333333333333 0.30925925925925923 0.026041666666666668 0.046296296296296294
0 0.5453125 0.3074074074074074 0.026041666666666668 0.046296296296296294
0 0.4197916666666667 0.3148148148148148 0.026041666666666668 0.046296296296296294
0 0.49947916666666664 0.31574074074074077 0.026041666666666668 0.046296296296296294
0 0.7057291666666666 0.31203703703703706 0.026041666666666668 0.046296296296296294
0 0.4791666666666667 0.325 0.026041666666666668 0.046296296296296294
0 0.4359375 0.3287037037037037 0.026041666666666668 0.046296296296296294
0 0.5166666666666667 0.33240740740740743 0.026041666666666668 0.046296296296296294
4 0.4484375 0.3388888888888889 0.026041666666666668 0.046296296296296294
4 0.4734375 0.3416666666666667 0.026041666666666668 0.046296296296296294
4 0.4083333333333333 0.3537037037037037 0.026041666666666668 0.046296296296296294
4 0.4171875 0.35555555555555557 0.026041666666666668 0.046296296296296294
4 0.44947916666666665 0.35555555555555557 0.026041666666666668 0.046296296296296294
4 0.46875 0.3592592592592593 0.026041666666666668 0.046296296296296294
4 0.525 0.3574074074074074 0.026041666666666668 0.046296296296296294
4 0.440625 0.36666666666666664 0.026041666666666668 0.046296296296296294
4 0.45729166666666665 0.362962962962963 0.026041666666666668 0.046296296296296294
4 0.38333333333333336 0.3731481481481482 0.026041666666666668 0.046296296296296294
4 0.49947916666666664 0.3712962962962963 0.026041666666666668 0.046296296296296294
4 0.515625 0.37407407407407406 0.026041666666666668 0.046296296296296294
4 0.4744791666666667 0.37962962962962965 0.026041666666666668 0.046296296296296294
4 0.5078125 0.3814814814814815 0.026041666666666668 0.046296296296296294
4 0.5484375 0.38055555555555554 0.026041666666666668 0.046296296296296294
4 0.3984375 0.39166666666666666 0.026041666666666668 0.046296296296296294
4 0.5296875 0.3925925925925926 0.026041666666666668 0.046296296296296294
4 0.5364583333333334 0.39166666666666666 0.026041666666666668 0.046296296296296294
4 0.6625 0.3925925925925926 0.026041666666666668 0.046296296296296294
4 0.44166666666666665 0.4009259259259259 0.026041666666666668 0.046296296296296294
4 0.5375 0.40185185185185185 0.026041666666666668 0.046296296296296294
2 0.19947916666666668 0.4101851851851852 0.026041666666666668 0.046296296296296294
4 0.4984375 0.4074074074074074 0.026041666666666668 0.046296296296296294
4 0.5171875 0.40925925925925927 0.026041666666666668 0.046296296296296294
4 0.6505208333333333 0.4064814814814815 0.026041666666666668 0.046296296296296294
3 0.7036458333333333 0.4074074074074074 0.026041666666666668 0.046296296296296294
2 0.16875 0.41388888888888886 0.026041666666666668 0.046296296296296294
2 0.18229166666666666 0.4166666666666667 0.026041666666666668 0.046296296296296294
4 0.403125 0.41759259259259257 0.026041666666666668 0.046296296296296294
4 0.42864583333333334 0.41944444444444445 0.026041666666666668 0.046296296296296294
4 0.6619791666666667 0.41944444444444445 0.026041666666666668 0.046296296296296294
4 0.44479166666666664 0.42407407407407405 0.026041666666666668 0.046296296296296294
4 0.46510416666666665 0.42407407407407405 0.026041666666666668 0.046296296296296294
3 0.6817708333333333 0.42407407407407405 0.026041666666666668 0.046296296296296294
4 0.415625 0.44907407407407407 0.026041666666666668 0.046296296296296294
4 0.4734375 0.44814814814814813 0.026041666666666668 0.046296296296296294
4 0.6578125 0.45092592592592595 0.026041666666666668 0.046296296296296294
4 0.5119791666666667 0.4583333333333333 0.026041666666666668 0.046296296296296294
3 0.6703125 0.45925925925925926 0.026041666666666668 0.046296296296296294
4 0.390625 0.4601851851851852 0.026041666666666668 0.046296296296296294
4 0.49895833333333334 0.4638888888888889 0.026041666666666668 0.046296296296296294
4 0.6630208333333333 0.46574074074074073 0.026041666666666668 0.046296296296296294
4 0.459375 0.47129629629629627 0.026041666666666668 0.046296296296296294
4 0.4734375 0.47962962962962963 0.026041666666666668 0.046296296296296294
4 0.5119791666666667 0.47685185185185186 0.026041666666666668 0.046296296296296294
4 0.4453125 0.4861111111111111 0.026041666666666668 0.046296296296296294
4 0.515625 0.48703703703703705 0.026041666666666668 0.046296296296296294
4 0.6494791666666667 0.487962962962963 0.026041666666666668 0.046296296296296294
3 0.6671875 0.487962962962963 0.026041666666666668 0.046296296296296294
4 0.6286458333333333 0.49444444444444446 0.026041666666666668 0.046296296296296294
3 0.6713541666666667 0.5037037037037037 0.026041666666666668 0.046296296296296294
4 0.43333333333333335 0.5111111111111111 0.026041666666666668 0.046296296296296294
4 0.45208333333333334 0.5092592592592593 0.026041666666666668 0.046296296296296294
4 0.49375 0.5120370370370371 0.026041666666666668 0.046296296296296294
4 0.5166666666666667 0.5111111111111111 0.026041666666666668 0.046296296296296294
3 0.6953125 0.5101851851851852 0.026041666666666668 0.046296296296296294
4 0.6114583333333333 0.5259259259259259 0.026041666666666668 0.046296296296296294
3 0.66875 0.524074074074074 0.026041666666666668 0.046296296296296294
3 0.7052083333333333 0.525 0.026041666666666668 0.046296296296296294
4 0.4666666666666667 0.5351851851851852 0.026041666666666668 0.046296296296296294
4 0.515625 0.5333333333333333 0.026041666666666668 0.046296296296296294
4 0.6333333333333333 0.5370370370370371 0.026041666666666668 0.046296296296296294
4 0.4036458333333333 0.5407407407407407 0.026041666666666668 0.046296296296296294
4 0.4244791666666667 0.5453703703703704 0.026041666666666668 0.046296296296296294
4 0.45 0.5407407407407407 0.026041666666666668 0.046296296296296294
4 0.5984375 0.5398148148148149 0.026041666666666668 0.046296296296296294
4 0.5296875 0.5527777777777778 0.026041666666666668 0.046296296296296294
4 0.5567708333333333 0.5481481481481482 0.026041666666666668 0.046296296296296294
4 0.5682291666666667 0.5555555555555556 0.026041666666666668 0.046296296296296294
4 0.5854166666666667 0.5518518518518518 0.026041666666666668 0.046296296296296294
3 0.6744791666666666 0.5601851851851852 0.026041666666666668 0.046296296296296294
4 0.5447916666666667 0.5722222222222222 0.026041666666666668 0.046296296296296294
3 0.6697916666666667 0.5814814814814815 0.026041666666666668 0.046296296296296294
4 0.55 0.5888888888888889 0.026041666666666668 0.046296296296296294
4 0.5979166666666667 0.5981481481481481 0.026041666666666668 0.046296296296296294
4 0.6296875 0.6046296296296296 0.026041666666666668 0.046296296296296294
3 0.7364583333333333 0.6074074074074074 0.026041666666666668 0.046296296296296294
4 0.4322916666666667 0.6194444444444445 0.026041666666666668 0.046296296296296294
4 0.5583333333333333 0.6222222222222222 0.026041666666666668 0.046296296296296294
4 0.5197916666666667 0.6287037037037037 0.026041666666666668 0.046296296296296294
4 0.5921875 0.6398148148148148 0.026041666666666668 0.046296296296296294
4 0.44635416666666666 0.6583333333333333 0.026041666666666668 0.046296296296296294
4 0.48333333333333334 0.6592592592592592 0.026041666666666668 0.046296296296296294
4 0.6302083333333334 0.6564814814814814 0.026041666666666668 0.046296296296296294
3 0.7791666666666667 0.6648148148148149 0.026041666666666668 0.046296296296296294
1 0.5078125 0.6731481481481482 0.026041666666666668 0.046296296296296294
1 0.5359375 0.6768518518518518 0.026041666666666668 0.046296296296296294
1 0.5083333333333333 0.7074074074074074 0.026041666666666668 0.046296296296296294
1 0.8958333333333334 0.7342592592592593 0.026041666666666668 0.046296296296296294
1 0.709375 0.7722222222222223 0.026041666666666668 0.046296296296296294
1 0.075 0.8 0.026041666666666668 0.046296296296296294
1 0.14166666666666666 0.7981481481481482 0.026041666666666668 0.046296296296296294
1 0.5057291666666667 0.7981481481481482 0.026041666666666668 0.046296296296296294
1 0.534375 0.7981481481481482 0.026041666666666668 0.046296296296296294
1 0.7890625 0.8101851851851852 0.026041666666666668 0.046296296296296294
1 0.3625 0.8101851851851852 0.026041666666666668 0.046296296296296294
1 0.41770833333333335 0.8185185185185185 0.026041666666666668 0.046296296296296294
1 0.46145833333333336 0.8851851851851852 0.026041666666666668 0.046296296296296294
1 0.5364583333333334 0.9277777777777778 0.026041666666666668 0.046296296296296294
1 0.609375 0.950925925925926 0.026041666666666668 0.046296296296296294
1 0.37135416666666665 0.9462962962962963 0.026041666666666668 0.046296296296296294
1 0.9614583333333333 0.9472222222222222 0.026041666666666668 0.046296296296296294
1 0.5390625 0.9824074074074074 0.026041666666666668 0.046296296296296294
1 0.18958333333333333 0.7648148148148148 0.026041666666666668 0.046296296296296294
1 0.7989583333333333 0.8574074074074074 0.026041666666666668 0.046296296296296294
1 0.8291666666666667 0.8740740740740741 0.026041666666666668 0.046296296296296294
1 0.871875 0.8148148148148148 0.026041666666666668 0.046296296296296294
1 0.953125 0.7592592592592593 0.026041666666666668 0.046296296296296294
1 0.9333333333333333 0.9222222222222223 0.026041666666666668 0.046296296296296294
1 0.8208333333333333 0.9444444444444444 0.026041666666666668 0.046296296296296294
1 0.7072916666666667 0.687037037037037 0.026041666666666668 0.046296296296296294
1 0.6864583333333333 0.6722222222222223 0.026041666666666668 0.046296296296296294
1 0.665625 0.6759259259259259 0.026041666666666668 0.046296296296296294
4 0.6645833333333333 0.6370370370370371 0.026041666666666668 0.046296296296296294
3 0.7479166666666667 0.5611111111111111 0.026041666666666668 0.046296296296296294
4 0.3802083333333333 0.5611111111111111 0.026041666666666668 0.046296296296296294
4 0.4510416666666667 0.6 0.026041666666666668 0.046296296296296294
2 0.18645833333333334 0.48333333333333334 0.026041666666666668 0.046296296296296294
4 0.5541666666666667 0.6425925925925926 0.026041666666666668 0.046296296296296294
1 0.4708333333333333 0.6851851851851852 0.026041666666666668 0.046296296296296294
1 0.44166666666666665 0.7 0.026041666666666668 0.046296296296296294
1 0.7739583333333333 0.7185185185185186 0.026041666666666668 0.046296296296296294
