0 0.4817708333333333 0.0962962962962963 0.026041666666666668 0.046296296296296294
0 0.4859375 0.09814814814814815 0.026041666666666668 0.046296296296296294
0 0.4703125 0.13240740740740742 0.026041666666666668 0.046296296296296294
0 0.4901041666666667 0.13148148148148148 0.026041666666666668 0.046296296296296294
0 0.44947916666666665 0.13425925925925927 0.026041666666666668 0.046296296296296294
0 0.4552083333333333 0.13518518518518519 0.026041666666666668 0.046296296296296294
0 0.46145833333333336 0.13703703703703704 0.026041666666666668 0.046296296296296294
0 0.44166666666666665 0.14444444444444443 0.026041666666666668 0.046296296296296294
0 0.47552083333333334 0.14351851851851852 0.026041666666666668 0.046296296296296294
0 0.4822916666666667 0.14629629629629629 0.026041666666666668 0.046296296296296294
0 0.43020833333333336 0.15185185185185185 0.026041666666666668 0.046296296296296294
0 0.46197916666666666 0.1537037037037037 0.026041666666666668 0.046296296296296294
0 0.4864583333333333 0.1537037037037037 0.026041666666666668 0.046296296296296294
0 0.4671875 0.16203703703703703 0.026041666666666668 0.046296296296296294
0 0.44479166666666664 0.16666666666666666 0.026041666666666668 0.046296296296296294
0 0.4875 0.16944444444444445 0.026041666666666668 0.046296296296296294
0 0.4947916666666667 0.16944444444444445 0.026041666666666668 0.046296296296296294
0 0.4348958333333333 0.17314814814814813 0.026041666666666668 0.046296296296296294
0 0.440625 0.175 0.026041666666666668 0.046296296296296294
0 0.46145833333333336 0.17407407407407408 0.026041666666666668 0.046296296296296294
0 0.48802083333333335 0.19074074074074074 0.026041666666666668 0.046296296296296294
0 0.475 0.19814814814814816 0.026041666666666668 0.046296296296296294
0 0.4864583333333333 0.2074074074074074 0.026041666666666668 0.046296296296296294
0 0.453125 0.21296296296296297 0.026041666666666668 0.046296296296296294
0 0.5130208333333334 0.23055555555555557 0.026041666666666668 0.046296296296296294
0 0.4786458333333333 0.23796296296296296 0.026041666666666668 0.046296296296296294
0 0.49583333333333335 0.23796296296296296 0.026041666666666668 0.046296296296296294
0 0.503125 0.2388888888888889 0.026041666666666668 0.046296296296296294
0 0.4864583333333333 0.2462962962962963 0.026041666666666668 0.046296296296296294
0 0.49947916666666664 0.25 0.026041666666666668 0.046296296296296294
0 0.46197916666666666 0.25 0.026041666666666668 0.046296296296296294
0 0.4901041666666667 0.26296296296296295 0.026041666666666668 0.046296296296296294
0 0.4791666666666667 0.2712962962962963 0.026041666666666668 0.046296296296296294
0 0.4734375 0.27870370370370373 0.026041666666666668 0.046296296296296294
0 0.49375 0.275 0.026041666666666668 0.046296296296296294
0 0.5119791666666667 0.28425925925925927 0.026041666666666668 0.046296296296296294
0 0.546875 0.287962962962963 0.026041666666666668 0.046296296296296294
0 0.4828125 0.2935185185185185 0.026041666666666668 0.046296296296296294
0 0.4161458333333333 0.3055555555555556 0.026041666666666668 0.046296296296296294
0 0.4328125 0.30462962962962964 0.026041666666666668 0.046296296296296294
0 0.4401041666666667 0.3055555555555556 0.026041666666666668 0.046296296296296294
0 0.46197916666666666 0.3111111111111111 0.026041666666666668 0.046296296296296294
0 0.46510416666666665 0.31203703703703706 0.026041666666666668 0.046296296296296294
0 0.453125 0.31851851851851853 0.026041666666666668 0.046296296296296294
0 0.425 0.32407407407407407 0.026041666666666668 0.046296296296296294
0 0.42864583333333334 0.325 0.026041666666666668 0.046296296296296294
0 0.4453125 0.32314814814814813 0.026041666666666668 0.046296296296296294
0 0.478125 0.32407407407407407 0.026041666666666668 0.046296296296296294
0 0.5078125 0.32592592592592595 0.026041666666666668 0.046296296296296294
0 0.528125 0.32314814814814813 0.026041666666666668 0.046296296296296294
0 0.4588541666666667 0.33055555555555555 0.026041666666666668 0.046296296296296294
0 0.4661458333333333 0.3314814814814815 0.026041666666666668 0.046296296296296294
4 0.44427083333333334 0.34074074074074073 0.026041666666666668 0.046296296296296294
4 0.4786458333333333 0.3388888888888889 0.026041666666666668 0.046296296296296294
4 0.5286458333333334 0.3398148148148148 0.026041666666666668 0.046296296296296294
4 0.45364583333333336 0.34814814814814815 0.026041666666666668 0.046296296296296294
4 0.4828125 0.34814814814814815 0.026041666666666668 0.046296296296296294
4 0.37447916666666664 0.35462962962962963 0.026041666666666668 0.046296296296296294
4 0.3921875 0.3537037037037037 0.026041666666666668 0.046296296296296294
4 0.4036458333333333 0.35648148148148145 0.026041666666666668 0.046296296296296294
4 0.44479166666666664 0.3537037037037037 0.026041666666666668 0.046296296296296294
4 0.49947916666666664 0.35648148148148145 0.026041666666666668 0.046296296296296294
4 0.5078125 0.35833333333333334 0.026041666666666668 0.046296296296296294
4 0.38697916666666665 0.3648148148148148 0.026041666666666668 0.046296296296296294
4 0.415625 0.3712962962962963 0.026041666666666668 0.046296296296296294
4 0.4786458333333333 0.3685185185185185 0.026041666666666668 0.046296296296296294
4 0.5078125 0.37222222222222223 0.026041666666666668 0.046296296296296294
3 0.678125 0.36666666666666664 0.026041666666666668 0.046296296296296294
4 0.3984375 0.38055555555555554 0.026041666666666668 0.046296296296296294
4 0.4328125 0.38055555555555554 0.026041666666666668 0.046296296296296294
4 0.5005208333333333 0.37962962962962965 0.026041666666666668 0.046296296296296294
4 0.515625 0.3787037037037037 0.026041666666666668 0.046296296296296294
4 0.6510416666666666 0.37777777777777777 0.026041666666666668 0.046296296296296294
4 0.425 0.3851851851851852 0.026041666666666668 0.046296296296296294
4 0.44114583333333335 0.3861111111111111 0.026041666666666668 0.046296296296296294
2 0.19479166666666667 0.39351851851851855 0.026041666666666668 0.046296296296296294
4 0.4713541666666667 0.3990740740740741 0.026041666666666668 0.046296296296296294
3 0.7619791666666667 0.39351851851851855 0.026041666666666668 0.046296296296296294
4 0.37395833333333334 0.4009259259259259 0.026041666666666668 0.046296296296296294
4 0.5177083333333333 0.4 0.026041666666666668 0.046296296296296294
4 0.38697916666666665 0.40925925925925927 0.026041666666666668 0.046296296296296294
4 0.4078125 0.4083333333333333 0.026041666666666668 0.046296296296296294
4 0.5203125 0.4111111111111111 0.026041666666666668 0.046296296296296294
2 0.19114583333333332 0.41759259259259257 0.026041666666666668 0.046296296296296294
4 0.421875 0.41759259259259257 0.026041666666666668 0.046296296296296294
4 0.45 0.4166666666666667 0.026041666666666668 0.046296296296296294
4 0.465625 0.41759259259259257 0.026041666666666668 0.046296296296296294
2 0.1671875 0.42592592592592593 0.026041666666666668 0.046296296296296294
4 0.490625 0.43148148148148147 0.026041666666666668 0.046296296296296294
4 0.6526041666666667 0.4425925925925926 0.026041666666666668 0.046296296296296294
3 0.70625 0.4388888888888889 0.026041666666666668 0.046296296296296294
4 0.6651041666666667 0.44814814814814813 0.026041666666666668 0.046296296296296294
4 0.5197916666666667 0.45925925925925926 0.026041666666666668 0.046296296296296294
4 0.503125 0.4638888888888889 0.026041666666666668 0.046296296296296294
4 0.6609375 0.4638888888888889 0.026041666666666668 0.046296296296296294
3 0.6817708333333333 0.4638888888888889 0.026041666666666668 0.046296296296296294
4 0.465625 0.4703703703703704 0.026041666666666668 0.046296296296296294
4 0.5328125 0.4740740740740741 0.026041666666666668 0.046296296296296294
3 0.6875 0.4740740740740741 0.026041666666666668 0.046296296296296294
4 0.6322916666666667 0.4888888888888889 0.026041666666666668 0.046296296296296294
4 0.5359375 0.49537037037037035 0.026041666666666668 0.046296296296296294
3 0.6854166666666667 0.4935185185185185 0.026041666666666668 0.046296296296296294
4 0.42604166666666665 0.5037037037037037 0.026041666666666668 0.046296296296296294
3 0.6911458333333333 0.5092592592592593 0.026041666666666668 0.046296296296296294
4 0.5286458333333334 0.5212962962962963 0.026041666666666668 0.046296296296296294
4 0.615625 0.5231481481481481 0.026041666666666668 0.046296296296296294
3 0.6708333333333333 0.5324074074074074 0.026041666666666668 0.046296296296296294
3 0.7203125 0.5324074074074074 0.026041666666666668 0.046296296296296294
4 0.5119791666666667 0.5481481481481482 0.026041666666666668 0.046296296296296294
4 0.6104166666666667 0.549074074074074 0.026041666666666668 0.046296296296296294
4 0.5625 0.5546296296296296 0.026041666666666668 0.046296296296296294
4 0.5838541666666667 0.5666666666666667 0.026041666666666668 0.046296296296296294
4 0.6338541666666667 0.5703703703703704 0.026041666666666668 0.046296296296296294
3 0.7296875 0.5685185185185185 0.026041666666666668 0.046296296296296294
2 0.12604166666666666 0.5685185185185185 0.026041666666666668 0.046296296296296294
4 0.43645833333333334 0.612037037037037 0.026041666666666668 0.046296296296296294
3 0.7333333333333333 0.6175925925925926 0.026041666666666668 0.046296296296296294
3 0.7630208333333334 0.6268518518518519 0.026041666666666668 0.046296296296296294
3 0.6921875 0.6351851851851852 0.026041666666666668 0.046296296296296294
1 0.7739583333333333 0.6694444444444444 0.026041666666666668 0.046296296296296294
1 0.18958333333333333 0.6888888888888889 0.026041666666666668 0.046296296296296294
1 0.5239583333333333 0.7055555555555556 0.026041666666666668 0.046296296296296294
1 0.22239583333333332 0.7231481481481481 0.026041666666666668 0.046296296296296294
1 0.8890625 0.75 0.026041666666666668 0.046296296296296294
1 0.196875 0.7787037037037037 0.026041666666666668 0.046296296296296294
1 0.6947916666666667 0.8018518518518518 0.026041666666666668 0.046296296296296294
1 0.7604166666666666 0.8351851851851851 0.026041666666666668 0.046296296296296294
1 0.8234375 0.8388888888888889 0.026041666666666668 0.046296296296296294
1 0.9755208333333333 0.8453703703703703 0.026041666666666668 0.046296296296296294
1 0.9947916666666666 0.8583333333333333 0.026041666666666668 0.046296296296296294
1 0.6395833333333333 0.8796296296296297 0.026041666666666668 0.046296296296296294
1 0.8125 0.9148148148148149 0.026041666666666668 0.046296296296296294
1 0.9619791666666667 0.937037037037037 0.026041666666666668 0.046296296296296294
1 0.290625 0.9824074074074074 0.026041666666666668 0.046296296296296294
1 0.48541666666666666 0.75 0.026041666666666668 0.046296296296296294
1 0.8739583333333333 0.8222222222222222 0.026041666666666668 0.046296296296296294
1 0.6635416666666667 0.7092592592592593 0.026041666666666668 0.046296296296296294
1 0.646875 0.6685185185185185 0.026041666666666668 0.046296296296296294
4 0.571875 0.5833333333333334 0.026041666666666668 0.046296296296296294
4 0.4041666666666667 0.48518518518518516 0.026041666666666668 0.046296296296296294
4 0.3770833333333333 0.5592592592592592 0.026041666666666668 0.046296296296296294
2 0.22083333333333333 0.40370370370370373 0.026041666666666668 0.046296296296296294
2 0.20729166666666668 0.3925925925925926 0.026041666666666668 0.046296296296296294
0 0.6875 0.3 0.026041666666666668 0.046296296296296294
3 0.7572916666666667 0.5166666666666667 0.026041666666666668 0.046296296296296294
3 0.7666666666666667 0.587037037037037 0.026041666666666668 0.046296296296296294
3 0.7635416666666667 0.562962962962963 0.026041666666666668 0.046296296296296294
