0 0.4713541666666667 0.09537037037037037 0.026041666666666668 0.046296296296296294
0 0.4786458333333333 0.09722222222222222 0.026041666666666668 0.046296296296296294
0 0.4828125 0.10555555555555556 0.026041666666666668 0.046296296296296294
0 0.48333333333333334 0.12037037037037036 0.026041666666666668 0.046296296296296294
0 0.4953125 0.12314814814814815 0.026041666666666668 0.046296296296296294
0 0.4552083333333333 0.1287037037037037 0.026041666666666668 0.046296296296296294
0 0.4708333333333333 0.12962962962962962 0.026041666666666668 0.046296296296296294
0 0.43020833333333336 0.13425925925925927 0.026041666666666668 0.046296296296296294
0 0.4427083333333333 0.13425925925925927 0.026041666666666668 0.046296296296296294
0 0.4484375 0.1361111111111111 0.026041666666666668 0.046296296296296294
0 0.45729166666666665 0.1361111111111111 0.026041666666666668 0.046296296296296294
0 0.44427083333333334 0.16666666666666666 0.026041666666666668 0.046296296296296294
0 0.4984375 0.17314814814814813 0.026041666666666668 0.046296296296296294
0 0.5151041666666667 0.18425925925925926 0.026041666666666668 0.046296296296296294
0 0.4817708333333333 0.18981481481481483 0.026041666666666668 0.046296296296296294
0 0.5 0.18796296296296297 0.026041666666666668 0.046296296296296294
0 0.46145833333333336 0.20555555555555555 0.026041666666666668 0.046296296296296294
0 0.43697916666666664 0.24444444444444444 0.026041666666666668 0.046296296296296294
0 0.4901041666666667 0.2601851851851852 0.026041666666666668 0.046296296296296294
0 0.46979166666666666 0.2675925925925926 0.026041666666666668 0.046296296296296294
0 0.490625 0.26666666666666666 0.026041666666666668 0.046296296296296294
0 0.5072916666666667 0.26851851851851855 0.026041666666666668 0.046296296296296294
0 0.5484375 0.26851851851851855 0.026041666666666668 0.046296296296296294
0 0.5 0.2851851851851852 0.026041666666666668 0.046296296296296294
0 0.5421875 0.28888888888888886 0.026041666666666668 0.046296296296296294
0 0.6953125 0.28703703703703703 0.026041666666666668 0.046296296296296294
0 0.4166666666666667 0.2935185185185185 0.026041666666666668 0.046296296296296294
0 0.4973958333333333 0.30092592592592593 0.026041666666666668 0.046296296296296294
0 0.43697916666666664 0.30833333333333335 0.026041666666666668 0.046296296296296294
0 0.5505208333333333 0.3111111111111111 0.026041666666666668 0.046296296296296294
0 0.42083333333333334 0.3148148148148148 0.026041666666666668 0.046296296296296294
0 0.44895833333333335 0.31574074074074077 0.026041666666666668 0.046296296296296294
0 0.4875 0.31666666666666665 0.026041666666666668 0.046296296296296294
0 0.49166666666666664 0.3194444444444444 0.026041666666666668 0.046296296296296294
0 0.5067708333333333 0.3138888888888889 0.026041666666666668 0.046296296296296294
0 0.70625 0.31296296296296294 0.026041666666666668 0.046296296296296294
0 0.5447916666666667 0.3277777777777778 0.026041666666666668 0.046296296296296294
4 0.503125 0.3333333333333333 0.026041666666666668 0.046296296296296294
4 0.5145833333333333 0.3333333333333333 0.026041666666666668 0.046296296296296294
4 0.4317708333333333 0.3398148148148148 0.026041666666666668 0.046296296296296294
4 0.44895833333333335 0.3416666666666667 0.026041666666666668 0.046296296296296294
4 0.3848958333333333 0.35648148148148145 0.026041666666666668 0.046296296296296294
4 0.39166666666666666 0.35648148148148145 0.026041666666666668 0.046296296296296294
4 0.4005208333333333 0.35555555555555557 0.026041666666666668 0.046296296296296294
4 0.4114583333333333 0.35555555555555557 0.026041666666666668 0.046296296296296294
4 0.5453125 0.35462962962962963 0.026041666666666668 0.046296296296296294
4 0.4453125 0.36018518518518516 0.026041666666666668 0.046296296296296294
4 0.4786458333333333 0.3611111111111111 0.026041666666666668 0.046296296296296294
4 0.37864583333333335 0.38055555555555554 0.026041666666666668 0.046296296296296294
4 0.45364583333333336 0.38055555555555554 0.026041666666666668 0.046296296296296294
4 0.5151041666666667 0.387037037037037 0.026041666666666668 0.046296296296296294
4 0.5411458333333333 0.387037037037037 0.026041666666666668 0.046296296296296294
3 0.6697916666666667 0.3925925925925926 0.026041666666666668 0.046296296296296294
4 0.45364583333333336 0.3990740740740741 0.026041666666666668 0.046296296296296294
4 0.48385416666666664 0.4009259259259259 0.026041666666666668 0.046296296296296294
4 0.49166666666666664 0.4027777777777778 0.026041666666666668 0.046296296296296294
4 0.5286458333333334 0.4009259259259259 0.026041666666666668 0.046296296296296294
2 0.1984375 0.40555555555555556 0.026041666666666668 0.046296296296296294
4 0.4244791666666667 0.4101851851851852 0.026041666666666668 0.046296296296296294
4 0.4984375 0.4111111111111111 0.026041666666666668 0.046296296296296294
4 0.521875 0.4111111111111111 0.026041666666666668 0.046296296296296294
4 0.6505208333333333 0.4074074074074074 0.026041666666666668 0.046296296296296294
4 0.44114583333333335 0.4203703703703704 0.026041666666666668 0.046296296296296294
4 0.6619791666666667 0.41759259259259257 0.026041666666666668 0.046296296296296294
3 0.7026041666666667 0.4111111111111111 0.026041666666666668 0.046296296296296294
2 0.17708333333333334 0.42314814814814816 0.026041666666666668 0.046296296296296294
4 0.42083333333333334 0.42592592592592593 0.026041666666666668 0.046296296296296294
4 0.42864583333333334 0.425 0.026041666666666668 0.046296296296296294
4 0.46875 0.425 0.026041666666666668 0.046296296296296294
3 0.6739583333333333 0.42592592592592593 0.026041666666666668 0.046296296296296294
4 0.5197916666666667 0.43425925925925923 0.026041666666666668 0.046296296296296294
4 0.42864583333333334 0.4398148148148148 0.026041666666666668 0.046296296296296294
4 0.475 0.4388888888888889 0.026041666666666668 0.046296296296296294
3 0.6734375 0.44166666666666665 0.026041666666666668 0.046296296296296294
4 0.41041666666666665 0.45 0.026041666666666668 0.046296296296296294
4 0.45989583333333334 0.45 0.026041666666666668 0.046296296296296294
4 0.4322916666666667 0.45740740740740743 0.026041666666666668 0.046296296296296294
4 0.5130208333333334 0.45740740740740743 0.026041666666666668 0.046296296296296294
4 0.6630208333333333 0.4583333333333333 0.026041666666666668 0.046296296296296294
4 0.3953125 0.46296296296296297 0.026041666666666668 0.046296296296296294
4 0.4005208333333333 0.46296296296296297 0.026041666666666668 0.046296296296296294
4 0.47552083333333334 0.4638888888888889 0.026041666666666668 0.046296296296296294
4 0.5083333333333333 0.47314814814814815 0.026041666666666668 0.046296296296296294
4 0.6541666666666667 0.475 0.026041666666666668 0.046296296296296294
4 0.38645833333333335 0.47962962962962963 0.026041666666666668 0.046296296296296294
3 0.6703125 0.48148148148148145 0.026041666666666668 0.046296296296296294
4 0.42916666666666664 0.48518518518518516 0.026041666666666668 0.046296296296296294
4 0.45 0.487962962962963 0.026041666666666668 0.046296296296296294
4 0.4953125 0.487962962962963 0.026041666666666668 0.046296296296296294
4 0.5651041666666666 0.4842592592592593 0.026041666666666668 0.046296296296296294
4 0.5119791666666667 0.49537037037037035 0.026041666666666668 0.046296296296296294
3 0.6744791666666666 0.4962962962962963 0.026041666666666668 0.046296296296296294
4 0.546875 0.5009259259259259 0.026041666666666668 0.046296296296296294
4 0.49583333333333335 0.5092592592592593 0.026041666666666668 0.046296296296296294
4 0.515625 0.5111111111111111 0.026041666666666668 0.046296296296296294
4 0.6192708333333333 0.5157407407407407 0.026041666666666668 0.046296296296296294
4 0.6447916666666667 0.5212962962962963 0.026041666666666668 0.046296296296296294
3 0.6911458333333333 0.5175925925925926 0.026041666666666668 0.046296296296296294
3 0.6796875 0.5259259259259259 0.026041666666666668 0.046296296296296294
3 0.7026041666666667 0.5268518518518519 0.026041666666666668 0.046296296296296294
3 0.71875 0.525 0.026041666666666668 0.046296296296296294
4 0.4 0.5351851851851852 0.026041666666666668 0.046296296296296294
4 0.6119791666666666 0.5370370370370371 0.026041666666666668 0.046296296296296294
3 0.7088541666666667 0.5342592592592592 0.026041666666666668 0.046296296296296294
4 0.37864583333333335 0.5435185185185185 0.026041666666666668 0.046296296296296294
4 0.5036458333333333 0.5407407407407407 0.026041666666666668 0.046296296296296294
4 0.5947916666666667 0.5388888888888889 0.026041666666666668 0.046296296296296294
4 0.6078125 0.5472222222222223 0.026041666666666668 0.046296296296296294
4 0.5494791666666666 0.5574074074074075 0.026041666666666668 0.046296296296296294
4 0.46041666666666664 0.562962962962963 0.026041666666666668 0.046296296296296294
3 0.746875 0.562037037037037 0.026041666666666668 0.046296296296296294
3 0.7317708333333334 0.5722222222222222 0.026041666666666668 0.046296296296296294
4 0.6 0.5879629629629629 0.026041666666666668 0.046296296296296294
4 0.5354166666666667 0.5953703703703703 0.026041666666666668 0.046296296296296294
4 0.5536458333333333 0.5935185185185186 0.026041666666666668 0.046296296296296294
4 0.571875 0.612037037037037 0.026041666666666668 0.046296296296296294
3 0.734375 0.6277777777777778 0.026041666666666668 0.046296296296296294
4 0.46875 0.6324074074074074 0.026041666666666668 0.046296296296296294
4 0.44114583333333335 0.6425925925925926 0.026041666666666668 0.046296296296296294
4 0.5625 0.6518518518518519 0.026041666666666668 0.046296296296296294
3 0.7072916666666667 0.65 0.026041666666666668 0.046296296296296294
4 0.6260416666666667 0.6592592592592592 0.026041666666666668 0.046296296296296294
1 0.6578125 0.6824074074074075 0.026041666666666668 0.046296296296296294
1 0.7067708333333333 0.6787037037037037 0.026041666666666668 0.046296296296296294
1 0.5348958333333333 0.6861111111111111 0.026041666666666668 0.046296296296296294
1 0.6161458333333333 0.6981481481481482 0.026041666666666668 0.046296296296296294
1 0.5515625 0.7046296296296296 0.026041666666666668 0.046296296296296294
1 0.5 0.7166666666666667 0.026041666666666668 0.046296296296296294
1 0.4583333333333333 0.7342592592592593 0.026041666666666668 0.046296296296296294
1 0.8885416666666667 0.7453703703703703 0.026041666666666668 0.046296296296296294
1 0.8322916666666667 0.7555555555555555 0.026041666666666668 0.046296296296296294
1 0.4197916666666667 0.7731481481481481 0.026041666666666668 0.046296296296296294
1 0.24166666666666667 0.8435185185185186 0.026041666666666668 0.046296296296296294
1 0.5067708333333333 0.8444444444444444 0.026041666666666668 0.046296296296296294
1 0.79375 0.8490740740740741 0.026041666666666668 0.046296296296296294
1 0.8552083333333333 0.8777777777777778 0.026041666666666668 0.046296296296296294
1 0.9119791666666667 0.9222222222222223 0.026041666666666668 0.046296296296296294
1 0.9432291666666667 0.9833333333333333 0.026041666666666668 0.046296296296296294
1 0.3875 0.9925925925925926 0.026041666666666668 0.046296296296296294
1 0.9197916666666667 0.774074074074074 0.026041666666666668 0.046296296296296294
1 0.96875 0.9407407407407408 0.026041666666666668 0.046296296296296294
1 0.8291666666666667 0.8703703703703703 0.026041666666666668 0.046296296296296294
1 0.7791666666666667 0.8166666666666667 0.026041666666666668 0.046296296296296294
1 0.4322916666666667 0.9407407407407408 0.026041666666666668 0.046296296296296294
4 0.41041666666666665 0.6074074074074074 0.026041666666666668 0.046296296296296294
4 0.38125 0.6185185185185185 0.026041666666666668 0.046296296296296294
4 0.584375 0.6518518518518519 0.026041666666666668 0.046296296296296294
1 0.7802083333333333 0.7129629629629629 0.026041666666666668 0.046296296296296294
3 0.7802083333333333 0.6666666666666666 0.026041666666666668 0.046296296296296294
3 0.7572916666666667 0.6111111111111112 0.026041666666666668 0.046296296296296294
3 0.7729166666666667 0.5888888888888889 0.026041666666666668 0.046296296296296294
0 0.41041666666666665 0.21481481481481482 0.026041666666666668 0.046296296296296294
4 0.525 0.5740740740740741 0.026041666666666668 0.046296296296296294
1 0.6770833333333334 0.6759259259259259 0.026041666666666668 0.046296296296296294
3 0.684375 0.6259259259259259 0.026041666666666668 0.046296296296296294
3 0.6822916666666666 0.575925925925926 0.026041666666666668 0.046296296296296294
3 0.7114583333333333 0.5611111111111111 0.026041666666666668 0.046296296296296294
