0 0.4703125 0.11296296296296296 0.026041666666666668 0.046296296296296294
0 0.48385416666666664 0.12037037037037036 0.026041666666666668 0.046296296296296294
0 0.490625 0.11944444444444445 0.026041666666666668 0.046296296296296294
0 0.4510416666666667 0.1259259259259259 0.026041666666666668 0.046296296296296294
0 0.4578125 0.12777777777777777 0.026041666666666668 0.046296296296296294
0 0.46979166666666666 0.1287037037037037 0.026041666666666668 0.046296296296296294
0 0.44375 0.13703703703703704 0.026041666666666668 0.046296296296296294
0 0.4625 0.1388888888888889 0.026041666666666668 0.046296296296296294
0 0.4744791666666667 0.14629629629629629 0.026041666666666668 0.046296296296296294
0 0.46145833333333336 0.1537037037037037 0.026041666666666668 0.046296296296296294
0 0.44947916666666665 0.1574074074074074 0.026041666666666668 0.046296296296296294
0 0.5036458333333333 0.16944444444444445 0.026041666666666668 0.046296296296296294
0 0.43125 0.17407407407407408 0.026041666666666668 0.046296296296296294
0 0.48385416666666664 0.17777777777777778 0.026041666666666668 0.046296296296296294
0 0.49895833333333334 0.18518518518518517 0.026041666666666668 0.046296296296296294
0 0.4630208333333333 0.19074074074074074 0.026041666666666668 0.046296296296296294
0 0.478125 0.1925925925925926 0.026041666666666668 0.046296296296296294
0 0.44947916666666665 0.20277777777777778 0.026041666666666668 0.046296296296296294
0 0.4744791666666667 0.24537037037037038 0.026041666666666668 0.046296296296296294
0 0.4828125 0.25277777777777777 0.026041666666666668 0.046296296296296294
0 0.5104166666666666 0.25277777777777777 0.026041666666666668 0.046296296296296294
0 0.43802083333333336 0.26296296296296295 0.026041666666666668 0.046296296296296294
0 0.4744791666666667 0.27037037037037037 0.026041666666666668 0.046296296296296294
0 0.5458333333333333 0.2675925925925926 0.026041666666666668 0.046296296296296294
0 0.48072916666666665 0.27685185185185185 0.026041666666666668 0.046296296296296294
0 0.4984375 0.2740740740740741 0.026041666666666668 0.046296296296296294
0 0.528125 0.27870370370370373 0.026041666666666668 0.046296296296296294
0 0.45729166666666665 0.28425925925925927 0.026041666666666668 0.046296296296296294
0 0.6947916666666667 0.28703703703703703 0.026041666666666668 0.046296296296296294
0 0.4276041666666667 0.2916666666666667 0.026041666666666668 0.046296296296296294
0 0.4984375 0.29259259259259257 0.026041666666666668 0.046296296296296294
0 0.5182291666666666 0.29444444444444445 0.026041666666666668 0.046296296296296294
0 0.4375 0.3 0.026041666666666668 0.046296296296296294
0 0.45729166666666665 0.2972222222222222 0.026041666666666668 0.046296296296296294
0 0.4828125 0.29814814814814816 0.026041666666666668 0.046296296296296294
0 0.490625 0.30277777777777776 0.026041666666666668 0.046296296296296294
0 0.5078125 0.3 0.026041666666666668 0.046296296296296294
0 0.5317708333333333 0.3101851851851852 0.026041666666666668 0.046296296296296294
0 0.4239583333333333 0.31851851851851853 0.026041666666666668 0.046296296296296294
0 0.4703125 0.31574074074074077 0.026041666666666668 0.046296296296296294
0 0.70625 0.31296296296296294 0.026041666666666668 0.046296296296296294
0 0.43697916666666664 0.33055555555555555 0.026041666666666668 0.046296296296296294
0 0.4473958333333333 0.3314814814814815 0.026041666666666668 0.046296296296296294
0 0.5036458333333333 0.33240740740740743 0.026041666666666668 0.046296296296296294
4 0.46979166666666666 0.33796296296296297 0.026041666666666668 0.046296296296296294
4 0.4328125 0.34814814814814815 0.026041666666666668 0.046296296296296294
4 0.47760416666666666 0.34629629629629627 0.026041666666666668 0.046296296296296294
4 0.515625 0.35 0.026041666666666668 0.046296296296296294
4 0.3776041666666667 0.35462962962962963 0.026041666666666668 0.046296296296296294
4 0.4296875 0.3574074074074074 0.026041666666666668 0.046296296296296294
4 0.4739583333333333 0.35462962962962963 0.026041666666666668 0.046296296296296294
4 0.4578125 0.3638888888888889 0.026041666666666668 0.046296296296296294
4 0.49895833333333334 0.3611111111111111 0.026041666666666668 0.046296296296296294
4 0.390625 0.3712962962962963 0.026041666666666668 0.046296296296296294
4 0.515625 0.3712962962962963 0.026041666666666668 0.046296296296296294
4 0.5078125 0.37777777777777777 0.026041666666666668 0.046296296296296294
4 0.5166666666666667 0.38425925925925924 0.026041666666666668 0.046296296296296294
4 0.37552083333333336 0.39537037037037037 0.026041666666666668 0.046296296296296294
4 0.5208333333333334 0.3962962962962963 0.026041666666666668 0.046296296296296294
4 0.6583333333333333 0.39537037037037037 0.026041666666666668 0.046296296296296294
4 0.3875 0.40370370370370373 0.026041666666666668 0.046296296296296294
4 0.4947916666666667 0.40370370370370373 0.026041666666666668 0.046296296296296294
4 0.6578125 0.40370370370370373 0.026041666666666668 0.046296296296296294
2 0.20729166666666668 0.4083333333333333 0.026041666666666668 0.046296296296296294
4 0.39427083333333335 0.40925925925925927 0.026041666666666668 0.046296296296296294
4 0.4041666666666667 0.4064814814814815 0.026041666666666668 0.046296296296296294
4 0.5229166666666667 0.4064814814814815 0.026041666666666668 0.046296296296296294
3 0.7036458333333333 0.4074074074074074 0.026041666666666668 0.046296296296296294
2 0.16979166666666667 0.4148148148148148 0.026041666666666668 0.046296296296296294
2 0.18177083333333333 0.4166666666666667 0.026041666666666668 0.046296296296296294
2 0.19427083333333334 0.4166666666666667 0.026041666666666668 0.046296296296296294
2 0.21979166666666666 0.4185185185185185 0.026041666666666668 0.046296296296296294
4 0.37552083333333336 0.41759259259259257 0.026041666666666668 0.046296296296296294
4 0.6578125 0.4166666666666667 0.026041666666666668 0.046296296296296294
4 0.4171875 0.4222222222222222 0.026041666666666668 0.046296296296296294
3 0.6817708333333333 0.425 0.026041666666666668 0.046296296296296294
3 0.671875 0.43333333333333335 0.026041666666666668 0.046296296296296294
3 0.6776041666666667 0.43796296296296294 0.026041666666666668 0.046296296296296294
4 0.3953125 0.43796296296296294 0.026041666666666668 0.046296296296296294
4 0.5369791666666667 0.44166666666666665 0.026041666666666668 0.046296296296296294
3 0.6822916666666666 0.4398148148148148 0.026041666666666668 0.046296296296296294
4 0.5119791666666667 0.44814814814814813 0.026041666666666668 0.046296296296296294
4 0.6536458333333334 0.45 0.026041666666666668 0.046296296296296294
3 0.6911458333333333 0.45 0.026041666666666668 0.046296296296296294
3 0.6755208333333333 0.462037037037037 0.026041666666666668 0.046296296296296294
4 0.4953125 0.4638888888888889 0.026041666666666668 0.046296296296296294
3 0.6677083333333333 0.4648148148148148 0.026041666666666668 0.046296296296296294
3 0.6822916666666666 0.4648148148148148 0.026041666666666668 0.046296296296296294
4 0.515625 0.47314814814814815 0.026041666666666668 0.046296296296296294
4 0.40260416666666665 0.4777777777777778 0.026041666666666668 0.046296296296296294
4 0.653125 0.48148148148148145 0.026041666666666668 0.046296296296296294
4 0.4354166666666667 0.48703703703703705 0.026041666666666668 0.046296296296296294
4 0.45677083333333335 0.487962962962963 0.026041666666666668 0.046296296296296294
4 0.46145833333333336 0.487962962962963 0.026041666666666668 0.046296296296296294
4 0.4947916666666667 0.487962962962963 0.026041666666666668 0.046296296296296294
4 0.628125 0.487962962962963 0.026041666666666668 0.046296296296296294
4 0.6458333333333334 0.487962962962963 0.026041666666666668 0.046296296296296294
3 0.6703125 0.48703703703703705 0.026041666666666668 0.046296296296296294
4 0.5661458333333333 0.5055555555555555 0.026041666666666668 0.046296296296296294
3 0.6692708333333334 0.5027777777777778 0.026041666666666668 0.046296296296296294
4 0.4661458333333333 0.5101851851851852 0.026041666666666668 0.046296296296296294
4 0.6291666666666667 0.5092592592592593 0.026041666666666668 0.046296296296296294
3 0.6989583333333333 0.5111111111111111 0.026041666666666668 0.046296296296296294
4 0.5088541666666667 0.5212962962962963 0.026041666666666668 0.046296296296296294
4 0.415625 0.5277777777777778 0.026041666666666668 0.046296296296296294
4 0.4317708333333333 0.525 0.026041666666666668 0.046296296296296294
4 0.6166666666666667 0.5259259259259259 0.026041666666666668 0.046296296296296294
4 0.5192708333333333 0.5342592592592592 0.026041666666666668 0.046296296296296294
3 0.7270833333333333 0.5277777777777778 0.026041666666666668 0.046296296296296294
4 0.39739583333333334 0.537962962962963 0.026041666666666668 0.046296296296296294
4 0.503125 0.5453703703703704 0.026041666666666668 0.046296296296296294
4 0.596875 0.5416666666666666 0.026041666666666668 0.046296296296296294
4 0.5322916666666667 0.5509259259259259 0.026041666666666668 0.046296296296296294
4 0.6208333333333333 0.55 0.026041666666666668 0.046296296296296294
4 0.6510416666666666 0.55 0.026041666666666668 0.046296296296296294
4 0.47760416666666666 0.5583333333333333 0.026041666666666668 0.046296296296296294
4 0.5864583333333333 0.5564814814814815 0.026041666666666668 0.046296296296296294
4 0.5484375 0.5666666666666667 0.026041666666666668 0.046296296296296294
3 0.7395833333333334 0.562037037037037 0.026041666666666668 0.046296296296296294
3 0.753125 0.5611111111111111 0.026041666666666668 0.046296296296296294
4 0.46041666666666664 0.5731481481481482 0.026041666666666668 0.046296296296296294
3 0.765625 0.575925925925926 0.026041666666666668 0.046296296296296294
4 0.378125 0.5814814814814815 0.026041666666666668 0.046296296296296294
4 0.5 0.5824074074074074 0.026041666666666668 0.046296296296296294
4 0.578125 0.5851851851851851 0.026041666666666668 0.046296296296296294
4 0.6322916666666667 0.5824074074074074 0.026041666666666668 0.046296296296296294
4 0.4375 0.587037037037037 0.026041666666666668 0.046296296296296294
4 0.53125 0.5861111111111111 0.026041666666666668 0.046296296296296294
4 0.54375 0.5898148148148148 0.026041666666666668 0.046296296296296294
4 0.5984375 0.587037037037037 0.026041666666666668 0.046296296296296294
3 0.721875 0.5768518518518518 0.026041666666666668 0.046296296296296294
4 0.46041666666666664 0.6055555555555555 0.026041666666666668 0.046296296296296294
4 0.4864583333333333 0.6055555555555555 0.026041666666666668 0.046296296296296294
4 0.6296875 0.6111111111111112 0.026041666666666668 0.046296296296296294
4 0.575 0.6212962962962963 0.026041666666666668 0.046296296296296294
4 0.47291666666666665 0.6277777777777778 0.026041666666666668 0.046296296296296294
4 0.5479166666666667 0.6268518518518519 0.026041666666666668 0.046296296296296294
4 0.4947916666666667 0.6370370370370371 0.026041666666666668 0.046296296296296294
4 0.525 0.6324074074074074 0.026041666666666668 0.046296296296296294
4 0.5828125 0.6398148148148148 0.026041666666666668 0.046296296296296294
4 0.4552083333333333 0.6435185185185185 0.026041666666666668 0.046296296296296294
4 0.5744791666666667 0.6425925925925926 0.026041666666666668 0.046296296296296294
4 0.6109375 0.6435185185185185 0.026041666666666668 0.046296296296296294
3 0.675 0.6435185185185185 0.026041666666666668 0.046296296296296294
4 0.6328125 0.6574074074074074 0.026041666666666668 0.046296296296296294
1 0.596875 0.6685185185185185 0.026041666666666668 0.046296296296296294
1 0.7005208333333334 0.6675925925925926 0.026041666666666668 0.046296296296296294
1 0.6614583333333334 0.6833333333333333 0.026041666666666668 0.046296296296296294
1 0.5927083333333333 0.6981481481481482 0.026041666666666668 0.046296296296296294
1 0.2078125 0.7074074074074074 0.026041666666666668 0.046296296296296294
1 0.5640625 0.712037037037037 0.026041666666666668 0.046296296296296294
1 0.7375 0.7203703703703703 0.026041666666666668 0.046296296296296294
1 0.36666666666666664 0.7509259259259259 0.026041666666666668 0.046296296296296294
1 0.8848958333333333 0.75 0.026041666666666668 0.046296296296296294
1 0.9385416666666667 0.7583333333333333 0.026041666666666668 0.046296296296296294
1 0.39114583333333336 0.7898148148148149 0.026041666666666668 0.046296296296296294
1 0.19375 0.7981481481481482 0.026041666666666668 0.046296296296296294
1 0.7713541666666667 0.8203703703703704 0.026041666666666668 0.046296296296296294
1 0.46770833333333334 0.8314814814814815 0.026041666666666668 0.046296296296296294
1 0.8005208333333333 0.8416666666666667 0.026041666666666668 0.046296296296296294
1 0.31145833333333334 0.8675925925925926 0.026041666666666668 0.046296296296296294
1 0.12864583333333332 0.8740740740740741 0.026041666666666668 0.046296296296296294
1 0.5791666666666667 0.8777777777777778 0.026041666666666668 0.046296296296296294
1 0.6427083333333333 0.8712962962962963 0.026041666666666668 0.046296296296296294
1 0.14375 0.8972222222222223 0.026041666666666668 0.046296296296296294
1 0.9307291666666667 0.9194444444444444 0.026041666666666668 0.046296296296296294
1 0.5291666666666667 0.9361111111111111 0.026041666666666668 0.046296296296296294
1 0.8260416666666667 0.9444444444444444 0.026041666666666668 0.046296296296296294
1 0.4713541666666667 0.9555555555555556 0.026041666666666668 0.046296296296296294
1 0.9609375 0.9462962962962963 0.026041666666666668 0.046296296296296294
1 0.11041666666666666 0.9703703703703703 0.026041666666666668 0.046296296296296294
1 0.5994791666666667 0.9814814814814815 0.026041666666666668 0.046296296296296294
1 0.28125 0.9935185185185185 0.026041666666666668 0.046296296296296294
1 0.08958333333333333 0.7907407407407407 0.026041666666666668 0.046296296296296294
1 0.37916666666666665 0.85 0.026041666666666668 0.046296296296296294
1 0.8458333333333333 0.8222222222222222 0.026041666666666668 0.046296296296296294
1 0.878125 0.8148148148148148 0.026041666666666668 0.046296296296296294
1 0.9958333333333333 0.95 0.026041666666666668 0.046296296296296294
1 0.7697916666666667 0.9592592592592593 0.026041666666666668 0.046296296296296294
1 0.7791666666666667 0.6685185185185185 0.026041666666666668 0.046296296296296294
0 0.6635416666666667 0.2611111111111111 0.026041666666666668 0.046296296296296294
2 0.18020833333333333 0.4648148148148148 0.026041666666666668 0.046296296296296294
1 0.32708333333333334 0.7574074074074074 0.026041666666666668 0.046296296296296294
4 0.378125 0.6666666666666666 0.026041666666666668 0.046296296296296294
1 0.490625 0.7388888888888889 0.026041666666666668 0.046296296296296294
1 0.5322916666666667 0.7 0.026041666666666668 0.046296296296296294
4 0.434375 0.6148148148148148 0.026041666666666668 0.046296296296296294
4 0.42083333333333334 0.5796296296296296 0.026041666666666668 0.046296296296296294
4 0.40208333333333335 0.5648148148148148 0.026041666666666668 0.046296296296296294
