0 0.4786458333333333 0.08796296296296297 0.026041666666666668 0.046296296296296294
0 0.484375 0.1037037037037037 0.026041666666666668 0.046296296296296294
0 0.49166666666666664 0.12314814814814815 0.026041666666666668 0.046296296296296294
0 0.4796875 0.1287037037037037 0.026041666666666668 0.046296296296296294
0 0.4546875 0.13240740740740742 0.026041666666666668 0.046296296296296294
0 0.46197916666666666 0.13425925925925927 0.026041666666666668 0.046296296296296294
0 0.4708333333333333 0.1361111111111111 0.026041666666666668 0.046296296296296294
0 0.44166666666666665 0.14351851851851852 0.026041666666666668 0.046296296296296294
0 0.47552083333333334 0.14722222222222223 0.026041666666666668 0.046296296296296294
0 0.4953125 0.14444444444444443 0.026041666666666668 0.046296296296296294
0 0.4630208333333333 0.1527777777777778 0.026041666666666668 0.046296296296296294
0 0.4786458333333333 0.15462962962962962 0.026041666666666668 0.046296296296296294
0 0.44583333333333336 0.16944444444444445 0.026041666666666668 0.046296296296296294
0 0.4322916666666667 0.17314814814814813 0.026041666666666668 0.046296296296296294
0 0.5 0.17407407407407408 0.026041666666666668 0.046296296296296294
0 0.490625 0.19166666666666668 0.026041666666666668 0.046296296296296294
0 0.5078125 0.19074074074074074 0.026041666666666668 0.046296296296296294
0 0.4786458333333333 0.19814814814814816 0.026041666666666668 0.046296296296296294
0 0.47239583333333335 0.20462962962962963 0.026041666666666668 0.046296296296296294
0 0.48385416666666664 0.20555555555555555 0.026041666666666668 0.046296296296296294
0 0.4901041666666667 0.2064814814814815 0.026041666666666668 0.046296296296296294
0 0.5005208333333333 0.2064814814814815 0.026041666666666668 0.046296296296296294
0 0.5114583333333333 0.23148148148148148 0.026041666666666668 0.046296296296296294
0 0.44479166666666664 0.24722222222222223 0.026041666666666668 0.046296296296296294
0 0.43854166666666666 0.2537037037037037 0.026041666666666668 0.046296296296296294
0 0.46458333333333335 0.25092592592592594 0.026041666666666668 0.046296296296296294
0 0.5005208333333333 0.25 0.026041666666666668 0.046296296296296294
0 0.5067708333333333 0.2537037037037037 0.026041666666666668 0.046296296296296294
0 0.48125 0.2601851851851852 0.026041666666666668 0.046296296296296294
0 0.490625 0.262037037037037 0.026041666666666668 0.046296296296296294
0 0.4401041666666667 0.27037037037037037 0.026041666666666668 0.046296296296296294
0 0.5432291666666667 0.26666666666666666 0.026041666666666668 0.046296296296296294
0 0.46458333333333335 0.27314814814814814 0.026041666666666668 0.046296296296296294
0 0.44947916666666665 0.2851851851851852 0.026041666666666668 0.046296296296296294
0 0.47291666666666665 0.28425925925925927 0.026041666666666668 0.046296296296296294
0 0.4161458333333333 0.29259259259259257 0.026041666666666668 0.046296296296296294
0 0.5078125 0.29444444444444445 0.026041666666666668 0.046296296296296294
0 0.48333333333333334 0.30833333333333335 0.026041666666666668 0.046296296296296294
0 0.49375 0.3074074074074074 0.026041666666666668 0.046296296296296294
0 0.4161458333333333 0.31296296296296294 0.026041666666666668 0.046296296296296294
0 0.428125 0.3175925925925926 0.026041666666666668 0.046296296296296294
0 0.44947916666666665 0.31666666666666665 0.026041666666666668 0.046296296296296294
0 0.5052083333333334 0.3138888888888889 0.026041666666666668 0.046296296296296294
0 0.4786458333333333 0.32592592592592595 0.026041666666666668 0.046296296296296294
0 0.43802083333333336 0.3314814814814815 0.026041666666666668 0.046296296296296294
4 0.49947916666666664 0.3333333333333333 0.026041666666666668 0.046296296296296294
4 0.5151041666666667 0.3333333333333333 0.026041666666666668 0.046296296296296294
0 0.5348958333333333 0.3314814814814815 0.026041666666666668 0.046296296296296294
4 0.4166666666666667 0.337037037037037 0.026041666666666668 0.046296296296296294
4 0.5088541666666667 0.3388888888888889 0.026041666666666668 0.046296296296296294
4 0.4197916666666667 0.3453703703703704 0.026041666666666668 0.046296296296296294
4 0.43645833333333334 0.34629629629629627 0.026041666666666668 0.046296296296296294
4 0.4791666666666667 0.34814814814814815 0.026041666666666668 0.046296296296296294
4 0.5161458333333333 0.3472222222222222 0.026041666666666668 0.046296296296296294
4 0.37447916666666664 0.35462962962962963 0.026041666666666668 0.046296296296296294
4 0.38697916666666665 0.3537037037037037 0.026041666666666668 0.046296296296296294
4 0.4 0.3574074074074074 0.026041666666666668 0.046296296296296294
4 0.44479166666666664 0.3527777777777778 0.026041666666666668 0.046296296296296294
4 0.5078125 0.35462962962962963 0.026041666666666668 0.046296296296296294
4 0.5203125 0.3611111111111111 0.026041666666666668 0.046296296296296294
2 0.21458333333333332 0.3768518518518518 0.026041666666666668 0.046296296296296294
4 0.4557291666666667 0.37222222222222223 0.026041666666666668 0.046296296296296294
4 0.5161458333333333 0.37777777777777777 0.026041666666666668 0.046296296296296294
2 0.196875 0.38333333333333336 0.026041666666666668 0.046296296296296294
4 0.4734375 0.38425925925925924 0.026041666666666668 0.046296296296296294
4 0.528125 0.3861111111111111 0.026041666666666668 0.046296296296296294
4 0.5171875 0.4101851851851852 0.026041666666666668 0.046296296296296294
3 0.7046875 0.40925925925925927 0.026041666666666668 0.046296296296296294
4 0.65 0.41388888888888886 0.026041666666666668 0.046296296296296294
4 0.4161458333333333 0.4212962962962963 0.026041666666666668 0.046296296296296294
4 0.4546875 0.42314814814814816 0.026041666666666668 0.046296296296296294
4 0.46145833333333336 0.42962962962962964 0.026041666666666668 0.046296296296296294
4 0.6619791666666667 0.42314814814814816 0.026041666666666668 0.046296296296296294
3 0.6703125 0.4212962962962963 0.026041666666666668 0.046296296296296294
3 0.6734375 0.42407407407407405 0.026041666666666668 0.046296296296296294
3 0.6869791666666667 0.42592592592592593 0.026041666666666668 0.046296296296296294
4 0.4083333333333333 0.44166666666666665 0.026041666666666668 0.046296296296296294
4 0.4276041666666667 0.43796296296296294 0.026041666666666668 0.046296296296296294
3 0.6739583333333333 0.4388888888888889 0.026041666666666668 0.046296296296296294
4 0.4578125 0.4564814814814815 0.026041666666666668 0.046296296296296294
4 0.6578125 0.45740740740740743 0.026041666666666668 0.046296296296296294
3 0.6911458333333333 0.4583333333333333 0.026041666666666668 0.046296296296296294
4 0.4119791666666667 0.46574074074074073 0.026041666666666668 0.046296296296296294
4 0.4713541666666667 0.47314814814814815 0.026041666666666668 0.046296296296296294
3 0.6708333333333333 0.47129629629629627 0.026041666666666668 0.046296296296296294
3 0.7114583333333333 0.4777777777777778 0.026041666666666668 0.046296296296296294
4 0.453125 0.4842592592592593 0.026041666666666668 0.046296296296296294
4 0.5166666666666667 0.4861111111111111 0.026041666666666668 0.046296296296296294
4 0.6328125 0.4898148148148148 0.026041666666666668 0.046296296296296294
3 0.6739583333333333 0.48703703703703705 0.026041666666666668 0.046296296296296294
4 0.6244791666666667 0.4962962962962963 0.026041666666666668 0.046296296296296294
4 0.4125 0.5027777777777778 0.026041666666666668 0.046296296296296294
3 0.6859375 0.5037037037037037 0.026041666666666668 0.046296296296296294
4 0.48020833333333335 0.5037037037037037 0.026041666666666668 0.046296296296296294
4 0.6135416666666667 0.5111111111111111 0.026041666666666668 0.046296296296296294
4 0.6322916666666667 0.5083333333333333 0.026041666666666668 0.046296296296296294
3 0.6942708333333333 0.5203703703703704 0.026041666666666668 0.046296296296296294
3 0.7098958333333333 0.5138888888888888 0.026041666666666668 0.046296296296296294
3 0.6697916666666667 0.5259259259259259 0.026041666666666668 0.046296296296296294
4 0.5911458333333334 0.5351851851851852 0.026041666666666668 0.046296296296296294
4 0.6046875 0.5333333333333333 0.026041666666666668 0.046296296296296294
3 0.7203125 0.5361111111111111 0.026041666666666668 0.046296296296296294
4 0.4973958333333333 0.5370370370370371 0.026041666666666668 0.046296296296296294
4 0.5166666666666667 0.5416666666666666 0.026041666666666668 0.046296296296296294
4 0.6135416666666667 0.5425925925925926 0.026041666666666668 0.046296296296296294
4 0.428125 0.5509259259259259 0.026041666666666668 0.046296296296296294
4 0.44947916666666665 0.5481481481481482 0.026041666666666668 0.046296296296296294
4 0.47760416666666666 0.5481481481481482 0.026041666666666668 0.046296296296296294
4 0.6239583333333333 0.5518518518518518 0.026041666666666668 0.046296296296296294
4 0.38333333333333336 0.55 0.026041666666666668 0.046296296296296294
4 0.4119791666666667 0.5583333333333333 0.026041666666666668 0.046296296296296294
3 0.7666666666666667 0.5611111111111111 0.026041666666666668 0.046296296296296294
4 0.42916666666666664 0.5666666666666667 0.026041666666666668 0.046296296296296294
4 0.6364583333333333 0.5648148148148148 0.026041666666666668 0.046296296296296294
3 0.7526041666666666 0.5638888888888889 0.026041666666666668 0.046296296296296294
4 0.4088541666666667 0.575 0.026041666666666668 0.046296296296296294
4 0.43125 0.5722222222222222 0.026041666666666668 0.046296296296296294
4 0.45 0.5722222222222222 0.026041666666666668 0.046296296296296294
4 0.5161458333333333 0.5731481481481482 0.026041666666666668 0.046296296296296294
4 0.6192708333333333 0.5740740740740741 0.026041666666666668 0.046296296296296294
3 0.7244791666666667 0.5731481481481482 0.026041666666666668 0.046296296296296294
3 0.7359375 0.5722222222222222 0.026041666666666668 0.046296296296296294
3 0.7614583333333333 0.5814814814814815 0.026041666666666668 0.046296296296296294
4 0.45 0.5916666666666667 0.026041666666666668 0.046296296296296294
4 0.4864583333333333 0.587037037037037 0.026041666666666668 0.046296296296296294
3 0.7088541666666667 0.5879629629629629 0.026041666666666668 0.046296296296296294
4 0.4078125 0.5962962962962963 0.026041666666666668 0.046296296296296294
4 0.578125 0.5953703703703703 0.026041666666666668 0.046296296296296294
4 0.440625 0.6046296296296296 0.026041666666666668 0.046296296296296294
4 0.5666666666666667 0.6055555555555555 0.026041666666666668 0.046296296296296294
3 0.7364583333333333 0.6046296296296296 0.026041666666666668 0.046296296296296294
4 0.5375 0.6203703703703703 0.026041666666666668 0.046296296296296294
4 0.38333333333333336 0.6361111111111111 0.026041666666666668 0.046296296296296294
4 0.5927083333333333 0.6212962962962963 0.026041666666666668 0.046296296296296294
4 0.4125 0.6416666666666667 0.026041666666666668 0.046296296296296294
4 0.428125 0.6425925925925926 0.026041666666666668 0.046296296296296294
4 0.5203125 0.6444444444444445 0.026041666666666668 0.046296296296296294
3 0.775 0.6574074074074074 0.026041666666666668 0.046296296296296294
4 0.6489583333333333 0.6611111111111111 0.026041666666666668 0.046296296296296294
1 0.5197916666666667 0.6694444444444444 0.026041666666666668 0.046296296296296294
1 0.440625 0.712037037037037 0.026041666666666668 0.046296296296296294
1 0.8854166666666666 0.7453703703703703 0.026041666666666668 0.046296296296296294
1 0.8395833333333333 0.7527777777777778 0.026041666666666668 0.046296296296296294
1 0.9072916666666667 0.7564814814814815 0.026041666666666668 0.046296296296296294
1 0.2078125 0.7842592592592592 0.026041666666666668 0.046296296296296294
1 0.9864583333333333 0.7787037037037037 0.026041666666666668 0.046296296296296294
1 0.153125 0.7907407407407407 0.026041666666666668 0.046296296296296294
1 0.8322916666666667 0.8324074074074074 0.026041666666666668 0.046296296296296294
1 0.8630208333333333 0.8287037037037037 0.026041666666666668 0.046296296296296294
1 0.49583333333333335 0.8361111111111111 0.026041666666666668 0.046296296296296294
1 0.4296875 0.8472222222222222 0.026041666666666668 0.046296296296296294
1 0.6098958333333333 0.8379629629629629 0.026041666666666668 0.046296296296296294
1 0.6390625 0.8453703703703703 0.026041666666666668 0.046296296296296294
1 0.7921875 0.8518518518518519 0.026041666666666668 0.046296296296296294
1 0.4395833333333333 0.8703703703703703 0.026041666666666668 0.046296296296296294
1 0.4197916666666667 0.8814814814814815 0.026041666666666668 0.046296296296296294
1 0.909375 0.9148148148148149 0.026041666666666668 0.046296296296296294
1 0.965625 0.9444444444444444 0.026041666666666668 0.046296296296296294
1 0.9328125 0.9703703703703703 0.026041666666666668 0.046296296296296294
1 0.68125 0.9657407407407408 0.026041666666666668 0.046296296296296294
1 0.728125 0.9805555555555555 0.026041666666666668 0.046296296296296294
1 0.5421875 0.9916666666666667 0.026041666666666668 0.046296296296296294
1 0.228125 0.8481481481481481 0.026041666666666668 0.046296296296296294
2 0.22604166666666667 0.6370370370370371 0.026041666666666668 0.046296296296296294
1 0.375 0.8388888888888889 0.026041666666666668 0.046296296296296294
1 0.340625 0.9037037037037037 0.026041666666666668 0.046296296296296294
1 0.3375 0.812962962962963 0.026041666666666668 0.046296296296296294
2 0.175 0.42777777777777776 0.026041666666666668 0.046296296296296294
1 0.46458333333333335 0.8685185185185185 0.026041666666666668 0.046296296296296294
1 0.7541666666666667 0.8018518518518518 0.026041666666666668 0.046296296296296294
1 0.8322916666666667 0.8722222222222222 0.026041666666666668 0.046296296296296294
1 0.7822916666666667 0.7111111111111111 0.026041666666666668 0.046296296296296294
3 0.7 0.6444444444444445 0.026041666666666668 0.046296296296296294
3 0.671875 0.6296296296296297 0.026041666666666668 0.046296296296296294
4 0.6166666666666667 0.5907407407407408 0.026041666666666668 0.046296296296296294
1 0.5520833333333334 0.6685185185185185 0.026041666666666668 0.046296296296296294
1 0.5375 0.7018518518518518 0.026041666666666668 0.046296296296296294
4 0.48541666666666666 0.6518518518518519 0.026041666666666668 0.046296296296296294
4 0.459375 0.6333333333333333 0.026041666666666668 0.046296296296296294
0 0.7072916666666667 0.3148148148148148 0.026041666666666668 0.046296296296296294
0 0.6916666666666667 0.2962962962962963 0.026041666666666668 0.046296296296296294
