0 0.4703125 0.0962962962962963 0.026041666666666668 0.046296296296296294
0 0.4875 0.10555555555555556 0.026041666666666668 0.046296296296296294
0 0.4822916666666667 0.12129629629629629 0.026041666666666668 0.046296296296296294
0 0.4953125 0.12407407407407407 0.026041666666666668 0.046296296296296294
0 0.4708333333333333 0.12962962962962962 0.026041666666666668 0.046296296296296294
0 0.45 0.13148148148148148 0.026041666666666668 0.046296296296296294
0 0.45625 0.13240740740740742 0.026041666666666668 0.046296296296296294
0 0.46145833333333336 0.13425925925925927 0.026041666666666668 0.046296296296296294
0 0.4901041666666667 0.1388888888888889 0.026041666666666668 0.046296296296296294
0 0.440625 0.14351851851851852 0.026041666666666668 0.046296296296296294
0 0.4453125 0.14722222222222223 0.026041666666666668 0.046296296296296294
0 0.4744791666666667 0.14629629629629629 0.026041666666666668 0.046296296296296294
0 0.4817708333333333 0.14629629629629629 0.026041666666666668 0.046296296296296294
0 0.43802083333333336 0.15648148148148147 0.026041666666666668 0.046296296296296294
0 0.46979166666666666 0.15185185185185185 0.026041666666666668 0.046296296296296294
0 0.49375 0.15185185185185185 0.026041666666666668 0.046296296296296294
0 0.46197916666666666 0.15833333333333333 0.026041666666666668 0.046296296296296294
0 0.4817708333333333 0.15925925925925927 0.026041666666666668 0.046296296296296294
0 0.4947916666666667 0.15925925925925927 0.026041666666666668 0.046296296296296294
0 0.43072916666666666 0.16944444444444445 0.026041666666666668 0.046296296296296294
0 0.43645833333333334 0.1712962962962963 0.026041666666666668 0.046296296296296294
0 0.4708333333333333 0.16666666666666666 0.026041666666666668 0.046296296296296294
0 0.4947916666666667 0.1648148148148148 0.026041666666666668 0.046296296296296294
0 0.4744791666666667 0.17777777777777778 0.026041666666666668 0.046296296296296294
0 0.4828125 0.17407407407407408 0.026041666666666668 0.046296296296296294
0 0.43125 0.18703703703703703 0.026041666666666668 0.046296296296296294
0 0.453125 0.18055555555555555 0.026041666666666668 0.046296296296296294
0 0.4953125 0.18425925925925926 0.026041666666666668 0.046296296296296294
0 0.5083333333333333 0.18611111111111112 0.026041666666666668 0.046296296296296294
0 0.49166666666666664 0.2064814814814815 0.026041666666666668 0.046296296296296294
0 0.44895833333333335 0.21944444444444444 0.026041666666666668 0.046296296296296294
0 0.515625 0.22962962962962963 0.026041666666666668 0.046296296296296294
0 0.46927083333333336 0.2518518518518518 0.026041666666666668 0.046296296296296294
0 0.4375 0.262037037037037 0.026041666666666668 0.046296296296296294
0 0.6526041666666667 0.2611111111111111 0.026041666666666668 0.046296296296296294
0 0.4744791666666667 0.27314814814814814 0.026041666666666668 0.046296296296296294
0 0.4859375 0.27037037037037037 0.026041666666666668 0.046296296296296294
0 0.4942708333333333 0.2759259259259259 0.026041666666666668 0.046296296296296294
0 0.5109375 0.2851851851851852 0.026041666666666668 0.046296296296296294
0 0.5421875 0.28703703703703703 0.026041666666666668 0.046296296296296294
0 0.4828125 0.29444444444444445 0.026041666666666668 0.046296296296296294
0 0.5 0.2916666666666667 0.026041666666666668 0.046296296296296294
0 0.43333333333333335 0.30277777777777776 0.026041666666666668 0.046296296296296294
0 0.45677083333333335 0.29907407407407405 0.026041666666666668 0.046296296296296294
0 0.475 0.29814814814814816 0.026041666666666668 0.046296296296296294
0 0.4630208333333333 0.3074074074074074 0.026041666666666668 0.046296296296296294
0 0.5109375 0.30833333333333335 0.026041666666666668 0.046296296296296294
0 0.503125 0.3175925925925926 0.026041666666666668 0.046296296296296294
0 0.515625 0.31851851851851853 0.026041666666666668 0.046296296296296294
0 0.5276041666666667 0.31851851851851853 0.026041666666666668 0.046296296296296294
0 0.4322916666666667 0.3296296296296296 0.026041666666666668 0.046296296296296294
0 0.44895833333333335 0.3287037037037037 0.026041666666666668 0.046296296296296294
0 0.45677083333333335 0.3314814814814815 0.026041666666666668 0.046296296296296294
0 0.5276041666666667 0.3314814814814815 0.026041666666666668 0.046296296296296294
4 0.45260416666666664 0.3490740740740741 0.026041666666666668 0.046296296296296294
4 0.4005208333333333 0.3574074074074074 0.026041666666666668 0.046296296296296294
4 0.5192708333333333 0.3574074074074074 0.026041666666666668 0.046296296296296294
4 0.5369791666666667 0.35648148148148145 0.026041666666666668 0.046296296296296294
4 0.39166666666666666 0.3638888888888889 0.026041666666666668 0.046296296296296294
4 0.49375 0.3638888888888889 0.026041666666666668 0.046296296296296294
4 0.5072916666666667 0.362962962962963 0.026041666666666668 0.046296296296296294
4 0.37916666666666665 0.3712962962962963 0.026041666666666668 0.046296296296296294
4 0.49583333333333335 0.3787037037037037 0.026041666666666668 0.046296296296296294
4 0.5197916666666667 0.37962962962962965 0.026041666666666668 0.046296296296296294
4 0.5119791666666667 0.3851851851851852 0.026041666666666668 0.046296296296296294
4 0.40260416666666665 0.3962962962962963 0.026041666666666668 0.046296296296296294
3 0.6817708333333333 0.3925925925925926 0.026041666666666668 0.046296296296296294
4 0.39114583333333336 0.40185185185185185 0.026041666666666668 0.046296296296296294
4 0.45729166666666665 0.4027777777777778 0.026041666666666668 0.046296296296296294
4 0.5072916666666667 0.40370370370370373 0.026041666666666668 0.046296296296296294
4 0.6510416666666666 0.4 0.026041666666666668 0.046296296296296294
2 0.19895833333333332 0.40925925925925927 0.026041666666666668 0.046296296296296294
4 0.4734375 0.40925925925925927 0.026041666666666668 0.046296296296296294
4 0.5078125 0.41203703703703703 0.026041666666666668 0.046296296296296294
4 0.6546875 0.4111111111111111 0.026041666666666668 0.046296296296296294
4 0.6578125 0.41203703703703703 0.026041666666666668 0.046296296296296294
4 0.4078125 0.41759259259259257 0.026041666666666668 0.046296296296296294
4 0.6567708333333333 0.425 0.026041666666666668 0.046296296296296294
4 0.49583333333333335 0.43425925925925923 0.026041666666666668 0.046296296296296294
4 0.5151041666666667 0.43425925925925923 0.026041666666666668 0.046296296296296294
4 0.42239583333333336 0.44166666666666665 0.026041666666666668 0.046296296296296294
2 0.19166666666666668 0.45092592592592595 0.026041666666666668 0.046296296296296294
4 0.4119791666666667 0.44814814814814813 0.026041666666666668 0.046296296296296294
4 0.6578125 0.44907407407407407 0.026041666666666668 0.046296296296296294
3 0.7125 0.44722222222222224 0.026041666666666668 0.046296296296296294
4 0.39479166666666665 0.45555555555555555 0.026041666666666668 0.046296296296296294
4 0.5041666666666667 0.4546296296296296 0.026041666666666668 0.046296296296296294
4 0.5239583333333333 0.45555555555555555 0.026041666666666668 0.046296296296296294
2 0.1640625 0.4675925925925926 0.026041666666666668 0.046296296296296294
4 0.5171875 0.47685185185185186 0.026041666666666668 0.046296296296296294
4 0.45 0.487962962962963 0.026041666666666668 0.046296296296296294
4 0.5161458333333333 0.48703703703703705 0.026041666666666668 0.046296296296296294
4 0.6151041666666667 0.49074074074074076 0.026041666666666668 0.046296296296296294
3 0.6776041666666667 0.48518518518518516 0.026041666666666668 0.046296296296296294
4 0.6036458333333333 0.49444444444444446 0.026041666666666668 0.046296296296296294
4 0.6625 0.49722222222222223 0.026041666666666668 0.046296296296296294
4 0.6317708333333333 0.5037037037037037 0.026041666666666668 0.046296296296296294
4 0.4453125 0.5083333333333333 0.026041666666666668 0.046296296296296294
4 0.503125 0.5111111111111111 0.026041666666666668 0.046296296296296294
4 0.5197916666666667 0.5092592592592593 0.026041666666666668 0.046296296296296294
4 0.4859375 0.512962962962963 0.026041666666666668 0.046296296296296294
3 0.7114583333333333 0.5185185185185185 0.026041666666666668 0.046296296296296294
4 0.6223958333333334 0.5268518518518519 0.026041666666666668 0.046296296296296294
4 0.665625 0.5277777777777778 0.026041666666666668 0.046296296296296294
3 0.69375 0.5259259259259259 0.026041666666666668 0.046296296296296294
4 0.5354166666666667 0.5444444444444444 0.026041666666666668 0.046296296296296294
4 0.6359375 0.5407407407407407 0.026041666666666668 0.046296296296296294
3 0.7197916666666667 0.5425925925925926 0.026041666666666668 0.046296296296296294
4 0.5072916666666667 0.549074074074074 0.026041666666666668 0.046296296296296294
4 0.6078125 0.5527777777777778 0.026041666666666668 0.046296296296296294
4 0.6572916666666667 0.5564814814814815 0.026041666666666668 0.046296296296296294
4 0.5765625 0.5574074074074075 0.026041666666666668 0.046296296296296294
3 0.7401041666666667 0.5648148148148148 0.026041666666666668 0.046296296296296294
3 0.75625 0.5611111111111111 0.026041666666666668 0.046296296296296294
4 0.5505208333333333 0.5666666666666667 0.026041666666666668 0.046296296296296294
4 0.5994791666666667 0.5666666666666667 0.026041666666666668 0.046296296296296294
4 0.403125 0.600925925925926 0.026041666666666668 0.046296296296296294
4 0.6546875 0.6027777777777777 0.026041666666666668 0.046296296296296294
4 0.43854166666666666 0.612037037037037 0.026041666666666668 0.046296296296296294
3 0.725 0.6111111111111112 0.026041666666666668 0.046296296296296294
4 0.5083333333333333 0.6194444444444445 0.026041666666666668 0.046296296296296294
3 0.7677083333333333 0.6212962962962963 0.026041666666666668 0.046296296296296294
3 0.7661458333333333 0.6425925925925926 0.026041666666666668 0.046296296296296294
4 0.6328125 0.6574074074074074 0.026041666666666668 0.046296296296296294
3 0.7291666666666666 0.6564814814814814 0.026041666666666668 0.046296296296296294
1 0.19010416666666666 0.6703703703703704 0.026041666666666668 0.046296296296296294
1 0.19427083333333334 0.6703703703703704 0.026041666666666668 0.046296296296296294
1 0.6760416666666667 0.6796296296296296 0.026041666666666668 0.046296296296296294
1 0.7020833333333333 0.6777777777777778 0.026041666666666668 0.046296296296296294
1 0.7802083333333333 0.6787037037037037 0.026041666666666668 0.046296296296296294
1 0.14739583333333334 0.7333333333333333 0.026041666666666668 0.046296296296296294
1 0.884375 0.75 0.026041666666666668 0.046296296296296294
1 0.16822916666666668 0.7694444444444445 0.026041666666666668 0.046296296296296294
1 0.7588541666666667 0.8231481481481482 0.026041666666666668 0.046296296296296294
1 0.20364583333333333 0.8342592592592593 0.026041666666666668 0.046296296296296294
1 0.9515625 0.8592592592592593 0.026041666666666668 0.046296296296296294
1 0.8255208333333334 0.8685185185185185 0.026041666666666668 0.046296296296296294
1 0.9942708333333333 0.862037037037037 0.026041666666666668 0.046296296296296294
1 0.5005208333333333 0.8907407407407407 0.026041666666666668 0.046296296296296294
1 0.6166666666666667 0.9037037037037037 0.026041666666666668 0.046296296296296294
1 0.5895833333333333 0.9074074074074074 0.026041666666666668 0.046296296296296294
1 0.10625 0.9185185185185185 0.026041666666666668 0.046296296296296294
1 0.8380208333333333 0.9425925925925925 0.026041666666666668 0.046296296296296294
1 0.9708333333333333 0.95 0.026041666666666668 0.046296296296296294
1 0.39479166666666665 0.9601851851851851 0.026041666666666668 0.046296296296296294
1 0.1140625 0.9953703703703703 0.026041666666666668 0.046296296296296294
1 0.7302083333333333 0.9935185185185185 0.026041666666666668 0.046296296296296294
1 0.07291666666666667 0.8777777777777778 0.026041666666666668 0.046296296296296294
1 0.32395833333333335 0.7518518518518519 0.026041666666666668 0.046296296296296294
2 0.20520833333333333 0.4703703703703704 0.026041666666666668 0.046296296296296294
4 0.3802083333333333 0.6592592592592592 0.026041666666666668 0.046296296296296294
1 0.603125 0.9555555555555556 0.026041666666666668 0.046296296296296294
1 0.7854166666666667 0.8722222222222222 0.026041666666666668 0.046296296296296294
1 0.8697916666666666 0.8185185185185185 0.026041666666666668 0.046296296296296294
4 0.6104166666666667 0.6407407407407407 0.026041666666666668 0.046296296296296294
0 0.69375 0.28703703703703703 0.026041666666666668 0.046296296296296294
3 0.7260416666666667 0.3648148148148148 0.026041666666666668 0.046296296296296294
