0 0.4708333333333333 0.09537037037037037 0.026041666666666668 0.046296296296296294
0 0.4791666666666667 0.09814814814814815 0.026041666666666668 0.046296296296296294
0 0.4953125 0.09537037037037037 0.026041666666666668 0.046296296296296294
0 0.4828125 0.10648148148148148 0.026041666666666668 0.046296296296296294
0 0.46979166666666666 0.11388888888888889 0.026041666666666668 0.046296296296296294
0 0.4817708333333333 0.12314814814814815 0.026041666666666668 0.046296296296296294
0 0.44114583333333335 0.125 0.026041666666666668 0.046296296296296294
0 0.4864583333333333 0.12777777777777777 0.026041666666666668 0.046296296296296294
0 0.5 0.12962962962962962 0.026041666666666668 0.046296296296296294
0 0.4473958333333333 0.13703703703703704 0.026041666666666668 0.046296296296296294
0 0.4515625 0.13240740740740742 0.026041666666666668 0.046296296296296294
0 0.4578125 0.13240740740740742 0.026041666666666668 0.046296296296296294
0 0.4708333333333333 0.13425925925925927 0.026041666666666668 0.046296296296296294
0 0.43125 0.14351851851851852 0.026041666666666668 0.046296296296296294
0 0.44166666666666665 0.14166666666666666 0.026041666666666668 0.046296296296296294
0 0.4635416666666667 0.14537037037037037 0.026041666666666668 0.046296296296296294
0 0.4744791666666667 0.14629629629629629 0.026041666666666668 0.046296296296296294
0 0.49322916666666666 0.14537037037037037 0.026041666666666668 0.046296296296296294
0 0.4703125 0.16203703703703703 0.026041666666666668 0.046296296296296294
0 0.4635416666666667 0.1685185185185185 0.026041666666666668 0.046296296296296294
0 0.4359375 0.17592592592592593 0.026041666666666668 0.046296296296296294
0 0.45364583333333336 0.17592592592592593 0.026041666666666668 0.046296296296296294
0 0.4822916666666667 0.1814814814814815 0.026041666666666668 0.046296296296296294
0 0.49947916666666664 0.18333333333333332 0.026041666666666668 0.046296296296296294
0 0.515625 0.18611111111111112 0.026041666666666668 0.046296296296296294
0 0.446875 0.1962962962962963 0.026041666666666668 0.046296296296296294
0 0.46510416666666665 0.18981481481481483 0.026041666666666668 0.046296296296296294
0 0.43072916666666666 0.20092592592592592 0.026041666666666668 0.046296296296296294
0 0.4953125 0.2 0.026041666666666668 0.046296296296296294
0 0.44166666666666665 0.22407407407407406 0.026041666666666668 0.046296296296296294
0 0.5177083333333333 0.2212962962962963 0.026041666666666668 0.046296296296296294
0 0.4166666666666667 0.23055555555555557 0.026041666666666668 0.046296296296296294
0 0.425 0.2324074074074074 0.026041666666666668 0.046296296296296294
0 0.43333333333333335 0.23055555555555557 0.026041666666666668 0.046296296296296294
0 0.4947916666666667 0.22962962962962963 0.026041666666666668 0.046296296296296294
0 0.42604166666666665 0.23981481481481481 0.026041666666666668 0.046296296296296294
0 0.4588541666666667 0.23425925925925925 0.026041666666666668 0.046296296296296294
0 0.465625 0.2351851851851852 0.026041666666666668 0.046296296296296294
0 0.4895833333333333 0.23796296296296296 0.026041666666666668 0.046296296296296294
0 0.4505208333333333 0.24722222222222223 0.026041666666666668 0.046296296296296294
0 0.4140625 0.2537037037037037 0.026041666666666668 0.046296296296296294
0 0.41770833333333335 0.25555555555555554 0.026041666666666668 0.046296296296296294
0 0.4328125 0.2537037037037037 0.026041666666666668 0.046296296296296294
0 0.4947916666666667 0.25092592592592594 0.026041666666666668 0.046296296296296294
0 0.5072916666666667 0.26296296296296295 0.026041666666666668 0.046296296296296294
0 0.43645833333333334 0.26851851851851855 0.026041666666666668 0.046296296296296294
0 0.478125 0.26851851851851855 0.026041666666666668 0.046296296296296294
0 0.490625 0.26851851851851855 0.026041666666666668 0.046296296296296294
0 0.6947916666666667 0.26851851851851855 0.026041666666666668 0.046296296296296294
0 0.4203125 0.2796296296296296 0.026041666666666668 0.046296296296296294
0 0.5 0.27870370370370373 0.026041666666666668 0.046296296296296294
0 0.528125 0.2851851851851852 0.026041666666666668 0.046296296296296294
0 0.5317708333333333 0.2833333333333333 0.026041666666666668 0.046296296296296294
0 0.45677083333333335 0.29444444444444445 0.026041666666666668 0.046296296296296294
0 0.5421875 0.29444444444444445 0.026041666666666668 0.046296296296296294
0 0.4239583333333333 0.30092592592592593 0.026041666666666668 0.046296296296296294
0 0.47708333333333336 0.30185185185185187 0.026041666666666668 0.046296296296296294
0 0.5036458333333333 0.3037037037037037 0.026041666666666668 0.046296296296296294
0 0.44479166666666664 0.3074074074074074 0.026041666666666668 0.046296296296296294
0 0.45989583333333334 0.3101851851851852 0.026041666666666668 0.046296296296296294
0 0.4953125 0.30833333333333335 0.026041666666666668 0.046296296296296294
0 0.503125 0.31574074074074077 0.026041666666666668 0.046296296296296294
0 0.47291666666666665 0.325 0.026041666666666668 0.046296296296296294
0 0.5375 0.32407407407407407 0.026041666666666668 0.046296296296296294
0 0.55 0.32592592592592595 0.026041666666666668 0.046296296296296294
0 0.6947916666666667 0.3212962962962963 0.026041666666666668 0.046296296296296294
0 0.4354166666666667 0.33055555555555555 0.026041666666666668 0.046296296296296294
0 0.453125 0.3314814814814815 0.026041666666666668 0.046296296296296294
4 0.4953125 0.33425925925925926 0.026041666666666668 0.046296296296296294
0 0.5078125 0.33240740740740743 0.026041666666666668 0.046296296296296294
4 0.4197916666666667 0.3398148148148148 0.026041666666666668 0.046296296296296294
4 0.4796875 0.33796296296296297 0.026041666666666668 0.046296296296296294
4 0.48333333333333334 0.3398148148148148 0.026041666666666668 0.046296296296296294
4 0.5432291666666667 0.3416666666666667 0.026041666666666668 0.046296296296296294
4 0.39895833333333336 0.34629629629629627 0.026041666666666668 0.046296296296296294
4 0.46145833333333336 0.34814814814814815 0.026041666666666668 0.046296296296296294
4 0.5078125 0.34629629629629627 0.026041666666666668 0.046296296296296294
4 0.415625 0.3574074074074074 0.026041666666666668 0.046296296296296294
4 0.4005208333333333 0.362962962962963 0.026041666666666668 0.046296296296296294
4 0.40989583333333335 0.3638888888888889 0.026041666666666668 0.046296296296296294
4 0.44166666666666665 0.3712962962962963 0.026041666666666668 0.046296296296296294
4 0.40208333333333335 0.37777777777777777 0.026041666666666668 0.046296296296296294
4 0.45416666666666666 0.37777777777777777 0.026041666666666668 0.046296296296296294
4 0.46145833333333336 0.37777777777777777 0.026041666666666668 0.046296296296296294
4 0.3953125 0.387037037037037 0.026041666666666668 0.046296296296296294
4 0.415625 0.3861111111111111 0.026041666666666668 0.046296296296296294
4 0.42239583333333336 0.3861111111111111 0.026041666666666668 0.046296296296296294
4 0.5078125 0.3851851851851852 0.026041666666666668 0.046296296296296294
4 0.4078125 0.3925925925925926 0.026041666666666668 0.046296296296296294
4 0.42864583333333334 0.3990740740740741 0.026041666666666668 0.046296296296296294
4 0.4578125 0.4046296296296296 0.026041666666666668 0.046296296296296294
4 0.39479166666666665 0.4083333333333333 0.026041666666666668 0.046296296296296294
4 0.41041666666666665 0.4083333333333333 0.026041666666666668 0.046296296296296294
4 0.4197916666666667 0.40925925925925927 0.026041666666666668 0.046296296296296294
2 0.18489583333333334 0.412962962962963 0.026041666666666668 0.046296296296296294
4 0.4744791666666667 0.42314814814814816 0.026041666666666668 0.046296296296296294
4 0.5125 0.42685185185185187 0.026041666666666668 0.046296296296296294
3 0.66875 0.4222222222222222 0.026041666666666668 0.046296296296296294
4 0.39375 0.4305555555555556 0.026041666666666668 0.046296296296296294
4 0.40625 0.4351851851851852 0.026041666666666668 0.046296296296296294
4 0.6510416666666666 0.43148148148148147 0.026041666666666668 0.046296296296296294
3 0.7057291666666666 0.44074074074074077 0.026041666666666668 0.046296296296296294
4 0.390625 0.45092592592592595 0.026041666666666668 0.046296296296296294
4 0.403125 0.45 0.026041666666666668 0.046296296296296294
4 0.5208333333333334 0.44907407407407407 0.026041666666666668 0.046296296296296294
3 0.6770833333333334 0.44814814814814813 0.026041666666666668 0.046296296296296294
4 0.4114583333333333 0.45555555555555555 0.026041666666666668 0.046296296296296294
3 0.6890625 0.4648148148148148 0.026041666666666668 0.046296296296296294
4 0.3885416666666667 0.475 0.026041666666666668 0.046296296296296294
4 0.4125 0.4722222222222222 0.026041666666666668 0.046296296296296294
4 0.49947916666666664 0.4740740740740741 0.026041666666666668 0.046296296296296294
4 0.38177083333333334 0.4824074074074074 0.026041666666666668 0.046296296296296294
3 0.6786458333333333 0.47962962962962963 0.026041666666666668 0.046296296296296294
3 0.6901041666666666 0.4777777777777778 0.026041666666666668 0.046296296296296294
4 0.534375 0.4861111111111111 0.026041666666666668 0.046296296296296294
4 0.5994791666666667 0.4861111111111111 0.026041666666666668 0.046296296296296294
3 0.6713541666666667 0.4898148148148148 0.026041666666666668 0.046296296296296294
3 0.7041666666666667 0.49074074074074076 0.026041666666666668 0.046296296296296294
4 0.3953125 0.49722222222222223 0.026041666666666668 0.046296296296296294
3 0.6921875 0.49444444444444446 0.026041666666666668 0.046296296296296294
3 0.6984375 0.49907407407407406 0.026041666666666668 0.046296296296296294
4 0.5197916666666667 0.5046296296296297 0.026041666666666668 0.046296296296296294
4 0.6114583333333333 0.5046296296296297 0.026041666666666668 0.046296296296296294
4 0.628125 0.5009259259259259 0.026041666666666668 0.046296296296296294
4 0.3885416666666667 0.5138888888888888 0.026041666666666668 0.046296296296296294
4 0.4901041666666667 0.5111111111111111 0.026041666666666668 0.046296296296296294
4 0.5197916666666667 0.5277777777777778 0.026041666666666668 0.046296296296296294
4 0.5364583333333334 0.5268518518518519 0.026041666666666668 0.046296296296296294
4 0.6354166666666666 0.525 0.026041666666666668 0.046296296296296294
3 0.6989583333333333 0.5259259259259259 0.026041666666666668 0.046296296296296294
4 0.42291666666666666 0.5333333333333333 0.026041666666666668 0.046296296296296294
4 0.478125 0.5324074074074074 0.026041666666666668 0.046296296296296294
4 0.578125 0.5314814814814814 0.026041666666666668 0.046296296296296294
4 0.6557291666666667 0.5324074074074074 0.026041666666666668 0.046296296296296294
4 0.38958333333333334 0.537962962962963 0.026041666666666668 0.046296296296296294
4 0.3828125 0.5509259259259259 0.026041666666666668 0.046296296296296294
4 0.43385416666666665 0.5453703703703704 0.026041666666666668 0.046296296296296294
4 0.5239583333333333 0.5518518518518518 0.026041666666666668 0.046296296296296294
4 0.5526041666666667 0.5444444444444444 0.026041666666666668 0.046296296296296294
4 0.4109375 0.5592592592592592 0.026041666666666668 0.046296296296296294
4 0.6161458333333333 0.5657407407407408 0.026041666666666668 0.046296296296296294
4 0.3802083333333333 0.5777777777777777 0.026041666666666668 0.046296296296296294
3 0.7072916666666667 0.5722222222222222 0.026041666666666668 0.046296296296296294
4 0.6010416666666667 0.5787037037037037 0.026041666666666668 0.046296296296296294
4 0.6609375 0.5935185185185186 0.026041666666666668 0.046296296296296294
3 0.6953125 0.6018518518518519 0.026041666666666668 0.046296296296296294
1 0.7401041666666667 0.6731481481481482 0.026041666666666668 0.046296296296296294
1 0.8869791666666667 0.7472222222222222 0.026041666666666668 0.046296296296296294
1 0.875 0.7972222222222223 0.026041666666666668 0.046296296296296294
1 0.8895833333333333 0.7962962962962963 0.026041666666666668 0.046296296296296294
1 0.9651041666666667 0.8083333333333333 0.026041666666666668 0.046296296296296294
1 0.825 0.8388888888888889 0.026041666666666668 0.046296296296296294
1 0.9953125 0.8527777777777777 0.026041666666666668 0.046296296296296294
1 0.7572916666666667 0.8907407407407407 0.026041666666666668 0.046296296296296294
1 0.7567708333333333 0.9120370370370371 0.026041666666666668 0.046296296296296294
1 0.8239583333333333 0.9185185185185185 0.026041666666666668 0.046296296296296294
1 0.9427083333333334 0.9194444444444444 0.026041666666666668 0.046296296296296294
1 0.17760416666666667 0.9222222222222223 0.026041666666666668 0.046296296296296294
4 0.5145833333333333 0.6592592592592592 0.026041666666666668 0.046296296296296294
4 0.5552083333333333 0.5648148148148148 0.026041666666666668 0.046296296296296294
1 0.6604166666666667 0.674074074074074 0.026041666666666668 0.046296296296296294
2 0.165625 0.4203703703703704 0.026041666666666668 0.046296296296296294
4 0.4552083333333333 0.4203703703703704 0.026041666666666668 0.046296296296296294
3 0.7635416666666667 0.5907407407407408 0.026041666666666668 0.046296296296296294
3 0.7364583333333333 0.5685185185185185 0.026041666666666668 0.046296296296296294
3 0.7291666666666666 0.5407407407407407 0.026041666666666668 0.046296296296296294
3 0.7458333333333333 0.5351851851851852 0.026041666666666668 0.046296296296296294
