0 0.4713541666666667 0.0962962962962963 0.026041666666666668 0.046296296296296294
0 0.48333333333333334 0.09814814814814815 0.026041666666666668 0.046296296296296294
0 0.4869791666666667 0.09907407407407408 0.026041666666666668 0.046296296296296294
0 0.4953125 0.12129629629629629 0.026041666666666668 0.046296296296296294
0 0.46197916666666666 0.1361111111111111 0.026041666666666668 0.046296296296296294
0 0.4708333333333333 0.1388888888888889 0.026041666666666668 0.046296296296296294
0 0.48333333333333334 0.13796296296296295 0.026041666666666668 0.046296296296296294
0 0.44895833333333335 0.15833333333333333 0.026041666666666668 0.046296296296296294
0 0.46145833333333336 0.15925925925925927 0.026041666666666668 0.046296296296296294
0 0.46979166666666666 0.16666666666666666 0.026041666666666668 0.046296296296296294
0 0.4828125 0.1685185185185185 0.026041666666666668 0.046296296296296294
0 0.49114583333333334 0.16574074074074074 0.026041666666666668 0.046296296296296294
0 0.43333333333333335 0.17777777777777778 0.026041666666666668 0.046296296296296294
0 0.475 0.17592592592592593 0.026041666666666668 0.046296296296296294
0 0.5026041666666666 0.17592592592592593 0.026041666666666668 0.046296296296296294
0 0.428125 0.18611111111111112 0.026041666666666668 0.046296296296296294
0 0.49635416666666665 0.1935185185185185 0.026041666666666668 0.046296296296296294
0 0.503125 0.19166666666666668 0.026041666666666668 0.046296296296296294
0 0.45364583333333336 0.19722222222222222 0.026041666666666668 0.046296296296296294
0 0.4375 0.2037037037037037 0.026041666666666668 0.046296296296296294
0 0.4791666666666667 0.22962962962962963 0.026041666666666668 0.046296296296296294
0 0.5020833333333333 0.23148148148148148 0.026041666666666668 0.046296296296296294
0 0.515625 0.23055555555555557 0.026041666666666668 0.046296296296296294
0 0.49947916666666664 0.25462962962962965 0.026041666666666668 0.046296296296296294
0 0.4822916666666667 0.27314814814814814 0.026041666666666668 0.046296296296296294
0 0.5005208333333333 0.2759259259259259 0.026041666666666668 0.046296296296296294
0 0.49375 0.28425925925925927 0.026041666666666668 0.046296296296296294
0 0.5114583333333333 0.28425925925925927 0.026041666666666668 0.046296296296296294
0 0.6953125 0.2833333333333333 0.026041666666666668 0.046296296296296294
0 0.7067708333333333 0.2833333333333333 0.026041666666666668 0.046296296296296294
0 0.49895833333333334 0.2935185185185185 0.026041666666666668 0.046296296296296294
0 0.4265625 0.3037037037037037 0.026041666666666668 0.046296296296296294
0 0.47552083333333334 0.3101851851851852 0.026041666666666668 0.046296296296296294
0 0.515625 0.30925925925925923 0.026041666666666668 0.046296296296296294
0 0.5036458333333333 0.3148148148148148 0.026041666666666668 0.046296296296296294
0 0.5088541666666667 0.3277777777777778 0.026041666666666668 0.046296296296296294
0 0.44479166666666664 0.3314814814814815 0.026041666666666668 0.046296296296296294
0 0.45677083333333335 0.3314814814814815 0.026041666666666668 0.046296296296296294
0 0.4828125 0.3314814814814815 0.026041666666666668 0.046296296296296294
4 0.4166666666666667 0.3398148148148148 0.026041666666666668 0.046296296296296294
4 0.44375 0.34814814814814815 0.026041666666666668 0.046296296296296294
4 0.44895833333333335 0.3490740740740741 0.026041666666666668 0.046296296296296294
4 0.5192708333333333 0.3472222222222222 0.026041666666666668 0.046296296296296294
4 0.38645833333333335 0.3537037037037037 0.026041666666666668 0.046296296296296294
4 0.390625 0.3537037037037037 0.026041666666666668 0.046296296296296294
4 0.39947916666666666 0.35555555555555557 0.026041666666666668 0.046296296296296294
4 0.3734375 0.362962962962963 0.026041666666666668 0.046296296296296294
4 0.4088541666666667 0.3648148148148148 0.026041666666666668 0.046296296296296294
4 0.4166666666666667 0.362962962962963 0.026041666666666668 0.046296296296296294
4 0.4322916666666667 0.36203703703703705 0.026041666666666668 0.046296296296296294
4 0.49375 0.36018518518518516 0.026041666666666668 0.046296296296296294
4 0.525 0.3648148148148148 0.026041666666666668 0.046296296296296294
4 0.3875 0.3712962962962963 0.026041666666666668 0.046296296296296294
4 0.4036458333333333 0.3712962962962963 0.026041666666666668 0.046296296296296294
4 0.5119791666666667 0.37222222222222223 0.026041666666666668 0.046296296296296294
3 0.7125 0.37037037037037035 0.026041666666666668 0.046296296296296294
4 0.6494791666666667 0.37777777777777777 0.026041666666666668 0.046296296296296294
4 0.39010416666666664 0.3851851851851852 0.026041666666666668 0.046296296296296294
4 0.5109375 0.38796296296296295 0.026041666666666668 0.046296296296296294
4 0.40729166666666666 0.3972222222222222 0.026041666666666668 0.046296296296296294
3 0.6744791666666666 0.39166666666666666 0.026041666666666668 0.046296296296296294
2 0.21458333333333332 0.4 0.026041666666666668 0.046296296296296294
2 0.2 0.4083333333333333 0.026041666666666668 0.046296296296296294
4 0.5078125 0.4111111111111111 0.026041666666666668 0.046296296296296294
4 0.65 0.40925925925925927 0.026041666666666668 0.046296296296296294
4 0.4036458333333333 0.4185185185185185 0.026041666666666668 0.046296296296296294
4 0.403125 0.42592592592592593 0.026041666666666668 0.046296296296296294
4 0.453125 0.425 0.026041666666666668 0.046296296296296294
4 0.6578125 0.425 0.026041666666666668 0.046296296296296294
4 0.4192708333333333 0.4324074074074074 0.026041666666666668 0.046296296296296294
4 0.5166666666666667 0.43333333333333335 0.026041666666666668 0.046296296296296294
2 0.1859375 0.4388888888888889 0.026041666666666668 0.046296296296296294
4 0.43697916666666664 0.44166666666666665 0.026041666666666668 0.046296296296296294
3 0.7088541666666667 0.4388888888888889 0.026041666666666668 0.046296296296296294
4 0.4114583333333333 0.4583333333333333 0.026041666666666668 0.046296296296296294
4 0.40520833333333334 0.4648148148148148 0.026041666666666668 0.046296296296296294
3 0.6791666666666667 0.47962962962962963 0.026041666666666668 0.046296296296296294
4 0.5723958333333333 0.49074074074074076 0.026041666666666668 0.046296296296296294
4 0.6619791666666667 0.4981481481481482 0.026041666666666668 0.046296296296296294
3 0.6838541666666667 0.4962962962962963 0.026041666666666668 0.046296296296296294
4 0.4244791666666667 0.5074074074074074 0.026041666666666668 0.046296296296296294
4 0.4979166666666667 0.5111111111111111 0.026041666666666668 0.046296296296296294
4 0.515625 0.5092592592592593 0.026041666666666668 0.046296296296296294
4 0.48333333333333334 0.5185185185185185 0.026041666666666668 0.046296296296296294
4 0.6484375 0.5185185185185185 0.026041666666666668 0.046296296296296294
3 0.7104166666666667 0.5194444444444445 0.026041666666666668 0.046296296296296294
4 0.5239583333333333 0.525 0.026041666666666668 0.046296296296296294
3 0.6692708333333334 0.5277777777777778 0.026041666666666668 0.046296296296296294
3 0.6901041666666666 0.525 0.026041666666666668 0.046296296296296294
4 0.45364583333333336 0.5351851851851852 0.026041666666666668 0.046296296296296294
3 0.7223958333333333 0.5361111111111111 0.026041666666666668 0.046296296296296294
4 0.3958333333333333 0.5407407407407407 0.026041666666666668 0.046296296296296294
4 0.5359375 0.5425925925925926 0.026041666666666668 0.046296296296296294
4 0.6322916666666667 0.5407407407407407 0.026041666666666668 0.046296296296296294
4 0.46927083333333336 0.5527777777777778 0.026041666666666668 0.046296296296296294
4 0.5729166666666666 0.5574074074074075 0.026041666666666668 0.046296296296296294
4 0.6072916666666667 0.5564814814814815 0.026041666666666668 0.046296296296296294
4 0.6588541666666666 0.5564814814814815 0.026041666666666668 0.046296296296296294
3 0.734375 0.5574074074074075 0.026041666666666668 0.046296296296296294
4 0.41302083333333334 0.5666666666666667 0.026041666666666668 0.046296296296296294
4 0.6546875 0.5685185185185185 0.026041666666666668 0.046296296296296294
3 0.7567708333333333 0.5601851851851852 0.026041666666666668 0.046296296296296294
4 0.5536458333333333 0.5703703703703704 0.026041666666666668 0.046296296296296294
4 0.5901041666666667 0.5666666666666667 0.026041666666666668 0.046296296296296294
3 0.7286458333333333 0.612037037037037 0.026041666666666668 0.046296296296296294
3 0.6708333333333333 0.6175925925925926 0.026041666666666668 0.046296296296296294
4 0.6453125 0.6287037037037037 0.026041666666666668 0.046296296296296294
3 0.7578125 0.6268518518518519 0.026041666666666668 0.046296296296296294
3 0.728125 0.6509259259259259 0.026041666666666668 0.046296296296296294
1 0.7828125 0.6805555555555556 0.026041666666666668 0.046296296296296294
1 0.6140625 0.6861111111111111 0.026041666666666668 0.046296296296296294
1 0.7026041666666667 0.6833333333333333 0.026041666666666668 0.046296296296296294
1 0.40677083333333336 0.737037037037037 0.026041666666666668 0.046296296296296294
1 0.528125 0.7342592592592593 0.026041666666666668 0.046296296296296294
1 0.515625 0.7435185185185185 0.026041666666666668 0.046296296296296294
1 0.5833333333333334 0.7398148148148148 0.026041666666666668 0.046296296296296294
1 0.16302083333333334 0.7509259259259259 0.026041666666666668 0.046296296296296294
1 0.8864583333333333 0.75 0.026041666666666668 0.046296296296296294
1 0.3619791666666667 0.7712962962962963 0.026041666666666668 0.046296296296296294
1 0.43072916666666666 0.7657407407407407 0.026041666666666668 0.046296296296296294
1 0.30572916666666666 0.7824074074074074 0.026041666666666668 0.046296296296296294
1 0.26145833333333335 0.8055555555555556 0.026041666666666668 0.046296296296296294
1 0.178125 0.8148148148148148 0.026041666666666668 0.046296296296296294
1 0.7578125 0.8222222222222222 0.026041666666666668 0.046296296296296294
1 0.6369791666666667 0.8333333333333334 0.026041666666666668 0.046296296296296294
1 0.8291666666666667 0.8388888888888889 0.026041666666666668 0.046296296296296294
1 0.10364583333333334 0.8453703703703703 0.026041666666666668 0.046296296296296294
1 0.9744791666666667 0.8435185185185186 0.026041666666666668 0.046296296296296294
1 0.036458333333333336 0.837037037037037 0.026041666666666668 0.046296296296296294
1 0.3380208333333333 0.8574074074074074 0.026041666666666668 0.046296296296296294
1 0.5526041666666667 0.8453703703703703 0.026041666666666668 0.046296296296296294
1 0.9947916666666666 0.8574074074074074 0.026041666666666668 0.046296296296296294
1 0.2 0.8666666666666667 0.026041666666666668 0.046296296296296294
1 0.8328125 0.8675925925925926 0.026041666666666668 0.046296296296296294
1 0.7880208333333333 0.875 0.026041666666666668 0.046296296296296294
1 0.49895833333333334 0.8916666666666667 0.026041666666666668 0.046296296296296294
1 0.06875 0.9222222222222223 0.026041666666666668 0.046296296296296294
1 0.1171875 0.9259259259259259 0.026041666666666668 0.046296296296296294
1 0.9723958333333333 0.9462962962962963 0.026041666666666668 0.046296296296296294
1 0.015625 0.9537037037037037 0.026041666666666668 0.046296296296296294
1 0.3958333333333333 0.9518518518518518 0.026041666666666668 0.046296296296296294
1 0.1359375 0.9731481481481481 0.026041666666666668 0.046296296296296294
1 0.13958333333333334 0.9972222222222222 0.026041666666666668 0.046296296296296294
1 0.159375 0.7129629629629629 0.026041666666666668 0.046296296296296294
2 0.221875 0.6388888888888888 0.026041666666666668 0.046296296296296294
2 0.17708333333333334 0.49444444444444446 0.026041666666666668 0.046296296296296294
2 0.21458333333333332 0.4703703703703704 0.026041666666666668 0.046296296296296294
1 0.4041666666666667 0.7666666666666667 0.026041666666666668 0.046296296296296294
1 0.8677083333333333 0.8296296296296296 0.026041666666666668 0.046296296296296294
3 0.7645833333333333 0.5796296296296296 0.026041666666666668 0.046296296296296294
3 0.7604166666666666 0.6481481481481481 0.026041666666666668 0.046296296296296294
1 0.6760416666666667 0.6888888888888889 0.026041666666666668 0.046296296296296294
1 0.690625 0.6814814814814815 0.026041666666666668 0.046296296296296294
4 0.6604166666666667 0.45 0.026041666666666668 0.046296296296296294
1 0.465625 0.7592592592592593 0.026041666666666668 0.046296296296296294
