0 0.4703125 0.09351851851851851 0.026041666666666668 0.046296296296296294
0 0.4786458333333333 0.0962962962962963 0.026041666666666668 0.046296296296296294
0 0.48333333333333334 0.10555555555555556 0.026041666666666668 0.046296296296296294
0 0.4869791666666667 0.10648148148148148 0.026041666666666668 0.046296296296296294
0 0.46979166666666666 0.11296296296296296 0.026041666666666668 0.046296296296296294
0 0.4713541666666667 0.1287037037037037 0.026041666666666668 0.046296296296296294
0 0.47708333333333336 0.12962962962962962 0.026041666666666668 0.046296296296296294
0 0.48333333333333334 0.12777777777777777 0.026041666666666668 0.046296296296296294
0 0.48854166666666665 0.1287037037037037 0.026041666666666668 0.046296296296296294
0 0.45416666666666666 0.13333333333333333 0.026041666666666668 0.046296296296296294
0 0.46145833333333336 0.13518518518518519 0.026041666666666668 0.046296296296296294
0 0.4583333333333333 0.1425925925925926 0.026041666666666668 0.046296296296296294
0 0.4708333333333333 0.1527777777777778 0.026041666666666668 0.046296296296296294
0 0.46197916666666666 0.16018518518518518 0.026041666666666668 0.046296296296296294
0 0.45 0.18055555555555555 0.026041666666666668 0.046296296296296294
0 0.4661458333333333 0.18425925925925926 0.026041666666666668 0.046296296296296294
0 0.4864583333333333 0.1925925925925926 0.026041666666666668 0.046296296296296294
0 0.44947916666666665 0.21574074074074073 0.026041666666666668 0.046296296296296294
0 0.4276041666666667 0.22777777777777777 0.026041666666666668 0.046296296296296294
0 0.42135416666666664 0.24074074074074073 0.026041666666666668 0.046296296296296294
0 0.44427083333333334 0.2361111111111111 0.026041666666666668 0.046296296296296294
0 0.4859375 0.23425925925925925 0.026041666666666668 0.046296296296296294
0 0.5203125 0.23796296296296296 0.026041666666666668 0.046296296296296294
0 0.4625 0.24074074074074073 0.026041666666666668 0.046296296296296294
0 0.46822916666666664 0.24259259259259258 0.026041666666666668 0.046296296296296294
0 0.5078125 0.24722222222222223 0.026041666666666668 0.046296296296296294
0 0.49583333333333335 0.2537037037037037 0.026041666666666668 0.046296296296296294
0 0.5 0.25462962962962965 0.026041666666666668 0.046296296296296294
0 0.7026041666666667 0.2601851851851852 0.026041666666666668 0.046296296296296294
0 0.4864583333333333 0.2759259259259259 0.026041666666666668 0.046296296296296294
0 0.4942708333333333 0.2833333333333333 0.026041666666666668 0.046296296296296294
0 0.5078125 0.28425925925925927 0.026041666666666668 0.046296296296296294
0 0.5161458333333333 0.2851851851851852 0.026041666666666668 0.046296296296296294
0 0.41770833333333335 0.2935185185185185 0.026041666666666668 0.046296296296296294
0 0.440625 0.29074074074074074 0.026041666666666668 0.046296296296296294
0 0.45729166666666665 0.29907407407407405 0.026041666666666668 0.046296296296296294
0 0.4708333333333333 0.30092592592592593 0.026041666666666668 0.046296296296296294
0 0.478125 0.30185185185185187 0.026041666666666668 0.046296296296296294
0 0.5151041666666667 0.30277777777777776 0.026041666666666668 0.046296296296296294
0 0.440625 0.30833333333333335 0.026041666666666668 0.046296296296296294
0 0.4505208333333333 0.30925925925925923 0.026041666666666668 0.046296296296296294
0 0.45729166666666665 0.3055555555555556 0.026041666666666668 0.046296296296296294
0 0.4901041666666667 0.30833333333333335 0.026041666666666668 0.046296296296296294
0 0.5026041666666666 0.30925925925925923 0.026041666666666668 0.046296296296296294
0 0.5354166666666667 0.31666666666666665 0.026041666666666668 0.046296296296296294
0 0.43385416666666665 0.32685185185185184 0.026041666666666668 0.046296296296296294
0 0.4484375 0.32592592592592595 0.026041666666666668 0.046296296296296294
0 0.49166666666666664 0.325 0.026041666666666668 0.046296296296296294
0 0.4625 0.33055555555555555 0.026041666666666668 0.046296296296296294
4 0.428125 0.3398148148148148 0.026041666666666668 0.046296296296296294
4 0.5078125 0.3398148148148148 0.026041666666666668 0.046296296296296294
4 0.41041666666666665 0.3472222222222222 0.026041666666666668 0.046296296296296294
4 0.42239583333333336 0.3509259259259259 0.026041666666666668 0.046296296296296294
4 0.45 0.3472222222222222 0.026041666666666668 0.046296296296296294
4 0.45729166666666665 0.3509259259259259 0.026041666666666668 0.046296296296296294
4 0.6625 0.3453703703703704 0.026041666666666668 0.046296296296296294
4 0.4010416666666667 0.35555555555555557 0.026041666666666668 0.046296296296296294
4 0.403125 0.3592592592592593 0.026041666666666668 0.046296296296296294
4 0.4322916666666667 0.35462962962962963 0.026041666666666668 0.046296296296296294
4 0.45 0.35555555555555557 0.026041666666666668 0.046296296296296294
4 0.5114583333333333 0.3509259259259259 0.026041666666666668 0.046296296296296294
4 0.4203125 0.3648148148148148 0.026041666666666668 0.046296296296296294
4 0.3776041666666667 0.3712962962962963 0.026041666666666668 0.046296296296296294
4 0.403125 0.37222222222222223 0.026041666666666668 0.046296296296296294
4 0.5197916666666667 0.37037037037037035 0.026041666666666668 0.046296296296296294
4 0.3984375 0.3824074074074074 0.026041666666666668 0.046296296296296294
4 0.4239583333333333 0.3768518518518518 0.026041666666666668 0.046296296296296294
2 0.215625 0.3851851851851852 0.026041666666666668 0.046296296296296294
4 0.38333333333333336 0.387037037037037 0.026041666666666668 0.046296296296296294
4 0.3984375 0.387037037037037 0.026041666666666668 0.046296296296296294
4 0.4328125 0.39444444444444443 0.026041666666666668 0.046296296296296294
4 0.37395833333333334 0.4027777777777778 0.026041666666666668 0.046296296296296294
4 0.4078125 0.4009259259259259 0.026041666666666668 0.046296296296296294
4 0.5192708333333333 0.40185185185185185 0.026041666666666668 0.046296296296296294
4 0.65625 0.4009259259259259 0.026041666666666668 0.046296296296296294
4 0.39114583333333336 0.4083333333333333 0.026041666666666668 0.046296296296296294
4 0.39895833333333336 0.4101851851851852 0.026041666666666668 0.046296296296296294
4 0.37395833333333334 0.4166666666666667 0.026041666666666668 0.046296296296296294
4 0.4322916666666667 0.4185185185185185 0.026041666666666668 0.046296296296296294
4 0.6484375 0.41944444444444445 0.026041666666666668 0.046296296296296294
4 0.38229166666666664 0.425 0.026041666666666668 0.046296296296296294
4 0.40729166666666666 0.42592592592592593 0.026041666666666668 0.046296296296296294
4 0.3958333333333333 0.43333333333333335 0.026041666666666668 0.046296296296296294
4 0.415625 0.44074074074074077 0.026041666666666668 0.046296296296296294
4 0.45260416666666664 0.44074074074074077 0.026041666666666668 0.046296296296296294
3 0.7057291666666666 0.4388888888888889 0.026041666666666668 0.046296296296296294
4 0.521875 0.44814814814814813 0.026041666666666668 0.046296296296296294
4 0.6614583333333334 0.44814814814814813 0.026041666666666668 0.046296296296296294
3 0.6864583333333333 0.44722222222222224 0.026041666666666668 0.046296296296296294
4 0.38177083333333334 0.45740740740740743 0.026041666666666668 0.046296296296296294
4 0.39895833333333336 0.4546296296296296 0.026041666666666668 0.046296296296296294
4 0.4041666666666667 0.4546296296296296 0.026041666666666668 0.046296296296296294
3 0.6760416666666667 0.45555555555555555 0.026041666666666668 0.046296296296296294
3 0.6817708333333333 0.4583333333333333 0.026041666666666668 0.046296296296296294
4 0.5125 0.4638888888888889 0.026041666666666668 0.046296296296296294
4 0.38385416666666666 0.4740740740740741 0.026041666666666668 0.046296296296296294
4 0.465625 0.47129629629629627 0.026041666666666668 0.046296296296296294
4 0.4859375 0.4777777777777778 0.026041666666666668 0.046296296296296294
4 0.6197916666666666 0.4759259259259259 0.026041666666666668 0.046296296296296294
3 0.7 0.48148148148148145 0.026041666666666668 0.046296296296296294
4 0.40729166666666666 0.487962962962963 0.026041666666666668 0.046296296296296294
4 0.434375 0.487962962962963 0.026041666666666668 0.046296296296296294
4 0.6619791666666667 0.4888888888888889 0.026041666666666668 0.046296296296296294
4 0.6052083333333333 0.49444444444444446 0.026041666666666668 0.046296296296296294
4 0.5067708333333333 0.5055555555555555 0.026041666666666668 0.046296296296296294
4 0.628125 0.5018518518518519 0.026041666666666668 0.046296296296296294
3 0.7520833333333333 0.5120370370370371 0.026041666666666668 0.046296296296296294
4 0.5322916666666667 0.5166666666666667 0.026041666666666668 0.046296296296296294
4 0.6302083333333334 0.5175925925925926 0.026041666666666668 0.046296296296296294
4 0.5432291666666667 0.5259259259259259 0.026041666666666668 0.046296296296296294
3 0.6744791666666666 0.525 0.026041666666666668 0.046296296296296294
4 0.5104166666666666 0.5435185185185185 0.026041666666666668 0.046296296296296294
4 0.603125 0.537962962962963 0.026041666666666668 0.046296296296296294
4 0.6223958333333334 0.5472222222222223 0.026041666666666668 0.046296296296296294
3 0.7364583333333333 0.549074074074074 0.026041666666666668 0.046296296296296294
4 0.5630208333333333 0.5518518518518518 0.026041666666666668 0.046296296296296294
4 0.6359375 0.5703703703703704 0.026041666666666668 0.046296296296296294
4 0.5114583333333333 0.5805555555555556 0.026041666666666668 0.046296296296296294
3 0.7661458333333333 0.5879629629629629 0.026041666666666668 0.046296296296296294
4 0.471875 0.6194444444444445 0.026041666666666668 0.046296296296296294
4 0.43125 0.6259259259259259 0.026041666666666668 0.046296296296296294
4 0.5994791666666667 0.6268518518518519 0.026041666666666668 0.046296296296296294
3 0.7375 0.65 0.026041666666666668 0.046296296296296294
1 0.7708333333333334 0.6787037037037037 0.026041666666666668 0.046296296296296294
1 0.5973958333333333 0.6916666666666667 0.026041666666666668 0.046296296296296294
1 0.4203125 0.6972222222222222 0.026041666666666668 0.046296296296296294
1 0.3796875 0.7212962962962963 0.026041666666666668 0.046296296296296294
1 0.4171875 0.7425925925925926 0.026041666666666668 0.046296296296296294
1 0.8848958333333333 0.7398148148148148 0.026041666666666668 0.046296296296296294
1 0.8291666666666667 0.8324074074074074 0.026041666666666668 0.046296296296296294
1 0.9786458333333333 0.8453703703703703 0.026041666666666668 0.046296296296296294
1 0.7463541666666667 0.8796296296296297 0.026041666666666668 0.046296296296296294
1 0.7072916666666667 0.9064814814814814 0.026041666666666668 0.046296296296296294
1 0.8197916666666667 0.9203703703703704 0.026041666666666668 0.046296296296296294
1 0.9630208333333333 0.9481481481481482 0.026041666666666668 0.046296296296296294
1 0.884375 0.9527777777777777 0.026041666666666668 0.046296296296296294
2 0.171875 0.42407407407407405 0.026041666666666668 0.046296296296296294
2 0.18958333333333333 0.40185185185185185 0.026041666666666668 0.046296296296296294
2 0.21145833333333333 0.4074074074074074 0.026041666666666668 0.046296296296296294
1 0.34479166666666666 0.7611111111111111 0.026041666666666668 0.046296296296296294
1 0.875 0.8037037037037037 0.026041666666666668 0.046296296296296294
1 0.9927083333333333 0.8611111111111112 0.026041666666666668 0.046296296296296294
3 0.75625 0.6296296296296297 0.026041666666666668 0.046296296296296294
3 0.73125 0.575925925925926 0.026041666666666668 0.046296296296296294
4 0.59375 0.5611111111111111 0.026041666666666668 0.046296296296296294
4 0.5489583333333333 0.6370370370370371 0.026041666666666668 0.046296296296296294
4 0.515625 0.6444444444444445 0.026041666666666668 0.046296296296296294
4 0.6010416666666667 0.65 0.026041666666666668 0.046296296296296294
4 0.49583333333333335 0.5592592592592592 0.026041666666666668 0.046296296296296294
4 0.4739583333333333 0.5481481481481482 0.026041666666666668 0.046296296296296294
4 0.4552083333333333 0.4981481481481482 0.026041666666666668 0.046296296296296294
4 0.4510416666666667 0.5259259259259259 0.026041666666666668 0.046296296296296294
4 0.4041666666666667 0.5333333333333333 0.026041666666666668 0.046296296296296294
4 0.375 0.5370370370370371 0.026041666666666668 0.046296296296296294
