0 0.49895833333333334 0.09166666666666666 0.026041666666666668 0.046296296296296294
0 0.4713541666666667 0.09444444444444444 0.026041666666666668 0.046296296296296294
0 0.4921875 0.09907407407407408 0.026041666666666668 0.046296296296296294
0 0.47552083333333334 0.10740740740740741 0.026041666666666668 0.046296296296296294
0 0.4828125 0.10462962962962963 0.026041666666666668 0.046296296296296294
0 0.46979166666666666 0.11296296296296296 0.026041666666666668 0.046296296296296294
0 0.4817708333333333 0.12129629629629629 0.026041666666666668 0.046296296296296294
0 0.4708333333333333 0.12962962962962962 0.026041666666666668 0.046296296296296294
0 0.4864583333333333 0.1388888888888889 0.026041666666666668 0.046296296296296294
0 0.459375 0.1425925925925926 0.026041666666666668 0.046296296296296294
0 0.4635416666666667 0.14351851851851852 0.026041666666666668 0.046296296296296294
0 0.4713541666666667 0.14351851851851852 0.026041666666666668 0.046296296296296294
0 0.4734375 0.17592592592592593 0.026041666666666668 0.046296296296296294
0 0.42916666666666664 0.1824074074074074 0.026041666666666668 0.046296296296296294
0 0.49895833333333334 0.18333333333333332 0.026041666666666668 0.046296296296296294
0 0.49114583333333334 0.1925925925925926 0.026041666666666668 0.046296296296296294
0 0.4421875 0.2074074074074074 0.026041666666666668 0.046296296296296294
0 0.44947916666666665 0.21203703703703702 0.026041666666666668 0.046296296296296294
0 0.48489583333333336 0.21388888888888888 0.026041666666666668 0.046296296296296294
0 0.465625 0.22407407407407406 0.026041666666666668 0.046296296296296294
0 0.5166666666666667 0.2222222222222222 0.026041666666666668 0.046296296296296294
0 0.4546875 0.23055555555555557 0.026041666666666668 0.046296296296296294
0 0.42135416666666664 0.2361111111111111 0.026041666666666668 0.046296296296296294
0 0.4328125 0.2361111111111111 0.026041666666666668 0.046296296296296294
0 0.44114583333333335 0.23703703703703705 0.026041666666666668 0.046296296296296294
0 0.5145833333333333 0.24351851851851852 0.026041666666666668 0.046296296296296294
0 0.44114583333333335 0.2601851851851852 0.026041666666666668 0.046296296296296294
0 0.4864583333333333 0.2601851851851852 0.026041666666666668 0.046296296296296294
0 0.7026041666666667 0.25925925925925924 0.026041666666666668 0.046296296296296294
0 0.46510416666666665 0.27037037037037037 0.026041666666666668 0.046296296296296294
0 0.5 0.2675925925925926 0.026041666666666668 0.046296296296296294
0 0.5057291666666667 0.2712962962962963 0.026041666666666668 0.046296296296296294
0 0.4875 0.2759259259259259 0.026041666666666668 0.046296296296296294
0 0.42864583333333334 0.28703703703703703 0.026041666666666668 0.046296296296296294
0 0.5026041666666666 0.2861111111111111 0.026041666666666668 0.046296296296296294
0 0.465625 0.30185185185185187 0.026041666666666668 0.046296296296296294
0 0.5151041666666667 0.30185185185185187 0.026041666666666668 0.046296296296296294
0 0.4354166666666667 0.3074074074074074 0.026041666666666668 0.046296296296296294
0 0.5078125 0.3101851851851852 0.026041666666666668 0.046296296296296294
0 0.51875 0.30925925925925923 0.026041666666666668 0.046296296296296294
0 0.5520833333333334 0.30925925925925923 0.026041666666666668 0.046296296296296294
0 0.44114583333333335 0.31666666666666665 0.026041666666666668 0.046296296296296294
0 0.45364583333333336 0.3148148148148148 0.026041666666666668 0.046296296296296294
0 0.4875 0.3175925925925926 0.026041666666666668 0.046296296296296294
0 0.515625 0.3175925925925926 0.026041666666666668 0.046296296296296294
0 0.44895833333333335 0.32685185185185184 0.026041666666666668 0.046296296296296294
0 0.4244791666666667 0.33240740740740743 0.026041666666666668 0.046296296296296294
0 0.4609375 0.3314814814814815 0.026041666666666668 0.046296296296296294
0 0.5041666666666667 0.33055555555555555 0.026041666666666668 0.046296296296296294
0 0.5119791666666667 0.3296296296296296 0.026041666666666668 0.046296296296296294
0 0.5151041666666667 0.3314814814814815 0.026041666666666668 0.046296296296296294
4 0.4166666666666667 0.3398148148148148 0.026041666666666668 0.046296296296296294
4 0.44166666666666665 0.33796296296296297 0.026041666666666668 0.046296296296296294
4 0.4817708333333333 0.33796296296296297 0.026041666666666668 0.046296296296296294
4 0.409375 0.35 0.026041666666666668 0.046296296296296294
4 0.49947916666666664 0.3472222222222222 0.026041666666666668 0.046296296296296294
4 0.3796875 0.35555555555555557 0.026041666666666668 0.046296296296296294
4 0.4036458333333333 0.35833333333333334 0.026041666666666668 0.046296296296296294
4 0.4161458333333333 0.35648148148148145 0.026041666666666668 0.046296296296296294
4 0.42916666666666664 0.35462962962962963 0.026041666666666668 0.046296296296296294
4 0.45729166666666665 0.35648148148148145 0.026041666666666668 0.046296296296296294
4 0.5114583333333333 0.35462962962962963 0.026041666666666668 0.046296296296296294
3 0.6864583333333333 0.35555555555555557 0.026041666666666668 0.046296296296296294
4 0.42135416666666664 0.3648148148148148 0.026041666666666668 0.046296296296296294
4 0.44166666666666665 0.362962962962963 0.026041666666666668 0.046296296296296294
4 0.4505208333333333 0.36203703703703705 0.026041666666666668 0.046296296296296294
3 0.7427083333333333 0.36018518518518516 0.026041666666666668 0.046296296296296294
4 0.4703125 0.37037037037037035 0.026041666666666668 0.046296296296296294
4 0.3984375 0.38425925925925924 0.026041666666666668 0.046296296296296294
4 0.40625 0.3787037037037037 0.026041666666666668 0.046296296296296294
4 0.5041666666666667 0.3768518518518518 0.026041666666666668 0.046296296296296294
4 0.3802083333333333 0.3851851851851852 0.026041666666666668 0.046296296296296294
4 0.38645833333333335 0.3851851851851852 0.026041666666666668 0.046296296296296294
4 0.5161458333333333 0.387037037037037 0.026041666666666668 0.046296296296296294
4 0.3984375 0.39444444444444443 0.026041666666666668 0.046296296296296294
4 0.4328125 0.39351851851851855 0.026041666666666668 0.046296296296296294
4 0.49166666666666664 0.39444444444444443 0.026041666666666668 0.046296296296296294
4 0.3984375 0.40185185185185185 0.026041666666666668 0.046296296296296294
4 0.4119791666666667 0.40185185185185185 0.026041666666666668 0.046296296296296294
4 0.5078125 0.4046296296296296 0.026041666666666668 0.046296296296296294
2 0.18697916666666667 0.4111111111111111 0.026041666666666668 0.046296296296296294
2 0.20833333333333334 0.4083333333333333 0.026041666666666668 0.046296296296296294
4 0.39114583333333336 0.4101851851851852 0.026041666666666668 0.046296296296296294
4 0.48541666666666666 0.4111111111111111 0.026041666666666668 0.046296296296296294
4 0.6541666666666667 0.4101851851851852 0.026041666666666668 0.046296296296296294
4 0.37864583333333335 0.41759259259259257 0.026041666666666668 0.046296296296296294
4 0.39947916666666666 0.41574074074074074 0.026041666666666668 0.046296296296296294
4 0.4375 0.4185185185185185 0.026041666666666668 0.046296296296296294
4 0.515625 0.4185185185185185 0.026041666666666668 0.046296296296296294
4 0.4125 0.42685185185185187 0.026041666666666668 0.046296296296296294
4 0.6489583333333333 0.42592592592592593 0.026041666666666668 0.046296296296296294
4 0.390625 0.4324074074074074 0.026041666666666668 0.046296296296296294
4 0.49947916666666664 0.43425925925925923 0.026041666666666668 0.046296296296296294
4 0.40208333333333335 0.44166666666666665 0.026041666666666668 0.046296296296296294
4 0.5255208333333333 0.4444444444444444 0.026041666666666668 0.046296296296296294
3 0.7083333333333334 0.4398148148148148 0.026041666666666668 0.046296296296296294
4 0.37864583333333335 0.45092592592592595 0.026041666666666668 0.046296296296296294
4 0.503125 0.45 0.026041666666666668 0.046296296296296294
4 0.6614583333333334 0.4462962962962963 0.026041666666666668 0.046296296296296294
3 0.684375 0.44814814814814813 0.026041666666666668 0.046296296296296294
4 0.434375 0.4583333333333333 0.026041666666666668 0.046296296296296294
4 0.5197916666666667 0.45740740740740743 0.026041666666666668 0.046296296296296294
3 0.6744791666666666 0.45555555555555555 0.026041666666666668 0.046296296296296294
4 0.37395833333333334 0.4648148148148148 0.026041666666666668 0.046296296296296294
4 0.39479166666666665 0.4675925925925926 0.026041666666666668 0.046296296296296294
4 0.4869791666666667 0.4638888888888889 0.026041666666666668 0.046296296296296294
4 0.5234375 0.46574074074074073 0.026041666666666668 0.046296296296296294
2 0.22135416666666666 0.47129629629629627 0.026041666666666668 0.046296296296296294
4 0.45625 0.47129629629629627 0.026041666666666668 0.046296296296296294
4 0.46927083333333336 0.4685185185185185 0.026041666666666668 0.046296296296296294
3 0.7130208333333333 0.4703703703703704 0.026041666666666668 0.046296296296296294
4 0.3885416666666667 0.48333333333333334 0.026041666666666668 0.046296296296296294
4 0.4401041666666667 0.48148148148148145 0.026041666666666668 0.046296296296296294
4 0.5145833333333333 0.4787037037037037 0.026041666666666668 0.046296296296296294
3 0.6942708333333333 0.4777777777777778 0.026041666666666668 0.046296296296296294
4 0.6203125 0.48518518518518516 0.026041666666666668 0.046296296296296294
4 0.425 0.4925925925925926 0.026041666666666668 0.046296296296296294
4 0.5244791666666667 0.4925925925925926 0.026041666666666668 0.046296296296296294
4 0.6104166666666667 0.4935185185185185 0.026041666666666668 0.046296296296296294
2 0.17447916666666666 0.5 0.026041666666666668 0.046296296296296294
4 0.6151041666666667 0.5037037037037037 0.026041666666666668 0.046296296296296294
4 0.4359375 0.5101851851851852 0.026041666666666668 0.046296296296296294
4 0.45416666666666666 0.5092592592592593 0.026041666666666668 0.046296296296296294
4 0.628125 0.5175925925925926 0.026041666666666668 0.046296296296296294
3 0.6911458333333333 0.5203703703703704 0.026041666666666668 0.046296296296296294
4 0.5385416666666667 0.5194444444444445 0.026041666666666668 0.046296296296296294
4 0.6666666666666666 0.5277777777777778 0.026041666666666668 0.046296296296296294
3 0.7203125 0.5351851851851852 0.026041666666666668 0.046296296296296294
4 0.6161458333333333 0.5398148148148149 0.026041666666666668 0.046296296296296294
4 0.42604166666666665 0.5453703703703704 0.026041666666666668 0.046296296296296294
4 0.55 0.5462962962962963 0.026041666666666668 0.046296296296296294
4 0.628125 0.5472222222222223 0.026041666666666668 0.046296296296296294
4 0.4661458333333333 0.5574074074074075 0.026041666666666668 0.046296296296296294
4 0.56875 0.5555555555555556 0.026041666666666668 0.046296296296296294
3 0.7359375 0.5583333333333333 0.026041666666666668 0.046296296296296294
4 0.6104166666666667 0.5731481481481482 0.026041666666666668 0.046296296296296294
4 0.5614583333333333 0.5907407407407408 0.026041666666666668 0.046296296296296294
4 0.6588541666666666 0.5935185185185186 0.026041666666666668 0.046296296296296294
4 0.5807291666666666 0.612037037037037 0.026041666666666668 0.046296296296296294
4 0.6 0.6203703703703703 0.026041666666666668 0.046296296296296294
4 0.5692708333333333 0.6416666666666667 0.026041666666666668 0.046296296296296294
4 0.6046875 0.6509259259259259 0.026041666666666668 0.046296296296296294
4 0.5161458333333333 0.6537037037037037 0.026041666666666668 0.046296296296296294
1 0.7078125 0.6712962962962963 0.026041666666666668 0.046296296296296294
1 0.7713541666666667 0.6722222222222223 0.026041666666666668 0.046296296296296294
1 0.171875 0.687037037037037 0.026041666666666668 0.046296296296296294
1 0.8864583333333333 0.7453703703703703 0.026041666666666668 0.046296296296296294
1 0.978125 0.8462962962962963 0.026041666666666668 0.046296296296296294
1 0.7661458333333333 0.85 0.026041666666666668 0.046296296296296294
1 0.5385416666666667 0.8490740740740741 0.026041666666666668 0.046296296296296294
1 0.8255208333333334 0.8666666666666667 0.026041666666666668 0.046296296296296294
1 0.48854166666666665 0.8842592592592593 0.026041666666666668 0.046296296296296294
1 0.8166666666666667 0.912962962962963 0.026041666666666668 0.046296296296296294
1 0.9614583333333333 0.937037037037037 0.026041666666666668 0.046296296296296294
1 0.571875 0.8296296296296296 0.026041666666666668 0.046296296296296294
1 0.8208333333333333 0.837037037037037 0.026041666666666668 0.046296296296296294
1 0.8760416666666667 0.8037037037037037 0.026041666666666668 0.046296296296296294
1 0.9927083333333333 0.8611111111111112 0.026041666666666668 0.046296296296296294
3 0.7614583333333333 0.5833333333333334 0.026041666666666668 0.046296296296296294
1 0.5927083333333333 0.7222222222222222 0.026041666666666668 0.046296296296296294
