0 0.46979166666666666 0.13055555555555556 0.026041666666666668 0.046296296296296294
0 0.490625 0.1287037037037037 0.026041666666666668 0.046296296296296294
0 0.44947916666666665 0.13240740740740742 0.026041666666666668 0.046296296296296294
0 0.47708333333333336 0.13703703703703704 0.026041666666666668 0.046296296296296294
0 0.4401041666666667 0.14351851851851852 0.026041666666666668 0.046296296296296294
0 0.46145833333333336 0.1425925925925926 0.026041666666666668 0.046296296296296294
0 0.490625 0.14629629629629629 0.026041666666666668 0.046296296296296294
0 0.4822916666666667 0.15462962962962962 0.026041666666666668 0.046296296296296294
0 0.471875 0.15833333333333333 0.026041666666666668 0.046296296296296294
0 0.45364583333333336 0.1675925925925926 0.026041666666666668 0.046296296296296294
0 0.4328125 0.175 0.026041666666666668 0.046296296296296294
0 0.475 0.17407407407407408 0.026041666666666668 0.046296296296296294
0 0.4817708333333333 0.17592592592592593 0.026041666666666668 0.046296296296296294
0 0.4276041666666667 0.18703703703703703 0.026041666666666668 0.046296296296296294
0 0.4828125 0.18981481481481483 0.026041666666666668 0.046296296296296294
0 0.4947916666666667 0.20092592592592592 0.026041666666666668 0.046296296296296294
0 0.42083333333333334 0.2064814814814815 0.026041666666666668 0.046296296296296294
0 0.4786458333333333 0.2074074074074074 0.026041666666666668 0.046296296296296294
0 0.5026041666666666 0.21388888888888888 0.026041666666666668 0.046296296296296294
0 0.4484375 0.22592592592592592 0.026041666666666668 0.046296296296296294
0 0.5145833333333333 0.23148148148148148 0.026041666666666668 0.046296296296296294
0 0.45364583333333336 0.24444444444444444 0.026041666666666668 0.046296296296296294
0 0.5109375 0.2601851851851852 0.026041666666666668 0.046296296296296294
0 0.47760416666666666 0.26666666666666666 0.026041666666666668 0.046296296296296294
0 0.4890625 0.2657407407407407 0.026041666666666668 0.046296296296296294
0 0.49947916666666664 0.27685185185185185 0.026041666666666668 0.046296296296296294
0 0.5458333333333333 0.2759259259259259 0.026041666666666668 0.046296296296296294
0 0.5072916666666667 0.2861111111111111 0.026041666666666668 0.046296296296296294
0 0.6911458333333333 0.2851851851851852 0.026041666666666668 0.046296296296296294
0 0.5 0.29444444444444445 0.026041666666666668 0.046296296296296294
0 0.45729166666666665 0.30277777777777776 0.026041666666666668 0.046296296296296294
0 0.5458333333333333 0.30092592592592593 0.026041666666666668 0.046296296296296294
0 0.7078125 0.3 0.026041666666666668 0.046296296296296294
0 0.4328125 0.30462962962962964 0.026041666666666668 0.046296296296296294
0 0.4859375 0.30648148148148147 0.026041666666666668 0.046296296296296294
0 0.440625 0.31574074074074077 0.026041666666666668 0.046296296296296294
0 0.5 0.3138888888888889 0.026041666666666668 0.046296296296296294
0 0.5140625 0.3175925925925926 0.026041666666666668 0.046296296296296294
0 0.45 0.3314814814814815 0.026041666666666668 0.046296296296296294
0 0.45625 0.33240740740740743 0.026041666666666668 0.046296296296296294
4 0.5114583333333333 0.34074074074074073 0.026041666666666668 0.046296296296296294
4 0.44479166666666664 0.35 0.026041666666666668 0.046296296296296294
4 0.503125 0.34629629629629627 0.026041666666666668 0.046296296296296294
4 0.5197916666666667 0.34814814814814815 0.026041666666666668 0.046296296296296294
4 0.4005208333333333 0.3537037037037037 0.026041666666666668 0.046296296296296294
4 0.4036458333333333 0.35648148148148145 0.026041666666666668 0.046296296296296294
4 0.40729166666666666 0.3574074074074074 0.026041666666666668 0.046296296296296294
4 0.384375 0.36203703703703705 0.026041666666666668 0.046296296296296294
4 0.43645833333333334 0.36574074074074076 0.026041666666666668 0.046296296296296294
4 0.48125 0.3611111111111111 0.026041666666666668 0.046296296296296294
4 0.4947916666666667 0.3638888888888889 0.026041666666666668 0.046296296296296294
4 0.5067708333333333 0.3638888888888889 0.026041666666666668 0.046296296296296294
4 0.5239583333333333 0.36203703703703705 0.026041666666666668 0.046296296296296294
4 0.37916666666666665 0.37222222222222223 0.026041666666666668 0.046296296296296294
4 0.409375 0.3712962962962963 0.026041666666666668 0.046296296296296294
4 0.46458333333333335 0.36944444444444446 0.026041666666666668 0.046296296296296294
3 0.6697916666666667 0.36574074074074076 0.026041666666666668 0.046296296296296294
4 0.5114583333333333 0.37777777777777777 0.026041666666666668 0.046296296296296294
4 0.390625 0.38333333333333336 0.026041666666666668 0.046296296296296294
4 0.40260416666666665 0.38796296296296295 0.026041666666666668 0.046296296296296294
4 0.4421875 0.38425925925925924 0.026041666666666668 0.046296296296296294
4 0.4473958333333333 0.387037037037037 0.026041666666666668 0.046296296296296294
4 0.41354166666666664 0.39351851851851855 0.026041666666666668 0.046296296296296294
4 0.42135416666666664 0.39444444444444443 0.026041666666666668 0.046296296296296294
4 0.4744791666666667 0.38981481481481484 0.026041666666666668 0.046296296296296294
4 0.6578125 0.39444444444444443 0.026041666666666668 0.046296296296296294
2 0.20677083333333332 0.4 0.026041666666666668 0.046296296296296294
4 0.5083333333333333 0.40370370370370373 0.026041666666666668 0.046296296296296294
4 0.5161458333333333 0.40555555555555556 0.026041666666666668 0.046296296296296294
4 0.6510416666666666 0.40185185185185185 0.026041666666666668 0.046296296296296294
2 0.19166666666666668 0.4111111111111111 0.026041666666666668 0.046296296296296294
4 0.6588541666666666 0.4064814814814815 0.026041666666666668 0.046296296296296294
4 0.5 0.41759259259259257 0.026041666666666668 0.046296296296296294
4 0.5083333333333333 0.4185185185185185 0.026041666666666668 0.046296296296296294
2 0.17916666666666667 0.42592592592592593 0.026041666666666668 0.046296296296296294
2 0.2125 0.42685185185185187 0.026041666666666668 0.046296296296296294
4 0.4192708333333333 0.42407407407407405 0.026041666666666668 0.046296296296296294
4 0.45260416666666664 0.42592592592592593 0.026041666666666668 0.046296296296296294
3 0.6786458333333333 0.42685185185185187 0.026041666666666668 0.046296296296296294
4 0.43072916666666666 0.43148148148148147 0.026041666666666668 0.046296296296296294
4 0.5166666666666667 0.4351851851851852 0.026041666666666668 0.046296296296296294
3 0.7067708333333333 0.4388888888888889 0.026041666666666668 0.046296296296296294
4 0.4984375 0.44814814814814813 0.026041666666666668 0.046296296296296294
2 0.21197916666666666 0.45555555555555555 0.026041666666666668 0.046296296296296294
4 0.5239583333333333 0.45740740740740743 0.026041666666666668 0.046296296296296294
4 0.6614583333333334 0.4546296296296296 0.026041666666666668 0.046296296296296294
4 0.6453125 0.46574074074074073 0.026041666666666668 0.046296296296296294
4 0.4578125 0.47314814814814815 0.026041666666666668 0.046296296296296294
4 0.5177083333333333 0.475 0.026041666666666668 0.046296296296296294
3 0.6692708333333334 0.4722222222222222 0.026041666666666668 0.046296296296296294
4 0.6291666666666667 0.48703703703703705 0.026041666666666668 0.046296296296296294
3 0.6833333333333333 0.4888888888888889 0.026041666666666668 0.046296296296296294
4 0.6375 0.4962962962962963 0.026041666666666668 0.046296296296296294
3 0.6895833333333333 0.4981481481481482 0.026041666666666668 0.046296296296296294
4 0.6145833333333334 0.5018518518518519 0.026041666666666668 0.046296296296296294
3 0.7072916666666667 0.5064814814814815 0.026041666666666668 0.046296296296296294
4 0.484375 0.5092592592592593 0.026041666666666668 0.046296296296296294
4 0.5125 0.512962962962963 0.026041666666666668 0.046296296296296294
4 0.4739583333333333 0.5166666666666667 0.026041666666666668 0.046296296296296294
4 0.5166666666666667 0.5185185185185185 0.026041666666666668 0.046296296296296294
4 0.6401041666666667 0.5185185185185185 0.026041666666666668 0.046296296296296294
3 0.6864583333333333 0.5194444444444445 0.026041666666666668 0.046296296296296294
4 0.5046875 0.5277777777777778 0.026041666666666668 0.046296296296296294
4 0.528125 0.5287037037037037 0.026041666666666668 0.046296296296296294
4 0.665625 0.5268518518518519 0.026041666666666668 0.046296296296296294
4 0.6322916666666667 0.5333333333333333 0.026041666666666668 0.046296296296296294
3 0.7 0.5351851851851852 0.026041666666666668 0.046296296296296294
3 0.7208333333333333 0.5444444444444444 0.026041666666666668 0.046296296296296294
4 0.4197916666666667 0.5537037037037037 0.026041666666666668 0.046296296296296294
4 0.503125 0.5583333333333333 0.026041666666666668 0.046296296296296294
4 0.5255208333333333 0.5564814814814815 0.026041666666666668 0.046296296296296294
4 0.5734375 0.5527777777777778 0.026041666666666668 0.046296296296296294
3 0.7604166666666666 0.5518518518518518 0.026041666666666668 0.046296296296296294
4 0.3890625 0.5555555555555556 0.026041666666666668 0.046296296296296294
4 0.6036458333333333 0.5638888888888889 0.026041666666666668 0.046296296296296294
4 0.5484375 0.5712962962962963 0.026041666666666668 0.046296296296296294
4 0.5807291666666666 0.5703703703703704 0.026041666666666668 0.046296296296296294
4 0.6541666666666667 0.5703703703703704 0.026041666666666668 0.046296296296296294
4 0.5302083333333333 0.5805555555555556 0.026041666666666668 0.046296296296296294
3 0.7197916666666667 0.6027777777777777 0.026041666666666668 0.046296296296296294
4 0.534375 0.6351851851851852 0.026041666666666668 0.046296296296296294
4 0.6270833333333333 0.6333333333333333 0.026041666666666668 0.046296296296296294
3 0.7630208333333334 0.6425925925925926 0.026041666666666668 0.046296296296296294
2 0.15572916666666667 0.6453703703703704 0.026041666666666668 0.046296296296296294
2 0.178125 0.6574074074074074 0.026041666666666668 0.046296296296296294
3 0.7369791666666666 0.6620370370370371 0.026041666666666668 0.046296296296296294
4 0.6635416666666667 0.6657407407407407 0.026041666666666668 0.046296296296296294
1 0.7026041666666667 0.6777777777777778 0.026041666666666668 0.046296296296296294
1 0.12708333333333333 0.6888888888888889 0.026041666666666668 0.046296296296296294
1 0.5421875 0.687962962962963 0.026041666666666668 0.046296296296296294
1 0.16666666666666666 0.700925925925926 0.026041666666666668 0.046296296296296294
1 0.20260416666666667 0.6972222222222222 0.026041666666666668 0.046296296296296294
1 0.23333333333333334 0.7222222222222222 0.026041666666666668 0.046296296296296294
1 0.19635416666666666 0.7296296296296296 0.026041666666666668 0.046296296296296294
1 0.153125 0.7472222222222222 0.026041666666666668 0.046296296296296294
1 0.8833333333333333 0.7416666666666667 0.026041666666666668 0.046296296296296294
1 0.328125 0.7583333333333333 0.026041666666666668 0.046296296296296294
1 0.5854166666666667 0.7555555555555555 0.026041666666666668 0.046296296296296294
1 0.12552083333333333 0.7916666666666666 0.026041666666666668 0.046296296296296294
1 0.6567708333333333 0.8074074074074075 0.026041666666666668 0.046296296296296294
1 0.14635416666666667 0.8472222222222222 0.026041666666666668 0.046296296296296294
1 0.6953125 0.8425925925925926 0.026041666666666668 0.046296296296296294
1 0.7697916666666667 0.8407407407407408 0.026041666666666668 0.046296296296296294
1 0.978125 0.8472222222222222 0.026041666666666668 0.046296296296296294
1 0.1875 0.8518518518518519 0.026041666666666668 0.046296296296296294
1 0.34479166666666666 0.8694444444444445 0.026041666666666668 0.046296296296296294
1 0.18854166666666666 0.8768518518518519 0.026041666666666668 0.046296296296296294
1 0.5729166666666666 0.8759259259259259 0.026041666666666668 0.046296296296296294
1 0.7828125 0.8731481481481481 0.026041666666666668 0.046296296296296294
1 0.4973958333333333 0.8898148148148148 0.026041666666666668 0.046296296296296294
1 0.365625 0.9166666666666666 0.026041666666666668 0.046296296296296294
1 0.39895833333333336 0.937962962962963 0.026041666666666668 0.046296296296296294
1 0.9703125 0.9490740740740741 0.026041666666666668 0.046296296296296294
1 0.0734375 0.975925925925926 0.026041666666666668 0.046296296296296294
1 0.21145833333333333 0.7796296296296297 0.026041666666666668 0.046296296296296294
1 0.16875 0.8055555555555556 0.026041666666666668 0.046296296296296294
1 0.0625 0.8592592592592593 0.026041666666666668 0.046296296296296294
1 0.5291666666666667 0.7925925925925926 0.026041666666666668 0.046296296296296294
1 0.6135416666666667 0.8333333333333334 0.026041666666666668 0.046296296296296294
1 0.821875 0.8703703703703703 0.026041666666666668 0.046296296296296294
1 0.8270833333333333 0.837037037037037 0.026041666666666668 0.046296296296296294
1 0.8677083333333333 0.8296296296296296 0.026041666666666668 0.046296296296296294
1 0.996875 0.8555555555555555 0.026041666666666668 0.046296296296296294
1 0.7770833333333333 0.7 0.026041666666666668 0.046296296296296294
3 0.7541666666666667 0.562962962962963 0.026041666666666668 0.046296296296296294
4 0.43854166666666666 0.5333333333333333 0.026041666666666668 0.046296296296296294
4 0.6197916666666666 0.5462962962962963 0.026041666666666668 0.046296296296296294
1 0.6854166666666667 0.6777777777777778 0.026041666666666668 0.046296296296296294
