0 0.46979166666666666 0.09444444444444444 0.026041666666666668 0.046296296296296294
0 0.47604166666666664 0.10648148148148148 0.026041666666666668 0.046296296296296294
0 0.4822916666666667 0.10555555555555556 0.026041666666666668 0.046296296296296294
0 0.46927083333333336 0.11388888888888889 0.026041666666666668 0.046296296296296294
0 0.4822916666666667 0.11944444444444445 0.026041666666666668 0.046296296296296294
0 0.4703125 0.1287037037037037 0.026041666666666668 0.046296296296296294
0 0.45 0.13333333333333333 0.026041666666666668 0.046296296296296294
0 0.45260416666666664 0.13240740740740742 0.026041666666666668 0.046296296296296294
0 0.45625 0.13333333333333333 0.026041666666666668 0.046296296296296294
0 0.490625 0.14074074074074075 0.026041666666666668 0.046296296296296294
0 0.4744791666666667 0.14722222222222223 0.026041666666666668 0.046296296296296294
0 0.46197916666666666 0.1537037037037037 0.026041666666666668 0.046296296296296294
0 0.47552083333333334 0.16111111111111112 0.026041666666666668 0.046296296296296294
0 0.471875 0.17592592592592593 0.026041666666666668 0.046296296296296294
0 0.47760416666666666 0.17777777777777778 0.026041666666666668 0.046296296296296294
0 0.5 0.175 0.026041666666666668 0.046296296296296294
0 0.4276041666666667 0.1824074074074074 0.026041666666666668 0.046296296296296294
0 0.4953125 0.1824074074074074 0.026041666666666668 0.046296296296296294
0 0.5078125 0.18333333333333332 0.026041666666666668 0.046296296296296294
0 0.5151041666666667 0.18425925925925926 0.026041666666666668 0.046296296296296294
0 0.4421875 0.18981481481481483 0.026041666666666668 0.046296296296296294
0 0.4546875 0.19814814814814816 0.026041666666666668 0.046296296296296294
0 0.478125 0.19814814814814816 0.026041666666666668 0.046296296296296294
0 0.46197916666666666 0.2064814814814815 0.026041666666666668 0.046296296296296294
0 0.4869791666666667 0.2064814814814815 0.026041666666666668 0.046296296296296294
0 0.49947916666666664 0.20555555555555555 0.026041666666666668 0.046296296296296294
0 0.44114583333333335 0.21388888888888888 0.026041666666666668 0.046296296296296294
0 0.42135416666666664 0.23796296296296296 0.026041666666666668 0.046296296296296294
0 0.42916666666666664 0.23981481481481481 0.026041666666666668 0.046296296296296294
0 0.4817708333333333 0.24722222222222223 0.026041666666666668 0.046296296296296294
0 0.4979166666666667 0.25277777777777777 0.026041666666666668 0.046296296296296294
0 0.515625 0.25555555555555554 0.026041666666666668 0.046296296296296294
0 0.4473958333333333 0.2611111111111111 0.026041666666666668 0.046296296296296294
0 0.703125 0.25925925925925924 0.026041666666666668 0.046296296296296294
0 0.5078125 0.27314814814814814 0.026041666666666668 0.046296296296296294
0 0.4744791666666667 0.2759259259259259 0.026041666666666668 0.046296296296296294
0 0.5458333333333333 0.27685185185185185 0.026041666666666668 0.046296296296296294
0 0.4203125 0.2851851851851852 0.026041666666666668 0.046296296296296294
0 0.4484375 0.2861111111111111 0.026041666666666668 0.046296296296296294
0 0.50625 0.2851851851851852 0.026041666666666668 0.046296296296296294
0 0.4427083333333333 0.2935185185185185 0.026041666666666668 0.046296296296296294
0 0.4625 0.3 0.026041666666666668 0.046296296296296294
0 0.49947916666666664 0.3111111111111111 0.026041666666666668 0.046296296296296294
0 0.5161458333333333 0.3111111111111111 0.026041666666666668 0.046296296296296294
0 0.4359375 0.3175925925925926 0.026041666666666668 0.046296296296296294
0 0.45729166666666665 0.3194444444444444 0.026041666666666668 0.046296296296296294
0 0.4166666666666667 0.33055555555555555 0.026041666666666668 0.046296296296296294
4 0.44895833333333335 0.3333333333333333 0.026041666666666668 0.046296296296296294
0 0.4635416666666667 0.3314814814814815 0.026041666666666668 0.046296296296296294
0 0.5072916666666667 0.3314814814814815 0.026041666666666668 0.046296296296296294
4 0.4171875 0.34814814814814815 0.026041666666666668 0.046296296296296294
4 0.4453125 0.34814814814814815 0.026041666666666668 0.046296296296296294
4 0.4546875 0.34814814814814815 0.026041666666666668 0.046296296296296294
4 0.5005208333333333 0.3472222222222222 0.026041666666666668 0.046296296296296294
4 0.3802083333333333 0.35648148148148145 0.026041666666666668 0.046296296296296294
4 0.4276041666666667 0.35462962962962963 0.026041666666666668 0.046296296296296294
4 0.5130208333333334 0.35555555555555557 0.026041666666666668 0.046296296296296294
3 0.6859375 0.3537037037037037 0.026041666666666668 0.046296296296296294
4 0.40625 0.3638888888888889 0.026041666666666668 0.046296296296296294
4 0.4197916666666667 0.3638888888888889 0.026041666666666668 0.046296296296296294
4 0.47708333333333336 0.3611111111111111 0.026041666666666668 0.046296296296296294
3 0.75 0.3638888888888889 0.026041666666666668 0.046296296296296294
4 0.515625 0.3731481481481482 0.026041666666666668 0.046296296296296294
4 0.38229166666666664 0.3814814814814815 0.026041666666666668 0.046296296296296294
4 0.4088541666666667 0.3787037037037037 0.026041666666666668 0.046296296296296294
4 0.4161458333333333 0.3814814814814815 0.026041666666666668 0.046296296296296294
4 0.4239583333333333 0.37962962962962965 0.026041666666666668 0.046296296296296294
4 0.44479166666666664 0.3768518518518518 0.026041666666666668 0.046296296296296294
4 0.4671875 0.38055555555555554 0.026041666666666668 0.046296296296296294
4 0.4953125 0.3861111111111111 0.026041666666666668 0.046296296296296294
4 0.6557291666666667 0.3888888888888889 0.026041666666666668 0.046296296296296294
4 0.4088541666666667 0.39166666666666666 0.026041666666666668 0.046296296296296294
2 0.1984375 0.3990740740740741 0.026041666666666668 0.046296296296296294
2 0.2109375 0.4027777777777778 0.026041666666666668 0.046296296296296294
2 0.21614583333333334 0.4 0.026041666666666668 0.046296296296296294
4 0.3828125 0.40370370370370373 0.026041666666666668 0.046296296296296294
4 0.42083333333333334 0.4027777777777778 0.026041666666666668 0.046296296296296294
4 0.4276041666666667 0.40185185185185185 0.026041666666666668 0.046296296296296294
4 0.37447916666666664 0.4101851851851852 0.026041666666666668 0.046296296296296294
4 0.39010416666666664 0.4064814814814815 0.026041666666666668 0.046296296296296294
4 0.40208333333333335 0.4101851851851852 0.026041666666666668 0.046296296296296294
4 0.4453125 0.4101851851851852 0.026041666666666668 0.046296296296296294
4 0.45416666666666666 0.40925925925925927 0.026041666666666668 0.046296296296296294
4 0.4609375 0.40925925925925927 0.026041666666666668 0.046296296296296294
4 0.6541666666666667 0.4111111111111111 0.026041666666666668 0.046296296296296294
2 0.20833333333333334 0.4212962962962963 0.026041666666666668 0.046296296296296294
4 0.37864583333333335 0.4203703703703704 0.026041666666666668 0.046296296296296294
4 0.43333333333333335 0.4166666666666667 0.026041666666666668 0.046296296296296294
4 0.4796875 0.4148148148148148 0.026041666666666668 0.046296296296296294
4 0.6578125 0.41944444444444445 0.026041666666666668 0.046296296296296294
4 0.5026041666666666 0.425 0.026041666666666668 0.046296296296296294
4 0.40520833333333334 0.4361111111111111 0.026041666666666668 0.046296296296296294
3 0.7067708333333333 0.4398148148148148 0.026041666666666668 0.046296296296296294
4 0.39479166666666665 0.44537037037037036 0.026041666666666668 0.046296296296296294
4 0.4583333333333333 0.44722222222222224 0.026041666666666668 0.046296296296296294
4 0.5041666666666667 0.44814814814814813 0.026041666666666668 0.046296296296296294
4 0.6651041666666667 0.4444444444444444 0.026041666666666668 0.046296296296296294
3 0.6864583333333333 0.45 0.026041666666666668 0.046296296296296294
4 0.5276041666666667 0.45925925925925926 0.026041666666666668 0.046296296296296294
3 0.6786458333333333 0.45740740740740743 0.026041666666666668 0.046296296296296294
4 0.5166666666666667 0.46296296296296297 0.026041666666666668 0.046296296296296294
3 0.6864583333333333 0.47129629629629627 0.026041666666666668 0.046296296296296294
2 0.15989583333333332 0.475 0.026041666666666668 0.046296296296296294
4 0.4119791666666667 0.4759259259259259 0.026041666666666668 0.046296296296296294
4 0.4395833333333333 0.487962962962963 0.026041666666666668 0.046296296296296294
4 0.45729166666666665 0.4842592592592593 0.026041666666666668 0.046296296296296294
4 0.515625 0.48703703703703705 0.026041666666666668 0.046296296296296294
4 0.5291666666666667 0.4888888888888889 0.026041666666666668 0.046296296296296294
4 0.6203125 0.48703703703703705 0.026041666666666668 0.046296296296296294
4 0.6286458333333333 0.48703703703703705 0.026041666666666668 0.046296296296296294
3 0.6822916666666666 0.4888888888888889 0.026041666666666668 0.046296296296296294
4 0.6614583333333334 0.49537037037037035 0.026041666666666668 0.046296296296296294
4 0.475 0.5037037037037037 0.026041666666666668 0.046296296296296294
4 0.6151041666666667 0.5027777777777778 0.026041666666666668 0.046296296296296294
4 0.5286458333333334 0.5101851851851852 0.026041666666666668 0.046296296296296294
3 0.6947916666666667 0.5101851851851852 0.026041666666666668 0.046296296296296294
4 0.6348958333333333 0.5166666666666667 0.026041666666666668 0.046296296296296294
4 0.5083333333333333 0.525 0.026041666666666668 0.046296296296296294
4 0.54375 0.5259259259259259 0.026041666666666668 0.046296296296296294
4 0.48385416666666664 0.5351851851851852 0.026041666666666668 0.046296296296296294
4 0.6619791666666667 0.5361111111111111 0.026041666666666668 0.046296296296296294
3 0.721875 0.5314814814814814 0.026041666666666668 0.046296296296296294
4 0.4588541666666667 0.5398148148148149 0.026041666666666668 0.046296296296296294
4 0.4791666666666667 0.5435185185185185 0.026041666666666668 0.046296296296296294
4 0.6020833333333333 0.537962962962963 0.026041666666666668 0.046296296296296294
4 0.5510416666666667 0.5481481481481482 0.026041666666666668 0.046296296296296294
4 0.6286458333333333 0.5527777777777778 0.026041666666666668 0.046296296296296294
4 0.5682291666666667 0.5555555555555556 0.026041666666666668 0.046296296296296294
4 0.621875 0.5648148148148148 0.026041666666666668 0.046296296296296294
3 0.7572916666666667 0.5666666666666667 0.026041666666666668 0.046296296296296294
4 0.42291666666666666 0.5768518518518518 0.026041666666666668 0.046296296296296294
4 0.615625 0.5787037037037037 0.026041666666666668 0.046296296296296294
3 0.7380208333333333 0.5962962962962963 0.026041666666666668 0.046296296296296294
4 0.603125 0.6268518518518519 0.026041666666666668 0.046296296296296294
4 0.6041666666666666 0.6509259259259259 0.026041666666666668 0.046296296296296294
4 0.5078125 0.6592592592592592 0.026041666666666668 0.046296296296296294
1 0.7682291666666666 0.675 0.026041666666666668 0.046296296296296294
1 0.65 0.712037037037037 0.026041666666666668 0.046296296296296294
1 0.8859375 0.7435185185185185 0.026041666666666668 0.046296296296296294
1 0.7578125 0.8231481481481482 0.026041666666666668 0.046296296296296294
1 0.6291666666666667 0.8222222222222222 0.026041666666666668 0.046296296296296294
1 0.9734375 0.85 0.026041666666666668 0.046296296296296294
1 0.5682291666666667 0.8546296296296296 0.026041666666666668 0.046296296296296294
1 0.7567708333333333 0.8592592592592593 0.026041666666666668 0.046296296296296294
1 0.8286458333333333 0.8685185185185185 0.026041666666666668 0.046296296296296294
1 0.7286458333333333 0.8814814814814815 0.026041666666666668 0.046296296296296294
1 0.815625 0.9138888888888889 0.026041666666666668 0.046296296296296294
1 0.7088541666666667 0.9268518518518518 0.026041666666666668 0.046296296296296294
1 0.9583333333333334 0.9296296296296296 0.026041666666666668 0.046296296296296294
1 0.9026041666666667 0.975925925925926 0.026041666666666668 0.046296296296296294
1 0.6859375 0.9851851851851852 0.026041666666666668 0.046296296296296294
2 0.21875 0.5259259259259259 0.026041666666666668 0.046296296296296294
2 0.184375 0.4148148148148148 0.026041666666666668 0.046296296296296294
1 0.7958333333333333 0.7944444444444444 0.026041666666666668 0.046296296296296294
1 0.875 0.8037037037037037 0.026041666666666668 0.046296296296296294
1 0.9958333333333333 0.8592592592592593 0.026041666666666668 0.046296296296296294
0 0.5333333333333333 0.26296296296296295 0.026041666666666668 0.046296296296296294
4 0.5916666666666667 0.562962962962963 0.026041666666666668 0.046296296296296294
1 0.55 0.674074074074074 0.026041666666666668 0.046296296296296294
4 0.459375 0.6074074074074074 0.026041666666666668 0.046296296296296294
3 0.7395833333333334 0.5611111111111111 0.026041666666666668 0.046296296296296294
3 0.75625 0.6259259259259259 0.026041666666666668 0.046296296296296294
3 0.7364583333333333 0.6388888888888888 0.026041666666666668 0.046296296296296294
