0 0.4708333333333333 0.09722222222222222 0.026041666666666668 0.046296296296296294
0 0.48020833333333335 0.09814814814814815 0.026041666666666668 0.046296296296296294
0 0.4864583333333333 0.10555555555555556 0.026041666666666668 0.046296296296296294
0 0.4703125 0.11296296296296296 0.026041666666666668 0.046296296296296294
0 0.4822916666666667 0.12222222222222222 0.026041666666666668 0.046296296296296294
0 0.4713541666666667 0.13055555555555556 0.026041666666666668 0.046296296296296294
0 0.4901041666666667 0.12962962962962962 0.026041666666666668 0.046296296296296294
0 0.4505208333333333 0.13333333333333333 0.026041666666666668 0.046296296296296294
0 0.4583333333333333 0.13425925925925927 0.026041666666666668 0.046296296296296294
0 0.46197916666666666 0.13425925925925927 0.026041666666666668 0.046296296296296294
0 0.4786458333333333 0.1361111111111111 0.026041666666666668 0.046296296296296294
0 0.4864583333333333 0.13796296296296295 0.026041666666666668 0.046296296296296294
0 0.4421875 0.14537037037037037 0.026041666666666668 0.046296296296296294
0 0.4375 0.1537037037037037 0.026041666666666668 0.046296296296296294
0 0.4510416666666667 0.1527777777777778 0.026041666666666668 0.046296296296296294
0 0.4661458333333333 0.1537037037037037 0.026041666666666668 0.046296296296296294
0 0.4791666666666667 0.1527777777777778 0.026041666666666668 0.046296296296296294
0 0.4375 0.16111111111111112 0.026041666666666668 0.046296296296296294
0 0.48541666666666666 0.15925925925925927 0.026041666666666668 0.046296296296296294
0 0.465625 0.1685185185185185 0.026041666666666668 0.046296296296296294
0 0.43020833333333336 0.22777777777777777 0.026041666666666668 0.046296296296296294
0 0.43697916666666664 0.22962962962962963 0.026041666666666668 0.046296296296296294
0 0.4859375 0.22962962962962963 0.026041666666666668 0.046296296296296294
0 0.5078125 0.22962962962962963 0.026041666666666668 0.046296296296296294
0 0.46875 0.2388888888888889 0.026041666666666668 0.046296296296296294
0 0.5026041666666666 0.23796296296296296 0.026041666666666668 0.046296296296296294
0 0.48385416666666664 0.24074074074074073 0.026041666666666668 0.046296296296296294
0 0.5072916666666667 0.24814814814814815 0.026041666666666668 0.046296296296296294
0 0.49166666666666664 0.2601851851851852 0.026041666666666668 0.046296296296296294
0 0.4942708333333333 0.27037037037037037 0.026041666666666668 0.046296296296296294
0 0.46822916666666664 0.2759259259259259 0.026041666666666668 0.046296296296296294
0 0.4734375 0.27870370370370373 0.026041666666666668 0.046296296296296294
0 0.5026041666666666 0.27870370370370373 0.026041666666666668 0.046296296296296294
0 0.49114583333333334 0.2861111111111111 0.026041666666666668 0.046296296296296294
0 0.5494791666666666 0.2861111111111111 0.026041666666666668 0.046296296296296294
0 0.4609375 0.2962962962962963 0.026041666666666668 0.046296296296296294
0 0.4166666666666667 0.30185185185185187 0.026041666666666668 0.046296296296296294
0 0.5151041666666667 0.30277777777777776 0.026041666666666668 0.046296296296296294
0 0.4348958333333333 0.3055555555555556 0.026041666666666668 0.046296296296296294
0 0.45 0.3074074074074074 0.026041666666666668 0.046296296296296294
0 0.4166666666666667 0.31666666666666665 0.026041666666666668 0.046296296296296294
0 0.453125 0.3175925925925926 0.026041666666666668 0.046296296296296294
0 0.528125 0.31574074074074077 0.026041666666666668 0.046296296296296294
0 0.4317708333333333 0.32314814814814813 0.026041666666666668 0.046296296296296294
0 0.44427083333333334 0.32314814814814813 0.026041666666666668 0.046296296296296294
0 0.48541666666666666 0.32407407407407407 0.026041666666666668 0.046296296296296294
0 0.5083333333333333 0.32685185185185184 0.026041666666666668 0.046296296296296294
0 0.415625 0.33055555555555555 0.026041666666666668 0.046296296296296294
4 0.42604166666666665 0.337037037037037 0.026041666666666668 0.046296296296296294
0 0.45729166666666665 0.33055555555555555 0.026041666666666668 0.046296296296296294
4 0.46927083333333336 0.33425925925925926 0.026041666666666668 0.046296296296296294
4 0.5239583333333333 0.3333333333333333 0.026041666666666668 0.046296296296296294
4 0.4953125 0.3388888888888889 0.026041666666666668 0.046296296296296294
4 0.5166666666666667 0.3398148148148148 0.026041666666666668 0.046296296296296294
4 0.378125 0.34814814814814815 0.026041666666666668 0.046296296296296294
4 0.4088541666666667 0.3490740740740741 0.026041666666666668 0.046296296296296294
4 0.4484375 0.34814814814814815 0.026041666666666668 0.046296296296296294
4 0.48333333333333334 0.34814814814814815 0.026041666666666668 0.046296296296296294
4 0.5125 0.34814814814814815 0.026041666666666668 0.046296296296296294
4 0.37395833333333334 0.35462962962962963 0.026041666666666668 0.046296296296296294
4 0.4197916666666667 0.35555555555555557 0.026041666666666668 0.046296296296296294
4 0.44427083333333334 0.35555555555555557 0.026041666666666668 0.046296296296296294
4 0.465625 0.3537037037037037 0.026041666666666668 0.046296296296296294
4 0.5052083333333334 0.35462962962962963 0.026041666666666668 0.046296296296296294
4 0.5239583333333333 0.35555555555555557 0.026041666666666668 0.046296296296296294
4 0.37447916666666664 0.362962962962963 0.026041666666666668 0.046296296296296294
4 0.39010416666666664 0.3638888888888889 0.026041666666666668 0.046296296296296294
4 0.4036458333333333 0.3648148148148148 0.026041666666666668 0.046296296296296294
4 0.47760416666666666 0.3648148148148148 0.026041666666666668 0.046296296296296294
4 0.49895833333333334 0.3712962962962963 0.026041666666666668 0.046296296296296294
3 0.6796875 0.3712962962962963 0.026041666666666668 0.046296296296296294
4 0.39895833333333336 0.3787037037037037 0.026041666666666668 0.046296296296296294
4 0.4078125 0.37777777777777777 0.026041666666666668 0.046296296296296294
4 0.4161458333333333 0.37777777777777777 0.026041666666666668 0.046296296296296294
4 0.5114583333333333 0.3768518518518518 0.026041666666666668 0.046296296296296294
4 0.6505208333333333 0.37777777777777777 0.026041666666666668 0.046296296296296294
2 0.2078125 0.3814814814814815 0.026041666666666668 0.046296296296296294
4 0.4197916666666667 0.3861111111111111 0.026041666666666668 0.046296296296296294
4 0.4609375 0.387037037037037 0.026041666666666668 0.046296296296296294
4 0.49895833333333334 0.387037037037037 0.026041666666666668 0.046296296296296294
4 0.6552083333333333 0.39444444444444443 0.026041666666666668 0.046296296296296294
2 0.203125 0.4009259259259259 0.026041666666666668 0.046296296296296294
4 0.4666666666666667 0.4009259259259259 0.026041666666666668 0.046296296296296294
4 0.5114583333333333 0.4027777777777778 0.026041666666666668 0.046296296296296294
2 0.190625 0.4083333333333333 0.026041666666666668 0.046296296296296294
4 0.4828125 0.41759259259259257 0.026041666666666668 0.046296296296296294
4 0.5197916666666667 0.41759259259259257 0.026041666666666668 0.046296296296296294
4 0.6536458333333334 0.41759259259259257 0.026041666666666668 0.046296296296296294
4 0.37395833333333334 0.425 0.026041666666666668 0.046296296296296294
4 0.5119791666666667 0.42592592592592593 0.026041666666666668 0.046296296296296294
4 0.45416666666666666 0.43333333333333335 0.026041666666666668 0.046296296296296294
4 0.48802083333333335 0.4324074074074074 0.026041666666666668 0.046296296296296294
4 0.49895833333333334 0.43333333333333335 0.026041666666666668 0.046296296296296294
4 0.5125 0.45 0.026041666666666668 0.046296296296296294
3 0.7078125 0.44814814814814813 0.026041666666666668 0.046296296296296294
4 0.4453125 0.45555555555555555 0.026041666666666668 0.046296296296296294
4 0.5255208333333333 0.45740740740740743 0.026041666666666668 0.046296296296296294
3 0.6692708333333334 0.4537037037037037 0.026041666666666668 0.046296296296296294
4 0.42916666666666664 0.4648148148148148 0.026041666666666668 0.046296296296296294
4 0.5036458333333333 0.4648148148148148 0.026041666666666668 0.046296296296296294
3 0.6895833333333333 0.4648148148148148 0.026041666666666668 0.046296296296296294
3 0.684375 0.4759259259259259 0.026041666666666668 0.046296296296296294
4 0.39895833333333336 0.4888888888888889 0.026041666666666668 0.046296296296296294
4 0.425 0.4898148148148148 0.026041666666666668 0.046296296296296294
4 0.44479166666666664 0.48518518518518516 0.026041666666666668 0.046296296296296294
4 0.5239583333333333 0.4861111111111111 0.026041666666666668 0.046296296296296294
4 0.5619791666666667 0.4842592592592593 0.026041666666666668 0.046296296296296294
4 0.5786458333333333 0.487962962962963 0.026041666666666668 0.046296296296296294
4 0.6036458333333333 0.487962962962963 0.026041666666666668 0.046296296296296294
3 0.6875 0.49537037037037035 0.026041666666666668 0.046296296296296294
4 0.4765625 0.5018518518518519 0.026041666666666668 0.046296296296296294
4 0.5239583333333333 0.5175925925925926 0.026041666666666668 0.046296296296296294
3 0.6864583333333333 0.5185185185185185 0.026041666666666668 0.046296296296296294
4 0.490625 0.524074074074074 0.026041666666666668 0.046296296296296294
4 0.5885416666666666 0.525 0.026041666666666668 0.046296296296296294
4 0.6640625 0.5277777777777778 0.026041666666666668 0.046296296296296294
3 0.7526041666666666 0.5222222222222223 0.026041666666666668 0.046296296296296294
4 0.43645833333333334 0.5342592592592592 0.026041666666666668 0.046296296296296294
4 0.5401041666666667 0.5416666666666666 0.026041666666666668 0.046296296296296294
4 0.5661458333333333 0.5425925925925926 0.026041666666666668 0.046296296296296294
3 0.7229166666666667 0.5333333333333333 0.026041666666666668 0.046296296296296294
4 0.5953125 0.5472222222222223 0.026041666666666668 0.046296296296296294
3 0.7364583333333333 0.5694444444444444 0.026041666666666668 0.046296296296296294
4 0.634375 0.5703703703703704 0.026041666666666668 0.046296296296296294
3 0.7651041666666667 0.5814814814814815 0.026041666666666668 0.046296296296296294
3 0.740625 0.6111111111111112 0.026041666666666668 0.046296296296296294
3 0.7703125 0.6212962962962963 0.026041666666666668 0.046296296296296294
3 0.7619791666666667 0.6259259259259259 0.026041666666666668 0.046296296296296294
4 0.6458333333333334 0.6657407407407407 0.026041666666666668 0.046296296296296294
3 0.7739583333333333 0.6638888888888889 0.026041666666666668 0.046296296296296294
2 0.20520833333333333 0.6648148148148149 0.026041666666666668 0.046296296296296294
1 0.7791666666666667 0.6962962962962963 0.026041666666666668 0.046296296296296294
1 0.5369791666666667 0.700925925925926 0.026041666666666668 0.046296296296296294
1 0.0390625 0.7351851851851852 0.026041666666666668 0.046296296296296294
1 0.884375 0.7444444444444445 0.026041666666666668 0.046296296296296294
1 0.7614583333333333 0.8388888888888889 0.026041666666666668 0.046296296296296294
1 0.825 0.8388888888888889 0.026041666666666668 0.046296296296296294
1 0.9755208333333333 0.8398148148148148 0.026041666666666668 0.046296296296296294
1 0.8255208333333334 0.862037037037037 0.026041666666666668 0.046296296296296294
1 0.9958333333333333 0.8592592592592593 0.026041666666666668 0.046296296296296294
1 0.8171875 0.9185185185185185 0.026041666666666668 0.046296296296296294
1 0.9729166666666667 0.9416666666666667 0.026041666666666668 0.046296296296296294
1 0.29010416666666666 0.9833333333333333 0.026041666666666668 0.046296296296296294
1 0.8739583333333333 0.8277777777777777 0.026041666666666668 0.046296296296296294
3 0.69375 0.6370370370370371 0.026041666666666668 0.046296296296296294
1 0.665625 0.7018518518518518 0.026041666666666668 0.046296296296296294
1 0.48541666666666666 0.7537037037037037 0.026041666666666668 0.046296296296296294
4 0.40625 0.6 0.026041666666666668 0.046296296296296294
4 0.39375 0.5222222222222223 0.026041666666666668 0.046296296296296294
4 0.3802083333333333 0.5148148148148148 0.026041666666666668 0.046296296296296294
4 0.4739583333333333 0.5555555555555556 0.026041666666666668 0.046296296296296294
2 0.221875 0.48703703703703705 0.026041666666666668 0.046296296296296294
2 0.16770833333333332 0.42962962962962964 0.026041666666666668 0.046296296296296294
0 0.6895833333333333 0.28888888888888886 0.026041666666666668 0.046296296296296294
4 0.63125 0.4962962962962963 0.026041666666666668 0.046296296296296294
4 0.6239583333333333 0.5481481481481482 0.026041666666666668 0.046296296296296294
