0 0.4786458333333333 0.09722222222222222 0.026041666666666668 0.046296296296296294
0 0.4744791666666667 0.10648148148148148 0.026041666666666668 0.046296296296296294
0 0.48333333333333334 0.10555555555555556 0.026041666666666668 0.046296296296296294
0 0.46875 0.11296296296296296 0.026041666666666668 0.046296296296296294
0 0.4822916666666667 0.12314814814814815 0.026041666666666668 0.046296296296296294
0 0.440625 0.125 0.026041666666666668 0.046296296296296294
0 0.4713541666666667 0.12685185185185185 0.026041666666666668 0.046296296296296294
0 0.490625 0.13055555555555556 0.026041666666666668 0.046296296296296294
0 0.45416666666666666 0.13148148148148148 0.026041666666666668 0.046296296296296294
0 0.465625 0.1388888888888889 0.026041666666666668 0.046296296296296294
0 0.440625 0.14351851851851852 0.026041666666666668 0.046296296296296294
0 0.4578125 0.14537037037037037 0.026041666666666668 0.046296296296296294
0 0.4744791666666667 0.14537037037037037 0.026041666666666668 0.046296296296296294
0 0.4354166666666667 0.15555555555555556 0.026041666666666668 0.046296296296296294
0 0.44895833333333335 0.15092592592592594 0.026041666666666668 0.046296296296296294
0 0.475 0.15833333333333333 0.026041666666666668 0.046296296296296294
0 0.4953125 0.16666666666666666 0.026041666666666668 0.046296296296296294
0 0.4578125 0.17685185185185184 0.026041666666666668 0.046296296296296294
0 0.48333333333333334 0.17592592592592593 0.026041666666666668 0.046296296296296294
0 0.440625 0.18425925925925926 0.026041666666666668 0.046296296296296294
0 0.45260416666666664 0.18518518518518517 0.026041666666666668 0.046296296296296294
0 0.4578125 0.19166666666666668 0.026041666666666668 0.046296296296296294
0 0.49895833333333334 0.2 0.026041666666666668 0.046296296296296294
0 0.4421875 0.21574074074074073 0.026041666666666668 0.046296296296296294
0 0.44947916666666665 0.22407407407407406 0.026041666666666668 0.046296296296296294
0 0.5109375 0.2222222222222222 0.026041666666666668 0.046296296296296294
0 0.4166666666666667 0.23148148148148148 0.026041666666666668 0.046296296296296294
0 0.4328125 0.23148148148148148 0.026041666666666668 0.046296296296296294
0 0.490625 0.23425925925925925 0.026041666666666668 0.046296296296296294
0 0.43697916666666664 0.24259259259259258 0.026041666666666668 0.046296296296296294
0 0.5010416666666667 0.2388888888888889 0.026041666666666668 0.046296296296296294
0 0.4609375 0.24444444444444444 0.026041666666666668 0.046296296296296294
0 0.4869791666666667 0.2462962962962963 0.026041666666666668 0.046296296296296294
0 0.4953125 0.2462962962962963 0.026041666666666668 0.046296296296296294
0 0.453125 0.25462962962962965 0.026041666666666668 0.046296296296296294
0 0.46979166666666666 0.2490740740740741 0.026041666666666668 0.046296296296296294
0 0.478125 0.25092592592592594 0.026041666666666668 0.046296296296296294
0 0.415625 0.2611111111111111 0.026041666666666668 0.046296296296296294
0 0.44947916666666665 0.26296296296296295 0.026041666666666668 0.046296296296296294
0 0.4828125 0.262037037037037 0.026041666666666668 0.046296296296296294
0 0.45416666666666666 0.2712962962962963 0.026041666666666668 0.046296296296296294
0 0.46145833333333336 0.26944444444444443 0.026041666666666668 0.046296296296296294
0 0.47552083333333334 0.26851851851851855 0.026041666666666668 0.046296296296296294
0 0.4479166666666667 0.2777777777777778 0.026041666666666668 0.046296296296296294
0 0.428125 0.28425925925925927 0.026041666666666668 0.046296296296296294
0 0.4630208333333333 0.28425925925925927 0.026041666666666668 0.046296296296296294
0 0.46927083333333336 0.2851851851851852 0.026041666666666668 0.046296296296296294
0 0.5322916666666667 0.2824074074074074 0.026041666666666668 0.046296296296296294
0 0.5421875 0.2935185185185185 0.026041666666666668 0.046296296296296294
0 0.43802083333333336 0.30833333333333335 0.026041666666666668 0.046296296296296294
0 0.45625 0.3101851851851852 0.026041666666666668 0.046296296296296294
0 0.49947916666666664 0.30833333333333335 0.026041666666666668 0.046296296296296294
0 0.5072916666666667 0.30925925925925923 0.026041666666666668 0.046296296296296294
0 0.4453125 0.31574074074074077 0.026041666666666668 0.046296296296296294
0 0.478125 0.31666666666666665 0.026041666666666668 0.046296296296296294
4 0.43697916666666664 0.3333333333333333 0.026041666666666668 0.046296296296296294
0 0.45260416666666664 0.33240740740740743 0.026041666666666668 0.046296296296296294
4 0.4744791666666667 0.33425925925925926 0.026041666666666668 0.046296296296296294
0 0.5083333333333333 0.3314814814814815 0.026041666666666668 0.046296296296296294
4 0.41510416666666666 0.3490740740740741 0.026041666666666668 0.046296296296296294
4 0.4744791666666667 0.3490740740740741 0.026041666666666668 0.046296296296296294
4 0.5119791666666667 0.34814814814814815 0.026041666666666668 0.046296296296296294
4 0.39947916666666666 0.35555555555555557 0.026041666666666668 0.046296296296296294
4 0.415625 0.35833333333333334 0.026041666666666668 0.046296296296296294
4 0.5072916666666667 0.37222222222222223 0.026041666666666668 0.046296296296296294
4 0.3984375 0.3787037037037037 0.026041666666666668 0.046296296296296294
4 0.3921875 0.387037037037037 0.026041666666666668 0.046296296296296294
4 0.4166666666666667 0.38333333333333336 0.026041666666666668 0.046296296296296294
4 0.4244791666666667 0.38425925925925924 0.026041666666666668 0.046296296296296294
4 0.4625 0.3925925925925926 0.026041666666666668 0.046296296296296294
4 0.4078125 0.4046296296296296 0.026041666666666668 0.046296296296296294
4 0.428125 0.40185185185185185 0.026041666666666668 0.046296296296296294
4 0.509375 0.4027777777777778 0.026041666666666668 0.046296296296296294
2 0.1875 0.4111111111111111 0.026041666666666668 0.046296296296296294
4 0.4005208333333333 0.41203703703703703 0.026041666666666668 0.046296296296296294
4 0.4510416666666667 0.4111111111111111 0.026041666666666668 0.046296296296296294
2 0.16614583333333333 0.41759259259259257 0.026041666666666668 0.046296296296296294
4 0.39166666666666666 0.4166666666666667 0.026041666666666668 0.046296296296296294
4 0.4375 0.41759259259259257 0.026041666666666668 0.046296296296296294
4 0.5041666666666667 0.41759259259259257 0.026041666666666668 0.046296296296296294
4 0.5135416666666667 0.4185185185185185 0.026041666666666668 0.046296296296296294
4 0.653125 0.42592592592592593 0.026041666666666668 0.046296296296296294
3 0.6703125 0.42407407407407405 0.026041666666666668 0.046296296296296294
4 0.4197916666666667 0.4398148148148148 0.026041666666666668 0.046296296296296294
4 0.5161458333333333 0.4425925925925926 0.026041666666666668 0.046296296296296294
3 0.6692708333333334 0.4361111111111111 0.026041666666666668 0.046296296296296294
4 0.37864583333333335 0.45185185185185184 0.026041666666666668 0.046296296296296294
4 0.40260416666666665 0.44907407407407407 0.026041666666666668 0.046296296296296294
3 0.6770833333333334 0.44722222222222224 0.026041666666666668 0.046296296296296294
3 0.7119791666666667 0.45 0.026041666666666668 0.046296296296296294
4 0.4114583333333333 0.4583333333333333 0.026041666666666668 0.046296296296296294
4 0.5098958333333333 0.4638888888888889 0.026041666666666668 0.046296296296296294
3 0.690625 0.4648148148148148 0.026041666666666668 0.046296296296296294
4 0.45260416666666664 0.4740740740740741 0.026041666666666668 0.046296296296296294
4 0.3859375 0.48148148148148145 0.026041666666666668 0.046296296296296294
4 0.47552083333333334 0.4740740740740741 0.026041666666666668 0.046296296296296294
4 0.53125 0.4777777777777778 0.026041666666666668 0.046296296296296294
4 0.6359375 0.47962962962962963 0.026041666666666668 0.046296296296296294
3 0.6786458333333333 0.4777777777777778 0.026041666666666668 0.046296296296296294
4 0.6541666666666667 0.4861111111111111 0.026041666666666668 0.046296296296296294
3 0.6708333333333333 0.4898148148148148 0.026041666666666668 0.046296296296296294
3 0.7041666666666667 0.4888888888888889 0.026041666666666668 0.046296296296296294
4 0.6166666666666667 0.49444444444444446 0.026041666666666668 0.046296296296296294
3 0.6958333333333333 0.4962962962962963 0.026041666666666668 0.046296296296296294
4 0.39479166666666665 0.5046296296296297 0.026041666666666668 0.046296296296296294
4 0.6286458333333333 0.5037037037037037 0.026041666666666668 0.046296296296296294
4 0.3796875 0.5092592592592593 0.026041666666666668 0.046296296296296294
4 0.3875 0.5120370370370371 0.026041666666666668 0.046296296296296294
3 0.7036458333333333 0.5138888888888888 0.026041666666666668 0.046296296296296294
3 0.7515625 0.5111111111111111 0.026041666666666668 0.046296296296296294
4 0.5197916666666667 0.5175925925925926 0.026041666666666668 0.046296296296296294
4 0.5359375 0.525 0.026041666666666668 0.046296296296296294
4 0.6651041666666667 0.5268518518518519 0.026041666666666668 0.046296296296296294
3 0.6984375 0.5268518518518519 0.026041666666666668 0.046296296296296294
4 0.5546875 0.5324074074074074 0.026041666666666668 0.046296296296296294
4 0.5770833333333333 0.5324074074074074 0.026041666666666668 0.046296296296296294
3 0.7229166666666667 0.5333333333333333 0.026041666666666668 0.046296296296296294
4 0.390625 0.5398148148148149 0.026041666666666668 0.046296296296296294
4 0.6166666666666667 0.5444444444444444 0.026041666666666668 0.046296296296296294
4 0.4359375 0.5472222222222223 0.026041666666666668 0.046296296296296294
4 0.5578125 0.5453703703703704 0.026041666666666668 0.046296296296296294
4 0.38645833333333335 0.5592592592592592 0.026041666666666668 0.046296296296296294
4 0.4119791666666667 0.562037037037037 0.026041666666666668 0.046296296296296294
4 0.49583333333333335 0.5648148148148148 0.026041666666666668 0.046296296296296294
3 0.7364583333333333 0.562037037037037 0.026041666666666668 0.046296296296296294
4 0.5703125 0.5722222222222222 0.026041666666666668 0.046296296296296294
4 0.64375 0.5712962962962963 0.026041666666666668 0.046296296296296294
3 0.7671875 0.5898148148148148 0.026041666666666668 0.046296296296296294
4 0.5953125 0.5944444444444444 0.026041666666666668 0.046296296296296294
3 0.75 0.6175925925925926 0.026041666666666668 0.046296296296296294
1 0.6578125 0.7027777777777777 0.026041666666666668 0.046296296296296294
1 0.8864583333333333 0.7416666666666667 0.026041666666666668 0.046296296296296294
1 0.8895833333333333 0.7981481481481482 0.026041666666666668 0.046296296296296294
1 0.9671875 0.8148148148148148 0.026041666666666668 0.046296296296296294
1 0.5760416666666667 0.8185185185185185 0.026041666666666668 0.046296296296296294
1 0.825 0.8388888888888889 0.026041666666666668 0.046296296296296294
1 0.37395833333333334 0.8685185185185185 0.026041666666666668 0.046296296296296294
1 0.9317708333333333 0.8731481481481481 0.026041666666666668 0.046296296296296294
1 0.7614583333333333 0.8870370370370371 0.026041666666666668 0.046296296296296294
1 0.71875 0.899074074074074 0.026041666666666668 0.046296296296296294
1 0.8255208333333334 0.9194444444444444 0.026041666666666668 0.046296296296296294
1 0.40729166666666666 0.9407407407407408 0.026041666666666668 0.046296296296296294
1 0.5369791666666667 0.9694444444444444 0.026041666666666668 0.046296296296296294
1 0.5890625 0.9972222222222222 0.026041666666666668 0.046296296296296294
1 0.365625 0.9388888888888889 0.026041666666666668 0.046296296296296294
1 0.746875 0.674074074074074 0.026041666666666668 0.046296296296296294
0 0.6864583333333333 0.30925925925925923 0.026041666666666668 0.046296296296296294
4 0.41875 0.5370370370370371 0.026041666666666668 0.046296296296296294
4 0.5197916666666667 0.4925925925925926 0.026041666666666668 0.046296296296296294
3 0.6885416666666667 0.6074074074074074 0.026041666666666668 0.046296296296296294
4 0.5958333333333333 0.48703703703703705 0.026041666666666668 0.046296296296296294
4 0.6208333333333333 0.5259259259259259 0.026041666666666668 0.046296296296296294
