0 0.4817708333333333 0.09722222222222222 0.026041666666666668 0.046296296296296294
0 0.478125 0.12037037037037036 0.026041666666666668 0.046296296296296294
0 0.490625 0.12962962962962962 0.026041666666666668 0.046296296296296294
0 0.44947916666666665 0.13425925925925927 0.026041666666666668 0.046296296296296294
0 0.46197916666666666 0.13703703703703704 0.026041666666666668 0.046296296296296294
0 0.44114583333333335 0.14351851851851852 0.026041666666666668 0.046296296296296294
0 0.4708333333333333 0.14537037037037037 0.026041666666666668 0.046296296296296294
0 0.478125 0.14444444444444443 0.026041666666666668 0.046296296296296294
0 0.4901041666666667 0.14722222222222223 0.026041666666666668 0.046296296296296294
0 0.43802083333333336 0.15462962962962962 0.026041666666666668 0.046296296296296294
0 0.44635416666666666 0.1537037037037037 0.026041666666666668 0.046296296296296294
0 0.45416666666666666 0.1527777777777778 0.026041666666666668 0.046296296296296294
0 0.46145833333333336 0.1527777777777778 0.026041666666666668 0.046296296296296294
0 0.4817708333333333 0.1527777777777778 0.026041666666666668 0.046296296296296294
0 0.46927083333333336 0.16018518518518518 0.026041666666666668 0.046296296296296294
0 0.4953125 0.1675925925925926 0.026041666666666668 0.046296296296296294
0 0.4328125 0.17592592592592593 0.026041666666666668 0.046296296296296294
0 0.46979166666666666 0.17314814814814813 0.026041666666666668 0.046296296296296294
0 0.4744791666666667 0.17685185185185184 0.026041666666666668 0.046296296296296294
0 0.4817708333333333 0.175 0.026041666666666668 0.046296296296296294
0 0.428125 0.18611111111111112 0.026041666666666668 0.046296296296296294
0 0.47760416666666666 0.19074074074074074 0.026041666666666668 0.046296296296296294
0 0.49635416666666665 0.18981481481481483 0.026041666666666668 0.046296296296296294
0 0.5041666666666667 0.20092592592592592 0.026041666666666668 0.046296296296296294
0 0.4786458333333333 0.2037037037037037 0.026041666666666668 0.046296296296296294
0 0.49114583333333334 0.2064814814814815 0.026041666666666668 0.046296296296296294
0 0.415625 0.23055555555555557 0.026041666666666668 0.046296296296296294
0 0.5161458333333333 0.23148148148148148 0.026041666666666668 0.046296296296296294
0 0.43333333333333335 0.24444444444444444 0.026041666666666668 0.046296296296296294
0 0.4421875 0.25092592592592594 0.026041666666666668 0.046296296296296294
0 0.478125 0.2518518518518518 0.026041666666666668 0.046296296296296294
0 0.5151041666666667 0.25925925925925924 0.026041666666666668 0.046296296296296294
0 0.4708333333333333 0.27037037037037037 0.026041666666666668 0.046296296296296294
0 0.4864583333333333 0.26851851851851855 0.026041666666666668 0.046296296296296294
0 0.4942708333333333 0.26851851851851855 0.026041666666666668 0.046296296296296294
0 0.49583333333333335 0.27685185185185185 0.026041666666666668 0.046296296296296294
0 0.5041666666666667 0.27870370370370373 0.026041666666666668 0.046296296296296294
0 0.5458333333333333 0.28425925925925927 0.026041666666666668 0.046296296296296294
0 0.6947916666666667 0.2851851851851852 0.026041666666666668 0.046296296296296294
0 0.4328125 0.29444444444444445 0.026041666666666668 0.046296296296296294
0 0.4786458333333333 0.3 0.026041666666666668 0.046296296296296294
0 0.42864583333333334 0.3111111111111111 0.026041666666666668 0.046296296296296294
0 0.4578125 0.30925925925925923 0.026041666666666668 0.046296296296296294
0 0.515625 0.3074074074074074 0.026041666666666668 0.046296296296296294
0 0.5239583333333333 0.31574074074074077 0.026041666666666668 0.046296296296296294
0 0.5072916666666667 0.32592592592592595 0.026041666666666668 0.046296296296296294
0 0.44427083333333334 0.3296296296296296 0.026041666666666668 0.046296296296296294
0 0.45677083333333335 0.3314814814814815 0.026041666666666668 0.046296296296296294
4 0.41510416666666666 0.3472222222222222 0.026041666666666668 0.046296296296296294
4 0.4505208333333333 0.3509259259259259 0.026041666666666668 0.046296296296296294
4 0.5192708333333333 0.3472222222222222 0.026041666666666668 0.046296296296296294
4 0.39114583333333336 0.35555555555555557 0.026041666666666668 0.046296296296296294
4 0.4036458333333333 0.35648148148148145 0.026041666666666668 0.046296296296296294
4 0.3703125 0.3638888888888889 0.026041666666666668 0.046296296296296294
4 0.4166666666666667 0.3611111111111111 0.026041666666666668 0.046296296296296294
4 0.4197916666666667 0.36018518518518516 0.026041666666666668 0.046296296296296294
4 0.4953125 0.3638888888888889 0.026041666666666668 0.046296296296296294
4 0.5083333333333333 0.362962962962963 0.026041666666666668 0.046296296296296294
4 0.5255208333333333 0.3638888888888889 0.026041666666666668 0.046296296296296294
4 0.403125 0.37222222222222223 0.026041666666666668 0.046296296296296294
4 0.4375 0.37037037037037035 0.026041666666666668 0.046296296296296294
3 0.6786458333333333 0.3675925925925926 0.026041666666666668 0.046296296296296294
4 0.5135416666666667 0.37777777777777777 0.026041666666666668 0.046296296296296294
4 0.39895833333333336 0.38796296296296295 0.026041666666666668 0.046296296296296294
4 0.6494791666666667 0.3851851851851852 0.026041666666666668 0.046296296296296294
4 0.3854166666666667 0.39351851851851855 0.026041666666666668 0.046296296296296294
4 0.5078125 0.39537037037037037 0.026041666666666668 0.046296296296296294
4 0.37447916666666664 0.4027777777777778 0.026041666666666668 0.046296296296296294
4 0.5161458333333333 0.4027777777777778 0.026041666666666668 0.046296296296296294
2 0.17447916666666666 0.4101851851851852 0.026041666666666668 0.046296296296296294
4 0.49895833333333334 0.4166666666666667 0.026041666666666668 0.046296296296296294
4 0.5125 0.425 0.026041666666666668 0.046296296296296294
2 0.21979166666666666 0.4324074074074074 0.026041666666666668 0.046296296296296294
4 0.3859375 0.43333333333333335 0.026041666666666668 0.046296296296296294
4 0.6526041666666667 0.4287037037037037 0.026041666666666668 0.046296296296296294
3 0.7067708333333333 0.43796296296296294 0.026041666666666668 0.046296296296296294
4 0.41354166666666664 0.4462962962962963 0.026041666666666668 0.046296296296296294
4 0.5197916666666667 0.44907407407407407 0.026041666666666668 0.046296296296296294
4 0.525 0.45092592592592595 0.026041666666666668 0.046296296296296294
4 0.5197916666666667 0.4583333333333333 0.026041666666666668 0.046296296296296294
4 0.6598958333333333 0.45092592592592595 0.026041666666666668 0.046296296296296294
4 0.44375 0.47685185185185186 0.026041666666666668 0.046296296296296294
4 0.44947916666666665 0.48148148148148145 0.026041666666666668 0.046296296296296294
4 0.47708333333333336 0.475 0.026041666666666668 0.046296296296296294
4 0.515625 0.48148148148148145 0.026041666666666668 0.046296296296296294
4 0.6286458333333333 0.47962962962962963 0.026041666666666668 0.046296296296296294
3 0.6729166666666667 0.4787037037037037 0.026041666666666668 0.046296296296296294
3 0.6875 0.49444444444444446 0.026041666666666668 0.046296296296296294
4 0.5151041666666667 0.5037037037037037 0.026041666666666668 0.046296296296296294
4 0.5619791666666667 0.5018518518518519 0.026041666666666668 0.046296296296296294
4 0.5833333333333334 0.5027777777777778 0.026041666666666668 0.046296296296296294
3 0.7067708333333333 0.5046296296296297 0.026041666666666668 0.046296296296296294
4 0.44583333333333336 0.5101851851851852 0.026041666666666668 0.046296296296296294
3 0.6963541666666667 0.5120370370370371 0.026041666666666668 0.046296296296296294
2 0.14375 0.5074074074074074 0.026041666666666668 0.046296296296296294
4 0.47760416666666666 0.5148148148148148 0.026041666666666668 0.046296296296296294
4 0.4901041666666667 0.5157407407407407 0.026041666666666668 0.046296296296296294
4 0.5036458333333333 0.5203703703703704 0.026041666666666668 0.046296296296296294
4 0.5213541666666667 0.5166666666666667 0.026041666666666668 0.046296296296296294
4 0.6322916666666667 0.5175925925925926 0.026041666666666668 0.046296296296296294
3 0.6916666666666667 0.5203703703703704 0.026041666666666668 0.046296296296296294
4 0.6666666666666666 0.5268518518518519 0.026041666666666668 0.046296296296296294
4 0.4083333333333333 0.5342592592592592 0.026041666666666668 0.046296296296296294
4 0.5244791666666667 0.5342592592592592 0.026041666666666668 0.046296296296296294
3 0.7239583333333334 0.5361111111111111 0.026041666666666668 0.046296296296296294
4 0.665625 0.5592592592592592 0.026041666666666668 0.046296296296296294
3 0.7661458333333333 0.5583333333333333 0.026041666666666668 0.046296296296296294
3 0.7296875 0.5648148148148148 0.026041666666666668 0.046296296296296294
3 0.7572916666666667 0.5638888888888889 0.026041666666666668 0.046296296296296294
4 0.5989583333333334 0.5657407407407408 0.026041666666666668 0.046296296296296294
4 0.6536458333333334 0.5722222222222222 0.026041666666666668 0.046296296296296294
4 0.5442708333333334 0.5703703703703704 0.026041666666666668 0.046296296296296294
4 0.5786458333333333 0.5814814814814815 0.026041666666666668 0.046296296296296294
2 0.19947916666666668 0.5851851851851851 0.026041666666666668 0.046296296296296294
3 0.7411458333333333 0.6129629629629629 0.026041666666666668 0.046296296296296294
3 0.6942708333333333 0.6259259259259259 0.026041666666666668 0.046296296296296294
4 0.65 0.6361111111111111 0.026041666666666668 0.046296296296296294
2 0.17864583333333334 0.6444444444444445 0.026041666666666668 0.046296296296296294
4 0.6114583333333333 0.6574074074074074 0.026041666666666668 0.046296296296296294
3 0.7411458333333333 0.6611111111111111 0.026041666666666668 0.046296296296296294
2 0.21927083333333333 0.6620370370370371 0.026041666666666668 0.046296296296296294
4 0.42864583333333334 0.6638888888888889 0.026041666666666668 0.046296296296296294
1 0.1828125 0.6759259259259259 0.026041666666666668 0.046296296296296294
1 0.7010416666666667 0.6759259259259259 0.026041666666666668 0.046296296296296294
1 0.7776041666666667 0.6916666666666667 0.026041666666666668 0.046296296296296294
1 0.21197916666666666 0.7055555555555556 0.026041666666666668 0.046296296296296294
1 0.16197916666666667 0.7314814814814815 0.026041666666666668 0.046296296296296294
1 0.6020833333333333 0.7268518518518519 0.026041666666666668 0.046296296296296294
1 0.12916666666666668 0.7444444444444445 0.026041666666666668 0.046296296296296294
1 0.578125 0.7435185185185185 0.026041666666666668 0.046296296296296294
1 0.1546875 0.7620370370370371 0.026041666666666668 0.046296296296296294
1 0.8833333333333333 0.7425925925925926 0.026041666666666668 0.046296296296296294
1 0.6130208333333333 0.7861111111111111 0.026041666666666668 0.046296296296296294
1 0.5203125 0.8240740740740741 0.026041666666666668 0.046296296296296294
1 0.8276041666666667 0.8388888888888889 0.026041666666666668 0.046296296296296294
1 0.9770833333333333 0.8472222222222222 0.026041666666666668 0.046296296296296294
1 0.48541666666666666 0.8731481481481481 0.026041666666666668 0.046296296296296294
1 0.7833333333333333 0.8685185185185185 0.026041666666666668 0.046296296296296294
1 0.45364583333333336 0.9231481481481482 0.026041666666666668 0.046296296296296294
1 0.478125 0.9185185185185185 0.026041666666666668 0.046296296296296294
1 0.7208333333333333 0.9175925925925926 0.026041666666666668 0.046296296296296294
1 0.9708333333333333 0.9472222222222222 0.026041666666666668 0.046296296296296294
1 0.61875 0.9685185185185186 0.026041666666666668 0.046296296296296294
1 0.22291666666666668 0.7388888888888889 0.026041666666666668 0.046296296296296294
1 0.19270833333333334 0.7296296296296296 0.026041666666666668 0.046296296296296294
1 0.1375 0.7037037037037037 0.026041666666666668 0.046296296296296294
2 0.175 0.6 0.026041666666666668 0.046296296296296294
1 0.51875 0.687037037037037 0.026041666666666668 0.046296296296296294
1 0.7729166666666667 0.837037037037037 0.026041666666666668 0.046296296296296294
1 0.8302083333333333 0.8703703703703703 0.026041666666666668 0.046296296296296294
1 0.8697916666666666 0.8203703703703704 0.026041666666666668 0.046296296296296294
1 0.9958333333333333 0.8481481481481481 0.026041666666666668 0.046296296296296294
1 0.665625 0.6907407407407408 0.026041666666666668 0.046296296296296294
4 0.6208333333333333 0.5481481481481482 0.026041666666666668 0.046296296296296294
4 0.6125 0.5037037037037037 0.026041666666666668 0.046296296296296294
4 0.37395833333333334 0.46111111111111114 0.026041666666666668 0.046296296296296294
2 0.221875 0.45555555555555555 0.026041666666666668 0.046296296296296294
2 0.19583333333333333 0.40555555555555556 0.026041666666666668 0.046296296296296294
