0 0.4708333333333333 0.09444444444444444 0.026041666666666668 0.046296296296296294
0 0.4786458333333333 0.09814814814814815 0.026041666666666668 0.046296296296296294
0 0.4828125 0.12222222222222222 0.026041666666666668 0.046296296296296294
0 0.4703125 0.12962962962962962 0.026041666666666668 0.046296296296296294
0 0.4901041666666667 0.13055555555555556 0.026041666666666668 0.046296296296296294
0 0.4427083333333333 0.13148148148148148 0.026041666666666668 0.046296296296296294
0 0.45 0.13240740740740742 0.026041666666666668 0.046296296296296294
0 0.4546875 0.13240740740740742 0.026041666666666668 0.046296296296296294
0 0.4609375 0.1361111111111111 0.026041666666666668 0.046296296296296294
0 0.4744791666666667 0.14629629629629629 0.026041666666666668 0.046296296296296294
0 0.4630208333333333 0.15555555555555556 0.026041666666666668 0.046296296296296294
0 0.4640625 0.1675925925925926 0.026041666666666668 0.046296296296296294
0 0.4822916666666667 0.1685185185185185 0.026041666666666668 0.046296296296296294
0 0.5 0.16574074074074074 0.026041666666666668 0.046296296296296294
0 0.4328125 0.17407407407407408 0.026041666666666668 0.046296296296296294
0 0.43333333333333335 0.1824074074074074 0.026041666666666668 0.046296296296296294
0 0.45677083333333335 0.1814814814814815 0.026041666666666668 0.046296296296296294
0 0.4708333333333333 0.18425925925925926 0.026041666666666668 0.046296296296296294
0 0.475 0.19074074074074074 0.026041666666666668 0.046296296296296294
0 0.4828125 0.19166666666666668 0.026041666666666668 0.046296296296296294
0 0.5036458333333333 0.1925925925925926 0.026041666666666668 0.046296296296296294
0 0.4635416666666667 0.2 0.026041666666666668 0.046296296296296294
0 0.515625 0.2 0.026041666666666668 0.046296296296296294
0 0.4864583333333333 0.21388888888888888 0.026041666666666668 0.046296296296296294
0 0.46145833333333336 0.22037037037037038 0.026041666666666668 0.046296296296296294
0 0.5072916666666667 0.2324074074074074 0.026041666666666668 0.046296296296296294
0 0.428125 0.24444444444444444 0.026041666666666668 0.046296296296296294
0 0.453125 0.25555555555555554 0.026041666666666668 0.046296296296296294
0 0.4817708333333333 0.2537037037037037 0.026041666666666668 0.046296296296296294
0 0.5036458333333333 0.2537037037037037 0.026041666666666668 0.046296296296296294
0 0.4734375 0.2777777777777778 0.026041666666666668 0.046296296296296294
0 0.49166666666666664 0.27685185185185185 0.026041666666666668 0.046296296296296294
0 0.5119791666666667 0.27870370370370373 0.026041666666666668 0.046296296296296294
0 0.42083333333333334 0.2824074074074074 0.026041666666666668 0.046296296296296294
0 0.4354166666666667 0.28055555555555556 0.026041666666666668 0.046296296296296294
0 0.46197916666666666 0.28425925925925927 0.026041666666666668 0.046296296296296294
0 0.5036458333333333 0.2935185185185185 0.026041666666666668 0.046296296296296294
0 0.43697916666666664 0.29814814814814816 0.026041666666666668 0.046296296296296294
0 0.5151041666666667 0.3 0.026041666666666668 0.046296296296296294
0 0.44895833333333335 0.3101851851851852 0.026041666666666668 0.046296296296296294
0 0.47552083333333334 0.30648148148148147 0.026041666666666668 0.046296296296296294
0 0.4828125 0.3175925925925926 0.026041666666666668 0.046296296296296294
0 0.503125 0.31574074074074077 0.026041666666666668 0.046296296296296294
0 0.46979166666666666 0.32592592592592595 0.026041666666666668 0.046296296296296294
0 0.44947916666666665 0.3296296296296296 0.026041666666666668 0.046296296296296294
0 0.4578125 0.33240740740740743 0.026041666666666668 0.046296296296296294
0 0.5104166666666666 0.3314814814814815 0.026041666666666668 0.046296296296296294
4 0.4244791666666667 0.34074074074074073 0.026041666666666668 0.046296296296296294
4 0.3958333333333333 0.3472222222222222 0.026041666666666668 0.046296296296296294
4 0.375 0.35462962962962963 0.026041666666666668 0.046296296296296294
4 0.4479166666666667 0.3537037037037037 0.026041666666666668 0.046296296296296294
4 0.5078125 0.3712962962962963 0.026041666666666668 0.046296296296296294
4 0.5234375 0.37222222222222223 0.026041666666666668 0.046296296296296294
4 0.5328125 0.38796296296296295 0.026041666666666668 0.046296296296296294
4 0.49635416666666665 0.40185185185185185 0.026041666666666668 0.046296296296296294
2 0.19895833333333332 0.4083333333333333 0.026041666666666668 0.046296296296296294
2 0.21145833333333333 0.40925925925925927 0.026041666666666668 0.046296296296296294
4 0.6583333333333333 0.4083333333333333 0.026041666666666668 0.046296296296296294
3 0.6901041666666666 0.4111111111111111 0.026041666666666668 0.046296296296296294
2 0.17916666666666667 0.4166666666666667 0.026041666666666668 0.046296296296296294
4 0.6614583333333334 0.4324074074074074 0.026041666666666668 0.046296296296296294
4 0.5114583333333333 0.44166666666666665 0.026041666666666668 0.046296296296296294
3 0.7072916666666667 0.4398148148148148 0.026041666666666668 0.046296296296296294
4 0.4036458333333333 0.45 0.026041666666666668 0.046296296296296294
3 0.678125 0.45 0.026041666666666668 0.046296296296296294
4 0.6625 0.4564814814814815 0.026041666666666668 0.046296296296296294
4 0.5197916666666667 0.46574074074074073 0.026041666666666668 0.046296296296296294
4 0.4088541666666667 0.47962962962962963 0.026041666666666668 0.046296296296296294
4 0.5020833333333333 0.48703703703703705 0.026041666666666668 0.046296296296296294
4 0.6125 0.4861111111111111 0.026041666666666668 0.046296296296296294
4 0.6526041666666667 0.4861111111111111 0.026041666666666668 0.046296296296296294
4 0.5130208333333334 0.49722222222222223 0.026041666666666668 0.046296296296296294
4 0.6234375 0.5009259259259259 0.026041666666666668 0.046296296296296294
4 0.4375 0.5037037037037037 0.026041666666666668 0.046296296296296294
4 0.5119791666666667 0.512962962962963 0.026041666666666668 0.046296296296296294
3 0.7078125 0.5120370370370371 0.026041666666666668 0.046296296296296294
4 0.3796875 0.525 0.026041666666666668 0.046296296296296294
4 0.42864583333333334 0.5277777777777778 0.026041666666666668 0.046296296296296294
4 0.6328125 0.525 0.026041666666666668 0.046296296296296294
3 0.7223958333333333 0.5287037037037037 0.026041666666666668 0.046296296296296294
4 0.6072916666666667 0.5370370370370371 0.026041666666666668 0.046296296296296294
4 0.6302083333333334 0.5537037037037037 0.026041666666666668 0.046296296296296294
4 0.46145833333333336 0.5564814814814815 0.026041666666666668 0.046296296296296294
4 0.5255208333333333 0.5583333333333333 0.026041666666666668 0.046296296296296294
4 0.5697916666666667 0.5518518518518518 0.026041666666666668 0.046296296296296294
4 0.5526041666666667 0.5638888888888889 0.026041666666666668 0.046296296296296294
4 0.5921875 0.562037037037037 0.026041666666666668 0.046296296296296294
3 0.734375 0.5564814814814815 0.026041666666666668 0.046296296296296294
4 0.5078125 0.5722222222222222 0.026041666666666668 0.046296296296296294
3 0.7619791666666667 0.5777777777777777 0.026041666666666668 0.046296296296296294
4 0.6546875 0.587037037037037 0.026041666666666668 0.046296296296296294
3 0.74375 0.5861111111111111 0.026041666666666668 0.046296296296296294
4 0.4239583333333333 0.5990740740740741 0.026041666666666668 0.046296296296296294
3 0.7463541666666667 0.6268518518518519 0.026041666666666668 0.046296296296296294
4 0.5 0.6444444444444445 0.026041666666666668 0.046296296296296294
3 0.7125 0.6462962962962963 0.026041666666666668 0.046296296296296294
1 0.5109375 0.6712962962962963 0.026041666666666668 0.046296296296296294
1 0.578125 0.6722222222222223 0.026041666666666668 0.046296296296296294
1 0.703125 0.6694444444444444 0.026041666666666668 0.046296296296296294
1 0.7578125 0.6722222222222223 0.026041666666666668 0.046296296296296294
1 0.22916666666666666 0.7148148148148148 0.026041666666666668 0.046296296296296294
1 0.5276041666666667 0.7212962962962963 0.026041666666666668 0.046296296296296294
1 0.4739583333333333 0.7240740740740741 0.026041666666666668 0.046296296296296294
1 0.1890625 0.7379629629629629 0.026041666666666668 0.046296296296296294
1 0.884375 0.7462962962962963 0.026041666666666668 0.046296296296296294
1 0.5239583333333333 0.7620370370370371 0.026041666666666668 0.046296296296296294
1 0.9510416666666667 0.7851851851851852 0.026041666666666668 0.046296296296296294
1 0.5848958333333333 0.7888888888888889 0.026041666666666668 0.046296296296296294
1 0.5520833333333334 0.8009259259259259 0.026041666666666668 0.046296296296296294
1 0.6958333333333333 0.812962962962963 0.026041666666666668 0.046296296296296294
1 0.759375 0.8101851851851852 0.026041666666666668 0.046296296296296294
1 0.12447916666666667 0.825 0.026041666666666668 0.046296296296296294
1 0.3145833333333333 0.8324074074074074 0.026041666666666668 0.046296296296296294
1 0.8135416666666667 0.8638888888888889 0.026041666666666668 0.046296296296296294
1 0.2911458333333333 0.8981481481481481 0.026041666666666668 0.046296296296296294
1 0.9364583333333333 0.9175925925925926 0.026041666666666668 0.046296296296296294
1 0.48802083333333335 0.9555555555555556 0.026041666666666668 0.046296296296296294
2 0.209375 0.6166666666666667 0.026041666666666668 0.046296296296296294
1 0.17083333333333334 0.7925925925925926 0.026041666666666668 0.046296296296296294
1 0.1375 0.8944444444444445 0.026041666666666668 0.046296296296296294
1 0.3104166666666667 0.9611111111111111 0.026041666666666668 0.046296296296296294
1 0.43854166666666666 0.9314814814814815 0.026041666666666668 0.046296296296296294
1 0.4479166666666667 0.7685185185185185 0.026041666666666668 0.046296296296296294
4 0.3958333333333333 0.6666666666666666 0.026041666666666668 0.046296296296296294
1 0.41875 0.674074074074074 0.026041666666666668 0.046296296296296294
4 0.40729166666666666 0.5944444444444444 0.026041666666666668 0.046296296296296294
2 0.221875 0.46111111111111114 0.026041666666666668 0.046296296296296294
0 0.6885416666666667 0.2962962962962963 0.026041666666666668 0.046296296296296294
0 0.7052083333333333 0.31851851851851853 0.026041666666666668 0.046296296296296294
1 0.7864583333333334 0.6796296296296296 0.026041666666666668 0.046296296296296294
3 0.7625 0.6203703703703703 0.026041666666666668 0.046296296296296294
3 0.7770833333333333 0.562962962962963 0.026041666666666668 0.046296296296296294
1 0.8697916666666666 0.8277777777777777 0.026041666666666668 0.046296296296296294
1 0.8489583333333334 0.8240740740740741 0.026041666666666668 0.046296296296296294
1 0.8260416666666667 0.9314814814814815 0.026041666666666668 0.046296296296296294
1 0.9645833333333333 0.95 0.026041666666666668 0.046296296296296294
3 0.6822916666666666 0.6611111111111111 0.026041666666666668 0.046296296296296294
1 0.6739583333333333 0.6907407407407408 0.026041666666666668 0.046296296296296294
4 0.6354166666666666 0.662962962962963 0.026041666666666668 0.046296296296296294
1 0.7041666666666667 0.9555555555555556 0.026041666666666668 0.046296296296296294
1 0.4979166666666667 0.7277777777777777 0.026041666666666668 0.046296296296296294
4 0.496875 0.4537037037037037 0.026041666666666668 0.046296296296296294
4 0.46979166666666666 0.39444444444444443 0.026041666666666668 0.046296296296296294
4 0.38229166666666664 0.45925925925925926 0.026041666666666668 0.046296296296296294
