0 0.4708333333333333 0.09537037037037037 0.026041666666666668 0.046296296296296294
0 0.4875 0.09722222222222222 0.026041666666666668 0.046296296296296294
0 0.4708333333333333 0.10462962962962963 0.026041666666666668 0.046296296296296294
0 0.4828125 0.10555555555555556 0.026041666666666668 0.046296296296296294
0 0.49166666666666664 0.12314814814814815 0.026041666666666668 0.046296296296296294
0 0.4427083333333333 0.13240740740740742 0.026041666666666668 0.046296296296296294
0 0.4546875 0.13240740740740742 0.026041666666666668 0.046296296296296294
0 0.46197916666666666 0.13425925925925927 0.026041666666666668 0.046296296296296294
0 0.4703125 0.1361111111111111 0.026041666666666668 0.046296296296296294
0 0.4739583333333333 0.14629629629629629 0.026041666666666668 0.046296296296296294
0 0.43072916666666666 0.17314814814814813 0.026041666666666668 0.046296296296296294
0 0.49947916666666664 0.17407407407407408 0.026041666666666668 0.046296296296296294
0 0.49375 0.18333333333333332 0.026041666666666668 0.046296296296296294
0 0.5083333333333333 0.18425925925925926 0.026041666666666668 0.046296296296296294
0 0.4708333333333333 0.21481481481481482 0.026041666666666668 0.046296296296296294
0 0.49947916666666664 0.225 0.026041666666666668 0.046296296296296294
0 0.475 0.22777777777777777 0.026041666666666668 0.046296296296296294
0 0.4859375 0.22962962962962963 0.026041666666666668 0.046296296296296294
0 0.5078125 0.2388888888888889 0.026041666666666668 0.046296296296296294
0 0.4203125 0.24444444444444444 0.026041666666666668 0.046296296296296294
0 0.44947916666666665 0.2518518518518518 0.026041666666666668 0.046296296296296294
0 0.4786458333333333 0.2537037037037037 0.026041666666666668 0.046296296296296294
0 0.5161458333333333 0.2537037037037037 0.026041666666666668 0.046296296296296294
0 0.4953125 0.2638888888888889 0.026041666666666668 0.046296296296296294
0 0.45364583333333336 0.26851851851851855 0.026041666666666668 0.046296296296296294
0 0.490625 0.26944444444444443 0.026041666666666668 0.046296296296296294
0 0.5036458333333333 0.27037037037037037 0.026041666666666668 0.046296296296296294
0 0.5359375 0.26851851851851855 0.026041666666666668 0.046296296296296294
0 0.41770833333333335 0.2898148148148148 0.026041666666666668 0.046296296296296294
0 0.42239583333333336 0.2916666666666667 0.026041666666666668 0.046296296296296294
0 0.5276041666666667 0.29444444444444445 0.026041666666666668 0.046296296296296294
0 0.4484375 0.30092592592592593 0.026041666666666668 0.046296296296296294
0 0.4239583333333333 0.3055555555555556 0.026041666666666668 0.046296296296296294
0 0.4296875 0.3074074074074074 0.026041666666666668 0.046296296296296294
0 0.43645833333333334 0.30925925925925923 0.026041666666666668 0.046296296296296294
0 0.50625 0.30833333333333335 0.026041666666666668 0.046296296296296294
0 0.41770833333333335 0.31666666666666665 0.026041666666666668 0.046296296296296294
0 0.46875 0.3148148148148148 0.026041666666666668 0.046296296296296294
0 0.703125 0.3138888888888889 0.026041666666666668 0.046296296296296294
0 0.4869791666666667 0.32592592592592595 0.026041666666666668 0.046296296296296294
0 0.5380208333333333 0.325 0.026041666666666668 0.046296296296296294
0 0.434375 0.3296296296296296 0.026041666666666668 0.046296296296296294
0 0.5421875 0.3314814814814815 0.026041666666666668 0.046296296296296294
4 0.4166666666666667 0.34074074074074073 0.026041666666666668 0.046296296296296294
4 0.44895833333333335 0.33611111111111114 0.026041666666666668 0.046296296296296294
4 0.46197916666666666 0.337037037037037 0.026041666666666668 0.046296296296296294
4 0.46979166666666666 0.33796296296296297 0.026041666666666668 0.046296296296296294
4 0.5114583333333333 0.3398148148148148 0.026041666666666668 0.046296296296296294
4 0.3796875 0.34814814814814815 0.026041666666666668 0.046296296296296294
4 0.44427083333333334 0.3509259259259259 0.026041666666666668 0.046296296296296294
4 0.37447916666666664 0.35648148148148145 0.026041666666666668 0.046296296296296294
4 0.3875 0.3537037037037037 0.026041666666666668 0.046296296296296294
4 0.3953125 0.35555555555555557 0.026041666666666668 0.046296296296296294
4 0.4276041666666667 0.35462962962962963 0.026041666666666668 0.046296296296296294
4 0.49114583333333334 0.3527777777777778 0.026041666666666668 0.046296296296296294
4 0.5109375 0.3527777777777778 0.026041666666666668 0.046296296296296294
4 0.4328125 0.3638888888888889 0.026041666666666668 0.046296296296296294
4 0.4166666666666667 0.3731481481481482 0.026041666666666668 0.046296296296296294
4 0.5046875 0.37037037037037035 0.026041666666666668 0.046296296296296294
4 0.5208333333333334 0.3712962962962963 0.026041666666666668 0.046296296296296294
2 0.22083333333333333 0.3768518518518518 0.026041666666666668 0.046296296296296294
4 0.4046875 0.3787037037037037 0.026041666666666668 0.046296296296296294
2 0.19479166666666667 0.38425925925925924 0.026041666666666668 0.046296296296296294
4 0.515625 0.3907407407407407 0.026041666666666668 0.046296296296296294
4 0.38697916666666665 0.39444444444444443 0.026041666666666668 0.046296296296296294
4 0.4083333333333333 0.39537037037037037 0.026041666666666668 0.046296296296296294
3 0.7614583333333333 0.3925925925925926 0.026041666666666668 0.046296296296296294
4 0.42864583333333334 0.4009259259259259 0.026041666666666668 0.046296296296296294
4 0.6614583333333334 0.40185185185185185 0.026041666666666668 0.046296296296296294
2 0.17291666666666666 0.40925925925925927 0.026041666666666668 0.046296296296296294
2 0.19635416666666666 0.4074074074074074 0.026041666666666668 0.046296296296296294
2 0.20104166666666667 0.40925925925925927 0.026041666666666668 0.046296296296296294
4 0.5098958333333333 0.4101851851851852 0.026041666666666668 0.046296296296296294
3 0.7072916666666667 0.4083333333333333 0.026041666666666668 0.046296296296296294
4 0.44635416666666666 0.41759259259259257 0.026041666666666668 0.046296296296296294
4 0.45260416666666664 0.4203703703703704 0.026041666666666668 0.046296296296296294
4 0.6651041666666667 0.425 0.026041666666666668 0.046296296296296294
3 0.6828125 0.425 0.026041666666666668 0.046296296296296294
2 0.1875 0.4351851851851852 0.026041666666666668 0.046296296296296294
4 0.4625 0.43703703703703706 0.026041666666666668 0.046296296296296294
4 0.5036458333333333 0.4351851851851852 0.026041666666666668 0.046296296296296294
4 0.5489583333333333 0.4324074074074074 0.026041666666666668 0.046296296296296294
3 0.6744791666666666 0.4444444444444444 0.026041666666666668 0.046296296296296294
3 0.6828125 0.4398148148148148 0.026041666666666668 0.046296296296296294
4 0.5197916666666667 0.45092592592592595 0.026041666666666668 0.046296296296296294
3 0.6911458333333333 0.44907407407407407 0.026041666666666668 0.046296296296296294
4 0.6583333333333333 0.4564814814814815 0.026041666666666668 0.046296296296296294
4 0.503125 0.4685185185185185 0.026041666666666668 0.046296296296296294
3 0.6713541666666667 0.4722222222222222 0.026041666666666668 0.046296296296296294
4 0.39739583333333334 0.4787037037037037 0.026041666666666668 0.046296296296296294
4 0.45677083333333335 0.4824074074074074 0.026041666666666668 0.046296296296296294
4 0.5166666666666667 0.487962962962963 0.026041666666666668 0.046296296296296294
4 0.625 0.48703703703703705 0.026041666666666668 0.046296296296296294
4 0.653125 0.487962962962963 0.026041666666666668 0.046296296296296294
4 0.4114583333333333 0.49444444444444446 0.026041666666666668 0.046296296296296294
4 0.6333333333333333 0.4962962962962963 0.026041666666666668 0.046296296296296294
3 0.6739583333333333 0.49722222222222223 0.026041666666666668 0.046296296296296294
4 0.37447916666666664 0.49907407407407406 0.026041666666666668 0.046296296296296294
3 0.6916666666666667 0.5018518518518519 0.026041666666666668 0.046296296296296294
4 0.38229166666666664 0.5101851851851852 0.026041666666666668 0.046296296296296294
4 0.4036458333333333 0.5101851851851852 0.026041666666666668 0.046296296296296294
4 0.6369791666666667 0.512962962962963 0.026041666666666668 0.046296296296296294
4 0.453125 0.5185185185185185 0.026041666666666668 0.046296296296296294
4 0.5270833333333333 0.5194444444444445 0.026041666666666668 0.046296296296296294
4 0.6161458333333333 0.5203703703703704 0.026041666666666668 0.046296296296296294
3 0.6947916666666667 0.5175925925925926 0.026041666666666668 0.046296296296296294
3 0.7114583333333333 0.5185185185185185 0.026041666666666668 0.046296296296296294
3 0.6703125 0.5268518518518519 0.026041666666666668 0.046296296296296294
4 0.5947916666666667 0.5333333333333333 0.026041666666666668 0.046296296296296294
4 0.6151041666666667 0.5333333333333333 0.026041666666666668 0.046296296296296294
3 0.721875 0.5361111111111111 0.026041666666666668 0.046296296296296294
4 0.47291666666666665 0.5425925925925926 0.026041666666666668 0.046296296296296294
4 0.5661458333333333 0.5435185185185185 0.026041666666666668 0.046296296296296294
3 0.6786458333333333 0.5416666666666666 0.026041666666666668 0.046296296296296294
4 0.4473958333333333 0.5462962962962963 0.026041666666666668 0.046296296296296294
4 0.45416666666666666 0.549074074074074 0.026041666666666668 0.046296296296296294
4 0.42864583333333334 0.5592592592592592 0.026041666666666668 0.046296296296296294
4 0.5151041666666667 0.5592592592592592 0.026041666666666668 0.046296296296296294
3 0.7510416666666667 0.562037037037037 0.026041666666666668 0.046296296296296294
3 0.7354166666666667 0.5703703703703704 0.026041666666666668 0.046296296296296294
4 0.4515625 0.5796296296296296 0.026041666666666668 0.046296296296296294
3 0.690625 0.5814814814814815 0.026041666666666668 0.046296296296296294
4 0.50625 0.5962962962962963 0.026041666666666668 0.046296296296296294
4 0.578125 0.5953703703703703 0.026041666666666668 0.046296296296296294
3 0.7161458333333334 0.5972222222222222 0.026041666666666668 0.046296296296296294
4 0.5625 0.6037037037037037 0.026041666666666668 0.046296296296296294
4 0.5505208333333333 0.6129629629629629 0.026041666666666668 0.046296296296296294
4 0.6453125 0.6129629629629629 0.026041666666666668 0.046296296296296294
3 0.6838541666666667 0.612037037037037 0.026041666666666668 0.046296296296296294
4 0.49166666666666664 0.6268518518518519 0.026041666666666668 0.046296296296296294
4 0.4953125 0.6527777777777778 0.026041666666666668 0.046296296296296294
1 0.778125 0.6675925925925926 0.026041666666666668 0.046296296296296294
1 0.5208333333333334 0.6759259259259259 0.026041666666666668 0.046296296296296294
1 0.625 0.6722222222222223 0.026041666666666668 0.046296296296296294
1 0.7776041666666667 0.7203703703703703 0.026041666666666668 0.046296296296296294
1 0.43697916666666664 0.7333333333333333 0.026041666666666668 0.046296296296296294
1 0.6682291666666667 0.7611111111111111 0.026041666666666668 0.046296296296296294
1 0.8328125 0.7592592592592593 0.026041666666666668 0.046296296296296294
1 0.6411458333333333 0.787962962962963 0.026041666666666668 0.046296296296296294
1 0.978125 0.7722222222222223 0.026041666666666668 0.046296296296296294
1 0.678125 0.8074074074074075 0.026041666666666668 0.046296296296296294
1 0.7541666666666667 0.8083333333333333 0.026041666666666668 0.046296296296296294
1 0.2598958333333333 0.8157407407407408 0.026041666666666668 0.046296296296296294
1 0.3671875 0.8148148148148148 0.026041666666666668 0.046296296296296294
1 0.5864583333333333 0.812962962962963 0.026041666666666668 0.046296296296296294
1 0.8296875 0.825 0.026041666666666668 0.046296296296296294
1 0.8661458333333333 0.8268518518518518 0.026041666666666668 0.046296296296296294
1 0.33489583333333334 0.8388888888888889 0.026041666666666668 0.046296296296296294
1 0.7973958333333333 0.850925925925926 0.026041666666666668 0.046296296296296294
1 0.6192708333333333 0.8694444444444445 0.026041666666666668 0.046296296296296294
1 0.45729166666666665 0.8712962962962963 0.026041666666666668 0.046296296296296294
1 0.42239583333333336 0.8842592592592593 0.026041666666666668 0.046296296296296294
1 0.89375 0.9212962962962963 0.026041666666666668 0.046296296296296294
1 0.9640625 0.9407407407407408 0.026041666666666668 0.046296296296296294
1 0.9380208333333333 0.962037037037037 0.026041666666666668 0.046296296296296294
1 0.7520833333333333 0.975925925925926 0.026041666666666668 0.046296296296296294
1 0.215625 0.7592592592592593 0.026041666666666668 0.046296296296296294
4 0.4510416666666667 0.6481481481481481 0.026041666666666668 0.046296296296296294
4 0.3770833333333333 0.5722222222222222 0.026041666666666668 0.046296296296296294
4 0.396875 0.4388888888888889 0.026041666666666668 0.046296296296296294
4 0.515625 0.6055555555555555 0.026041666666666668 0.046296296296296294
1 0.5541666666666667 0.6703703703703704 0.026041666666666668 0.046296296296296294
1 0.540625 0.6888888888888889 0.026041666666666668 0.046296296296296294
1 0.5447916666666667 0.7981481481481482 0.026041666666666668 0.046296296296296294
1 0.46770833333333334 0.9629629629629629 0.026041666666666668 0.046296296296296294
1 0.890625 0.7314814814814815 0.026041666666666668 0.046296296296296294
1 0.8260416666666667 0.8648148148148148 0.026041666666666668 0.046296296296296294
0 0.6875 0.29444444444444445 0.026041666666666668 0.046296296296296294
3 0.7552083333333334 0.6259259259259259 0.026041666666666668 0.046296296296296294
3 0.7760416666666666 0.5648148148148148 0.026041666666666668 0.046296296296296294
3 0.7604166666666666 0.5833333333333334 0.026041666666666668 0.046296296296296294
4 0.6125 0.5777777777777777 0.026041666666666668 0.046296296296296294
4 0.5927083333333333 0.6259259259259259 0.026041666666666668 0.046296296296296294
