0 0.4708333333333333 0.11388888888888889 0.026041666666666668 0.046296296296296294
0 0.4713541666666667 0.1287037037037037 0.026041666666666668 0.046296296296296294
0 0.49114583333333334 0.12962962962962962 0.026041666666666668 0.046296296296296294
0 0.44166666666666665 0.13148148148148148 0.026041666666666668 0.046296296296296294
0 0.44895833333333335 0.13333333333333333 0.026041666666666668 0.046296296296296294
0 0.4609375 0.13796296296296295 0.026041666666666668 0.046296296296296294
0 0.4713541666666667 0.14351851851851852 0.026041666666666668 0.046296296296296294
0 0.4786458333333333 0.14537037037037037 0.026041666666666668 0.046296296296296294
0 0.4625 0.1537037037037037 0.026041666666666668 0.046296296296296294
0 0.4546875 0.1675925925925926 0.026041666666666668 0.046296296296296294
0 0.475 0.16666666666666666 0.026041666666666668 0.046296296296296294
0 0.43697916666666664 0.17592592592592593 0.026041666666666668 0.046296296296296294
0 0.5067708333333333 0.17592592592592593 0.026041666666666668 0.046296296296296294
0 0.42916666666666664 0.18611111111111112 0.026041666666666668 0.046296296296296294
0 0.5083333333333333 0.18425925925925926 0.026041666666666668 0.046296296296296294
0 0.5005208333333333 0.19166666666666668 0.026041666666666668 0.046296296296296294
0 0.515625 0.21388888888888888 0.026041666666666668 0.046296296296296294
0 0.4359375 0.2212962962962963 0.026041666666666668 0.046296296296296294
0 0.45625 0.22962962962962963 0.026041666666666668 0.046296296296296294
0 0.5041666666666667 0.23148148148148148 0.026041666666666668 0.046296296296296294
0 0.4744791666666667 0.23796296296296296 0.026041666666666668 0.046296296296296294
0 0.46927083333333336 0.2462962962962963 0.026041666666666668 0.046296296296296294
0 0.4828125 0.25277777777777777 0.026041666666666668 0.046296296296296294
0 0.4901041666666667 0.2537037037037037 0.026041666666666668 0.046296296296296294
0 0.5072916666666667 0.25462962962962965 0.026041666666666668 0.046296296296296294
0 0.44895833333333335 0.2611111111111111 0.026041666666666668 0.046296296296296294
0 0.46145833333333336 0.2722222222222222 0.026041666666666668 0.046296296296296294
0 0.4822916666666667 0.26944444444444443 0.026041666666666668 0.046296296296296294
0 0.4166666666666667 0.2796296296296296 0.026041666666666668 0.046296296296296294
0 0.4557291666666667 0.2777777777777778 0.026041666666666668 0.046296296296296294
0 0.4984375 0.27685185185185185 0.026041666666666668 0.046296296296296294
0 0.4828125 0.2861111111111111 0.026041666666666668 0.046296296296296294
0 0.5078125 0.2851851851851852 0.026041666666666668 0.046296296296296294
0 0.5333333333333333 0.2851851851851852 0.026041666666666668 0.046296296296296294
0 0.7026041666666667 0.2824074074074074 0.026041666666666668 0.046296296296296294
0 0.4708333333333333 0.2916666666666667 0.026041666666666668 0.046296296296296294
0 0.5114583333333333 0.2935185185185185 0.026041666666666668 0.046296296296296294
0 0.5239583333333333 0.2935185185185185 0.026041666666666668 0.046296296296296294
0 0.690625 0.29074074074074074 0.026041666666666668 0.046296296296296294
0 0.490625 0.30092592592592593 0.026041666666666668 0.046296296296296294
0 0.503125 0.30185185185185187 0.026041666666666668 0.046296296296296294
0 0.43125 0.30925925925925923 0.026041666666666668 0.046296296296296294
0 0.453125 0.30648148148148147 0.026041666666666668 0.046296296296296294
0 0.4791666666666667 0.30833333333333335 0.026041666666666668 0.046296296296296294
0 0.425 0.3138888888888889 0.026041666666666668 0.046296296296296294
0 0.5151041666666667 0.32407407407407407 0.026041666666666668 0.046296296296296294
4 0.42864583333333334 0.33425925925925926 0.026041666666666668 0.046296296296296294
0 0.44479166666666664 0.3314814814814815 0.026041666666666668 0.046296296296296294
0 0.45625 0.3314814814814815 0.026041666666666668 0.046296296296296294
4 0.46927083333333336 0.3425925925925926 0.026041666666666668 0.046296296296296294
4 0.4078125 0.35 0.026041666666666668 0.046296296296296294
4 0.4453125 0.3472222222222222 0.026041666666666668 0.046296296296296294
4 0.4947916666666667 0.3472222222222222 0.026041666666666668 0.046296296296296294
4 0.5067708333333333 0.3490740740740741 0.026041666666666668 0.046296296296296294
4 0.5244791666666667 0.3453703703703704 0.026041666666666668 0.046296296296296294
4 0.38125 0.35555555555555557 0.026041666666666668 0.046296296296296294
4 0.38697916666666665 0.35462962962962963 0.026041666666666668 0.046296296296296294
4 0.390625 0.35555555555555557 0.026041666666666668 0.046296296296296294
4 0.39895833333333336 0.3527777777777778 0.026041666666666668 0.046296296296296294
4 0.4197916666666667 0.35648148148148145 0.026041666666666668 0.046296296296296294
4 0.5161458333333333 0.35462962962962963 0.026041666666666668 0.046296296296296294
4 0.37395833333333334 0.3638888888888889 0.026041666666666668 0.046296296296296294
4 0.4744791666666667 0.362962962962963 0.026041666666666668 0.046296296296296294
4 0.38177083333333334 0.37222222222222223 0.026041666666666668 0.046296296296296294
4 0.44166666666666665 0.3731481481481482 0.026041666666666668 0.046296296296296294
4 0.46197916666666666 0.37037037037037035 0.026041666666666668 0.046296296296296294
4 0.5041666666666667 0.37037037037037035 0.026041666666666668 0.046296296296296294
3 0.678125 0.3675925925925926 0.026041666666666668 0.046296296296296294
4 0.39479166666666665 0.3787037037037037 0.026041666666666668 0.046296296296296294
4 0.40677083333333336 0.3787037037037037 0.026041666666666668 0.046296296296296294
4 0.43802083333333336 0.38055555555555554 0.026041666666666668 0.046296296296296294
4 0.65 0.3768518518518518 0.026041666666666668 0.046296296296296294
2 0.21145833333333333 0.3861111111111111 0.026041666666666668 0.046296296296296294
4 0.4317708333333333 0.387037037037037 0.026041666666666668 0.046296296296296294
2 0.190625 0.3925925925925926 0.026041666666666668 0.046296296296296294
4 0.3958333333333333 0.39444444444444443 0.026041666666666668 0.046296296296296294
4 0.6510416666666666 0.39166666666666666 0.026041666666666668 0.046296296296296294
2 0.20364583333333333 0.40370370370370373 0.026041666666666668 0.046296296296296294
4 0.390625 0.4064814814814815 0.026041666666666668 0.046296296296296294
4 0.4432291666666667 0.39814814814814814 0.026041666666666668 0.046296296296296294
4 0.44895833333333335 0.40185185185185185 0.026041666666666668 0.046296296296296294
4 0.5125 0.4027777777777778 0.026041666666666668 0.046296296296296294
4 0.49947916666666664 0.4101851851851852 0.026041666666666668 0.046296296296296294
2 0.165625 0.41759259259259257 0.026041666666666668 0.046296296296296294
2 0.19635416666666666 0.41759259259259257 0.026041666666666668 0.046296296296296294
4 0.6510416666666666 0.4148148148148148 0.026041666666666668 0.046296296296296294
4 0.45364583333333336 0.42407407407407405 0.026041666666666668 0.046296296296296294
4 0.5192708333333333 0.42685185185185187 0.026041666666666668 0.046296296296296294
4 0.6557291666666667 0.42685185185185187 0.026041666666666668 0.046296296296296294
4 0.5041666666666667 0.44074074074074077 0.026041666666666668 0.046296296296296294
3 0.7072916666666667 0.43796296296296294 0.026041666666666668 0.046296296296296294
4 0.46458333333333335 0.4462962962962963 0.026041666666666668 0.046296296296296294
2 0.22395833333333334 0.4583333333333333 0.026041666666666668 0.046296296296296294
4 0.5171875 0.4564814814814815 0.026041666666666668 0.046296296296296294
4 0.6536458333333334 0.4564814814814815 0.026041666666666668 0.046296296296296294
3 0.6739583333333333 0.45740740740740743 0.026041666666666668 0.046296296296296294
4 0.6619791666666667 0.4722222222222222 0.026041666666666668 0.046296296296296294
3 0.6890625 0.4740740740740741 0.026041666666666668 0.046296296296296294
4 0.5213541666666667 0.48055555555555557 0.026041666666666668 0.046296296296296294
4 0.665625 0.4824074074074074 0.026041666666666668 0.046296296296296294
3 0.6828125 0.4898148148148148 0.026041666666666668 0.046296296296296294
4 0.5114583333333333 0.5037037037037037 0.026041666666666668 0.046296296296296294
2 0.14427083333333332 0.5101851851851852 0.026041666666666668 0.046296296296296294
4 0.478125 0.5083333333333333 0.026041666666666668 0.046296296296296294
4 0.4901041666666667 0.5092592592592593 0.026041666666666668 0.046296296296296294
4 0.6114583333333333 0.5083333333333333 0.026041666666666668 0.046296296296296294
4 0.5203125 0.5185185185185185 0.026041666666666668 0.046296296296296294
4 0.6375 0.5194444444444445 0.026041666666666668 0.046296296296296294
3 0.6947916666666667 0.5166666666666667 0.026041666666666668 0.046296296296296294
4 0.6651041666666667 0.5277777777777778 0.026041666666666668 0.046296296296296294
4 0.4322916666666667 0.5407407407407407 0.026041666666666668 0.046296296296296294
3 0.7171875 0.5388888888888889 0.026041666666666668 0.046296296296296294
4 0.61875 0.5481481481481482 0.026041666666666668 0.046296296296296294
4 0.5927083333333333 0.5537037037037037 0.026041666666666668 0.046296296296296294
4 0.5114583333333333 0.562962962962963 0.026041666666666668 0.046296296296296294
4 0.55625 0.5611111111111111 0.026041666666666668 0.046296296296296294
3 0.7296875 0.5638888888888889 0.026041666666666668 0.046296296296296294
3 0.7526041666666666 0.562037037037037 0.026041666666666668 0.046296296296296294
4 0.5390625 0.5703703703703704 0.026041666666666668 0.046296296296296294
3 0.7645833333333333 0.5740740740740741 0.026041666666666668 0.046296296296296294
4 0.5802083333333333 0.5768518518518518 0.026041666666666668 0.046296296296296294
4 0.6473958333333333 0.5722222222222222 0.026041666666666668 0.046296296296296294
2 0.21197916666666666 0.5907407407407408 0.026041666666666668 0.046296296296296294
2 0.2109375 0.6129629629629629 0.026041666666666668 0.046296296296296294
4 0.4375 0.6185185185185185 0.026041666666666668 0.046296296296296294
4 0.5869791666666667 0.6259259259259259 0.026041666666666668 0.046296296296296294
2 0.184375 0.6388888888888888 0.026041666666666668 0.046296296296296294
3 0.7671875 0.6416666666666667 0.026041666666666668 0.046296296296296294
3 0.6979166666666666 0.6462962962962963 0.026041666666666668 0.046296296296296294
4 0.40520833333333334 0.6444444444444445 0.026041666666666668 0.046296296296296294
4 0.6447916666666667 0.6537037037037037 0.026041666666666668 0.046296296296296294
4 0.5911458333333334 0.6638888888888889 0.026041666666666668 0.046296296296296294
1 0.203125 0.675 0.026041666666666668 0.046296296296296294
1 0.6697916666666667 0.6685185185185185 0.026041666666666668 0.046296296296296294
1 0.7401041666666667 0.6675925925925926 0.026041666666666668 0.046296296296296294
1 0.48541666666666666 0.6731481481481482 0.026041666666666668 0.046296296296296294
1 0.1484375 0.6898148148148148 0.026041666666666668 0.046296296296296294
1 0.17395833333333333 0.6861111111111111 0.026041666666666668 0.046296296296296294
1 0.45625 0.6842592592592592 0.026041666666666668 0.046296296296296294
1 0.20364583333333333 0.7046296296296296 0.026041666666666668 0.046296296296296294
1 0.17083333333333334 0.7277777777777777 0.026041666666666668 0.046296296296296294
1 0.884375 0.7509259259259259 0.026041666666666668 0.046296296296296294
1 0.6859375 0.8240740740740741 0.026041666666666668 0.046296296296296294
1 0.76875 0.8361111111111111 0.026041666666666668 0.046296296296296294
1 0.8197916666666667 0.8435185185185186 0.026041666666666668 0.046296296296296294
1 0.9786458333333333 0.8481481481481481 0.026041666666666668 0.046296296296296294
1 0.7807291666666667 0.8712962962962963 0.026041666666666668 0.046296296296296294
1 0.975 0.9361111111111111 0.026041666666666668 0.046296296296296294
1 0.4708333333333333 0.9898148148148148 0.026041666666666668 0.046296296296296294
2 0.228125 0.6333333333333333 0.026041666666666668 0.046296296296296294
1 0.23125 0.6796296296296296 0.026041666666666668 0.046296296296296294
1 0.39166666666666666 0.9537037037037037 0.026041666666666668 0.046296296296296294
1 0.8239583333333333 0.8833333333333333 0.026041666666666668 0.046296296296296294
1 0.8697916666666666 0.812962962962963 0.026041666666666668 0.046296296296296294
1 0.99375 0.8592592592592593 0.026041666666666668 0.046296296296296294
1 0.78125 0.6888888888888889 0.026041666666666668 0.046296296296296294
0 0.41354166666666664 0.2074074074074074 0.026041666666666668 0.046296296296296294
0 0.546875 0.29814814814814816 0.026041666666666668 0.046296296296296294
4 0.5166666666666667 0.6592592592592592 0.026041666666666668 0.046296296296296294
1 0.48333333333333334 0.7814814814814814 0.026041666666666668 0.046296296296296294
