0 0.4796875 0.09907407407407408 0.026041666666666668 0.046296296296296294
0 0.48333333333333334 0.09814814814814815 0.026041666666666668 0.046296296296296294
0 0.4869791666666667 0.09907407407407408 0.026041666666666668 0.046296296296296294
0 0.4828125 0.11944444444444445 0.026041666666666668 0.046296296296296294
0 0.490625 0.12129629629629629 0.026041666666666668 0.046296296296296294
0 0.46510416666666665 0.12962962962962962 0.026041666666666668 0.046296296296296294
0 0.4421875 0.13425925925925927 0.026041666666666668 0.046296296296296294
0 0.4583333333333333 0.13703703703703704 0.026041666666666668 0.046296296296296294
0 0.48385416666666664 0.1388888888888889 0.026041666666666668 0.046296296296296294
0 0.4666666666666667 0.14444444444444443 0.026041666666666668 0.046296296296296294
0 0.4744791666666667 0.14722222222222223 0.026041666666666668 0.046296296296296294
0 0.4947916666666667 0.16018518518518518 0.026041666666666668 0.046296296296296294
0 0.45729166666666665 0.1675925925925926 0.026041666666666668 0.046296296296296294
0 0.4661458333333333 0.1814814814814815 0.026041666666666668 0.046296296296296294
0 0.4739583333333333 0.1824074074074074 0.026041666666666668 0.046296296296296294
0 0.4828125 0.19166666666666668 0.026041666666666668 0.046296296296296294
0 0.5036458333333333 0.1935185185185185 0.026041666666666668 0.046296296296296294
0 0.5125 0.19814814814814816 0.026041666666666668 0.046296296296296294
0 0.4515625 0.2074074074074074 0.026041666666666668 0.046296296296296294
0 0.49166666666666664 0.20833333333333334 0.026041666666666668 0.046296296296296294
0 0.5046875 0.2074074074074074 0.026041666666666668 0.046296296296296294
0 0.46510416666666665 0.21481481481481482 0.026041666666666668 0.046296296296296294
0 0.42916666666666664 0.2212962962962963 0.026041666666666668 0.046296296296296294
0 0.4453125 0.2175925925925926 0.026041666666666668 0.046296296296296294
0 0.453125 0.2175925925925926 0.026041666666666668 0.046296296296296294
0 0.4739583333333333 0.22407407407407406 0.026041666666666668 0.046296296296296294
0 0.4921875 0.2222222222222222 0.026041666666666668 0.046296296296296294
0 0.4953125 0.2388888888888889 0.026041666666666668 0.046296296296296294
0 0.44583333333333336 0.25277777777777777 0.026041666666666668 0.046296296296296294
0 0.478125 0.262037037037037 0.026041666666666668 0.046296296296296294
0 0.5375 0.2657407407407407 0.026041666666666668 0.046296296296296294
0 0.5458333333333333 0.2657407407407407 0.026041666666666668 0.046296296296296294
0 0.43645833333333334 0.2777777777777778 0.026041666666666668 0.046296296296296294
0 0.5119791666666667 0.2777777777777778 0.026041666666666668 0.046296296296296294
0 0.5229166666666667 0.2777777777777778 0.026041666666666668 0.046296296296296294
0 0.6963541666666667 0.2851851851851852 0.026041666666666668 0.046296296296296294
0 0.4427083333333333 0.29259259259259257 0.026041666666666668 0.046296296296296294
0 0.49947916666666664 0.29444444444444445 0.026041666666666668 0.046296296296296294
0 0.4869791666666667 0.29814814814814816 0.026041666666666668 0.046296296296296294
0 0.46927083333333336 0.30833333333333335 0.026041666666666668 0.046296296296296294
0 0.4239583333333333 0.31574074074074077 0.026041666666666668 0.046296296296296294
0 0.5151041666666667 0.3194444444444444 0.026041666666666668 0.046296296296296294
0 0.7020833333333333 0.3148148148148148 0.026041666666666668 0.046296296296296294
0 0.4947916666666667 0.3314814814814815 0.026041666666666668 0.046296296296296294
4 0.5114583333333333 0.3351851851851852 0.026041666666666668 0.046296296296296294
4 0.4171875 0.34074074074074073 0.026041666666666668 0.046296296296296294
4 0.425 0.34074074074074073 0.026041666666666668 0.046296296296296294
4 0.44895833333333335 0.34074074074074073 0.026041666666666668 0.046296296296296294
4 0.39114583333333336 0.3472222222222222 0.026041666666666668 0.046296296296296294
4 0.4005208333333333 0.3472222222222222 0.026041666666666668 0.046296296296296294
4 0.4078125 0.35 0.026041666666666668 0.046296296296296294
4 0.4427083333333333 0.3509259259259259 0.026041666666666668 0.046296296296296294
4 0.5072916666666667 0.34814814814814815 0.026041666666666668 0.046296296296296294
4 0.37604166666666666 0.35462962962962963 0.026041666666666668 0.046296296296296294
4 0.38333333333333336 0.35462962962962963 0.026041666666666668 0.046296296296296294
4 0.6546875 0.362962962962963 0.026041666666666668 0.046296296296296294
4 0.4083333333333333 0.3712962962962963 0.026041666666666668 0.046296296296296294
4 0.43697916666666664 0.3712962962962963 0.026041666666666668 0.046296296296296294
4 0.46197916666666666 0.37222222222222223 0.026041666666666668 0.046296296296296294
4 0.5067708333333333 0.3675925925925926 0.026041666666666668 0.046296296296296294
4 0.5192708333333333 0.38055555555555554 0.026041666666666668 0.046296296296296294
4 0.3953125 0.39351851851851855 0.026041666666666668 0.046296296296296294
4 0.5036458333333333 0.39351851851851855 0.026041666666666668 0.046296296296296294
4 0.5109375 0.4046296296296296 0.026041666666666668 0.046296296296296294
2 0.21197916666666666 0.4074074074074074 0.026041666666666668 0.046296296296296294
4 0.65 0.4074074074074074 0.026041666666666668 0.046296296296296294
2 0.17447916666666666 0.41944444444444445 0.026041666666666668 0.046296296296296294
2 0.19947916666666668 0.4166666666666667 0.026041666666666668 0.046296296296296294
4 0.4864583333333333 0.4185185185185185 0.026041666666666668 0.046296296296296294
3 0.6958333333333333 0.42962962962962964 0.026041666666666668 0.046296296296296294
4 0.6505208333333333 0.4388888888888889 0.026041666666666668 0.046296296296296294
4 0.50625 0.44722222222222224 0.026041666666666668 0.046296296296296294
4 0.525 0.45 0.026041666666666668 0.046296296296296294
4 0.6614583333333334 0.45 0.026041666666666668 0.046296296296296294
3 0.7026041666666667 0.44814814814814813 0.026041666666666668 0.046296296296296294
3 0.6796875 0.4583333333333333 0.026041666666666668 0.046296296296296294
4 0.5203125 0.4638888888888889 0.026041666666666668 0.046296296296296294
3 0.6864583333333333 0.4638888888888889 0.026041666666666668 0.046296296296296294
4 0.5802083333333333 0.4787037037037037 0.026041666666666668 0.046296296296296294
4 0.4947916666666667 0.4861111111111111 0.026041666666666668 0.046296296296296294
4 0.45989583333333334 0.49166666666666664 0.026041666666666668 0.046296296296296294
4 0.6 0.49722222222222223 0.026041666666666668 0.046296296296296294
4 0.615625 0.4935185185185185 0.026041666666666668 0.046296296296296294
3 0.6744791666666666 0.49722222222222223 0.026041666666666668 0.046296296296296294
4 0.41302083333333334 0.5027777777777778 0.026041666666666668 0.046296296296296294
3 0.703125 0.5037037037037037 0.026041666666666668 0.046296296296296294
4 0.44635416666666666 0.5101851851851852 0.026041666666666668 0.046296296296296294
4 0.45416666666666666 0.5111111111111111 0.026041666666666668 0.046296296296296294
4 0.5088541666666667 0.5175925925925926 0.026041666666666668 0.046296296296296294
4 0.5208333333333334 0.5194444444444445 0.026041666666666668 0.046296296296296294
4 0.6041666666666666 0.5175925925925926 0.026041666666666668 0.046296296296296294
3 0.6984375 0.5203703703703704 0.026041666666666668 0.046296296296296294
3 0.715625 0.5203703703703704 0.026041666666666668 0.046296296296296294
4 0.6239583333333333 0.5268518518518519 0.026041666666666668 0.046296296296296294
4 0.665625 0.5268518518518519 0.026041666666666668 0.046296296296296294
3 0.7203125 0.5351851851851852 0.026041666666666668 0.046296296296296294
4 0.6130208333333333 0.5407407407407407 0.026041666666666668 0.046296296296296294
4 0.37864583333333335 0.55 0.026041666666666668 0.046296296296296294
4 0.5317708333333333 0.55 0.026041666666666668 0.046296296296296294
4 0.6369791666666667 0.5518518518518518 0.026041666666666668 0.046296296296296294
4 0.5171875 0.5546296296296296 0.026041666666666668 0.046296296296296294
4 0.615625 0.5657407407407408 0.026041666666666668 0.046296296296296294
4 0.5151041666666667 0.5861111111111111 0.026041666666666668 0.046296296296296294
4 0.6604166666666667 0.5796296296296296 0.026041666666666668 0.046296296296296294
3 0.7276041666666667 0.612037037037037 0.026041666666666668 0.046296296296296294
2 0.2203125 0.6203703703703703 0.026041666666666668 0.046296296296296294
3 0.7458333333333333 0.6212962962962963 0.026041666666666668 0.046296296296296294
4 0.5255208333333333 0.6268518518518519 0.026041666666666668 0.046296296296296294
4 0.5744791666666667 0.6342592592592593 0.026041666666666668 0.046296296296296294
3 0.7286458333333333 0.6342592592592593 0.026041666666666668 0.046296296296296294
1 0.5119791666666667 0.6685185185185185 0.026041666666666668 0.046296296296296294
1 0.209375 0.675 0.026041666666666668 0.046296296296296294
1 0.40208333333333335 0.6851851851851852 0.026041666666666668 0.046296296296296294
1 0.215625 0.7148148148148148 0.026041666666666668 0.046296296296296294
1 0.53125 0.7314814814814815 0.026041666666666668 0.046296296296296294
1 0.8859375 0.7481481481481481 0.026041666666666668 0.046296296296296294
1 0.8994791666666667 0.7481481481481481 0.026041666666666668 0.046296296296296294
1 0.6286458333333333 0.7592592592592593 0.026041666666666668 0.046296296296296294
1 0.8270833333333333 0.7638888888888888 0.026041666666666668 0.046296296296296294
1 0.575 0.7935185185185185 0.026041666666666668 0.046296296296296294
1 0.390625 0.8027777777777778 0.026041666666666668 0.046296296296296294
1 0.8760416666666667 0.8324074074074074 0.026041666666666668 0.046296296296296294
1 0.825 0.8472222222222222 0.026041666666666668 0.046296296296296294
1 0.440625 0.8981481481481481 0.026041666666666668 0.046296296296296294
1 0.14427083333333332 0.9083333333333333 0.026041666666666668 0.046296296296296294
1 0.6802083333333333 0.9064814814814814 0.026041666666666668 0.046296296296296294
1 0.27447916666666666 0.9222222222222223 0.026041666666666668 0.046296296296296294
1 0.23229166666666667 0.9175925925925926 0.026041666666666668 0.046296296296296294
1 0.06458333333333334 0.9583333333333334 0.026041666666666668 0.046296296296296294
1 0.5744791666666667 0.9842592592592593 0.026041666666666668 0.046296296296296294
1 0.8484375 0.9972222222222222 0.026041666666666668 0.046296296296296294
1 0.26666666666666666 0.762962962962963 0.026041666666666668 0.046296296296296294
2 0.22291666666666668 0.4444444444444444 0.026041666666666668 0.046296296296296294
4 0.4708333333333333 0.6666666666666666 0.026041666666666668 0.046296296296296294
4 0.4010416666666667 0.5666666666666667 0.026041666666666668 0.046296296296296294
4 0.41041666666666665 0.48333333333333334 0.026041666666666668 0.046296296296296294
1 0.4666666666666667 0.912962962962963 0.026041666666666668 0.046296296296296294
1 0.3645833333333333 0.9777777777777777 0.026041666666666668 0.046296296296296294
1 0.2708333333333333 0.9574074074074074 0.026041666666666668 0.046296296296296294
1 0.6333333333333333 0.9037037037037037 0.026041666666666668 0.046296296296296294
1 0.7291666666666666 0.7222222222222222 0.026041666666666668 0.046296296296296294
1 0.78125 0.6777777777777778 0.026041666666666668 0.046296296296296294
3 0.7489583333333333 0.6611111111111111 0.026041666666666668 0.046296296296296294
3 0.7708333333333334 0.5907407407407408 0.026041666666666668 0.046296296296296294
3 0.7572916666666667 0.5592592592592592 0.026041666666666668 0.046296296296296294
3 0.7385416666666667 0.562962962962963 0.026041666666666668 0.046296296296296294
1 0.8302083333333333 0.8703703703703703 0.026041666666666668 0.046296296296296294
1 0.8635416666666667 0.9037037037037037 0.026041666666666668 0.046296296296296294
1 0.7916666666666666 0.9074074074074074 0.026041666666666668 0.046296296296296294
1 0.9833333333333333 0.9611111111111111 0.026041666666666668 0.046296296296296294
4 0.5666666666666667 0.6666666666666666 0.026041666666666668 0.046296296296296294
4 0.6 0.6462962962962963 0.026041666666666668 0.046296296296296294
4 0.6354166666666666 0.5925925925925926 0.026041666666666668 0.046296296296296294
4 0.6520833333333333 0.6166666666666667 0.026041666666666668 0.046296296296296294
4 0.6197916666666666 0.6148148148148148 0.026041666666666668 0.046296296296296294
4 0.6052083333333333 0.6055555555555555 0.026041666666666668 0.046296296296296294
4 0.609375 0.5833333333333334 0.026041666666666668 0.046296296296296294
2 0.22083333333333333 0.37592592592592594 0.026041666666666668 0.046296296296296294
