0 0.4708333333333333 0.09444444444444444 0.026041666666666668 0.046296296296296294
0 0.4791666666666667 0.09722222222222222 0.026041666666666668 0.046296296296296294
0 0.4953125 0.09814814814814815 0.026041666666666668 0.046296296296296294
0 0.47552083333333334 0.10740740740740741 0.026041666666666668 0.046296296296296294
0 0.48333333333333334 0.10462962962962963 0.026041666666666668 0.046296296296296294
0 0.4703125 0.11388888888888889 0.026041666666666668 0.046296296296296294
0 0.478125 0.12037037037037036 0.026041666666666668 0.046296296296296294
0 0.4901041666666667 0.12037037037037036 0.026041666666666668 0.046296296296296294
0 0.4703125 0.13055555555555556 0.026041666666666668 0.046296296296296294
0 0.46145833333333336 0.1361111111111111 0.026041666666666668 0.046296296296296294
0 0.4786458333333333 0.1361111111111111 0.026041666666666668 0.046296296296296294
0 0.4739583333333333 0.14814814814814814 0.026041666666666668 0.046296296296296294
0 0.4635416666666667 0.15185185185185185 0.026041666666666668 0.046296296296296294
0 0.47604166666666664 0.15925925925925927 0.026041666666666668 0.046296296296296294
0 0.48333333333333334 0.16203703703703703 0.026041666666666668 0.046296296296296294
0 0.48385416666666664 0.1824074074074074 0.026041666666666668 0.046296296296296294
0 0.45 0.1935185185185185 0.026041666666666668 0.046296296296296294
0 0.46197916666666666 0.19444444444444445 0.026041666666666668 0.046296296296296294
0 0.49947916666666664 0.2064814814814815 0.026041666666666668 0.046296296296296294
0 0.44895833333333335 0.21481481481481482 0.026041666666666668 0.046296296296296294
0 0.4609375 0.21574074074074073 0.026041666666666668 0.046296296296296294
0 0.4864583333333333 0.21574074074074073 0.026041666666666668 0.046296296296296294
0 0.5083333333333333 0.21296296296296297 0.026041666666666668 0.046296296296296294
0 0.440625 0.23055555555555557 0.026041666666666668 0.046296296296296294
0 0.42083333333333334 0.23796296296296296 0.026041666666666668 0.046296296296296294
0 0.42864583333333334 0.23703703703703705 0.026041666666666668 0.046296296296296294
0 0.5119791666666667 0.2361111111111111 0.026041666666666668 0.046296296296296294
0 0.44114583333333335 0.24722222222222223 0.026041666666666668 0.046296296296296294
0 0.46197916666666666 0.24537037037037038 0.026041666666666668 0.046296296296296294
0 0.4875 0.2462962962962963 0.026041666666666668 0.046296296296296294
0 0.703125 0.25925925925925924 0.026041666666666668 0.046296296296296294
0 0.4375 0.27037037037037037 0.026041666666666668 0.046296296296296294
0 0.4661458333333333 0.27037037037037037 0.026041666666666668 0.046296296296296294
0 0.42916666666666664 0.28055555555555556 0.026041666666666668 0.046296296296296294
0 0.45989583333333334 0.27685185185185185 0.026041666666666668 0.046296296296296294
0 0.4859375 0.275 0.026041666666666668 0.046296296296296294
0 0.42135416666666664 0.2833333333333333 0.026041666666666668 0.046296296296296294
0 0.5088541666666667 0.28703703703703703 0.026041666666666668 0.046296296296296294
0 0.5239583333333333 0.2833333333333333 0.026041666666666668 0.046296296296296294
0 0.43854166666666666 0.2916666666666667 0.026041666666666668 0.046296296296296294
0 0.49947916666666664 0.2916666666666667 0.026041666666666668 0.046296296296296294
0 0.4703125 0.3 0.026041666666666668 0.046296296296296294
0 0.4171875 0.30833333333333335 0.026041666666666668 0.046296296296296294
0 0.4359375 0.30925925925925923 0.026041666666666668 0.046296296296296294
0 0.4484375 0.3074074074074074 0.026041666666666668 0.046296296296296294
0 0.45677083333333335 0.3055555555555556 0.026041666666666668 0.046296296296296294
0 0.4739583333333333 0.30833333333333335 0.026041666666666668 0.046296296296296294
0 0.5078125 0.30648148148148147 0.026041666666666668 0.046296296296296294
0 0.51875 0.31203703703703706 0.026041666666666668 0.046296296296296294
0 0.4734375 0.32407407407407407 0.026041666666666668 0.046296296296296294
0 0.5192708333333333 0.32592592592592595 0.026041666666666668 0.046296296296296294
0 0.44427083333333334 0.3314814814814815 0.026041666666666668 0.046296296296296294
0 0.46197916666666666 0.33055555555555555 0.026041666666666668 0.046296296296296294
0 0.5036458333333333 0.33055555555555555 0.026041666666666668 0.046296296296296294
4 0.4114583333333333 0.34814814814814815 0.026041666666666668 0.046296296296296294
4 0.4583333333333333 0.3509259259259259 0.026041666666666668 0.046296296296296294
4 0.39114583333333336 0.35462962962962963 0.026041666666666668 0.046296296296296294
4 0.40520833333333334 0.35648148148148145 0.026041666666666668 0.046296296296296294
4 0.42916666666666664 0.35462962962962963 0.026041666666666668 0.046296296296296294
4 0.4505208333333333 0.35555555555555557 0.026041666666666668 0.046296296296296294
4 0.4739583333333333 0.35555555555555557 0.026041666666666668 0.046296296296296294
4 0.5119791666666667 0.3537037037037037 0.026041666666666668 0.046296296296296294
3 0.6734375 0.3527777777777778 0.026041666666666668 0.046296296296296294
4 0.4239583333333333 0.3638888888888889 0.026041666666666668 0.046296296296296294
4 0.4046875 0.36944444444444446 0.026041666666666668 0.046296296296296294
4 0.4078125 0.37962962962962965 0.026041666666666668 0.046296296296296294
4 0.515625 0.37962962962962965 0.026041666666666668 0.046296296296296294
4 0.39479166666666665 0.3888888888888889 0.026041666666666668 0.046296296296296294
4 0.4244791666666667 0.387037037037037 0.026041666666666668 0.046296296296296294
2 0.1953125 0.3907407407407407 0.026041666666666668 0.046296296296296294
2 0.2171875 0.3925925925925926 0.026041666666666668 0.046296296296296294
2 0.2234375 0.3972222222222222 0.026041666666666668 0.046296296296296294
4 0.40729166666666666 0.39444444444444443 0.026041666666666668 0.046296296296296294
2 0.19114583333333332 0.40370370370370373 0.026041666666666668 0.046296296296296294
4 0.41875 0.40370370370370373 0.026041666666666668 0.046296296296296294
4 0.43697916666666664 0.40185185185185185 0.026041666666666668 0.046296296296296294
4 0.6588541666666666 0.4074074074074074 0.026041666666666668 0.046296296296296294
2 0.2 0.4083333333333333 0.026041666666666668 0.046296296296296294
4 0.38385416666666666 0.40925925925925927 0.026041666666666668 0.046296296296296294
4 0.39895833333333336 0.4101851851851852 0.026041666666666668 0.046296296296296294
4 0.65 0.4185185185185185 0.026041666666666668 0.046296296296296294
4 0.434375 0.42592592592592593 0.026041666666666668 0.046296296296296294
4 0.4453125 0.425 0.026041666666666668 0.046296296296296294
4 0.5114583333333333 0.43333333333333335 0.026041666666666668 0.046296296296296294
4 0.5239583333333333 0.4398148148148148 0.026041666666666668 0.046296296296296294
3 0.7052083333333333 0.4388888888888889 0.026041666666666668 0.046296296296296294
4 0.3875 0.44722222222222224 0.026041666666666668 0.046296296296296294
4 0.39895833333333336 0.44907407407407407 0.026041666666666668 0.046296296296296294
4 0.42239583333333336 0.44814814814814813 0.026041666666666668 0.046296296296296294
4 0.46927083333333336 0.4462962962962963 0.026041666666666668 0.046296296296296294
4 0.4859375 0.4444444444444444 0.026041666666666668 0.046296296296296294
4 0.6598958333333333 0.44722222222222224 0.026041666666666668 0.046296296296296294
3 0.6859375 0.4462962962962963 0.026041666666666668 0.046296296296296294
4 0.37447916666666664 0.45555555555555555 0.026041666666666668 0.046296296296296294
4 0.5276041666666667 0.45740740740740743 0.026041666666666668 0.046296296296296294
3 0.671875 0.4564814814814815 0.026041666666666668 0.046296296296296294
4 0.515625 0.4648148148148148 0.026041666666666668 0.046296296296296294
4 0.38229166666666664 0.475 0.026041666666666668 0.046296296296296294
3 0.6869791666666667 0.47129629629629627 0.026041666666666668 0.046296296296296294
4 0.46145833333333336 0.4787037037037037 0.026041666666666668 0.046296296296296294
4 0.4953125 0.4777777777777778 0.026041666666666668 0.046296296296296294
4 0.6203125 0.4787037037037037 0.026041666666666668 0.046296296296296294
3 0.6916666666666667 0.4861111111111111 0.026041666666666668 0.046296296296296294
4 0.6130208333333333 0.49537037037037035 0.026041666666666668 0.046296296296296294
4 0.6609375 0.49444444444444446 0.026041666666666668 0.046296296296296294
4 0.375 0.5018518518518519 0.026041666666666668 0.046296296296296294
4 0.40260416666666665 0.5055555555555555 0.026041666666666668 0.046296296296296294
4 0.5208333333333334 0.5018518518518519 0.026041666666666668 0.046296296296296294
4 0.6291666666666667 0.5018518518518519 0.026041666666666668 0.046296296296296294
4 0.6369791666666667 0.5037037037037037 0.026041666666666668 0.046296296296296294
4 0.38697916666666665 0.5111111111111111 0.026041666666666668 0.046296296296296294
4 0.5296875 0.5083333333333333 0.026041666666666668 0.046296296296296294
3 0.7536458333333333 0.5092592592592593 0.026041666666666668 0.046296296296296294
4 0.428125 0.5194444444444445 0.026041666666666668 0.046296296296296294
4 0.6296875 0.5212962962962963 0.026041666666666668 0.046296296296296294
3 0.6953125 0.5194444444444445 0.026041666666666668 0.046296296296296294
4 0.475 0.5259259259259259 0.026041666666666668 0.046296296296296294
4 0.6651041666666667 0.5259259259259259 0.026041666666666668 0.046296296296296294
4 0.5364583333333334 0.5314814814814814 0.026041666666666668 0.046296296296296294
3 0.7192708333333333 0.5314814814814814 0.026041666666666668 0.046296296296296294
4 0.425 0.5435185185185185 0.026041666666666668 0.046296296296296294
4 0.44947916666666665 0.5435185185185185 0.026041666666666668 0.046296296296296294
4 0.603125 0.5388888888888889 0.026041666666666668 0.046296296296296294
4 0.625 0.549074074074074 0.026041666666666668 0.046296296296296294
4 0.6473958333333333 0.5481481481481482 0.026041666666666668 0.046296296296296294
4 0.6541666666666667 0.5509259259259259 0.026041666666666668 0.046296296296296294
4 0.5416666666666666 0.5564814814814815 0.026041666666666668 0.046296296296296294
3 0.6671875 0.5592592592592592 0.026041666666666668 0.046296296296296294
3 0.7328125 0.5592592592592592 0.026041666666666668 0.046296296296296294
4 0.4739583333333333 0.562962962962963 0.026041666666666668 0.046296296296296294
4 0.5640625 0.5583333333333333 0.026041666666666668 0.046296296296296294
4 0.6510416666666666 0.5712962962962963 0.026041666666666668 0.046296296296296294
3 0.765625 0.5814814814814815 0.026041666666666668 0.046296296296296294
4 0.4244791666666667 0.5935185185185186 0.026041666666666668 0.046296296296296294
4 0.5213541666666667 0.6083333333333333 0.026041666666666668 0.046296296296296294
4 0.5838541666666667 0.6111111111111112 0.026041666666666668 0.046296296296296294
4 0.6046875 0.6268518518518519 0.026041666666666668 0.046296296296296294
4 0.5994791666666667 0.6370370370370371 0.026041666666666668 0.046296296296296294
4 0.6625 0.6527777777777778 0.026041666666666668 0.046296296296296294
2 0.096875 0.6537037037037037 0.026041666666666668 0.046296296296296294
4 0.5692708333333333 0.6564814814814814 0.026041666666666668 0.046296296296296294
3 0.734375 0.6601851851851852 0.026041666666666668 0.046296296296296294
1 0.6828125 0.6861111111111111 0.026041666666666668 0.046296296296296294
1 0.5885416666666666 0.725925925925926 0.026041666666666668 0.046296296296296294
1 0.5494791666666666 0.7481481481481481 0.026041666666666668 0.046296296296296294
1 0.8817708333333333 0.7435185185185185 0.026041666666666668 0.046296296296296294
1 0.4161458333333333 0.7777777777777778 0.026041666666666668 0.046296296296296294
1 0.6442708333333333 0.8166666666666667 0.026041666666666668 0.046296296296296294
1 0.978125 0.8435185185185186 0.026041666666666668 0.046296296296296294
1 0.7609375 0.8629629629629629 0.026041666666666668 0.046296296296296294
1 0.8822916666666667 0.8712962962962963 0.026041666666666668 0.046296296296296294
1 0.6619791666666667 0.8916666666666667 0.026041666666666668 0.046296296296296294
1 0.6677083333333333 0.9074074074074074 0.026041666666666668 0.046296296296296294
1 0.8166666666666667 0.9157407407407407 0.026041666666666668 0.046296296296296294
1 0.6197916666666666 0.9157407407407407 0.026041666666666668 0.046296296296296294
1 0.9677083333333333 0.9472222222222222 0.026041666666666668 0.046296296296296294
1 0.465625 0.8444444444444444 0.026041666666666668 0.046296296296296294
1 0.8729166666666667 0.8018518518518518 0.026041666666666668 0.046296296296296294
1 0.9947916666666666 0.8648148148148148 0.026041666666666668 0.046296296296296294
1 0.8239583333333333 0.8222222222222222 0.026041666666666668 0.046296296296296294
1 0.7666666666666667 0.6796296296296296 0.026041666666666668 0.046296296296296294
3 0.7583333333333333 0.6351851851851852 0.026041666666666668 0.046296296296296294
