0 0.4703125 0.09444444444444444 0.026041666666666668 0.046296296296296294
0 0.4791666666666667 0.09537037037037037 0.026041666666666668 0.046296296296296294
0 0.475 0.10740740740740741 0.026041666666666668 0.046296296296296294
0 0.4859375 0.1037037037037037 0.026041666666666668 0.046296296296296294
0 0.46979166666666666 0.11296296296296296 0.026041666666666668 0.046296296296296294
0 0.4786458333333333 0.12129629629629629 0.026041666666666668 0.046296296296296294
0 0.4921875 0.12037037037037036 0.026041666666666668 0.046296296296296294
0 0.4953125 0.12129629629629629 0.026041666666666668 0.046296296296296294
0 0.46979166666666666 0.13148148148148148 0.026041666666666668 0.046296296296296294
0 0.4510416666666667 0.13240740740740742 0.026041666666666668 0.046296296296296294
0 0.45729166666666665 0.13333333333333333 0.026041666666666668 0.046296296296296294
0 0.46145833333333336 0.1361111111111111 0.026041666666666668 0.046296296296296294
0 0.4875 0.13796296296296295 0.026041666666666668 0.046296296296296294
0 0.49114583333333334 0.1398148148148148 0.026041666666666668 0.046296296296296294
0 0.4635416666666667 0.1537037037037037 0.026041666666666668 0.046296296296296294
0 0.4708333333333333 0.175 0.026041666666666668 0.046296296296296294
0 0.42916666666666664 0.18055555555555555 0.026041666666666668 0.046296296296296294
0 0.5119791666666667 0.18518518518518517 0.026041666666666668 0.046296296296296294
0 0.4484375 0.21944444444444444 0.026041666666666668 0.046296296296296294
0 0.5203125 0.23055555555555557 0.026041666666666668 0.046296296296296294
0 0.41875 0.23796296296296296 0.026041666666666668 0.046296296296296294
0 0.4640625 0.2361111111111111 0.026041666666666668 0.046296296296296294
0 0.48385416666666664 0.2361111111111111 0.026041666666666668 0.046296296296296294
0 0.4901041666666667 0.23796296296296296 0.026041666666666668 0.046296296296296294
0 0.4484375 0.24259259259259258 0.026041666666666668 0.046296296296296294
0 0.5067708333333333 0.24722222222222223 0.026041666666666668 0.046296296296296294
0 0.5161458333333333 0.25462962962962965 0.026041666666666668 0.046296296296296294
0 0.440625 0.2611111111111111 0.026041666666666668 0.046296296296296294
0 0.4901041666666667 0.2601851851851852 0.026041666666666668 0.046296296296296294
0 0.5072916666666667 0.2601851851851852 0.026041666666666668 0.046296296296296294
0 0.515625 0.2611111111111111 0.026041666666666668 0.046296296296296294
0 0.703125 0.2601851851851852 0.026041666666666668 0.046296296296296294
0 0.4234375 0.26666666666666666 0.026041666666666668 0.046296296296296294
0 0.45364583333333336 0.27037037037037037 0.026041666666666668 0.046296296296296294
0 0.5453125 0.26851851851851855 0.026041666666666668 0.046296296296296294
0 0.4791666666666667 0.27870370370370373 0.026041666666666668 0.046296296296296294
0 0.49895833333333334 0.28055555555555556 0.026041666666666668 0.046296296296296294
0 0.41875 0.28425925925925927 0.026041666666666668 0.046296296296296294
0 0.49114583333333334 0.2861111111111111 0.026041666666666668 0.046296296296296294
0 0.5072916666666667 0.2861111111111111 0.026041666666666668 0.046296296296296294
0 0.428125 0.29074074074074074 0.026041666666666668 0.046296296296296294
0 0.45729166666666665 0.29444444444444445 0.026041666666666668 0.046296296296296294
0 0.5234375 0.29259259259259257 0.026041666666666668 0.046296296296296294
0 0.5494791666666666 0.2916666666666667 0.026041666666666668 0.046296296296296294
0 0.4786458333333333 0.2972222222222222 0.026041666666666668 0.046296296296296294
0 0.5020833333333333 0.30185185185185187 0.026041666666666668 0.046296296296296294
0 0.5369791666666667 0.30092592592592593 0.026041666666666668 0.046296296296296294
0 0.453125 0.3101851851851852 0.026041666666666668 0.046296296296296294
0 0.51875 0.3101851851851852 0.026041666666666668 0.046296296296296294
0 0.43645833333333334 0.31574074074074077 0.026041666666666668 0.046296296296296294
4 0.4203125 0.3333333333333333 0.026041666666666668 0.046296296296296294
0 0.44895833333333335 0.33240740740740743 0.026041666666666668 0.046296296296296294
0 0.45729166666666665 0.3314814814814815 0.026041666666666668 0.046296296296296294
4 0.4666666666666667 0.33425925925925926 0.026041666666666668 0.046296296296296294
0 0.49947916666666664 0.3314814814814815 0.026041666666666668 0.046296296296296294
0 0.5104166666666666 0.33055555555555555 0.026041666666666668 0.046296296296296294
0 0.5291666666666667 0.33240740740740743 0.026041666666666668 0.046296296296296294
4 0.4703125 0.3398148148148148 0.026041666666666668 0.046296296296296294
4 0.4161458333333333 0.34814814814814815 0.026041666666666668 0.046296296296296294
4 0.43072916666666666 0.3490740740740741 0.026041666666666668 0.046296296296296294
4 0.4359375 0.3453703703703704 0.026041666666666668 0.046296296296296294
4 0.4510416666666667 0.34629629629629627 0.026041666666666668 0.046296296296296294
4 0.4583333333333333 0.3453703703703704 0.026041666666666668 0.046296296296296294
4 0.5005208333333333 0.34629629629629627 0.026041666666666668 0.046296296296296294
4 0.3776041666666667 0.3592592592592593 0.026041666666666668 0.046296296296296294
4 0.39114583333333336 0.35555555555555557 0.026041666666666668 0.046296296296296294
4 0.39895833333333336 0.35462962962962963 0.026041666666666668 0.046296296296296294
4 0.40729166666666666 0.35555555555555557 0.026041666666666668 0.046296296296296294
4 0.5119791666666667 0.3537037037037037 0.026041666666666668 0.046296296296296294
3 0.6864583333333333 0.35555555555555557 0.026041666666666668 0.046296296296296294
4 0.37083333333333335 0.362962962962963 0.026041666666666668 0.046296296296296294
4 0.38385416666666666 0.36574074074074076 0.026041666666666668 0.046296296296296294
4 0.38697916666666665 0.37407407407407406 0.026041666666666668 0.046296296296296294
4 0.4244791666666667 0.37037037037037035 0.026041666666666668 0.046296296296296294
4 0.65 0.36944444444444446 0.026041666666666668 0.046296296296296294
4 0.375 0.38055555555555554 0.026041666666666668 0.046296296296296294
4 0.4119791666666667 0.3787037037037037 0.026041666666666668 0.046296296296296294
4 0.5203125 0.3787037037037037 0.026041666666666668 0.046296296296296294
4 0.4197916666666667 0.3888888888888889 0.026041666666666668 0.046296296296296294
4 0.5083333333333333 0.387037037037037 0.026041666666666668 0.046296296296296294
2 0.19739583333333333 0.39351851851851855 0.026041666666666668 0.046296296296296294
4 0.5244791666666667 0.3962962962962963 0.026041666666666668 0.046296296296296294
2 0.19166666666666668 0.40370370370370373 0.026041666666666668 0.046296296296296294
4 0.375 0.40185185185185185 0.026041666666666668 0.046296296296296294
4 0.6588541666666666 0.4027777777777778 0.026041666666666668 0.046296296296296294
4 0.4036458333333333 0.40925925925925927 0.026041666666666668 0.046296296296296294
4 0.4161458333333333 0.4083333333333333 0.026041666666666668 0.046296296296296294
4 0.39947916666666666 0.41759259259259257 0.026041666666666668 0.046296296296296294
4 0.503125 0.41944444444444445 0.026041666666666668 0.046296296296296294
4 0.5192708333333333 0.4203703703703704 0.026041666666666668 0.046296296296296294
2 0.17395833333333333 0.425 0.026041666666666668 0.046296296296296294
2 0.19166666666666668 0.425 0.026041666666666668 0.046296296296296294
4 0.4401041666666667 0.425 0.026041666666666668 0.046296296296296294
4 0.378125 0.4324074074074074 0.026041666666666668 0.046296296296296294
4 0.3828125 0.4305555555555556 0.026041666666666668 0.046296296296296294
4 0.425 0.43333333333333335 0.026041666666666668 0.046296296296296294
4 0.4828125 0.43333333333333335 0.026041666666666668 0.046296296296296294
4 0.4984375 0.43333333333333335 0.026041666666666668 0.046296296296296294
4 0.525 0.4351851851851852 0.026041666666666668 0.046296296296296294
4 0.6614583333333334 0.44074074074074077 0.026041666666666668 0.046296296296296294
3 0.70625 0.44722222222222224 0.026041666666666668 0.046296296296296294
4 0.50625 0.45555555555555555 0.026041666666666668 0.046296296296296294
3 0.6692708333333334 0.4546296296296296 0.026041666666666668 0.046296296296296294
3 0.6947916666666667 0.4583333333333333 0.026041666666666668 0.046296296296296294
4 0.525 0.4648148148148148 0.026041666666666668 0.046296296296296294
4 0.5166666666666667 0.47314814814814815 0.026041666666666668 0.046296296296296294
3 0.6833333333333333 0.4722222222222222 0.026041666666666668 0.046296296296296294
3 0.6953125 0.4888888888888889 0.026041666666666668 0.046296296296296294
4 0.5197916666666667 0.49444444444444446 0.026041666666666668 0.046296296296296294
4 0.43697916666666664 0.5018518518518519 0.026041666666666668 0.046296296296296294
4 0.6239583333333333 0.5018518518518519 0.026041666666666668 0.046296296296296294
3 0.6875 0.5037037037037037 0.026041666666666668 0.046296296296296294
4 0.5239583333333333 0.5092592592592593 0.026041666666666668 0.046296296296296294
4 0.4588541666666667 0.5166666666666667 0.026041666666666668 0.046296296296296294
4 0.6322916666666667 0.5148148148148148 0.026041666666666668 0.046296296296296294
3 0.6994791666666667 0.5194444444444445 0.026041666666666668 0.046296296296296294
4 0.5489583333333333 0.5231481481481481 0.026041666666666668 0.046296296296296294
3 0.725 0.5333333333333333 0.026041666666666668 0.046296296296296294
4 0.6197916666666666 0.5416666666666666 0.026041666666666668 0.046296296296296294
4 0.5515625 0.5564814814814815 0.026041666666666668 0.046296296296296294
4 0.5729166666666666 0.5564814814814815 0.026041666666666668 0.046296296296296294
3 0.7348958333333333 0.5546296296296296 0.026041666666666668 0.046296296296296294
4 0.6072916666666667 0.5648148148148148 0.026041666666666668 0.046296296296296294
4 0.503125 0.5740740740740741 0.026041666666666668 0.046296296296296294
4 0.6203125 0.5787037037037037 0.026041666666666668 0.046296296296296294
4 0.6286458333333333 0.5888888888888889 0.026041666666666668 0.046296296296296294
4 0.5859375 0.6074074074074074 0.026041666666666668 0.046296296296296294
3 0.7109375 0.6268518518518519 0.026041666666666668 0.046296296296296294
3 0.7385416666666667 0.6259259259259259 0.026041666666666668 0.046296296296296294
4 0.6036458333333333 0.6453703703703704 0.026041666666666668 0.046296296296296294
1 0.7703125 0.6703703703703704 0.026041666666666668 0.046296296296296294
1 0.7078125 0.6805555555555556 0.026041666666666668 0.046296296296296294
1 0.5729166666666666 0.6944444444444444 0.026041666666666668 0.046296296296296294
1 0.7536458333333333 0.7 0.026041666666666668 0.046296296296296294
1 0.8822916666666667 0.7453703703703703 0.026041666666666668 0.046296296296296294
1 0.8244791666666667 0.8342592592592593 0.026041666666666668 0.046296296296296294
1 0.4583333333333333 0.8296296296296296 0.026041666666666668 0.046296296296296294
1 0.9828125 0.8518518518518519 0.026041666666666668 0.046296296296296294
1 0.7416666666666667 0.9018518518518519 0.026041666666666668 0.046296296296296294
1 0.8161458333333333 0.9111111111111111 0.026041666666666668 0.046296296296296294
1 0.9625 0.9462962962962963 0.026041666666666668 0.046296296296296294
1 0.7213541666666666 0.962037037037037 0.026041666666666668 0.046296296296296294
1 0.4296875 0.9722222222222222 0.026041666666666668 0.046296296296296294
1 0.9375 0.987037037037037 0.026041666666666668 0.046296296296296294
4 0.4 0.5111111111111111 0.026041666666666668 0.046296296296296294
1 0.7697916666666667 0.8296296296296296 0.026041666666666668 0.046296296296296294
3 0.7635416666666667 0.5796296296296296 0.026041666666666668 0.046296296296296294
1 0.9958333333333333 0.8574074074074074 0.026041666666666668 0.046296296296296294
1 0.8270833333333333 0.8648148148148148 0.026041666666666668 0.046296296296296294
4 0.47708333333333336 0.5222222222222223 0.026041666666666668 0.046296296296296294
4 0.465625 0.45185185185185184 0.026041666666666668 0.046296296296296294
2 0.21041666666666667 0.40925925925925927 0.026041666666666668 0.046296296296296294
4 0.48020833333333335 0.3537037037037037 0.026041666666666668 0.046296296296296294
3 0.753125 0.5611111111111111 0.026041666666666668 0.046296296296296294
