0 0.4703125 0.12962962962962962 0.026041666666666668 0.046296296296296294
0 0.4895833333333333 0.12962962962962962 0.026041666666666668 0.046296296296296294
0 0.4609375 0.13518518518518519 0.026041666666666668 0.046296296296296294
0 0.4864583333333333 0.1398148148148148 0.026041666666666668 0.046296296296296294
0 0.478125 0.14537037037037037 0.026041666666666668 0.046296296296296294
0 0.4625 0.1537037037037037 0.026041666666666668 0.046296296296296294
0 0.459375 0.16574074074074074 0.026041666666666668 0.046296296296296294
0 0.490625 0.1675925925925926 0.026041666666666668 0.046296296296296294
0 0.4984375 0.16666666666666666 0.026041666666666668 0.046296296296296294
0 0.43125 0.17407407407407408 0.026041666666666668 0.046296296296296294
0 0.4953125 0.18333333333333332 0.026041666666666668 0.046296296296296294
0 0.5041666666666667 0.1824074074074074 0.026041666666666668 0.046296296296296294
0 0.5161458333333333 0.18425925925925926 0.026041666666666668 0.046296296296296294
0 0.4864583333333333 0.19074074074074074 0.026041666666666668 0.046296296296296294
0 0.49166666666666664 0.2 0.026041666666666668 0.046296296296296294
0 0.5036458333333333 0.19814814814814816 0.026041666666666668 0.046296296296296294
0 0.5078125 0.2 0.026041666666666668 0.046296296296296294
0 0.4453125 0.2064814814814815 0.026041666666666668 0.046296296296296294
0 0.4453125 0.23055555555555557 0.026041666666666668 0.046296296296296294
0 0.465625 0.2462962962962963 0.026041666666666668 0.046296296296296294
0 0.49166666666666664 0.24814814814814815 0.026041666666666668 0.046296296296296294
0 0.5166666666666667 0.26851851851851855 0.026041666666666668 0.046296296296296294
0 0.44895833333333335 0.2777777777777778 0.026041666666666668 0.046296296296296294
0 0.47760416666666666 0.2777777777777778 0.026041666666666668 0.046296296296296294
0 0.4901041666666667 0.2722222222222222 0.026041666666666668 0.046296296296296294
0 0.534375 0.2777777777777778 0.026041666666666668 0.046296296296296294
0 0.5416666666666666 0.27685185185185185 0.026041666666666668 0.046296296296296294
0 0.42552083333333335 0.28055555555555556 0.026041666666666668 0.046296296296296294
0 0.43333333333333335 0.2824074074074074 0.026041666666666668 0.046296296296296294
0 0.5046875 0.28425925925925927 0.026041666666666668 0.046296296296296294
0 0.5104166666666666 0.2861111111111111 0.026041666666666668 0.046296296296296294
0 0.4671875 0.2935185185185185 0.026041666666666668 0.046296296296296294
0 0.490625 0.2916666666666667 0.026041666666666668 0.046296296296296294
0 0.6927083333333334 0.2916666666666667 0.026041666666666668 0.046296296296296294
0 0.6984375 0.2935185185185185 0.026041666666666668 0.046296296296296294
0 0.43697916666666664 0.29907407407407405 0.026041666666666668 0.046296296296296294
0 0.45260416666666664 0.30092592592592593 0.026041666666666668 0.046296296296296294
0 0.4453125 0.3111111111111111 0.026041666666666668 0.046296296296296294
0 0.49947916666666664 0.31666666666666665 0.026041666666666668 0.046296296296296294
0 0.7067708333333333 0.3138888888888889 0.026041666666666668 0.046296296296296294
0 0.4166666666666667 0.32314814814814813 0.026041666666666668 0.046296296296296294
0 0.4661458333333333 0.32222222222222224 0.026041666666666668 0.046296296296296294
0 0.44427083333333334 0.33240740740740743 0.026041666666666668 0.046296296296296294
4 0.5192708333333333 0.3388888888888889 0.026041666666666668 0.046296296296296294
4 0.4828125 0.3472222222222222 0.026041666666666668 0.046296296296296294
4 0.39895833333333336 0.35648148148148145 0.026041666666666668 0.046296296296296294
4 0.378125 0.3638888888888889 0.026041666666666668 0.046296296296296294
4 0.5109375 0.3731481481481482 0.026041666666666668 0.046296296296296294
4 0.6505208333333333 0.3787037037037037 0.026041666666666668 0.046296296296296294
4 0.5109375 0.3851851851851852 0.026041666666666668 0.046296296296296294
4 0.5302083333333333 0.38796296296296295 0.026041666666666668 0.046296296296296294
2 0.20677083333333332 0.3907407407407407 0.026041666666666668 0.046296296296296294
4 0.49947916666666664 0.39537037037037037 0.026041666666666668 0.046296296296296294
3 0.6828125 0.39351851851851855 0.026041666666666668 0.046296296296296294
4 0.5203125 0.40370370370370373 0.026041666666666668 0.046296296296296294
4 0.6489583333333333 0.40185185185185185 0.026041666666666668 0.046296296296296294
2 0.2015625 0.4074074074074074 0.026041666666666668 0.046296296296296294
2 0.21510416666666668 0.4083333333333333 0.026041666666666668 0.046296296296296294
4 0.465625 0.4083333333333333 0.026041666666666668 0.046296296296296294
2 0.17447916666666666 0.4166666666666667 0.026041666666666668 0.046296296296296294
4 0.5119791666666667 0.41944444444444445 0.026041666666666668 0.046296296296296294
3 0.6692708333333334 0.4212962962962963 0.026041666666666668 0.046296296296296294
4 0.6630208333333333 0.42407407407407405 0.026041666666666668 0.046296296296296294
4 0.5197916666666667 0.43333333333333335 0.026041666666666668 0.046296296296296294
4 0.6510416666666666 0.43796296296296294 0.026041666666666668 0.046296296296296294
3 0.6786458333333333 0.44351851851851853 0.026041666666666668 0.046296296296296294
3 0.703125 0.43796296296296294 0.026041666666666668 0.046296296296296294
2 0.18645833333333334 0.44814814814814813 0.026041666666666668 0.046296296296296294
4 0.4708333333333333 0.45 0.026041666666666668 0.046296296296296294
4 0.5083333333333333 0.45 0.026041666666666668 0.046296296296296294
3 0.6739583333333333 0.4740740740740741 0.026041666666666668 0.046296296296296294
4 0.4671875 0.4824074074074074 0.026041666666666668 0.046296296296296294
4 0.5072916666666667 0.48055555555555557 0.026041666666666668 0.046296296296296294
4 0.6328125 0.48055555555555557 0.026041666666666668 0.046296296296296294
4 0.653125 0.48703703703703705 0.026041666666666668 0.046296296296296294
3 0.6744791666666666 0.49074074074074076 0.026041666666666668 0.046296296296296294
4 0.4348958333333333 0.49074074074074076 0.026041666666666668 0.046296296296296294
4 0.45260416666666664 0.4935185185185185 0.026041666666666668 0.046296296296296294
4 0.4197916666666667 0.5009259259259259 0.026041666666666668 0.046296296296296294
3 0.6963541666666667 0.5027777777777778 0.026041666666666668 0.046296296296296294
4 0.3963541666666667 0.5074074074074074 0.026041666666666668 0.046296296296296294
4 0.4953125 0.5101851851851852 0.026041666666666668 0.046296296296296294
3 0.6703125 0.5111111111111111 0.026041666666666668 0.046296296296296294
3 0.703125 0.5120370370370371 0.026041666666666668 0.046296296296296294
4 0.6359375 0.5203703703703704 0.026041666666666668 0.046296296296296294
4 0.5 0.5259259259259259 0.026041666666666668 0.046296296296296294
4 0.5203125 0.5296296296296297 0.026041666666666668 0.046296296296296294
4 0.6307291666666667 0.5268518518518519 0.026041666666666668 0.046296296296296294
3 0.7197916666666667 0.5314814814814814 0.026041666666666668 0.046296296296296294
3 0.7338541666666667 0.5351851851851852 0.026041666666666668 0.046296296296296294
4 0.45416666666666666 0.5425925925925926 0.026041666666666668 0.046296296296296294
4 0.4947916666666667 0.5509259259259259 0.026041666666666668 0.046296296296296294
4 0.5119791666666667 0.55 0.026041666666666668 0.046296296296296294
4 0.603125 0.549074074074074 0.026041666666666668 0.046296296296296294
4 0.6338541666666667 0.5472222222222223 0.026041666666666668 0.046296296296296294
4 0.39427083333333335 0.5583333333333333 0.026041666666666668 0.046296296296296294
4 0.4828125 0.5555555555555556 0.026041666666666668 0.046296296296296294
4 0.5395833333333333 0.5555555555555556 0.026041666666666668 0.046296296296296294
4 0.5692708333333333 0.55 0.026041666666666668 0.046296296296296294
3 0.740625 0.562037037037037 0.026041666666666668 0.046296296296296294
3 0.7625 0.5648148148148148 0.026041666666666668 0.046296296296296294
4 0.4661458333333333 0.5731481481481482 0.026041666666666668 0.046296296296296294
3 0.7494791666666667 0.5824074074074074 0.026041666666666668 0.046296296296296294
4 0.425 0.6018518518518519 0.026041666666666668 0.046296296296296294
4 0.3984375 0.6129629629629629 0.026041666666666668 0.046296296296296294
3 0.7630208333333334 0.612037037037037 0.026041666666666668 0.046296296296296294
4 0.3828125 0.6296296296296297 0.026041666666666668 0.046296296296296294
3 0.715625 0.6527777777777778 0.026041666666666668 0.046296296296296294
2 0.215625 0.6648148148148149 0.026041666666666668 0.046296296296296294
4 0.475 0.6611111111111111 0.026041666666666668 0.046296296296296294
3 0.7666666666666667 0.6666666666666666 0.026041666666666668 0.046296296296296294
1 0.5088541666666667 0.6759259259259259 0.026041666666666668 0.046296296296296294
1 0.5755208333333334 0.6722222222222223 0.026041666666666668 0.046296296296296294
1 0.6734375 0.6805555555555556 0.026041666666666668 0.046296296296296294
1 0.7026041666666667 0.6796296296296296 0.026041666666666668 0.046296296296296294
1 0.20052083333333334 0.6953703703703704 0.026041666666666668 0.046296296296296294
1 0.39895833333333336 0.6925925925925925 0.026041666666666668 0.046296296296296294
1 0.43802083333333336 0.7092592592592593 0.026041666666666668 0.046296296296296294
1 0.6208333333333333 0.6990740740740741 0.026041666666666668 0.046296296296296294
1 0.8854166666666666 0.75 0.026041666666666668 0.046296296296296294
1 0.9578125 0.7657407407407407 0.026041666666666668 0.046296296296296294
1 0.9182291666666667 0.8194444444444444 0.026041666666666668 0.046296296296296294
1 0.78125 0.8203703703703704 0.026041666666666668 0.046296296296296294
1 0.790625 0.8592592592592593 0.026041666666666668 0.046296296296296294
1 0.8276041666666667 0.8657407407407407 0.026041666666666668 0.046296296296296294
1 0.1859375 0.8824074074074074 0.026041666666666668 0.046296296296296294
1 0.9421875 0.9277777777777778 0.026041666666666668 0.046296296296296294
1 0.31614583333333335 0.9361111111111111 0.026041666666666668 0.046296296296296294
1 0.44895833333333335 0.9314814814814815 0.026041666666666668 0.046296296296296294
1 0.4791666666666667 0.9398148148148148 0.026041666666666668 0.046296296296296294
1 0.8286458333333333 0.9453703703703704 0.026041666666666668 0.046296296296296294
1 0.9703125 0.9453703703703704 0.026041666666666668 0.046296296296296294
1 0.11041666666666666 0.9546296296296296 0.026041666666666668 0.046296296296296294
1 0.3703125 0.9740740740740741 0.026041666666666668 0.046296296296296294
1 0.6005208333333333 0.9925925925925926 0.026041666666666668 0.046296296296296294
1 0.16979166666666667 0.7481481481481481 0.026041666666666668 0.046296296296296294
1 0.23125 0.6777777777777778 0.026041666666666668 0.046296296296296294
1 0.36041666666666666 0.8518518518518519 0.026041666666666668 0.046296296296296294
1 0.3375 0.7981481481481482 0.026041666666666668 0.046296296296296294
1 0.31875 0.7611111111111111 0.026041666666666668 0.046296296296296294
1 0.425 0.7407407407407407 0.026041666666666668 0.046296296296296294
4 0.5541666666666667 0.6222222222222222 0.026041666666666668 0.046296296296296294
4 0.6520833333333333 0.6277777777777778 0.026041666666666668 0.046296296296296294
3 0.690625 0.6185185185185185 0.026041666666666668 0.046296296296296294
1 0.9052083333333333 0.9685185185185186 0.026041666666666668 0.046296296296296294
1 0.86875 0.8166666666666667 0.026041666666666668 0.046296296296296294
1 0.5104166666666666 0.8925925925925926 0.026041666666666668 0.046296296296296294
2 0.2 0.4740740740740741 0.026041666666666668 0.046296296296296294
3 0.75 0.6 0.026041666666666668 0.046296296296296294
1 0.7802083333333333 0.6962962962962963 0.026041666666666668 0.046296296296296294
1 0.7020833333333333 0.7759259259259259 0.026041666666666668 0.046296296296296294
1 0.43020833333333336 0.7574074074074074 0.026041666666666668 0.046296296296296294
