0 0.46979166666666666 0.09444444444444444 0.026041666666666668 0.046296296296296294
0 0.4817708333333333 0.10648148148148148 0.026041666666666668 0.046296296296296294
0 0.46979166666666666 0.11296296296296296 0.026041666666666668 0.046296296296296294
0 0.4822916666666667 0.12037037037037036 0.026041666666666668 0.046296296296296294
0 0.49166666666666664 0.12129629629629629 0.026041666666666668 0.046296296296296294
0 0.4973958333333333 0.12037037037037036 0.026041666666666668 0.046296296296296294
0 0.4421875 0.13425925925925927 0.026041666666666668 0.046296296296296294
0 0.45 0.13333333333333333 0.026041666666666668 0.046296296296296294
0 0.4588541666666667 0.13240740740740742 0.026041666666666668 0.046296296296296294
0 0.46197916666666666 0.13425925925925927 0.026041666666666668 0.046296296296296294
0 0.4703125 0.1361111111111111 0.026041666666666668 0.046296296296296294
0 0.49114583333333334 0.1388888888888889 0.026041666666666668 0.046296296296296294
0 0.44114583333333335 0.14722222222222223 0.026041666666666668 0.046296296296296294
0 0.45364583333333336 0.14444444444444443 0.026041666666666668 0.046296296296296294
0 0.4734375 0.14722222222222223 0.026041666666666668 0.046296296296296294
0 0.43697916666666664 0.1537037037037037 0.026041666666666668 0.046296296296296294
0 0.4635416666666667 0.14907407407407408 0.026041666666666668 0.046296296296296294
0 0.4666666666666667 0.1527777777777778 0.026041666666666668 0.046296296296296294
0 0.48489583333333336 0.16111111111111112 0.026041666666666668 0.046296296296296294
0 0.490625 0.15925925925925927 0.026041666666666668 0.046296296296296294
0 0.43697916666666664 0.1685185185185185 0.026041666666666668 0.046296296296296294
0 0.4666666666666667 0.1675925925925926 0.026041666666666668 0.046296296296296294
0 0.5020833333333333 0.17407407407407408 0.026041666666666668 0.046296296296296294
0 0.5088541666666667 0.175 0.026041666666666668 0.046296296296296294
0 0.5088541666666667 0.22870370370370371 0.026041666666666668 0.046296296296296294
0 0.5145833333333333 0.23148148148148148 0.026041666666666668 0.046296296296296294
0 0.4171875 0.2361111111111111 0.026041666666666668 0.046296296296296294
0 0.4239583333333333 0.23425925925925925 0.026041666666666668 0.046296296296296294
0 0.4322916666666667 0.2361111111111111 0.026041666666666668 0.046296296296296294
0 0.49635416666666665 0.23796296296296296 0.026041666666666668 0.046296296296296294
0 0.49114583333333334 0.24351851851851852 0.026041666666666668 0.046296296296296294
0 0.5036458333333333 0.24722222222222223 0.026041666666666668 0.046296296296296294
0 0.4119791666666667 0.2537037037037037 0.026041666666666668 0.046296296296296294
0 0.4864583333333333 0.2564814814814815 0.026041666666666668 0.046296296296296294
0 0.515625 0.25462962962962965 0.026041666666666668 0.046296296296296294
0 0.4546875 0.25833333333333336 0.026041666666666668 0.046296296296296294
0 0.4953125 0.25833333333333336 0.026041666666666668 0.046296296296296294
0 0.49166666666666664 0.2675925925925926 0.026041666666666668 0.046296296296296294
0 0.5072916666666667 0.26944444444444443 0.026041666666666668 0.046296296296296294
0 0.4703125 0.27685185185185185 0.026041666666666668 0.046296296296296294
0 0.49947916666666664 0.2777777777777778 0.026041666666666668 0.046296296296296294
0 0.46927083333333336 0.2851851851851852 0.026041666666666668 0.046296296296296294
0 0.4869791666666667 0.28425925925925927 0.026041666666666668 0.046296296296296294
0 0.5177083333333333 0.28703703703703703 0.026041666666666668 0.046296296296296294
0 0.696875 0.2861111111111111 0.026041666666666668 0.046296296296296294
0 0.4942708333333333 0.2935185185185185 0.026041666666666668 0.046296296296296294
0 0.4203125 0.30092592592592593 0.026041666666666668 0.046296296296296294
0 0.5119791666666667 0.30092592592592593 0.026041666666666668 0.046296296296296294
0 0.7 0.29814814814814816 0.026041666666666668 0.046296296296296294
0 0.43125 0.3055555555555556 0.026041666666666668 0.046296296296296294
0 0.4359375 0.3055555555555556 0.026041666666666668 0.046296296296296294
0 0.5322916666666667 0.3101851851851852 0.026041666666666668 0.046296296296296294
0 0.4479166666666667 0.3138888888888889 0.026041666666666668 0.046296296296296294
0 0.46510416666666665 0.3148148148148148 0.026041666666666668 0.046296296296296294
0 0.5020833333333333 0.31851851851851853 0.026041666666666668 0.046296296296296294
0 0.5244791666666667 0.3175925925925926 0.026041666666666668 0.046296296296296294
0 0.4203125 0.32222222222222224 0.026041666666666668 0.046296296296296294
0 0.4817708333333333 0.32314814814814813 0.026041666666666668 0.046296296296296294
0 0.5119791666666667 0.32407407407407407 0.026041666666666668 0.046296296296296294
4 0.49375 0.3333333333333333 0.026041666666666668 0.046296296296296294
4 0.5119791666666667 0.3398148148148148 0.026041666666666668 0.046296296296296294
4 0.44583333333333336 0.34814814814814815 0.026041666666666668 0.046296296296296294
4 0.503125 0.34814814814814815 0.026041666666666668 0.046296296296296294
4 0.5286458333333334 0.3490740740740741 0.026041666666666668 0.046296296296296294
4 0.37083333333333335 0.3537037037037037 0.026041666666666668 0.046296296296296294
4 0.3828125 0.35555555555555557 0.026041666666666668 0.046296296296296294
4 0.4 0.3527777777777778 0.026041666666666668 0.046296296296296294
4 0.4078125 0.35462962962962963 0.026041666666666668 0.046296296296296294
4 0.4161458333333333 0.35555555555555557 0.026041666666666668 0.046296296296296294
4 0.3802083333333333 0.36574074074074076 0.026041666666666668 0.046296296296296294
4 0.3875 0.3648148148148148 0.026041666666666668 0.046296296296296294
4 0.4828125 0.362962962962963 0.026041666666666668 0.046296296296296294
4 0.4947916666666667 0.362962962962963 0.026041666666666668 0.046296296296296294
4 0.5083333333333333 0.36203703703703705 0.026041666666666668 0.046296296296296294
4 0.425 0.3712962962962963 0.026041666666666668 0.046296296296296294
3 0.6776041666666667 0.36666666666666664 0.026041666666666668 0.046296296296296294
4 0.40729166666666666 0.3787037037037037 0.026041666666666668 0.046296296296296294
4 0.5078125 0.3768518518518518 0.026041666666666668 0.046296296296296294
4 0.5192708333333333 0.38055555555555554 0.026041666666666668 0.046296296296296294
4 0.65 0.37777777777777777 0.026041666666666668 0.046296296296296294
4 0.41875 0.38981481481481484 0.026041666666666668 0.046296296296296294
4 0.5125 0.39537037037037037 0.026041666666666668 0.046296296296296294
4 0.54375 0.39351851851851855 0.026041666666666668 0.046296296296296294
2 0.20989583333333334 0.3990740740740741 0.026041666666666668 0.046296296296296294
4 0.5197916666666667 0.40185185185185185 0.026041666666666668 0.046296296296296294
2 0.19479166666666667 0.40925925925925927 0.026041666666666668 0.046296296296296294
4 0.44114583333333335 0.4101851851851852 0.026041666666666668 0.046296296296296294
4 0.46927083333333336 0.40925925925925927 0.026041666666666668 0.046296296296296294
4 0.5067708333333333 0.4101851851851852 0.026041666666666668 0.046296296296296294
4 0.65 0.40925925925925927 0.026041666666666668 0.046296296296296294
4 0.41458333333333336 0.4212962962962963 0.026041666666666668 0.046296296296296294
4 0.44947916666666665 0.4305555555555556 0.026041666666666668 0.046296296296296294
4 0.503125 0.43425925925925923 0.026041666666666668 0.046296296296296294
4 0.5161458333333333 0.4425925925925926 0.026041666666666668 0.046296296296296294
3 0.7067708333333333 0.44351851851851853 0.026041666666666668 0.046296296296296294
3 0.6817708333333333 0.45740740740740743 0.026041666666666668 0.046296296296296294
4 0.4942708333333333 0.4638888888888889 0.026041666666666668 0.046296296296296294
4 0.5104166666666666 0.47129629629629627 0.026041666666666668 0.046296296296296294
2 0.215625 0.48148148148148145 0.026041666666666668 0.046296296296296294
4 0.465625 0.47962962962962963 0.026041666666666668 0.046296296296296294
4 0.5322916666666667 0.48148148148148145 0.026041666666666668 0.046296296296296294
4 0.5239583333333333 0.4898148148148148 0.026041666666666668 0.046296296296296294
4 0.5786458333333333 0.4962962962962963 0.026041666666666668 0.046296296296296294
3 0.6942708333333333 0.49722222222222223 0.026041666666666668 0.046296296296296294
4 0.5328125 0.5037037037037037 0.026041666666666668 0.046296296296296294
4 0.6369791666666667 0.5148148148148148 0.026041666666666668 0.046296296296296294
3 0.6901041666666666 0.5111111111111111 0.026041666666666668 0.046296296296296294
4 0.4869791666666667 0.5203703703703704 0.026041666666666668 0.046296296296296294
4 0.5859375 0.5175925925925926 0.026041666666666668 0.046296296296296294
3 0.6895833333333333 0.5231481481481481 0.026041666666666668 0.046296296296296294
4 0.465625 0.525 0.026041666666666668 0.046296296296296294
4 0.528125 0.5277777777777778 0.026041666666666668 0.046296296296296294
4 0.6651041666666667 0.5287037037037037 0.026041666666666668 0.046296296296296294
4 0.39739583333333334 0.5296296296296297 0.026041666666666668 0.046296296296296294
4 0.41510416666666666 0.5296296296296297 0.026041666666666668 0.046296296296296294
4 0.5458333333333333 0.5314814814814814 0.026041666666666668 0.046296296296296294
4 0.6333333333333333 0.5351851851851852 0.026041666666666668 0.046296296296296294
4 0.6421875 0.5351851851851852 0.026041666666666668 0.046296296296296294
4 0.44375 0.5398148148148149 0.026041666666666668 0.046296296296296294
3 0.7260416666666667 0.537962962962963 0.026041666666666668 0.046296296296296294
4 0.484375 0.5481481481481482 0.026041666666666668 0.046296296296296294
4 0.578125 0.55 0.026041666666666668 0.046296296296296294
4 0.590625 0.5555555555555556 0.026041666666666668 0.046296296296296294
4 0.6286458333333333 0.5574074074074075 0.026041666666666668 0.046296296296296294
3 0.6875 0.5555555555555556 0.026041666666666668 0.046296296296296294
4 0.5572916666666666 0.5712962962962963 0.026041666666666668 0.046296296296296294
4 0.6104166666666667 0.5694444444444444 0.026041666666666668 0.046296296296296294
4 0.6375 0.5740740740740741 0.026041666666666668 0.046296296296296294
3 0.7390625 0.5694444444444444 0.026041666666666668 0.046296296296296294
3 0.7552083333333334 0.5638888888888889 0.026041666666666668 0.046296296296296294
3 0.7645833333333333 0.5898148148148148 0.026041666666666668 0.046296296296296294
3 0.7515625 0.5972222222222222 0.026041666666666668 0.046296296296296294
3 0.6953125 0.6027777777777777 0.026041666666666668 0.046296296296296294
4 0.5713541666666667 0.6111111111111112 0.026041666666666668 0.046296296296296294
3 0.7447916666666666 0.6212962962962963 0.026041666666666668 0.046296296296296294
4 0.49166666666666664 0.6388888888888888 0.026041666666666668 0.046296296296296294
1 0.7713541666666667 0.6712962962962963 0.026041666666666668 0.046296296296296294
1 0.6682291666666667 0.6759259259259259 0.026041666666666668 0.046296296296296294
1 0.7427083333333333 0.6944444444444444 0.026041666666666668 0.046296296296296294
1 0.4119791666666667 0.7407407407407407 0.026041666666666668 0.046296296296296294
1 0.8890625 0.7481481481481481 0.026041666666666668 0.046296296296296294
1 0.48072916666666665 0.7537037037037037 0.026041666666666668 0.046296296296296294
1 0.6416666666666667 0.8185185185185185 0.026041666666666668 0.046296296296296294
1 0.39479166666666665 0.8240740740740741 0.026041666666666668 0.046296296296296294
1 0.7630208333333334 0.8388888888888889 0.026041666666666668 0.046296296296296294
1 0.975 0.8462962962962963 0.026041666666666668 0.046296296296296294
1 0.6213541666666667 0.8527777777777777 0.026041666666666668 0.046296296296296294
1 0.8213541666666667 0.8703703703703703 0.026041666666666668 0.046296296296296294
1 0.8161458333333333 0.9203703703703704 0.026041666666666668 0.046296296296296294
1 0.9729166666666667 0.950925925925926 0.026041666666666668 0.046296296296296294
1 0.8666666666666667 0.8222222222222222 0.026041666666666668 0.046296296296296294
1 0.8291666666666667 0.8314814814814815 0.026041666666666668 0.046296296296296294
1 0.990625 0.8629629629629629 0.026041666666666668 0.046296296296296294
1 0.7270833333333333 0.7074074074074074 0.026041666666666668 0.046296296296296294
4 0.5302083333333333 0.6129629629629629 0.026041666666666668 0.046296296296296294
4 0.5927083333333333 0.6092592592592593 0.026041666666666668 0.046296296296296294
4 0.5197916666666667 0.5462962962962963 0.026041666666666668 0.046296296296296294
2 0.17916666666666667 0.47962962962962963 0.026041666666666668 0.046296296296296294
2 0.1625 0.4222222222222222 0.026041666666666668 0.046296296296296294
3 0.7625 0.6333333333333333 0.026041666666666668 0.046296296296296294
