0 0.47239583333333335 0.09537037037037037 0.026041666666666668 0.046296296296296294
0 0.4791666666666667 0.09814814814814815 0.026041666666666668 0.046296296296296294
0 0.48333333333333334 0.09722222222222222 0.026041666666666668 0.046296296296296294
0 0.4713541666666667 0.12222222222222222 0.026041666666666668 0.046296296296296294
0 0.4822916666666667 0.12129629629629629 0.026041666666666668 0.046296296296296294
0 0.49114583333333334 0.12222222222222222 0.026041666666666668 0.046296296296296294
0 0.4546875 0.1259259259259259 0.026041666666666668 0.046296296296296294
0 0.46510416666666665 0.1287037037037037 0.026041666666666668 0.046296296296296294
0 0.44166666666666665 0.13240740740740742 0.026041666666666668 0.046296296296296294
0 0.4479166666666667 0.13518518518518519 0.026041666666666668 0.046296296296296294
0 0.46145833333333336 0.1398148148148148 0.026041666666666668 0.046296296296296294
0 0.49114583333333334 0.1388888888888889 0.026041666666666668 0.046296296296296294
0 0.440625 0.14166666666666666 0.026041666666666668 0.046296296296296294
0 0.4546875 0.14074074074074075 0.026041666666666668 0.046296296296296294
0 0.459375 0.1425925925925926 0.026041666666666668 0.046296296296296294
0 0.475 0.14351851851851852 0.026041666666666668 0.046296296296296294
0 0.46197916666666666 0.15185185185185185 0.026041666666666668 0.046296296296296294
0 0.4661458333333333 0.15092592592592594 0.026041666666666668 0.046296296296296294
0 0.48385416666666664 0.15555555555555556 0.026041666666666668 0.046296296296296294
0 0.478125 0.1675925925925926 0.026041666666666668 0.046296296296296294
0 0.4791666666666667 0.18333333333333332 0.026041666666666668 0.046296296296296294
0 0.440625 0.21388888888888888 0.026041666666666668 0.046296296296296294
0 0.46979166666666666 0.22037037037037038 0.026041666666666668 0.046296296296296294
0 0.5145833333333333 0.2611111111111111 0.026041666666666668 0.046296296296296294
0 0.44947916666666665 0.26851851851851855 0.026041666666666668 0.046296296296296294
0 0.5057291666666667 0.2759259259259259 0.026041666666666668 0.046296296296296294
0 0.5078125 0.2898148148148148 0.026041666666666668 0.046296296296296294
0 0.6625 0.2777777777777778 0.026041666666666668 0.046296296296296294
0 0.6947916666666667 0.2861111111111111 0.026041666666666668 0.046296296296296294
0 0.428125 0.2898148148148148 0.026041666666666668 0.046296296296296294
0 0.4666666666666667 0.29444444444444445 0.026041666666666668 0.046296296296296294
0 0.49947916666666664 0.29444444444444445 0.026041666666666668 0.046296296296296294
0 0.4953125 0.30185185185185187 0.026041666666666668 0.046296296296296294
0 0.5114583333333333 0.29907407407407405 0.026041666666666668 0.046296296296296294
0 0.5067708333333333 0.3074074074074074 0.026041666666666668 0.046296296296296294
0 0.4276041666666667 0.3175925925925926 0.026041666666666668 0.046296296296296294
0 0.44635416666666666 0.3148148148148148 0.026041666666666668 0.046296296296296294
0 0.46510416666666665 0.31203703703703706 0.026041666666666668 0.046296296296296294
0 0.515625 0.31851851851851853 0.026041666666666668 0.046296296296296294
0 0.7078125 0.31203703703703706 0.026041666666666668 0.046296296296296294
0 0.5005208333333333 0.32407407407407407 0.026041666666666668 0.046296296296296294
0 0.5078125 0.32407407407407407 0.026041666666666668 0.046296296296296294
4 0.4244791666666667 0.33611111111111114 0.026041666666666668 0.046296296296296294
0 0.4546875 0.3314814814814815 0.026041666666666668 0.046296296296296294
0 0.465625 0.33240740740740743 0.026041666666666668 0.046296296296296294
0 0.4739583333333333 0.3296296296296296 0.026041666666666668 0.046296296296296294
4 0.41770833333333335 0.3416666666666667 0.026041666666666668 0.046296296296296294
4 0.44583333333333336 0.337037037037037 0.026041666666666668 0.046296296296296294
4 0.4859375 0.337037037037037 0.026041666666666668 0.046296296296296294
4 0.503125 0.3490740740740741 0.026041666666666668 0.046296296296296294
4 0.38333333333333336 0.3574074074074074 0.026041666666666668 0.046296296296296294
4 0.39166666666666666 0.35648148148148145 0.026041666666666668 0.046296296296296294
4 0.39947916666666666 0.35462962962962963 0.026041666666666668 0.046296296296296294
4 0.45364583333333336 0.3527777777777778 0.026041666666666668 0.046296296296296294
4 0.37552083333333336 0.362962962962963 0.026041666666666668 0.046296296296296294
4 0.3796875 0.36666666666666664 0.026041666666666668 0.046296296296296294
4 0.4317708333333333 0.3638888888888889 0.026041666666666668 0.046296296296296294
4 0.5036458333333333 0.362962962962963 0.026041666666666668 0.046296296296296294
4 0.40729166666666666 0.3712962962962963 0.026041666666666668 0.046296296296296294
4 0.4630208333333333 0.36944444444444446 0.026041666666666668 0.046296296296296294
4 0.37916666666666665 0.3814814814814815 0.026041666666666668 0.046296296296296294
4 0.50625 0.39351851851851855 0.026041666666666668 0.046296296296296294
4 0.515625 0.40185185185185185 0.026041666666666668 0.046296296296296294
2 0.19427083333333334 0.40925925925925927 0.026041666666666668 0.046296296296296294
4 0.37447916666666664 0.4101851851851852 0.026041666666666668 0.046296296296296294
4 0.39739583333333334 0.4111111111111111 0.026041666666666668 0.046296296296296294
4 0.4171875 0.4083333333333333 0.026041666666666668 0.046296296296296294
4 0.47760416666666666 0.4101851851851852 0.026041666666666668 0.046296296296296294
4 0.6614583333333334 0.4101851851851852 0.026041666666666668 0.046296296296296294
4 0.5239583333333333 0.4185185185185185 0.026041666666666668 0.046296296296296294
4 0.6541666666666667 0.41759259259259257 0.026041666666666668 0.046296296296296294
4 0.6661458333333333 0.41944444444444445 0.026041666666666668 0.046296296296296294
4 0.5083333333333333 0.42777777777777776 0.026041666666666668 0.046296296296296294
4 0.5208333333333334 0.4351851851851852 0.026041666666666668 0.046296296296296294
4 0.6536458333333334 0.4398148148148148 0.026041666666666668 0.046296296296296294
4 0.4734375 0.44814814814814813 0.026041666666666668 0.046296296296296294
4 0.5083333333333333 0.45 0.026041666666666668 0.046296296296296294
4 0.525 0.45092592592592595 0.026041666666666668 0.046296296296296294
3 0.690625 0.44907407407407407 0.026041666666666668 0.046296296296296294
3 0.6994791666666667 0.44814814814814813 0.026041666666666668 0.046296296296296294
4 0.6625 0.4564814814814815 0.026041666666666668 0.046296296296296294
3 0.7078125 0.4564814814814815 0.026041666666666668 0.046296296296296294
3 0.6859375 0.47129629629629627 0.026041666666666668 0.046296296296296294
4 0.6333333333333333 0.4787037037037037 0.026041666666666668 0.046296296296296294
3 0.6744791666666666 0.48055555555555557 0.026041666666666668 0.046296296296296294
4 0.4588541666666667 0.48703703703703705 0.026041666666666668 0.046296296296296294
4 0.6067708333333334 0.48703703703703705 0.026041666666666668 0.046296296296296294
4 0.5307291666666667 0.4935185185185185 0.026041666666666668 0.046296296296296294
3 0.6744791666666666 0.49444444444444446 0.026041666666666668 0.046296296296296294
4 0.5114583333333333 0.5055555555555555 0.026041666666666668 0.046296296296296294
4 0.5994791666666667 0.5148148148148148 0.026041666666666668 0.046296296296296294
3 0.6828125 0.5111111111111111 0.026041666666666668 0.046296296296296294
2 0.1828125 0.5185185185185185 0.026041666666666668 0.046296296296296294
4 0.6223958333333334 0.524074074074074 0.026041666666666668 0.046296296296296294
4 0.665625 0.5259259259259259 0.026041666666666668 0.046296296296296294
4 0.5036458333333333 0.5314814814814814 0.026041666666666668 0.046296296296296294
3 0.7348958333333333 0.5324074074074074 0.026041666666666668 0.046296296296296294
4 0.4739583333333333 0.5444444444444444 0.026041666666666668 0.046296296296296294
4 0.5119791666666667 0.5407407407407407 0.026041666666666668 0.046296296296296294
4 0.6286458333333333 0.5416666666666666 0.026041666666666668 0.046296296296296294
2 0.18854166666666666 0.5453703703703704 0.026041666666666668 0.046296296296296294
4 0.6661458333333333 0.5555555555555556 0.026041666666666668 0.046296296296296294
3 0.7484375 0.5555555555555556 0.026041666666666668 0.046296296296296294
4 0.6197916666666666 0.5666666666666667 0.026041666666666668 0.046296296296296294
4 0.40260416666666665 0.5685185185185185 0.026041666666666668 0.046296296296296294
4 0.528125 0.5740740740740741 0.026041666666666668 0.046296296296296294
4 0.428125 0.5787037037037037 0.026041666666666668 0.046296296296296294
3 0.7703125 0.5879629629629629 0.026041666666666668 0.046296296296296294
4 0.45729166666666665 0.5944444444444444 0.026041666666666668 0.046296296296296294
4 0.6119791666666666 0.5962962962962963 0.026041666666666668 0.046296296296296294
4 0.6442708333333333 0.5962962962962963 0.026041666666666668 0.046296296296296294
4 0.44635416666666666 0.6027777777777777 0.026041666666666668 0.046296296296296294
4 0.4708333333333333 0.6064814814814815 0.026041666666666668 0.046296296296296294
4 0.5119791666666667 0.6055555555555555 0.026041666666666668 0.046296296296296294
4 0.6572916666666667 0.6175925925925926 0.026041666666666668 0.046296296296296294
4 0.5619791666666667 0.6296296296296297 0.026041666666666668 0.046296296296296294
4 0.5026041666666666 0.6333333333333333 0.026041666666666668 0.046296296296296294
4 0.5822916666666667 0.6370370370370371 0.026041666666666668 0.046296296296296294
3 0.7583333333333333 0.6351851851851852 0.026041666666666668 0.046296296296296294
4 0.4822916666666667 0.6546296296296297 0.026041666666666668 0.046296296296296294
4 0.4578125 0.6601851851851852 0.026041666666666668 0.046296296296296294
1 0.48333333333333334 0.6888888888888889 0.026041666666666668 0.046296296296296294
1 0.6291666666666667 0.6981481481481482 0.026041666666666668 0.046296296296296294
1 0.6302083333333334 0.7194444444444444 0.026041666666666668 0.046296296296296294
1 0.7291666666666666 0.7203703703703703 0.026041666666666668 0.046296296296296294
1 0.55 0.7277777777777777 0.026041666666666668 0.046296296296296294
1 0.6229166666666667 0.7398148148148148 0.026041666666666668 0.046296296296296294
1 0.4395833333333333 0.7388888888888889 0.026041666666666668 0.046296296296296294
1 0.8895833333333333 0.7472222222222222 0.026041666666666668 0.046296296296296294
1 0.6958333333333333 0.7759259259259259 0.026041666666666668 0.046296296296296294
1 0.7692708333333333 0.787962962962963 0.026041666666666668 0.046296296296296294
1 0.7177083333333333 0.8305555555555556 0.026041666666666668 0.046296296296296294
1 0.21927083333333333 0.8462962962962963 0.026041666666666668 0.046296296296296294
1 0.05 0.8638888888888889 0.026041666666666668 0.046296296296296294
1 0.08697916666666666 0.8731481481481481 0.026041666666666668 0.046296296296296294
1 0.016145833333333335 0.8796296296296297 0.026041666666666668 0.046296296296296294
1 0.14322916666666666 0.8925925925925926 0.026041666666666668 0.046296296296296294
1 0.196875 0.8907407407407407 0.026041666666666668 0.046296296296296294
1 0.4390625 0.8916666666666667 0.026041666666666668 0.046296296296296294
1 0.075 0.9148148148148149 0.026041666666666668 0.046296296296296294
1 0.3151041666666667 0.9157407407407407 0.026041666666666668 0.046296296296296294
1 0.12083333333333333 0.924074074074074 0.026041666666666668 0.046296296296296294
1 0.2921875 0.9166666666666666 0.026041666666666668 0.046296296296296294
1 0.7822916666666667 0.9305555555555556 0.026041666666666668 0.046296296296296294
1 0.971875 0.9388888888888889 0.026041666666666668 0.046296296296296294
1 0.2838541666666667 0.9712962962962963 0.026041666666666668 0.046296296296296294
1 0.5770833333333333 0.9796296296296296 0.026041666666666668 0.046296296296296294
2 0.221875 0.43703703703703706 0.026041666666666668 0.046296296296296294
1 0.175 0.9537037037037037 0.026041666666666668 0.046296296296296294
1 0.25416666666666665 0.9407407407407408 0.026041666666666668 0.046296296296296294
1 0.47291666666666665 0.9055555555555556 0.026041666666666668 0.046296296296296294
1 0.6052083333333333 0.6722222222222223 0.026041666666666668 0.046296296296296294
4 0.6260416666666667 0.6111111111111112 0.026041666666666668 0.046296296296296294
4 0.6197916666666666 0.6388888888888888 0.026041666666666668 0.046296296296296294
1 0.7854166666666667 0.6814814814814815 0.026041666666666668 0.046296296296296294
1 0.8239583333333333 0.8462962962962963 0.026041666666666668 0.046296296296296294
1 0.8239583333333333 0.8796296296296297 0.026041666666666668 0.046296296296296294
1 0.8197916666666667 0.9388888888888889 0.026041666666666668 0.046296296296296294
1 0.8552083333333333 0.8962962962962963 0.026041666666666668 0.046296296296296294
3 0.7177083333333333 0.65 0.026041666666666668 0.046296296296296294
3 0.7072916666666667 0.3685185185185185 0.026041666666666668 0.046296296296296294
4 0.4354166666666667 0.5407407407407407 0.026041666666666668 0.046296296296296294
4 0.6104166666666667 0.5481481481481482 0.026041666666666668 0.046296296296296294
4 0.3927083333333333 0.42592592592592593 0.026041666666666668 0.046296296296296294
