0 0.4869791666666667 0.1388888888888889 0.026041666666666668 0.046296296296296294
0 0.4588541666666667 0.14351851851851852 0.026041666666666668 0.046296296296296294
0 0.4640625 0.14351851851851852 0.026041666666666668 0.046296296296296294
0 0.4703125 0.1398148148148148 0.026041666666666668 0.046296296296296294
0 0.47291666666666665 0.14444444444444443 0.026041666666666668 0.046296296296296294
0 0.4510416666666667 0.16018518518518518 0.026041666666666668 0.046296296296296294
0 0.4583333333333333 0.16296296296296298 0.026041666666666668 0.046296296296296294
0 0.47552083333333334 0.16018518518518518 0.026041666666666668 0.046296296296296294
0 0.4822916666666667 0.15925925925925927 0.026041666666666668 0.046296296296296294
0 0.4864583333333333 0.16666666666666666 0.026041666666666668 0.046296296296296294
0 0.4328125 0.17592592592592593 0.026041666666666668 0.046296296296296294
0 0.4484375 0.20555555555555555 0.026041666666666668 0.046296296296296294
0 0.4817708333333333 0.21481481481481482 0.026041666666666668 0.046296296296296294
0 0.46875 0.21851851851851853 0.026041666666666668 0.046296296296296294
0 0.4869791666666667 0.22777777777777777 0.026041666666666668 0.046296296296296294
0 0.47604166666666664 0.2388888888888889 0.026041666666666668 0.046296296296296294
0 0.4984375 0.2388888888888889 0.026041666666666668 0.046296296296296294
0 0.43020833333333336 0.24537037037037038 0.026041666666666668 0.046296296296296294
0 0.4328125 0.24444444444444444 0.026041666666666668 0.046296296296296294
0 0.4479166666666667 0.2462962962962963 0.026041666666666668 0.046296296296296294
0 0.5151041666666667 0.24444444444444444 0.026041666666666668 0.046296296296296294
0 0.4171875 0.2564814814814815 0.026041666666666668 0.046296296296296294
0 0.4265625 0.2611111111111111 0.026041666666666668 0.046296296296296294
0 0.4479166666666667 0.262037037037037 0.026041666666666668 0.046296296296296294
0 0.5145833333333333 0.25833333333333336 0.026041666666666668 0.046296296296296294
0 0.46458333333333335 0.2675925925925926 0.026041666666666668 0.046296296296296294
0 0.46875 0.2675925925925926 0.026041666666666668 0.046296296296296294
0 0.5484375 0.2675925925925926 0.026041666666666668 0.046296296296296294
0 0.5208333333333334 0.27685185185185185 0.026041666666666668 0.046296296296296294
0 0.4166666666666667 0.2814814814814815 0.026041666666666668 0.046296296296296294
0 0.4401041666666667 0.28425925925925927 0.026041666666666668 0.046296296296296294
0 0.528125 0.2851851851851852 0.026041666666666668 0.046296296296296294
0 0.6953125 0.2861111111111111 0.026041666666666668 0.046296296296296294
0 0.4197916666666667 0.29444444444444445 0.026041666666666668 0.046296296296296294
0 0.503125 0.29444444444444445 0.026041666666666668 0.046296296296296294
0 0.5192708333333333 0.2935185185185185 0.026041666666666668 0.046296296296296294
0 0.4786458333333333 0.30277777777777776 0.026041666666666668 0.046296296296296294
0 0.4947916666666667 0.30277777777777776 0.026041666666666668 0.046296296296296294
0 0.43697916666666664 0.30925925925925923 0.026041666666666668 0.046296296296296294
0 0.44895833333333335 0.30925925925925923 0.026041666666666668 0.046296296296296294
0 0.4703125 0.3111111111111111 0.026041666666666668 0.046296296296296294
0 0.4869791666666667 0.3101851851851852 0.026041666666666668 0.046296296296296294
0 0.5197916666666667 0.30925925925925923 0.026041666666666668 0.046296296296296294
0 0.42083333333333334 0.3138888888888889 0.026041666666666668 0.046296296296296294
0 0.7072916666666667 0.3148148148148148 0.026041666666666668 0.046296296296296294
0 0.440625 0.3314814814814815 0.026041666666666668 0.046296296296296294
0 0.4588541666666667 0.3314814814814815 0.026041666666666668 0.046296296296296294
0 0.4708333333333333 0.33240740740740743 0.026041666666666668 0.046296296296296294
0 0.5041666666666667 0.33240740740740743 0.026041666666666668 0.046296296296296294
4 0.478125 0.34074074074074073 0.026041666666666668 0.046296296296296294
4 0.5161458333333333 0.3398148148148148 0.026041666666666668 0.046296296296296294
4 0.44947916666666665 0.3509259259259259 0.026041666666666668 0.046296296296296294
4 0.37395833333333334 0.3638888888888889 0.026041666666666668 0.046296296296296294
4 0.38385416666666666 0.3712962962962963 0.026041666666666668 0.046296296296296294
4 0.5114583333333333 0.37962962962962965 0.026041666666666668 0.046296296296296294
4 0.37864583333333335 0.39444444444444443 0.026041666666666668 0.046296296296296294
4 0.4166666666666667 0.39351851851851855 0.026041666666666668 0.046296296296296294
2 0.2015625 0.39814814814814814 0.026041666666666668 0.046296296296296294
4 0.39114583333333336 0.40370370370370373 0.026041666666666668 0.046296296296296294
4 0.490625 0.4009259259259259 0.026041666666666668 0.046296296296296294
4 0.5354166666666667 0.4027777777777778 0.026041666666666668 0.046296296296296294
4 0.6578125 0.40370370370370373 0.026041666666666668 0.046296296296296294
2 0.18177083333333333 0.40925925925925927 0.026041666666666668 0.046296296296296294
4 0.4166666666666667 0.40925925925925927 0.026041666666666668 0.046296296296296294
4 0.5177083333333333 0.4101851851851852 0.026041666666666668 0.046296296296296294
4 0.5244791666666667 0.4101851851851852 0.026041666666666668 0.046296296296296294
3 0.7041666666666667 0.4074074074074074 0.026041666666666668 0.046296296296296294
2 0.19947916666666668 0.41944444444444445 0.026041666666666668 0.046296296296296294
4 0.6510416666666666 0.4166666666666667 0.026041666666666668 0.046296296296296294
4 0.6567708333333333 0.4166666666666667 0.026041666666666668 0.046296296296296294
2 0.16979166666666667 0.42592592592592593 0.026041666666666668 0.046296296296296294
4 0.38333333333333336 0.42592592592592593 0.026041666666666668 0.046296296296296294
4 0.49114583333333334 0.42407407407407405 0.026041666666666668 0.046296296296296294
3 0.6713541666666667 0.42592592592592593 0.026041666666666668 0.046296296296296294
4 0.5369791666666667 0.4351851851851852 0.026041666666666668 0.046296296296296294
4 0.5 0.44166666666666665 0.026041666666666668 0.046296296296296294
4 0.5072916666666667 0.44074074074074077 0.026041666666666668 0.046296296296296294
4 0.6536458333333334 0.44907407407407407 0.026041666666666668 0.046296296296296294
3 0.6697916666666667 0.44907407407407407 0.026041666666666668 0.046296296296296294
4 0.49895833333333334 0.45740740740740743 0.026041666666666668 0.046296296296296294
4 0.5125 0.45740740740740743 0.026041666666666668 0.046296296296296294
2 0.18333333333333332 0.46296296296296297 0.026041666666666668 0.046296296296296294
4 0.51875 0.4638888888888889 0.026041666666666668 0.046296296296296294
4 0.46458333333333335 0.47685185185185186 0.026041666666666668 0.046296296296296294
4 0.5088541666666667 0.48055555555555557 0.026041666666666668 0.046296296296296294
3 0.6744791666666666 0.48055555555555557 0.026041666666666668 0.046296296296296294
4 0.43854166666666666 0.4842592592592593 0.026041666666666668 0.046296296296296294
4 0.6291666666666667 0.4888888888888889 0.026041666666666668 0.046296296296296294
4 0.6520833333333333 0.48703703703703705 0.026041666666666668 0.046296296296296294
4 0.4786458333333333 0.4962962962962963 0.026041666666666668 0.046296296296296294
3 0.6958333333333333 0.4962962962962963 0.026041666666666668 0.046296296296296294
4 0.6291666666666667 0.5037037037037037 0.026041666666666668 0.046296296296296294
4 0.6494791666666667 0.5064814814814815 0.026041666666666668 0.046296296296296294
4 0.6651041666666667 0.5055555555555555 0.026041666666666668 0.046296296296296294
4 0.4234375 0.5083333333333333 0.026041666666666668 0.046296296296296294
4 0.5088541666666667 0.5120370370370371 0.026041666666666668 0.046296296296296294
3 0.7088541666666667 0.5111111111111111 0.026041666666666668 0.046296296296296294
4 0.40729166666666666 0.5166666666666667 0.026041666666666668 0.046296296296296294
4 0.503125 0.5185185185185185 0.026041666666666668 0.046296296296296294
3 0.7036458333333333 0.5203703703703704 0.026041666666666668 0.046296296296296294
4 0.6119791666666666 0.525 0.026041666666666668 0.046296296296296294
4 0.6291666666666667 0.5277777777777778 0.026041666666666668 0.046296296296296294
4 0.6651041666666667 0.5268518518518519 0.026041666666666668 0.046296296296296294
4 0.3859375 0.5324074074074074 0.026041666666666668 0.046296296296296294
3 0.71875 0.5305555555555556 0.026041666666666668 0.046296296296296294
4 0.6208333333333333 0.5425925925925926 0.026041666666666668 0.046296296296296294
3 0.6744791666666666 0.5425925925925926 0.026041666666666668 0.046296296296296294
3 0.7328125 0.5370370370370371 0.026041666666666668 0.046296296296296294
4 0.5203125 0.5527777777777778 0.026041666666666668 0.046296296296296294
4 0.5979166666666667 0.549074074074074 0.026041666666666668 0.046296296296296294
4 0.5286458333333334 0.5574074074074075 0.026041666666666668 0.046296296296296294
4 0.5848958333333333 0.5537037037037037 0.026041666666666668 0.046296296296296294
3 0.7369791666666666 0.5537037037037037 0.026041666666666668 0.046296296296296294
3 0.6828125 0.5648148148148148 0.026041666666666668 0.046296296296296294
3 0.7489583333333333 0.562962962962963 0.026041666666666668 0.046296296296296294
4 0.4588541666666667 0.5712962962962963 0.026041666666666668 0.046296296296296294
4 0.5041666666666667 0.5740740740740741 0.026041666666666668 0.046296296296296294
3 0.7625 0.5740740740740741 0.026041666666666668 0.046296296296296294
4 0.4036458333333333 0.5824074074074074 0.026041666666666668 0.046296296296296294
4 0.4197916666666667 0.5898148148148148 0.026041666666666668 0.046296296296296294
4 0.48802083333333335 0.5888888888888889 0.026041666666666668 0.046296296296296294
3 0.7322916666666667 0.5888888888888889 0.026041666666666668 0.046296296296296294
4 0.5692708333333333 0.6 0.026041666666666668 0.046296296296296294
4 0.42083333333333334 0.6185185185185185 0.026041666666666668 0.046296296296296294
4 0.4515625 0.6194444444444445 0.026041666666666668 0.046296296296296294
4 0.6453125 0.6175925925925926 0.026041666666666668 0.046296296296296294
3 0.7239583333333334 0.6185185185185185 0.026041666666666668 0.046296296296296294
2 0.1578125 0.6277777777777778 0.026041666666666668 0.046296296296296294
4 0.5338541666666666 0.6277777777777778 0.026041666666666668 0.046296296296296294
2 0.19635416666666666 0.6342592592592593 0.026041666666666668 0.046296296296296294
4 0.5703125 0.6351851851851852 0.026041666666666668 0.046296296296296294
4 0.5244791666666667 0.6444444444444445 0.026041666666666668 0.046296296296296294
4 0.5864583333333333 0.6435185185185185 0.026041666666666668 0.046296296296296294
4 0.49583333333333335 0.65 0.026041666666666668 0.046296296296296294
4 0.5489583333333333 0.6527777777777778 0.026041666666666668 0.046296296296296294
4 0.628125 0.6574074074074074 0.026041666666666668 0.046296296296296294
3 0.6838541666666667 0.6601851851851852 0.026041666666666668 0.046296296296296294
2 0.20364583333333333 0.6666666666666666 0.026041666666666668 0.046296296296296294
1 0.5786458333333333 0.6685185185185185 0.026041666666666668 0.046296296296296294
3 0.7796875 0.6638888888888889 0.026041666666666668 0.046296296296296294
1 0.6760416666666667 0.6768518518518518 0.026041666666666668 0.046296296296296294
1 0.6994791666666667 0.675 0.026041666666666668 0.046296296296296294
1 0.515625 0.7018518518518518 0.026041666666666668 0.046296296296296294
1 0.2078125 0.7129629629629629 0.026041666666666668 0.046296296296296294
1 0.5041666666666667 0.7212962962962963 0.026041666666666668 0.046296296296296294
1 0.15364583333333334 0.7527777777777778 0.026041666666666668 0.046296296296296294
1 0.19114583333333332 0.7694444444444445 0.026041666666666668 0.046296296296296294
1 0.7817708333333333 0.7962962962962963 0.026041666666666668 0.046296296296296294
1 0.7703125 0.8166666666666667 0.026041666666666668 0.046296296296296294
1 0.40520833333333334 0.812037037037037 0.026041666666666668 0.046296296296296294
1 0.7963541666666667 0.8472222222222222 0.026041666666666668 0.046296296296296294
1 0.9291666666666667 0.9212962962962963 0.026041666666666668 0.046296296296296294
1 0.5239583333333333 0.9185185185185185 0.026041666666666668 0.046296296296296294
1 0.4869791666666667 0.9425925925925925 0.026041666666666668 0.046296296296296294
1 0.9635416666666666 0.9472222222222222 0.026041666666666668 0.046296296296296294
1 0.5057291666666667 0.9712962962962963 0.026041666666666668 0.046296296296296294
1 0.15729166666666666 0.8907407407407407 0.026041666666666668 0.046296296296296294
1 0.090625 0.8722222222222222 0.026041666666666668 0.046296296296296294
4 0.39166666666666666 0.6222222222222222 0.026041666666666668 0.046296296296296294
2 0.228125 0.6148148148148148 0.026041666666666668 0.046296296296296294
1 0.7322916666666667 0.6962962962962963 0.026041666666666668 0.046296296296296294
1 0.684375 0.7592592592592593 0.026041666666666668 0.046296296296296294
1 0.6333333333333333 0.737037037037037 0.026041666666666668 0.046296296296296294
1 0.596875 0.6851851851851852 0.026041666666666668 0.046296296296296294
1 0.60625 0.7166666666666667 0.026041666666666668 0.046296296296296294
1 0.5989583333333334 0.7962962962962963 0.026041666666666668 0.046296296296296294
1 0.5489583333333333 0.7981481481481482 0.026041666666666668 0.046296296296296294
4 0.44166666666666665 0.524074074074074 0.026041666666666668 0.046296296296296294
1 0.8270833333333333 0.8703703703703703 0.026041666666666668 0.046296296296296294
1 0.8333333333333334 0.8296296296296296 0.026041666666666668 0.046296296296296294
1 0.8270833333333333 0.9481481481481482 0.026041666666666668 0.046296296296296294
1 0.8625 0.8629629629629629 0.026041666666666668 0.046296296296296294
1 0.890625 0.8092592592592592 0.026041666666666668 0.046296296296296294
1 0.8885416666666667 0.7481481481481481 0.026041666666666668 0.046296296296296294
1 0.965625 0.8592592592592593 0.026041666666666668 0.046296296296296294
1 0.946875 0.9703703703703703 0.026041666666666668 0.046296296296296294
1 0.8739583333333333 0.8018518518518518 0.026041666666666668 0.046296296296296294
0 0.6666666666666666 0.2574074074074074 0.026041666666666668 0.046296296296296294
4 0.465625 0.6537037037037037 0.026041666666666668 0.046296296296296294
1 0.440625 0.687037037037037 0.026041666666666668 0.046296296296296294
3 0.6885416666666667 0.6259259259259259 0.026041666666666668 0.046296296296296294
