0 0.4713541666666667 0.0962962962962963 0.026041666666666668 0.046296296296296294
0 0.4791666666666667 0.09722222222222222 0.026041666666666668 0.046296296296296294
0 0.4953125 0.09814814814814815 0.026041666666666668 0.046296296296296294
0 0.4822916666666667 0.10555555555555556 0.026041666666666668 0.046296296296296294
0 0.4828125 0.12222222222222222 0.026041666666666668 0.046296296296296294
0 0.4942708333333333 0.12129629629629629 0.026041666666666668 0.046296296296296294
0 0.44166666666666665 0.13055555555555556 0.026041666666666668 0.046296296296296294
0 0.45364583333333336 0.13148148148148148 0.026041666666666668 0.046296296296296294
0 0.4703125 0.13703703703703704 0.026041666666666668 0.046296296296296294
0 0.478125 0.13796296296296295 0.026041666666666668 0.046296296296296294
0 0.4869791666666667 0.1398148148148148 0.026041666666666668 0.046296296296296294
0 0.4588541666666667 0.14444444444444443 0.026041666666666668 0.046296296296296294
0 0.43333333333333335 0.1537037037037037 0.026041666666666668 0.046296296296296294
0 0.4947916666666667 0.15185185185185185 0.026041666666666668 0.046296296296296294
0 0.43333333333333335 0.15925925925925927 0.026041666666666668 0.046296296296296294
0 0.45729166666666665 0.17407407407407408 0.026041666666666668 0.046296296296296294
0 0.5036458333333333 0.175 0.026041666666666668 0.046296296296296294
0 0.5151041666666667 0.1787037037037037 0.026041666666666668 0.046296296296296294
0 0.44375 0.18055555555555555 0.026041666666666668 0.046296296296296294
0 0.4786458333333333 0.1925925925925926 0.026041666666666668 0.046296296296296294
0 0.49114583333333334 0.2064814814814815 0.026041666666666668 0.046296296296296294
0 0.4739583333333333 0.21388888888888888 0.026041666666666668 0.046296296296296294
0 0.4296875 0.2222222222222222 0.026041666666666668 0.046296296296296294
0 0.43385416666666665 0.23148148148148148 0.026041666666666668 0.046296296296296294
0 0.4197916666666667 0.2361111111111111 0.026041666666666668 0.046296296296296294
0 0.465625 0.24444444444444444 0.026041666666666668 0.046296296296296294
0 0.49375 0.25555555555555554 0.026041666666666668 0.046296296296296294
0 0.46041666666666664 0.2638888888888889 0.026041666666666668 0.046296296296296294
0 0.7020833333333333 0.2611111111111111 0.026041666666666668 0.046296296296296294
0 0.46145833333333336 0.27685185185185185 0.026041666666666668 0.046296296296296294
0 0.478125 0.2777777777777778 0.026041666666666668 0.046296296296296294
0 0.5036458333333333 0.2777777777777778 0.026041666666666668 0.046296296296296294
0 0.5458333333333333 0.2740740740740741 0.026041666666666668 0.046296296296296294
0 0.4265625 0.2861111111111111 0.026041666666666668 0.046296296296296294
0 0.44895833333333335 0.2824074074074074 0.026041666666666668 0.046296296296296294
0 0.490625 0.2814814814814815 0.026041666666666668 0.046296296296296294
0 0.4953125 0.28425925925925927 0.026041666666666668 0.046296296296296294
0 0.49635416666666665 0.30185185185185187 0.026041666666666668 0.046296296296296294
0 0.5114583333333333 0.3 0.026041666666666668 0.046296296296296294
0 0.4395833333333333 0.30833333333333335 0.026041666666666668 0.046296296296296294
0 0.45729166666666665 0.3074074074074074 0.026041666666666668 0.046296296296296294
0 0.46145833333333336 0.3055555555555556 0.026041666666666668 0.046296296296296294
0 0.5208333333333334 0.31851851851851853 0.026041666666666668 0.046296296296296294
0 0.5125 0.32407407407407407 0.026041666666666668 0.046296296296296294
0 0.4203125 0.3314814814814815 0.026041666666666668 0.046296296296296294
0 0.440625 0.33055555555555555 0.026041666666666668 0.046296296296296294
0 0.5041666666666667 0.3296296296296296 0.026041666666666668 0.046296296296296294
4 0.4328125 0.34074074074074073 0.026041666666666668 0.046296296296296294
4 0.49895833333333334 0.3416666666666667 0.026041666666666668 0.046296296296296294
4 0.41302083333333334 0.34814814814814815 0.026041666666666668 0.046296296296296294
4 0.45364583333333336 0.3490740740740741 0.026041666666666668 0.046296296296296294
4 0.5114583333333333 0.3472222222222222 0.026041666666666668 0.046296296296296294
4 0.4244791666666667 0.35555555555555557 0.026041666666666668 0.046296296296296294
4 0.41770833333333335 0.362962962962963 0.026041666666666668 0.046296296296296294
4 0.453125 0.3638888888888889 0.026041666666666668 0.046296296296296294
3 0.7145833333333333 0.35648148148148145 0.026041666666666668 0.046296296296296294
4 0.3828125 0.37222222222222223 0.026041666666666668 0.046296296296296294
4 0.4041666666666667 0.3712962962962963 0.026041666666666668 0.046296296296296294
4 0.515625 0.37222222222222223 0.026041666666666668 0.046296296296296294
4 0.3953125 0.38055555555555554 0.026041666666666668 0.046296296296296294
4 0.4125 0.3787037037037037 0.026041666666666668 0.046296296296296294
4 0.4239583333333333 0.38055555555555554 0.026041666666666668 0.046296296296296294
4 0.5036458333333333 0.3768518518518518 0.026041666666666668 0.046296296296296294
4 0.47708333333333336 0.38055555555555554 0.026041666666666668 0.046296296296296294
4 0.5171875 0.3861111111111111 0.026041666666666668 0.046296296296296294
4 0.3776041666666667 0.3962962962962963 0.026041666666666668 0.046296296296296294
4 0.4328125 0.39537037037037037 0.026041666666666668 0.046296296296296294
2 0.20572916666666666 0.3972222222222222 0.026041666666666668 0.046296296296296294
4 0.4083333333333333 0.40185185185185185 0.026041666666666668 0.046296296296296294
4 0.4197916666666667 0.40185185185185185 0.026041666666666668 0.046296296296296294
4 0.653125 0.4027777777777778 0.026041666666666668 0.046296296296296294
4 0.39947916666666666 0.40925925925925927 0.026041666666666668 0.046296296296296294
4 0.4296875 0.4111111111111111 0.026041666666666668 0.046296296296296294
4 0.5208333333333334 0.4101851851851852 0.026041666666666668 0.046296296296296294
3 0.7958333333333333 0.4111111111111111 0.026041666666666668 0.046296296296296294
2 0.17552083333333332 0.41759259259259257 0.026041666666666668 0.046296296296296294
2 0.18645833333333334 0.41759259259259257 0.026041666666666668 0.046296296296296294
4 0.653125 0.41759259259259257 0.026041666666666668 0.046296296296296294
4 0.38229166666666664 0.42314814814814816 0.026041666666666668 0.046296296296296294
4 0.41041666666666665 0.42962962962962964 0.026041666666666668 0.046296296296296294
4 0.46458333333333335 0.42407407407407405 0.026041666666666668 0.046296296296296294
3 0.6692708333333334 0.425 0.026041666666666668 0.046296296296296294
4 0.5125 0.4388888888888889 0.026041666666666668 0.046296296296296294
4 0.4 0.44074074074074077 0.026041666666666668 0.046296296296296294
4 0.4109375 0.44166666666666665 0.026041666666666668 0.046296296296296294
3 0.6692708333333334 0.4398148148148148 0.026041666666666668 0.046296296296296294
3 0.7067708333333333 0.4388888888888889 0.026041666666666668 0.046296296296296294
4 0.5078125 0.45185185185185184 0.026041666666666668 0.046296296296296294
4 0.653125 0.45 0.026041666666666668 0.046296296296296294
4 0.39479166666666665 0.45925925925925926 0.026041666666666668 0.046296296296296294
4 0.4119791666666667 0.45740740740740743 0.026041666666666668 0.046296296296296294
4 0.6583333333333333 0.4648148148148148 0.026041666666666668 0.046296296296296294
3 0.678125 0.4648148148148148 0.026041666666666668 0.046296296296296294
4 0.41302083333333334 0.4722222222222222 0.026041666666666668 0.046296296296296294
4 0.4739583333333333 0.4722222222222222 0.026041666666666668 0.046296296296296294
4 0.5036458333333333 0.4759259259259259 0.026041666666666668 0.046296296296296294
4 0.38645833333333335 0.48333333333333334 0.026041666666666668 0.046296296296296294
4 0.5953125 0.47685185185185186 0.026041666666666668 0.046296296296296294
3 0.6776041666666667 0.4787037037037037 0.026041666666666668 0.046296296296296294
3 0.6989583333333333 0.48333333333333334 0.026041666666666668 0.046296296296296294
4 0.375 0.487962962962963 0.026041666666666668 0.046296296296296294
4 0.39010416666666664 0.487962962962963 0.026041666666666668 0.046296296296296294
4 0.49895833333333334 0.49166666666666664 0.026041666666666668 0.046296296296296294
4 0.6197916666666666 0.4861111111111111 0.026041666666666668 0.046296296296296294
4 0.6244791666666667 0.48703703703703705 0.026041666666666668 0.046296296296296294
3 0.690625 0.49074074074074076 0.026041666666666668 0.046296296296296294
4 0.3828125 0.49907407407407406 0.026041666666666668 0.046296296296296294
4 0.6046875 0.49722222222222223 0.026041666666666668 0.046296296296296294
4 0.378125 0.5037037037037037 0.026041666666666668 0.046296296296296294
4 0.39895833333333336 0.5046296296296297 0.026041666666666668 0.046296296296296294
4 0.4083333333333333 0.5027777777777778 0.026041666666666668 0.046296296296296294
4 0.6276041666666666 0.49907407407407406 0.026041666666666668 0.046296296296296294
4 0.3875 0.5111111111111111 0.026041666666666668 0.046296296296296294
4 0.5270833333333333 0.5074074074074074 0.026041666666666668 0.046296296296296294
3 0.6916666666666667 0.5120370370370371 0.026041666666666668 0.046296296296296294
4 0.6286458333333333 0.5175925925925926 0.026041666666666668 0.046296296296296294
4 0.665625 0.5259259259259259 0.026041666666666668 0.046296296296296294
3 0.7182291666666667 0.524074074074074 0.026041666666666668 0.046296296296296294
4 0.39166666666666666 0.5314814814814814 0.026041666666666668 0.046296296296296294
4 0.5401041666666667 0.5416666666666666 0.026041666666666668 0.046296296296296294
4 0.6015625 0.5388888888888889 0.026041666666666668 0.046296296296296294
4 0.3828125 0.5527777777777778 0.026041666666666668 0.046296296296296294
4 0.4046875 0.55 0.026041666666666668 0.046296296296296294
4 0.4817708333333333 0.5481481481481482 0.026041666666666668 0.046296296296296294
4 0.49947916666666664 0.5462962962962963 0.026041666666666668 0.046296296296296294
4 0.5489583333333333 0.5472222222222223 0.026041666666666668 0.046296296296296294
4 0.61875 0.5453703703703704 0.026041666666666668 0.046296296296296294
3 0.7359375 0.5472222222222223 0.026041666666666668 0.046296296296296294
4 0.5822916666666667 0.5555555555555556 0.026041666666666668 0.046296296296296294
3 0.7463541666666667 0.5740740740740741 0.026041666666666668 0.046296296296296294
4 0.6541666666666667 0.5824074074074074 0.026041666666666668 0.046296296296296294
4 0.4953125 0.5990740740740741 0.026041666666666668 0.046296296296296294
4 0.4036458333333333 0.6046296296296296 0.026041666666666668 0.046296296296296294
4 0.4401041666666667 0.6129629629629629 0.026041666666666668 0.046296296296296294
4 0.415625 0.6277777777777778 0.026041666666666668 0.046296296296296294
4 0.45989583333333334 0.6268518518518519 0.026041666666666668 0.046296296296296294
4 0.5947916666666667 0.6416666666666667 0.026041666666666668 0.046296296296296294
3 0.7375 0.6518518518518519 0.026041666666666668 0.046296296296296294
1 0.484375 0.6722222222222223 0.026041666666666668 0.046296296296296294
1 0.5494791666666666 0.6768518518518518 0.026041666666666668 0.046296296296296294
1 0.7713541666666667 0.6759259259259259 0.026041666666666668 0.046296296296296294
1 0.5161458333333333 0.6907407407407408 0.026041666666666668 0.046296296296296294
1 0.5744791666666667 0.6944444444444444 0.026041666666666668 0.046296296296296294
1 0.540625 0.7055555555555556 0.026041666666666668 0.046296296296296294
1 0.43072916666666666 0.7972222222222223 0.026041666666666668 0.046296296296296294
1 0.8239583333333333 0.8361111111111111 0.026041666666666668 0.046296296296296294
1 0.9796875 0.8472222222222222 0.026041666666666668 0.046296296296296294
1 0.2203125 0.8814814814814815 0.026041666666666668 0.046296296296296294
1 0.75 0.8777777777777778 0.026041666666666668 0.046296296296296294
1 0.40520833333333334 0.8981481481481481 0.026041666666666668 0.046296296296296294
1 0.9671875 0.937037037037037 0.026041666666666668 0.046296296296296294
1 0.5291666666666667 0.950925925925926 0.026041666666666668 0.046296296296296294
4 0.45208333333333334 0.5740740740740741 0.026041666666666668 0.046296296296296294
1 0.8864583333333333 0.7148148148148148 0.026041666666666668 0.046296296296296294
1 0.8260416666666667 0.9203703703703704 0.026041666666666668 0.046296296296296294
1 0.9916666666666667 0.8666666666666667 0.026041666666666668 0.046296296296296294
1 0.6885416666666667 0.8629629629629629 0.026041666666666668 0.046296296296296294
3 0.7614583333333333 0.5833333333333334 0.026041666666666668 0.046296296296296294
3 0.7583333333333333 0.5148148148148148 0.026041666666666668 0.046296296296296294
4 0.6572916666666667 0.37777777777777777 0.026041666666666668 0.046296296296296294
