0 0.475 0.09814814814814815 0.026041666666666668 0.046296296296296294
0 0.4864583333333333 0.10648148148148148 0.026041666666666668 0.046296296296296294
0 0.4703125 0.11388888888888889 0.026041666666666668 0.046296296296296294
0 0.440625 0.1175925925925926 0.026041666666666668 0.046296296296296294
0 0.4822916666666667 0.12129629629629629 0.026041666666666668 0.046296296296296294
0 0.4895833333333333 0.12222222222222222 0.026041666666666668 0.046296296296296294
0 0.4625 0.1287037037037037 0.026041666666666668 0.046296296296296294
0 0.46510416666666665 0.13055555555555556 0.026041666666666668 0.046296296296296294
0 0.4703125 0.12777777777777777 0.026041666666666668 0.046296296296296294
0 0.47760416666666666 0.1287037037037037 0.026041666666666668 0.046296296296296294
0 0.4515625 0.1361111111111111 0.026041666666666668 0.046296296296296294
0 0.4578125 0.13796296296296295 0.026041666666666668 0.046296296296296294
0 0.4822916666666667 0.1398148148148148 0.026041666666666668 0.046296296296296294
0 0.4703125 0.14444444444444443 0.026041666666666668 0.046296296296296294
0 0.4828125 0.1527777777777778 0.026041666666666668 0.046296296296296294
0 0.478125 0.16203703703703703 0.026041666666666668 0.046296296296296294
0 0.49583333333333335 0.16111111111111112 0.026041666666666668 0.046296296296296294
0 0.453125 0.1685185185185185 0.026041666666666668 0.046296296296296294
0 0.49270833333333336 0.1925925925925926 0.026041666666666668 0.046296296296296294
0 0.5005208333333333 0.1935185185185185 0.026041666666666668 0.046296296296296294
0 0.46145833333333336 0.19814814814814816 0.026041666666666668 0.046296296296296294
0 0.4739583333333333 0.2 0.026041666666666668 0.046296296296296294
0 0.44427083333333334 0.2212962962962963 0.026041666666666668 0.046296296296296294
0 0.5151041666666667 0.23148148148148148 0.026041666666666668 0.046296296296296294
0 0.46197916666666666 0.2537037037037037 0.026041666666666668 0.046296296296296294
0 0.45260416666666664 0.2777777777777778 0.026041666666666668 0.046296296296296294
0 0.478125 0.2777777777777778 0.026041666666666668 0.046296296296296294
0 0.5119791666666667 0.27685185185185185 0.026041666666666668 0.046296296296296294
0 0.41510416666666666 0.287962962962963 0.026041666666666668 0.046296296296296294
0 0.471875 0.29444444444444445 0.026041666666666668 0.046296296296296294
0 0.49947916666666664 0.29259259259259257 0.026041666666666668 0.046296296296296294
0 0.6911458333333333 0.29074074074074074 0.026041666666666668 0.046296296296296294
0 0.44114583333333335 0.29907407407407405 0.026041666666666668 0.046296296296296294
0 0.48125 0.29907407407407405 0.026041666666666668 0.046296296296296294
0 0.4864583333333333 0.30092592592592593 0.026041666666666668 0.046296296296296294
0 0.5109375 0.3 0.026041666666666668 0.046296296296296294
0 0.42083333333333334 0.30648148148148147 0.026041666666666668 0.046296296296296294
0 0.7 0.3101851851851852 0.026041666666666668 0.046296296296296294
0 0.415625 0.31574074074074077 0.026041666666666668 0.046296296296296294
0 0.49947916666666664 0.3148148148148148 0.026041666666666668 0.046296296296296294
0 0.7083333333333334 0.31574074074074077 0.026041666666666668 0.046296296296296294
0 0.4239583333333333 0.325 0.026041666666666668 0.046296296296296294
0 0.4822916666666667 0.33240740740740743 0.026041666666666668 0.046296296296296294
0 0.49947916666666664 0.33055555555555555 0.026041666666666668 0.046296296296296294
0 0.5114583333333333 0.33240740740740743 0.026041666666666668 0.046296296296296294
4 0.425 0.3398148148148148 0.026041666666666668 0.046296296296296294
4 0.453125 0.34074074074074073 0.026041666666666668 0.046296296296296294
4 0.440625 0.3472222222222222 0.026041666666666668 0.046296296296296294
4 0.4947916666666667 0.34629629629629627 0.026041666666666668 0.046296296296296294
4 0.5067708333333333 0.35 0.026041666666666668 0.046296296296296294
4 0.38333333333333336 0.35648148148148145 0.026041666666666668 0.046296296296296294
4 0.38645833333333335 0.35648148148148145 0.026041666666666668 0.046296296296296294
4 0.42916666666666664 0.3537037037037037 0.026041666666666668 0.046296296296296294
4 0.4041666666666667 0.3638888888888889 0.026041666666666668 0.046296296296296294
4 0.3734375 0.37222222222222223 0.026041666666666668 0.046296296296296294
4 0.3958333333333333 0.3731481481481482 0.026041666666666668 0.046296296296296294
4 0.6505208333333333 0.3675925925925926 0.026041666666666668 0.046296296296296294
4 0.4119791666666667 0.3787037037037037 0.026041666666666668 0.046296296296296294
4 0.5197916666666667 0.3787037037037037 0.026041666666666668 0.046296296296296294
4 0.38333333333333336 0.3851851851851852 0.026041666666666668 0.046296296296296294
4 0.4942708333333333 0.3888888888888889 0.026041666666666668 0.046296296296296294
4 0.5072916666666667 0.39351851851851855 0.026041666666666668 0.046296296296296294
4 0.6609375 0.39444444444444443 0.026041666666666668 0.046296296296296294
2 0.2046875 0.39814814814814814 0.026041666666666668 0.046296296296296294
4 0.6505208333333333 0.4 0.026041666666666668 0.046296296296296294
4 0.503125 0.41203703703703703 0.026041666666666668 0.046296296296296294
4 0.4 0.42407407407407405 0.026041666666666668 0.046296296296296294
4 0.415625 0.42685185185185187 0.026041666666666668 0.046296296296296294
4 0.3921875 0.4351851851851852 0.026041666666666668 0.046296296296296294
4 0.6494791666666667 0.43148148148148147 0.026041666666666668 0.046296296296296294
4 0.6614583333333334 0.43333333333333335 0.026041666666666668 0.046296296296296294
3 0.6932291666666667 0.43148148148148147 0.026041666666666668 0.046296296296296294
4 0.5041666666666667 0.44166666666666665 0.026041666666666668 0.046296296296296294
3 0.6703125 0.44074074074074077 0.026041666666666668 0.046296296296296294
4 0.4708333333333333 0.44814814814814813 0.026041666666666668 0.046296296296296294
4 0.5234375 0.44907407407407407 0.026041666666666668 0.046296296296296294
3 0.6817708333333333 0.45 0.026041666666666668 0.046296296296296294
3 0.6864583333333333 0.4527777777777778 0.026041666666666668 0.046296296296296294
3 0.7104166666666667 0.4462962962962963 0.026041666666666668 0.046296296296296294
4 0.4317708333333333 0.45555555555555555 0.026041666666666668 0.046296296296296294
4 0.515625 0.46574074074074073 0.026041666666666668 0.046296296296296294
3 0.6744791666666666 0.4638888888888889 0.026041666666666668 0.046296296296296294
4 0.47552083333333334 0.47129629629629627 0.026041666666666668 0.046296296296296294
4 0.65 0.4722222222222222 0.026041666666666668 0.046296296296296294
3 0.678125 0.48055555555555557 0.026041666666666668 0.046296296296296294
4 0.4583333333333333 0.48703703703703705 0.026041666666666668 0.046296296296296294
4 0.5 0.4898148148148148 0.026041666666666668 0.046296296296296294
4 0.5291666666666667 0.4888888888888889 0.026041666666666668 0.046296296296296294
4 0.6130208333333333 0.4888888888888889 0.026041666666666668 0.046296296296296294
3 0.678125 0.49444444444444446 0.026041666666666668 0.046296296296296294
4 0.6078125 0.5046296296296297 0.026041666666666668 0.046296296296296294
4 0.6359375 0.5046296296296297 0.026041666666666668 0.046296296296296294
4 0.4942708333333333 0.5083333333333333 0.026041666666666668 0.046296296296296294
4 0.45989583333333334 0.5175925925925926 0.026041666666666668 0.046296296296296294
4 0.5135416666666667 0.5166666666666667 0.026041666666666668 0.046296296296296294
4 0.5192708333333333 0.5203703703703704 0.026041666666666668 0.046296296296296294
4 0.6130208333333333 0.5166666666666667 0.026041666666666668 0.046296296296296294
3 0.6994791666666667 0.5212962962962963 0.026041666666666668 0.046296296296296294
4 0.6234375 0.5259259259259259 0.026041666666666668 0.046296296296296294
3 0.6817708333333333 0.5342592592592592 0.026041666666666668 0.046296296296296294
3 0.6942708333333333 0.5361111111111111 0.026041666666666668 0.046296296296296294
4 0.5171875 0.5425925925925926 0.026041666666666668 0.046296296296296294
3 0.7234375 0.5342592592592592 0.026041666666666668 0.046296296296296294
4 0.6375 0.55 0.026041666666666668 0.046296296296296294
4 0.625 0.5666666666666667 0.026041666666666668 0.046296296296296294
3 0.7359375 0.5648148148148148 0.026041666666666668 0.046296296296296294
3 0.753125 0.562962962962963 0.026041666666666668 0.046296296296296294
4 0.5140625 0.5666666666666667 0.026041666666666668 0.046296296296296294
4 0.6125 0.5712962962962963 0.026041666666666668 0.046296296296296294
4 0.6640625 0.5740740740740741 0.026041666666666668 0.046296296296296294
4 0.5052083333333334 0.5944444444444444 0.026041666666666668 0.046296296296296294
4 0.5489583333333333 0.6027777777777777 0.026041666666666668 0.046296296296296294
4 0.6135416666666667 0.6129629629629629 0.026041666666666668 0.046296296296296294
4 0.6494791666666667 0.6185185185185185 0.026041666666666668 0.046296296296296294
4 0.515625 0.6240740740740741 0.026041666666666668 0.046296296296296294
4 0.578125 0.6342592592592593 0.026041666666666668 0.046296296296296294
3 0.7328125 0.6333333333333333 0.026041666666666668 0.046296296296296294
4 0.6041666666666666 0.6435185185185185 0.026041666666666668 0.046296296296296294
4 0.5489583333333333 0.65 0.026041666666666668 0.046296296296296294
1 0.45208333333333334 0.6796296296296296 0.026041666666666668 0.046296296296296294
1 0.18333333333333332 0.7129629629629629 0.026041666666666668 0.046296296296296294
1 0.2171875 0.7027777777777777 0.026041666666666668 0.046296296296296294
1 0.3828125 0.7194444444444444 0.026041666666666668 0.046296296296296294
1 0.4901041666666667 0.7175925925925926 0.026041666666666668 0.046296296296296294
1 0.4453125 0.7481481481481481 0.026041666666666668 0.046296296296296294
1 0.6536458333333334 0.7527777777777778 0.026041666666666668 0.046296296296296294
1 0.9151041666666667 0.7481481481481481 0.026041666666666668 0.046296296296296294
1 0.18020833333333333 0.7564814814814815 0.026041666666666668 0.046296296296296294
1 0.475 0.7592592592592593 0.026041666666666668 0.046296296296296294
1 0.5729166666666666 0.7555555555555555 0.026041666666666668 0.046296296296296294
1 0.8854166666666666 0.75 0.026041666666666668 0.046296296296296294
1 0.5244791666666667 0.7638888888888888 0.026041666666666668 0.046296296296296294
1 0.8395833333333333 0.7657407407407407 0.026041666666666668 0.046296296296296294
1 0.7333333333333333 0.8212962962962963 0.026041666666666668 0.046296296296296294
1 0.875 0.837037037037037 0.026041666666666668 0.046296296296296294
1 0.8255208333333334 0.8481481481481481 0.026041666666666668 0.046296296296296294
1 0.7145833333333333 0.8944444444444445 0.026041666666666668 0.046296296296296294
1 0.11927083333333334 0.9212962962962963 0.026041666666666668 0.046296296296296294
1 0.240625 0.9259259259259259 0.026041666666666668 0.046296296296296294
1 0.26875 0.925 0.026041666666666668 0.046296296296296294
1 0.8223958333333333 0.9407407407407408 0.026041666666666668 0.046296296296296294
1 0.9776041666666667 0.9611111111111111 0.026041666666666668 0.046296296296296294
1 0.196875 0.9842592592592593 0.026041666666666668 0.046296296296296294
1 0.36875 0.9842592592592593 0.026041666666666668 0.046296296296296294
1 0.0515625 0.9935185185185185 0.026041666666666668 0.046296296296296294
1 0.15416666666666667 0.8203703703703704 0.026041666666666668 0.046296296296296294
1 0.14895833333333333 0.8907407407407407 0.026041666666666668 0.046296296296296294
1 0.11458333333333333 0.6759259259259259 0.026041666666666668 0.046296296296296294
1 0.2708333333333333 0.9574074074074074 0.026041666666666668 0.046296296296296294
1 0.434375 0.8962962962962963 0.026041666666666668 0.046296296296296294
1 0.4708333333333333 0.9092592592592592 0.026041666666666668 0.046296296296296294
1 0.5645833333333333 0.7944444444444444 0.026041666666666668 0.046296296296296294
1 0.846875 0.8944444444444445 0.026041666666666668 0.046296296296296294
1 0.8270833333333333 0.8648148148148148 0.026041666666666668 0.046296296296296294
1 0.8760416666666667 0.9555555555555556 0.026041666666666668 0.046296296296296294
3 0.7677083333333333 0.562962962962963 0.026041666666666668 0.046296296296296294
1 0.6770833333333334 0.6759259259259259 0.026041666666666668 0.046296296296296294
3 0.7770833333333333 0.6666666666666666 0.026041666666666668 0.046296296296296294
3 0.7666666666666667 0.6444444444444445 0.026041666666666668 0.046296296296296294
3 0.7552083333333334 0.6407407407407407 0.026041666666666668 0.046296296296296294
4 0.6072916666666667 0.5462962962962963 0.026041666666666668 0.046296296296296294
4 0.4197916666666667 0.5888888888888889 0.026041666666666668 0.046296296296296294
4 0.3885416666666667 0.5055555555555555 0.026041666666666668 0.046296296296296294
4 0.390625 0.45555555555555555 0.026041666666666668 0.046296296296296294
1 0.3489583333333333 0.7555555555555555 0.026041666666666668 0.046296296296296294
2 0.175 0.4148148148148148 0.026041666666666668 0.046296296296296294
2 0.2 0.4185185185185185 0.026041666666666668 0.046296296296296294
2 0.21875 0.412962962962963 0.026041666666666668 0.046296296296296294
1 0.721875 0.7203703703703703 0.026041666666666668 0.046296296296296294
