0 0.4744791666666667 0.08703703703703704 0.026041666666666668 0.046296296296296294
0 0.48489583333333336 0.09722222222222222 0.026041666666666668 0.046296296296296294
0 0.4822916666666667 0.11944444444444445 0.026041666666666668 0.046296296296296294
0 0.49583333333333335 0.12314814814814815 0.026041666666666668 0.046296296296296294
0 0.44895833333333335 0.13518518518518519 0.026041666666666668 0.046296296296296294
0 0.4609375 0.13425925925925927 0.026041666666666668 0.046296296296296294
0 0.4875 0.1361111111111111 0.026041666666666668 0.046296296296296294
0 0.44114583333333335 0.14537037037037037 0.026041666666666668 0.046296296296296294
0 0.4661458333333333 0.14444444444444443 0.026041666666666668 0.046296296296296294
0 0.4739583333333333 0.14537037037037037 0.026041666666666668 0.046296296296296294
0 0.4953125 0.14351851851851852 0.026041666666666668 0.046296296296296294
0 0.48333333333333334 0.15462962962962962 0.026041666666666668 0.046296296296296294
0 0.4744791666666667 0.16203703703703703 0.026041666666666668 0.046296296296296294
0 0.43333333333333335 0.1685185185185185 0.026041666666666668 0.046296296296296294
0 0.44947916666666665 0.1675925925925926 0.026041666666666668 0.046296296296296294
0 0.43854166666666666 0.1824074074074074 0.026041666666666668 0.046296296296296294
0 0.5 0.18611111111111112 0.026041666666666668 0.046296296296296294
0 0.5005208333333333 0.19166666666666668 0.026041666666666668 0.046296296296296294
0 0.43333333333333335 0.20185185185185187 0.026041666666666668 0.046296296296296294
0 0.42604166666666665 0.20462962962962963 0.026041666666666668 0.046296296296296294
0 0.47239583333333335 0.21944444444444444 0.026041666666666668 0.046296296296296294
0 0.428125 0.22962962962962963 0.026041666666666668 0.046296296296296294
0 0.50625 0.22777777777777777 0.026041666666666668 0.046296296296296294
0 0.48541666666666666 0.2388888888888889 0.026041666666666668 0.046296296296296294
0 0.4270833333333333 0.24814814814814815 0.026041666666666668 0.046296296296296294
0 0.5072916666666667 0.24537037037037038 0.026041666666666668 0.046296296296296294
0 0.44479166666666664 0.24722222222222223 0.026041666666666668 0.046296296296296294
0 0.490625 0.2537037037037037 0.026041666666666668 0.046296296296296294
0 0.4953125 0.25555555555555554 0.026041666666666668 0.046296296296296294
0 0.453125 0.25925925925925924 0.026041666666666668 0.046296296296296294
0 0.48125 0.25925925925925924 0.026041666666666668 0.046296296296296294
0 0.5208333333333334 0.26851851851851855 0.026041666666666668 0.046296296296296294
0 0.5411458333333333 0.2657407407407407 0.026041666666666668 0.046296296296296294
0 0.6947916666666667 0.2916666666666667 0.026041666666666668 0.046296296296296294
0 0.4244791666666667 0.29907407407407405 0.026041666666666668 0.046296296296296294
0 0.44583333333333336 0.30092592592592593 0.026041666666666668 0.046296296296296294
0 0.5203125 0.30185185185185187 0.026041666666666668 0.046296296296296294
0 0.4166666666666667 0.30925925925925923 0.026041666666666668 0.046296296296296294
0 0.45677083333333335 0.30925925925925923 0.026041666666666668 0.046296296296296294
0 0.5119791666666667 0.3101851851851852 0.026041666666666668 0.046296296296296294
0 0.43333333333333335 0.31666666666666665 0.026041666666666668 0.046296296296296294
0 0.4786458333333333 0.31666666666666665 0.026041666666666668 0.046296296296296294
0 0.5453125 0.31851851851851853 0.026041666666666668 0.046296296296296294
0 0.7026041666666667 0.31296296296296294 0.026041666666666668 0.046296296296296294
0 0.503125 0.32592592592592595 0.026041666666666668 0.046296296296296294
0 0.44583333333333336 0.3296296296296296 0.026041666666666668 0.046296296296296294
0 0.5322916666666667 0.33240740740740743 0.026041666666666668 0.046296296296296294
4 0.45364583333333336 0.3388888888888889 0.026041666666666668 0.046296296296296294
4 0.4921875 0.3388888888888889 0.026041666666666668 0.046296296296296294
4 0.55 0.3398148148148148 0.026041666666666668 0.046296296296296294
4 0.43697916666666664 0.3574074074074074 0.026041666666666668 0.046296296296296294
4 0.44895833333333335 0.35555555555555557 0.026041666666666668 0.046296296296296294
4 0.3880208333333333 0.3611111111111111 0.026041666666666668 0.046296296296296294
4 0.39479166666666665 0.36574074074074076 0.026041666666666668 0.046296296296296294
4 0.46510416666666665 0.362962962962963 0.026041666666666668 0.046296296296296294
4 0.5020833333333333 0.36574074074074076 0.026041666666666668 0.046296296296296294
4 0.490625 0.37222222222222223 0.026041666666666668 0.046296296296296294
2 0.2203125 0.37777777777777777 0.026041666666666668 0.046296296296296294
4 0.403125 0.37962962962962965 0.026041666666666668 0.046296296296296294
4 0.42864583333333334 0.3861111111111111 0.026041666666666668 0.046296296296296294
4 0.4359375 0.387037037037037 0.026041666666666668 0.046296296296296294
4 0.5286458333333334 0.3907407407407407 0.026041666666666668 0.046296296296296294
4 0.5078125 0.3925925925925926 0.026041666666666668 0.046296296296296294
4 0.490625 0.4027777777777778 0.026041666666666668 0.046296296296296294
4 0.5203125 0.40555555555555556 0.026041666666666668 0.046296296296296294
2 0.18958333333333333 0.4083333333333333 0.026041666666666668 0.046296296296296294
4 0.3776041666666667 0.4101851851851852 0.026041666666666668 0.046296296296296294
3 0.6984375 0.4111111111111111 0.026041666666666668 0.046296296296296294
4 0.415625 0.4185185185185185 0.026041666666666668 0.046296296296296294
4 0.428125 0.41759259259259257 0.026041666666666668 0.046296296296296294
4 0.44895833333333335 0.4203703703703704 0.026041666666666668 0.046296296296296294
4 0.4661458333333333 0.4166666666666667 0.026041666666666668 0.046296296296296294
4 0.65 0.41388888888888886 0.026041666666666668 0.046296296296296294
4 0.3875 0.42592592592592593 0.026041666666666668 0.046296296296296294
4 0.5197916666666667 0.42685185185185187 0.026041666666666668 0.046296296296296294
3 0.6697916666666667 0.42407407407407405 0.026041666666666668 0.046296296296296294
2 0.17447916666666666 0.4324074074074074 0.026041666666666668 0.046296296296296294
4 0.5036458333333333 0.43425925925925923 0.026041666666666668 0.046296296296296294
4 0.3984375 0.4425925925925926 0.026041666666666668 0.046296296296296294
4 0.515625 0.44074074074074077 0.026041666666666668 0.046296296296296294
3 0.6802083333333333 0.44166666666666665 0.026041666666666668 0.046296296296296294
4 0.4354166666666667 0.44814814814814813 0.026041666666666668 0.046296296296296294
4 0.4479166666666667 0.44722222222222224 0.026041666666666668 0.046296296296296294
3 0.6817708333333333 0.45 0.026041666666666668 0.046296296296296294
4 0.37447916666666664 0.45925925925925926 0.026041666666666668 0.046296296296296294
4 0.4109375 0.45740740740740743 0.026041666666666668 0.046296296296296294
4 0.5 0.46574074074074073 0.026041666666666668 0.046296296296296294
4 0.6276041666666666 0.4888888888888889 0.026041666666666668 0.046296296296296294
4 0.44895833333333335 0.4935185185185185 0.026041666666666668 0.046296296296296294
4 0.5088541666666667 0.4935185185185185 0.026041666666666668 0.046296296296296294
4 0.46927083333333336 0.5018518518518519 0.026041666666666668 0.046296296296296294
4 0.6119791666666666 0.5037037037037037 0.026041666666666668 0.046296296296296294
4 0.4078125 0.5111111111111111 0.026041666666666668 0.046296296296296294
4 0.5953125 0.5120370370370371 0.026041666666666668 0.046296296296296294
3 0.6859375 0.5120370370370371 0.026041666666666668 0.046296296296296294
3 0.696875 0.5120370370370371 0.026041666666666668 0.046296296296296294
4 0.6052083333333333 0.5203703703703704 0.026041666666666668 0.046296296296296294
4 0.4244791666666667 0.5259259259259259 0.026041666666666668 0.046296296296296294
4 0.5947916666666667 0.5259259259259259 0.026041666666666668 0.046296296296296294
4 0.6645833333333333 0.525 0.026041666666666668 0.046296296296296294
4 0.5130208333333334 0.5314814814814814 0.026041666666666668 0.046296296296296294
4 0.6229166666666667 0.5351851851851852 0.026041666666666668 0.046296296296296294
3 0.725 0.5361111111111111 0.026041666666666668 0.046296296296296294
4 0.3875 0.5546296296296296 0.026041666666666668 0.046296296296296294
4 0.5208333333333334 0.5574074074074075 0.026041666666666668 0.046296296296296294
4 0.6197916666666666 0.5564814814814815 0.026041666666666668 0.046296296296296294
3 0.7072916666666667 0.5555555555555556 0.026041666666666668 0.046296296296296294
4 0.6286458333333333 0.5657407407407408 0.026041666666666668 0.046296296296296294
3 0.7520833333333333 0.5657407407407408 0.026041666666666668 0.046296296296296294
4 0.503125 0.5768518518518518 0.026041666666666668 0.046296296296296294
4 0.6083333333333333 0.5833333333333334 0.026041666666666668 0.046296296296296294
4 0.6369791666666667 0.5944444444444444 0.026041666666666668 0.046296296296296294
4 0.6651041666666667 0.5944444444444444 0.026041666666666668 0.046296296296296294
3 0.7364583333333333 0.5962962962962963 0.026041666666666668 0.046296296296296294
4 0.515625 0.6037037037037037 0.026041666666666668 0.046296296296296294
4 0.5984375 0.6064814814814815 0.026041666666666668 0.046296296296296294
4 0.6489583333333333 0.6101851851851852 0.026041666666666668 0.046296296296296294
4 0.5703125 0.6361111111111111 0.026041666666666668 0.046296296296296294
4 0.5958333333333333 0.6351851851851852 0.026041666666666668 0.046296296296296294
4 0.5296875 0.6333333333333333 0.026041666666666668 0.046296296296296294
1 0.7713541666666667 0.6675925925925926 0.026041666666666668 0.046296296296296294
1 0.415625 0.674074074074074 0.026041666666666668 0.046296296296296294
1 0.6734375 0.6731481481481482 0.026041666666666668 0.046296296296296294
1 0.7791666666666667 0.7212962962962963 0.026041666666666668 0.046296296296296294
1 0.6703125 0.7453703703703703 0.026041666666666668 0.046296296296296294
1 0.5546875 0.7453703703703703 0.026041666666666668 0.046296296296296294
1 0.88125 0.7481481481481481 0.026041666666666668 0.046296296296296294
1 0.6192708333333333 0.762962962962963 0.026041666666666668 0.046296296296296294
1 0.8255208333333334 0.7527777777777778 0.026041666666666668 0.046296296296296294
1 0.5052083333333334 0.762962962962963 0.026041666666666668 0.046296296296296294
1 0.5328125 0.7768518518518519 0.026041666666666668 0.046296296296296294
1 0.7453125 0.799074074074074 0.026041666666666668 0.046296296296296294
1 0.190625 0.8138888888888889 0.026041666666666668 0.046296296296296294
1 0.5921875 0.812962962962963 0.026041666666666668 0.046296296296296294
1 0.2296875 0.8296296296296296 0.026041666666666668 0.046296296296296294
1 0.31614583333333335 0.8407407407407408 0.026041666666666668 0.046296296296296294
1 0.5833333333333334 0.837037037037037 0.026041666666666668 0.046296296296296294
1 0.7828125 0.8287037037037037 0.026041666666666668 0.046296296296296294
1 0.1703125 0.85 0.026041666666666668 0.046296296296296294
1 0.4 0.8407407407407408 0.026041666666666668 0.046296296296296294
1 0.5223958333333333 0.9009259259259259 0.026041666666666668 0.046296296296296294
1 0.4375 0.8935185185185185 0.026041666666666668 0.046296296296296294
1 0.6682291666666667 0.9055555555555556 0.026041666666666668 0.046296296296296294
1 0.7541666666666667 0.9138888888888889 0.026041666666666668 0.046296296296296294
1 0.34270833333333334 0.9185185185185185 0.026041666666666668 0.046296296296296294
1 0.36770833333333336 0.9287037037037037 0.026041666666666668 0.046296296296296294
1 0.6255208333333333 0.937962962962963 0.026041666666666668 0.046296296296296294
1 0.9619791666666667 0.9398148148148148 0.026041666666666668 0.046296296296296294
1 0.8505208333333333 0.962037037037037 0.026041666666666668 0.046296296296296294
1 0.9 0.9638888888888889 0.026041666666666668 0.046296296296296294
1 0.128125 0.9388888888888889 0.026041666666666668 0.046296296296296294
2 0.18854166666666666 0.43333333333333335 0.026041666666666668 0.046296296296296294
2 0.21145833333333333 0.40370370370370373 0.026041666666666668 0.046296296296296294
1 0.4739583333333333 0.7592592592592593 0.026041666666666668 0.046296296296296294
1 0.478125 0.8870370370370371 0.026041666666666668 0.046296296296296294
1 0.8291666666666667 0.8314814814814815 0.026041666666666668 0.046296296296296294
1 0.8260416666666667 0.8740740740740741 0.026041666666666668 0.046296296296296294
1 0.8760416666666667 0.837037037037037 0.026041666666666668 0.046296296296296294
3 0.765625 0.5888888888888889 0.026041666666666668 0.046296296296296294
3 0.6708333333333333 0.40370370370370373 0.026041666666666668 0.046296296296296294
1 0.6395833333333333 0.7388888888888889 0.026041666666666668 0.046296296296296294
1 0.5916666666666667 0.7555555555555555 0.026041666666666668 0.046296296296296294
4 0.6083333333333333 0.6222222222222222 0.026041666666666668 0.046296296296296294
4 0.4583333333333333 0.5962962962962963 0.026041666666666668 0.046296296296296294
4 0.4125 0.5611111111111111 0.026041666666666668 0.046296296296296294
3 0.684375 0.5962962962962963 0.026041666666666668 0.046296296296296294
3 0.6885416666666667 0.5425925925925926 0.026041666666666668 0.046296296296296294
