0 0.4427083333333333 0.13333333333333333 0.026041666666666668 0.046296296296296294
0 0.44947916666666665 0.13425925925925927 0.026041666666666668 0.046296296296296294
0 0.4557291666666667 0.13333333333333333 0.026041666666666668 0.046296296296296294
0 0.46197916666666666 0.13518518518518519 0.026041666666666668 0.046296296296296294
0 0.4875 0.1388888888888889 0.026041666666666668 0.046296296296296294
0 0.4708333333333333 0.14537037037037037 0.026041666666666668 0.046296296296296294
0 0.4822916666666667 0.15462962962962962 0.026041666666666668 0.046296296296296294
0 0.44635416666666666 0.16203703703703703 0.026041666666666668 0.046296296296296294
0 0.46041666666666664 0.15833333333333333 0.026041666666666668 0.046296296296296294
0 0.4875 0.1685185185185185 0.026041666666666668 0.046296296296296294
0 0.4322916666666667 0.17314814814814813 0.026041666666666668 0.046296296296296294
0 0.4708333333333333 0.175 0.026041666666666668 0.046296296296296294
0 0.4739583333333333 0.17685185185185184 0.026041666666666668 0.046296296296296294
0 0.48333333333333334 0.2101851851851852 0.026041666666666668 0.046296296296296294
0 0.478125 0.22314814814814815 0.026041666666666668 0.046296296296296294
0 0.5109375 0.2361111111111111 0.026041666666666668 0.046296296296296294
0 0.4375 0.2537037037037037 0.026041666666666668 0.046296296296296294
0 0.465625 0.26944444444444443 0.026041666666666668 0.046296296296296294
0 0.5203125 0.2722222222222222 0.026041666666666668 0.046296296296296294
0 0.4583333333333333 0.275 0.026041666666666668 0.046296296296296294
0 0.4875 0.2712962962962963 0.026041666666666668 0.046296296296296294
0 0.49375 0.2759259259259259 0.026041666666666668 0.046296296296296294
0 0.5411458333333333 0.2759259259259259 0.026041666666666668 0.046296296296296294
0 0.5114583333333333 0.2833333333333333 0.026041666666666668 0.046296296296296294
0 0.44635416666666666 0.2935185185185185 0.026041666666666668 0.046296296296296294
0 0.45208333333333334 0.2953703703703704 0.026041666666666668 0.046296296296296294
0 0.43385416666666665 0.2972222222222222 0.026041666666666668 0.046296296296296294
0 0.4197916666666667 0.3074074074074074 0.026041666666666668 0.046296296296296294
0 0.5 0.30648148148148147 0.026041666666666668 0.046296296296296294
0 0.5109375 0.3074074074074074 0.026041666666666668 0.046296296296296294
0 0.43697916666666664 0.3148148148148148 0.026041666666666668 0.046296296296296294
0 0.5203125 0.31666666666666665 0.026041666666666668 0.046296296296296294
0 0.515625 0.3277777777777778 0.026041666666666668 0.046296296296296294
0 0.4453125 0.33055555555555555 0.026041666666666668 0.046296296296296294
0 0.45625 0.33240740740740743 0.026041666666666668 0.046296296296296294
4 0.5088541666666667 0.3333333333333333 0.026041666666666668 0.046296296296296294
4 0.45364583333333336 0.3537037037037037 0.026041666666666668 0.046296296296296294
4 0.51875 0.3537037037037037 0.026041666666666668 0.046296296296296294
4 0.3885416666666667 0.36203703703703705 0.026041666666666668 0.046296296296296294
4 0.4953125 0.362962962962963 0.026041666666666668 0.046296296296296294
4 0.5083333333333333 0.3638888888888889 0.026041666666666668 0.046296296296296294
4 0.37447916666666664 0.37037037037037035 0.026041666666666668 0.046296296296296294
4 0.5286458333333334 0.3712962962962963 0.026041666666666668 0.046296296296296294
3 0.69375 0.3787037037037037 0.026041666666666668 0.046296296296296294
3 0.725 0.38333333333333336 0.026041666666666668 0.046296296296296294
4 0.5494791666666666 0.39444444444444443 0.026041666666666668 0.046296296296296294
3 0.6833333333333333 0.39444444444444443 0.026041666666666668 0.046296296296296294
4 0.6609375 0.4046296296296296 0.026041666666666668 0.046296296296296294
2 0.19427083333333334 0.4074074074074074 0.026041666666666668 0.046296296296296294
4 0.5104166666666666 0.4111111111111111 0.026041666666666668 0.046296296296296294
4 0.6552083333333333 0.4111111111111111 0.026041666666666668 0.046296296296296294
4 0.3796875 0.42314814814814816 0.026041666666666668 0.046296296296296294
4 0.4109375 0.425 0.026041666666666668 0.046296296296296294
4 0.4953125 0.42685185185185187 0.026041666666666668 0.046296296296296294
4 0.5119791666666667 0.42407407407407405 0.026041666666666668 0.046296296296296294
4 0.503125 0.43425925925925923 0.026041666666666668 0.046296296296296294
4 0.5161458333333333 0.43425925925925923 0.026041666666666668 0.046296296296296294
4 0.6536458333333334 0.4324074074074074 0.026041666666666668 0.046296296296296294
4 0.6666666666666666 0.43333333333333335 0.026041666666666668 0.046296296296296294
2 0.19583333333333333 0.44074074074074077 0.026041666666666668 0.046296296296296294
3 0.7046875 0.4388888888888889 0.026041666666666668 0.046296296296296294
4 0.4578125 0.4564814814814815 0.026041666666666668 0.046296296296296294
4 0.5244791666666667 0.4564814814814815 0.026041666666666668 0.046296296296296294
3 0.6739583333333333 0.4583333333333333 0.026041666666666668 0.046296296296296294
4 0.5067708333333333 0.46296296296296297 0.026041666666666668 0.046296296296296294
2 0.2078125 0.47129629629629627 0.026041666666666668 0.046296296296296294
4 0.478125 0.4722222222222222 0.026041666666666668 0.046296296296296294
4 0.5244791666666667 0.4722222222222222 0.026041666666666668 0.046296296296296294
4 0.3984375 0.4898148148148148 0.026041666666666668 0.046296296296296294
4 0.43333333333333335 0.487962962962963 0.026041666666666668 0.046296296296296294
4 0.5828125 0.487962962962963 0.026041666666666668 0.046296296296296294
4 0.5947916666666667 0.487962962962963 0.026041666666666668 0.046296296296296294
4 0.6453125 0.49074074074074076 0.026041666666666668 0.046296296296296294
3 0.6776041666666667 0.48518518518518516 0.026041666666666668 0.046296296296296294
4 0.6609375 0.49537037037037035 0.026041666666666668 0.046296296296296294
3 0.6833333333333333 0.49722222222222223 0.026041666666666668 0.046296296296296294
4 0.4666666666666667 0.5037037037037037 0.026041666666666668 0.046296296296296294
3 0.7036458333333333 0.5101851851851852 0.026041666666666668 0.046296296296296294
4 0.37916666666666665 0.5166666666666667 0.026041666666666668 0.046296296296296294
4 0.3880208333333333 0.5212962962962963 0.026041666666666668 0.046296296296296294
4 0.6208333333333333 0.5194444444444445 0.026041666666666668 0.046296296296296294
4 0.48333333333333334 0.5268518518518519 0.026041666666666668 0.046296296296296294
3 0.6895833333333333 0.525 0.026041666666666668 0.046296296296296294
4 0.38697916666666665 0.5314814814814814 0.026041666666666668 0.046296296296296294
4 0.5197916666666667 0.5342592592592592 0.026041666666666668 0.046296296296296294
4 0.6453125 0.5333333333333333 0.026041666666666668 0.046296296296296294
4 0.615625 0.5435185185185185 0.026041666666666668 0.046296296296296294
3 0.675 0.5416666666666666 0.026041666666666668 0.046296296296296294
4 0.540625 0.5481481481481482 0.026041666666666668 0.046296296296296294
3 0.7078125 0.5481481481481482 0.026041666666666668 0.046296296296296294
4 0.5932291666666667 0.5546296296296296 0.026041666666666668 0.046296296296296294
4 0.478125 0.562962962962963 0.026041666666666668 0.046296296296296294
4 0.590625 0.5638888888888889 0.026041666666666668 0.046296296296296294
4 0.6125 0.562962962962963 0.026041666666666668 0.046296296296296294
3 0.7171875 0.5666666666666667 0.026041666666666668 0.046296296296296294
3 0.740625 0.5648148148148148 0.026041666666666668 0.046296296296296294
3 0.7567708333333333 0.5638888888888889 0.026041666666666668 0.046296296296296294
4 0.5677083333333334 0.5666666666666667 0.026041666666666668 0.046296296296296294
4 0.6541666666666667 0.5805555555555556 0.026041666666666668 0.046296296296296294
4 0.6666666666666666 0.5805555555555556 0.026041666666666668 0.046296296296296294
3 0.7359375 0.5805555555555556 0.026041666666666668 0.046296296296296294
4 0.4869791666666667 0.612037037037037 0.026041666666666668 0.046296296296296294
3 0.6822916666666666 0.6064814814814815 0.026041666666666668 0.046296296296296294
3 0.725 0.6129629629629629 0.026041666666666668 0.046296296296296294
2 0.21927083333333333 0.6166666666666667 0.026041666666666668 0.046296296296296294
3 0.7671875 0.6203703703703703 0.026041666666666668 0.046296296296296294
3 0.7614583333333333 0.6444444444444445 0.026041666666666668 0.046296296296296294
3 0.7276041666666667 0.6481481481481481 0.026041666666666668 0.046296296296296294
1 0.7020833333333333 0.6796296296296296 0.026041666666666668 0.046296296296296294
1 0.778125 0.6851851851851852 0.026041666666666668 0.046296296296296294
1 0.14947916666666666 0.7148148148148148 0.026041666666666668 0.046296296296296294
1 0.165625 0.7518518518518519 0.026041666666666668 0.046296296296296294
1 0.384375 0.7472222222222222 0.026041666666666668 0.046296296296296294
1 0.884375 0.7509259259259259 0.026041666666666668 0.046296296296296294
1 0.1984375 0.7620370370370371 0.026041666666666668 0.046296296296296294
1 0.625 0.7796296296296297 0.026041666666666668 0.046296296296296294
1 0.7677083333333333 0.8055555555555556 0.026041666666666668 0.046296296296296294
1 0.1328125 0.812962962962963 0.026041666666666668 0.046296296296296294
1 0.9375 0.8212962962962963 0.026041666666666668 0.046296296296296294
1 0.8286458333333333 0.8388888888888889 0.026041666666666668 0.046296296296296294
1 0.7942708333333334 0.8638888888888889 0.026041666666666668 0.046296296296296294
1 0.11822916666666666 0.8740740740740741 0.026041666666666668 0.046296296296296294
1 0.4984375 0.8916666666666667 0.026041666666666668 0.046296296296296294
1 0.22916666666666666 0.912962962962963 0.026041666666666668 0.046296296296296294
1 0.971875 0.9398148148148148 0.026041666666666668 0.046296296296296294
1 0.128125 0.9462962962962963 0.026041666666666668 0.046296296296296294
1 0.4 0.9435185185185185 0.026041666666666668 0.046296296296296294
1 0.44947916666666665 0.9583333333333334 0.026041666666666668 0.046296296296296294
1 0.9708333333333333 0.9787037037037037 0.026041666666666668 0.046296296296296294
1 0.8291666666666667 0.8703703703703703 0.026041666666666668 0.046296296296296294
1 0.8645833333333334 0.825925925925926 0.026041666666666668 0.046296296296296294
1 0.9916666666666667 0.8685185185185185 0.026041666666666668 0.046296296296296294
1 0.671875 0.6944444444444444 0.026041666666666668 0.046296296296296294
1 0.69375 0.6722222222222223 0.026041666666666668 0.046296296296296294
0 0.6947916666666667 0.2851851851851852 0.026041666666666668 0.046296296296296294
4 0.40729166666666666 0.5074074074074074 0.026041666666666668 0.046296296296296294
4 0.42604166666666665 0.5166666666666667 0.026041666666666668 0.046296296296296294
4 0.428125 0.45 0.026041666666666668 0.046296296296296294
2 0.17916666666666667 0.4166666666666667 0.026041666666666668 0.046296296296296294
2 0.21770833333333334 0.4166666666666667 0.026041666666666668 0.046296296296296294
