0 0.4713541666666667 0.09444444444444444 0.026041666666666668 0.046296296296296294
0 0.478125 0.09907407407407408 0.026041666666666668 0.046296296296296294
0 0.47604166666666664 0.10833333333333334 0.026041666666666668 0.046296296296296294
0 0.48385416666666664 0.10462962962962963 0.026041666666666668 0.046296296296296294
0 0.4921875 0.12314814814814815 0.026041666666666668 0.046296296296296294
0 0.4708333333333333 0.13055555555555556 0.026041666666666668 0.046296296296296294
0 0.4796875 0.1287037037037037 0.026041666666666668 0.046296296296296294
0 0.4546875 0.13240740740740742 0.026041666666666668 0.046296296296296294
0 0.46145833333333336 0.13425925925925927 0.026041666666666668 0.046296296296296294
0 0.4401041666666667 0.14074074074074075 0.026041666666666668 0.046296296296296294
0 0.44635416666666666 0.14444444444444443 0.026041666666666668 0.046296296296296294
0 0.4744791666666667 0.14629629629629629 0.026041666666666668 0.046296296296296294
0 0.43802083333333336 0.15555555555555556 0.026041666666666668 0.046296296296296294
0 0.4625 0.15185185185185185 0.026041666666666668 0.046296296296296294
0 0.4901041666666667 0.15462962962962962 0.026041666666666668 0.046296296296296294
0 0.44947916666666665 0.16018518518518518 0.026041666666666668 0.046296296296296294
0 0.47552083333333334 0.15833333333333333 0.026041666666666668 0.046296296296296294
0 0.43072916666666666 0.17222222222222222 0.026041666666666668 0.046296296296296294
0 0.49895833333333334 0.17407407407407408 0.026041666666666668 0.046296296296296294
0 0.4942708333333333 0.19444444444444445 0.026041666666666668 0.046296296296296294
0 0.5078125 0.19166666666666668 0.026041666666666668 0.046296296296296294
0 0.4901041666666667 0.21388888888888888 0.026041666666666668 0.046296296296296294
0 0.4609375 0.2212962962962963 0.026041666666666668 0.046296296296296294
0 0.4734375 0.22037037037037038 0.026041666666666668 0.046296296296296294
0 0.5088541666666667 0.23148148148148148 0.026041666666666668 0.046296296296296294
0 0.4234375 0.24537037037037038 0.026041666666666668 0.046296296296296294
0 0.4828125 0.2462962962962963 0.026041666666666668 0.046296296296296294
0 0.5067708333333333 0.2518518518518518 0.026041666666666668 0.046296296296296294
0 0.44479166666666664 0.25925925925925924 0.026041666666666668 0.046296296296296294
0 0.49114583333333334 0.2675925925925926 0.026041666666666668 0.046296296296296294
0 0.4484375 0.2759259259259259 0.026041666666666668 0.046296296296296294
0 0.4953125 0.2777777777777778 0.026041666666666668 0.046296296296296294
0 0.51875 0.2777777777777778 0.026041666666666668 0.046296296296296294
0 0.5364583333333334 0.27685185185185185 0.026041666666666668 0.046296296296296294
0 0.4239583333333333 0.28703703703703703 0.026041666666666668 0.046296296296296294
0 0.453125 0.2851851851851852 0.026041666666666668 0.046296296296296294
0 0.5453125 0.287962962962963 0.026041666666666668 0.046296296296296294
0 0.41770833333333335 0.29074074074074074 0.026041666666666668 0.046296296296296294
0 0.46927083333333336 0.30185185185185187 0.026041666666666668 0.046296296296296294
0 0.4359375 0.3101851851851852 0.026041666666666668 0.046296296296296294
0 0.503125 0.30648148148148147 0.026041666666666668 0.046296296296296294
0 0.5098958333333333 0.3101851851851852 0.026041666666666668 0.046296296296296294
0 0.5286458333333334 0.30925925925925923 0.026041666666666668 0.046296296296296294
0 0.4953125 0.3194444444444444 0.026041666666666668 0.046296296296296294
0 0.7026041666666667 0.3138888888888889 0.026041666666666668 0.046296296296296294
0 0.4859375 0.32314814814814813 0.026041666666666668 0.046296296296296294
0 0.5114583333333333 0.32592592592592595 0.026041666666666668 0.046296296296296294
0 0.43697916666666664 0.3296296296296296 0.026041666666666668 0.046296296296296294
0 0.4479166666666667 0.33240740740740743 0.026041666666666668 0.046296296296296294
0 0.46458333333333335 0.3287037037037037 0.026041666666666668 0.046296296296296294
4 0.47760416666666666 0.3398148148148148 0.026041666666666668 0.046296296296296294
4 0.42135416666666664 0.34814814814814815 0.026041666666666668 0.046296296296296294
4 0.46510416666666665 0.3425925925925926 0.026041666666666668 0.046296296296296294
4 0.490625 0.3472222222222222 0.026041666666666668 0.046296296296296294
4 0.38333333333333336 0.35555555555555557 0.026041666666666668 0.046296296296296294
4 0.39479166666666665 0.35462962962962963 0.026041666666666668 0.046296296296296294
4 0.4 0.35462962962962963 0.026041666666666668 0.046296296296296294
4 0.43333333333333335 0.35462962962962963 0.026041666666666668 0.046296296296296294
4 0.5135416666666667 0.35555555555555557 0.026041666666666668 0.046296296296296294
4 0.37604166666666666 0.3638888888888889 0.026041666666666668 0.046296296296296294
4 0.39166666666666666 0.3638888888888889 0.026041666666666668 0.046296296296296294
4 0.409375 0.36574074074074076 0.026041666666666668 0.046296296296296294
4 0.5213541666666667 0.37037037037037035 0.026041666666666668 0.046296296296296294
2 0.21614583333333334 0.3768518518518518 0.026041666666666668 0.046296296296296294
4 0.43645833333333334 0.3768518518518518 0.026041666666666668 0.046296296296296294
2 0.1984375 0.38333333333333336 0.026041666666666668 0.046296296296296294
4 0.415625 0.38425925925925924 0.026041666666666668 0.046296296296296294
4 0.5088541666666667 0.3861111111111111 0.026041666666666668 0.046296296296296294
4 0.6635416666666667 0.39351851851851855 0.026041666666666668 0.046296296296296294
4 0.4453125 0.4083333333333333 0.026041666666666668 0.046296296296296294
3 0.7041666666666667 0.4064814814814815 0.026041666666666668 0.046296296296296294
2 0.178125 0.41759259259259257 0.026041666666666668 0.046296296296296294
4 0.5078125 0.4166666666666667 0.026041666666666668 0.046296296296296294
4 0.5239583333333333 0.41759259259259257 0.026041666666666668 0.046296296296296294
4 0.4552083333333333 0.42685185185185187 0.026041666666666668 0.046296296296296294
4 0.6625 0.42407407407407405 0.026041666666666668 0.046296296296296294
3 0.6703125 0.42314814814814816 0.026041666666666668 0.046296296296296294
3 0.6833333333333333 0.42407407407407405 0.026041666666666668 0.046296296296296294
4 0.4625 0.43333333333333335 0.026041666666666668 0.046296296296296294
3 0.6770833333333334 0.43333333333333335 0.026041666666666668 0.046296296296296294
3 0.6734375 0.44074074074074077 0.026041666666666668 0.046296296296296294
3 0.6875 0.4462962962962963 0.026041666666666668 0.046296296296296294
4 0.39895833333333336 0.4546296296296296 0.026041666666666668 0.046296296296296294
4 0.45416666666666666 0.4564814814814815 0.026041666666666668 0.046296296296296294
4 0.5114583333333333 0.45555555555555555 0.026041666666666668 0.046296296296296294
4 0.6572916666666667 0.45740740740740743 0.026041666666666668 0.046296296296296294
4 0.41770833333333335 0.4638888888888889 0.026041666666666668 0.046296296296296294
4 0.4328125 0.4638888888888889 0.026041666666666668 0.046296296296296294
4 0.6630208333333333 0.4740740740740741 0.026041666666666668 0.046296296296296294
4 0.45364583333333336 0.47962962962962963 0.026041666666666668 0.046296296296296294
4 0.49895833333333334 0.4777777777777778 0.026041666666666668 0.046296296296296294
4 0.653125 0.48148148148148145 0.026041666666666668 0.046296296296296294
4 0.4671875 0.4962962962962963 0.026041666666666668 0.046296296296296294
4 0.49947916666666664 0.49537037037037035 0.026041666666666668 0.046296296296296294
4 0.6322916666666667 0.49537037037037035 0.026041666666666668 0.046296296296296294
3 0.6729166666666667 0.49537037037037035 0.026041666666666668 0.046296296296296294
4 0.5239583333333333 0.5037037037037037 0.026041666666666668 0.046296296296296294
4 0.4114583333333333 0.5101851851851852 0.026041666666666668 0.046296296296296294
4 0.4583333333333333 0.512962962962963 0.026041666666666668 0.046296296296296294
4 0.6328125 0.5074074074074074 0.026041666666666668 0.046296296296296294
3 0.7166666666666667 0.5148148148148148 0.026041666666666668 0.046296296296296294
4 0.6151041666666667 0.5212962962962963 0.026041666666666668 0.046296296296296294
3 0.6942708333333333 0.5203703703703704 0.026041666666666668 0.046296296296296294
3 0.6697916666666667 0.5259259259259259 0.026041666666666668 0.046296296296296294
4 0.5145833333333333 0.5351851851851852 0.026041666666666668 0.046296296296296294
4 0.5932291666666667 0.5314814814814814 0.026041666666666668 0.046296296296296294
3 0.7203125 0.5351851851851852 0.026041666666666668 0.046296296296296294
4 0.440625 0.5425925925925926 0.026041666666666668 0.046296296296296294
4 0.4713541666666667 0.5416666666666666 0.026041666666666668 0.046296296296296294
4 0.503125 0.5425925925925926 0.026041666666666668 0.046296296296296294
3 0.6791666666666667 0.5425925925925926 0.026041666666666668 0.046296296296296294
4 0.5328125 0.5518518518518518 0.026041666666666668 0.046296296296296294
4 0.5072916666666667 0.5675925925925925 0.026041666666666668 0.046296296296296294
3 0.7479166666666667 0.562962962962963 0.026041666666666668 0.046296296296296294
4 0.5536458333333333 0.5731481481481482 0.026041666666666668 0.046296296296296294
4 0.6036458333333333 0.5740740740740741 0.026041666666666668 0.046296296296296294
3 0.6911458333333333 0.575 0.026041666666666668 0.046296296296296294
3 0.7244791666666667 0.5740740740740741 0.026041666666666668 0.046296296296296294
3 0.7364583333333333 0.5712962962962963 0.026041666666666668 0.046296296296296294
4 0.4953125 0.5805555555555556 0.026041666666666668 0.046296296296296294
4 0.4427083333333333 0.5916666666666667 0.026041666666666668 0.046296296296296294
4 0.5963541666666666 0.5925925925925926 0.026041666666666668 0.046296296296296294
4 0.5755208333333334 0.5953703703703703 0.026041666666666668 0.046296296296296294
4 0.5151041666666667 0.6074074074074074 0.026041666666666668 0.046296296296296294
4 0.5583333333333333 0.6046296296296296 0.026041666666666668 0.046296296296296294
4 0.6234375 0.6129629629629629 0.026041666666666668 0.046296296296296294
4 0.4786458333333333 0.6212962962962963 0.026041666666666668 0.046296296296296294
4 0.5322916666666667 0.6185185185185185 0.026041666666666668 0.046296296296296294
4 0.5901041666666667 0.6157407407407407 0.026041666666666668 0.046296296296296294
4 0.6625 0.6175925925925926 0.026041666666666668 0.046296296296296294
3 0.6817708333333333 0.612037037037037 0.026041666666666668 0.046296296296296294
1 0.7755208333333333 0.6675925925925926 0.026041666666666668 0.046296296296296294
1 0.5182291666666666 0.674074074074074 0.026041666666666668 0.046296296296296294
1 0.5453125 0.6777777777777778 0.026041666666666668 0.046296296296296294
1 0.21197916666666666 0.6944444444444444 0.026041666666666668 0.046296296296296294
1 0.4557291666666667 0.7074074074074074 0.026041666666666668 0.046296296296296294
1 0.6098958333333333 0.7203703703703703 0.026041666666666668 0.046296296296296294
1 0.5348958333333333 0.7351851851851852 0.026041666666666668 0.046296296296296294
1 0.6395833333333333 0.7268518518518519 0.026041666666666668 0.046296296296296294
1 0.66875 0.7379629629629629 0.026041666666666668 0.046296296296296294
1 0.8859375 0.7462962962962963 0.026041666666666668 0.046296296296296294
1 0.3359375 0.7583333333333333 0.026041666666666668 0.046296296296296294
1 0.9817708333333334 0.7731481481481481 0.026041666666666668 0.046296296296296294
1 0.7541666666666667 0.8101851851851852 0.026041666666666668 0.046296296296296294
1 0.8661458333333333 0.8287037037037037 0.026041666666666668 0.046296296296296294
1 0.4630208333333333 0.8685185185185185 0.026041666666666668 0.046296296296296294
1 0.4244791666666667 0.8925925925925926 0.026041666666666668 0.046296296296296294
1 0.9036458333333334 0.9120370370370371 0.026041666666666668 0.046296296296296294
1 0.9640625 0.9398148148148148 0.026041666666666668 0.046296296296296294
1 0.9875 0.9638888888888889 0.026041666666666668 0.046296296296296294
1 0.3625 0.9907407407407407 0.026041666666666668 0.046296296296296294
1 0.25416666666666665 0.8351851851851851 0.026041666666666668 0.046296296296296294
1 0.3697916666666667 0.7592592592592593 0.026041666666666668 0.046296296296296294
4 0.40729166666666666 0.6648148148148149 0.026041666666666668 0.046296296296296294
4 0.44479166666666664 0.6240740740740741 0.026041666666666668 0.046296296296296294
4 0.40729166666666666 0.5666666666666667 0.026041666666666668 0.046296296296296294
4 0.43333333333333335 0.5796296296296296 0.026041666666666668 0.046296296296296294
4 0.396875 0.48518518518518516 0.026041666666666668 0.046296296296296294
4 0.415625 0.49074074074074076 0.026041666666666668 0.046296296296296294
4 0.37604166666666666 0.4962962962962963 0.026041666666666668 0.046296296296296294
3 0.7385416666666667 0.6092592592592593 0.026041666666666668 0.046296296296296294
1 0.7760416666666666 0.7111111111111111 0.026041666666666668 0.046296296296296294
1 0.8354166666666667 0.75 0.026041666666666668 0.046296296296296294
1 0.83125 0.8814814814814815 0.026041666666666668 0.046296296296296294
1 0.8322916666666667 0.8351851851851851 0.026041666666666668 0.046296296296296294
1 0.7958333333333333 0.8388888888888889 0.026041666666666668 0.046296296296296294
1 0.9302083333333333 0.9481481481481482 0.026041666666666668 0.046296296296296294
1 0.6770833333333334 0.8444444444444444 0.026041666666666668 0.046296296296296294
3 0.7760416666666666 0.5611111111111111 0.026041666666666668 0.046296296296296294
0 0.6854166666666667 0.28888888888888886 0.026041666666666668 0.046296296296296294
4 0.6260416666666667 0.562962962962963 0.026041666666666668 0.046296296296296294
3 0.715625 0.6018518518518519 0.026041666666666668 0.046296296296296294
3 0.7020833333333333 0.5907407407407408 0.026041666666666668 0.046296296296296294
3 0.7145833333333333 0.5611111111111111 0.026041666666666668 0.046296296296296294
1 0.534375 0.6888888888888889 0.026041666666666668 0.046296296296296294
