0 0.46979166666666666 0.13055555555555556 0.026041666666666668 0.046296296296296294
0 0.4901041666666667 0.13055555555555556 0.026041666666666668 0.046296296296296294
0 0.4609375 0.13518518518518519 0.026041666666666668 0.046296296296296294
0 0.4635416666666667 0.1537037037037037 0.026041666666666668 0.046296296296296294
0 0.47552083333333334 0.1527777777777778 0.026041666666666668 0.046296296296296294
0 0.4822916666666667 0.15462962962962962 0.026041666666666668 0.046296296296296294
0 0.4640625 0.16574074074074074 0.026041666666666668 0.046296296296296294
0 0.4984375 0.16574074074074074 0.026041666666666668 0.046296296296296294
0 0.4322916666666667 0.17407407407407408 0.026041666666666668 0.046296296296296294
0 0.4828125 0.175 0.026041666666666668 0.046296296296296294
0 0.490625 0.18333333333333332 0.026041666666666668 0.046296296296296294
0 0.5 0.1814814814814815 0.026041666666666668 0.046296296296296294
0 0.5083333333333333 0.18333333333333332 0.026041666666666668 0.046296296296296294
0 0.4703125 0.19074074074074074 0.026041666666666668 0.046296296296296294
0 0.4864583333333333 0.19074074074074074 0.026041666666666668 0.046296296296296294
0 0.4953125 0.19814814814814816 0.026041666666666668 0.046296296296296294
0 0.48333333333333334 0.20833333333333334 0.026041666666666668 0.046296296296296294
0 0.440625 0.21388888888888888 0.026041666666666668 0.046296296296296294
0 0.478125 0.2324074074074074 0.026041666666666668 0.046296296296296294
0 0.47604166666666664 0.2518518518518518 0.026041666666666668 0.046296296296296294
0 0.4666666666666667 0.2638888888888889 0.026041666666666668 0.046296296296296294
0 0.48333333333333334 0.25925925925925924 0.026041666666666668 0.046296296296296294
0 0.4859375 0.2759259259259259 0.026041666666666668 0.046296296296296294
0 0.5463541666666667 0.2777777777777778 0.026041666666666668 0.046296296296296294
0 0.7020833333333333 0.2759259259259259 0.026041666666666668 0.046296296296296294
0 0.465625 0.28055555555555556 0.026041666666666668 0.046296296296296294
0 0.4984375 0.2814814814814815 0.026041666666666668 0.046296296296296294
0 0.5083333333333333 0.2833333333333333 0.026041666666666668 0.046296296296296294
0 0.5375 0.28703703703703703 0.026041666666666668 0.046296296296296294
0 0.4192708333333333 0.2898148148148148 0.026041666666666668 0.046296296296296294
0 0.48333333333333334 0.2953703703703704 0.026041666666666668 0.046296296296296294
0 0.49583333333333335 0.2962962962962963 0.026041666666666668 0.046296296296296294
0 0.5020833333333333 0.2935185185185185 0.026041666666666668 0.046296296296296294
0 0.5072916666666667 0.29259259259259257 0.026041666666666668 0.046296296296296294
0 0.6916666666666667 0.2935185185185185 0.026041666666666668 0.046296296296296294
0 0.475 0.30185185185185187 0.026041666666666668 0.046296296296296294
0 0.5166666666666667 0.30092592592592593 0.026041666666666668 0.046296296296296294
0 0.425 0.30833333333333335 0.026041666666666668 0.046296296296296294
0 0.49114583333333334 0.3101851851851852 0.026041666666666668 0.046296296296296294
0 0.415625 0.3148148148148148 0.026041666666666668 0.046296296296296294
0 0.49895833333333334 0.31574074074074077 0.026041666666666668 0.046296296296296294
0 0.7083333333333334 0.31296296296296294 0.026041666666666668 0.046296296296296294
0 0.5145833333333333 0.32314814814814813 0.026041666666666668 0.046296296296296294
0 0.4234375 0.3314814814814815 0.026041666666666668 0.046296296296296294
0 0.45677083333333335 0.33240740740740743 0.026041666666666668 0.046296296296296294
0 0.5041666666666667 0.3314814814814815 0.026041666666666668 0.046296296296296294
4 0.37916666666666665 0.3472222222222222 0.026041666666666668 0.046296296296296294
4 0.39166666666666666 0.37037037037037035 0.026041666666666668 0.046296296296296294
4 0.6536458333333334 0.3787037037037037 0.026041666666666668 0.046296296296296294
4 0.4895833333333333 0.3851851851851852 0.026041666666666668 0.046296296296296294
4 0.5114583333333333 0.38796296296296295 0.026041666666666668 0.046296296296296294
4 0.53125 0.38425925925925924 0.026041666666666668 0.046296296296296294
3 0.6828125 0.39444444444444443 0.026041666666666668 0.046296296296296294
2 0.21510416666666668 0.4 0.026041666666666668 0.046296296296296294
4 0.5072916666666667 0.40370370370370373 0.026041666666666668 0.046296296296296294
4 0.6536458333333334 0.4027777777777778 0.026041666666666668 0.046296296296296294
2 0.17916666666666667 0.41944444444444445 0.026041666666666668 0.046296296296296294
2 0.20520833333333333 0.41574074074074074 0.026041666666666668 0.046296296296296294
3 0.6697916666666667 0.4212962962962963 0.026041666666666668 0.046296296296296294
4 0.6619791666666667 0.425 0.026041666666666668 0.046296296296296294
4 0.515625 0.44351851851851853 0.026041666666666668 0.046296296296296294
4 0.6567708333333333 0.44166666666666665 0.026041666666666668 0.046296296296296294
3 0.6770833333333334 0.44351851851851853 0.026041666666666668 0.046296296296296294
3 0.7067708333333333 0.4388888888888889 0.026041666666666668 0.046296296296296294
4 0.5114583333333333 0.4601851851851852 0.026041666666666668 0.046296296296296294
3 0.6729166666666667 0.4601851851851852 0.026041666666666668 0.046296296296296294
4 0.4234375 0.4601851851851852 0.026041666666666668 0.046296296296296294
2 0.20833333333333334 0.47314814814814815 0.026041666666666668 0.046296296296296294
4 0.4515625 0.47129629629629627 0.026041666666666668 0.046296296296296294
4 0.47291666666666665 0.46574074074074073 0.026041666666666668 0.046296296296296294
4 0.5947916666666667 0.47962962962962963 0.026041666666666668 0.046296296296296294
4 0.6130208333333333 0.47962962962962963 0.026041666666666668 0.046296296296296294
4 0.6328125 0.48055555555555557 0.026041666666666668 0.046296296296296294
4 0.6208333333333333 0.4888888888888889 0.026041666666666668 0.046296296296296294
4 0.6505208333333333 0.4898148148148148 0.026041666666666668 0.046296296296296294
4 0.4114583333333333 0.49537037037037035 0.026041666666666668 0.046296296296296294
4 0.6453125 0.4962962962962963 0.026041666666666668 0.046296296296296294
4 0.6520833333333333 0.4962962962962963 0.026041666666666668 0.046296296296296294
3 0.6739583333333333 0.4935185185185185 0.026041666666666668 0.046296296296296294
4 0.625 0.5046296296296297 0.026041666666666668 0.046296296296296294
3 0.6953125 0.5027777777777778 0.026041666666666668 0.046296296296296294
4 0.5078125 0.5120370370370371 0.026041666666666668 0.046296296296296294
4 0.6364583333333333 0.5120370370370371 0.026041666666666668 0.046296296296296294
3 0.7036458333333333 0.5120370370370371 0.026041666666666668 0.046296296296296294
4 0.4765625 0.5351851851851852 0.026041666666666668 0.046296296296296294
4 0.5 0.5361111111111111 0.026041666666666668 0.046296296296296294
4 0.6244791666666667 0.5342592592592592 0.026041666666666668 0.046296296296296294
3 0.7177083333333333 0.5314814814814814 0.026041666666666668 0.046296296296296294
3 0.7317708333333334 0.5314814814814814 0.026041666666666668 0.046296296296296294
4 0.4078125 0.5444444444444444 0.026041666666666668 0.046296296296296294
4 0.5119791666666667 0.549074074074074 0.026041666666666668 0.046296296296296294
4 0.6 0.549074074074074 0.026041666666666668 0.046296296296296294
4 0.534375 0.5537037037037037 0.026041666666666668 0.046296296296296294
4 0.5703125 0.5537037037037037 0.026041666666666668 0.046296296296296294
4 0.6338541666666667 0.5555555555555556 0.026041666666666668 0.046296296296296294
4 0.6411458333333333 0.562037037037037 0.026041666666666668 0.046296296296296294
3 0.7401041666666667 0.5601851851851852 0.026041666666666668 0.046296296296296294
3 0.7567708333333333 0.5638888888888889 0.026041666666666668 0.046296296296296294
3 0.7442708333333333 0.5796296296296296 0.026041666666666668 0.046296296296296294
4 0.3963541666666667 0.5990740740740741 0.026041666666666668 0.046296296296296294
4 0.428125 0.5944444444444444 0.026041666666666668 0.046296296296296294
4 0.5239583333333333 0.5981481481481481 0.026041666666666668 0.046296296296296294
4 0.4119791666666667 0.6046296296296296 0.026041666666666668 0.046296296296296294
4 0.4947916666666667 0.6037037037037037 0.026041666666666668 0.046296296296296294
4 0.5161458333333333 0.6018518518518519 0.026041666666666668 0.046296296296296294
3 0.7447916666666666 0.6037037037037037 0.026041666666666668 0.046296296296296294
4 0.6520833333333333 0.6240740740740741 0.026041666666666668 0.046296296296296294
4 0.38229166666666664 0.6361111111111111 0.026041666666666668 0.046296296296296294
2 0.21614583333333334 0.65 0.026041666666666668 0.046296296296296294
4 0.4869791666666667 0.649074074074074 0.026041666666666668 0.046296296296296294
3 0.7119791666666667 0.6527777777777778 0.026041666666666668 0.046296296296296294
4 0.5005208333333333 0.6583333333333333 0.026041666666666668 0.046296296296296294
1 0.440625 0.6675925925925926 0.026041666666666668 0.046296296296296294
4 0.6015625 0.662962962962963 0.026041666666666668 0.046296296296296294
1 0.7328125 0.6675925925925926 0.026041666666666668 0.046296296296296294
1 0.7666666666666667 0.675 0.026041666666666668 0.046296296296296294
1 0.7041666666666667 0.6833333333333333 0.026041666666666668 0.046296296296296294
1 0.44166666666666665 0.6972222222222222 0.026041666666666668 0.046296296296296294
1 0.6197916666666666 0.7 0.026041666666666668 0.046296296296296294
1 0.5130208333333334 0.7194444444444444 0.026041666666666668 0.046296296296296294
1 0.6135416666666667 0.7453703703703703 0.026041666666666668 0.046296296296296294
1 0.37083333333333335 0.7611111111111111 0.026041666666666668 0.046296296296296294
1 0.390625 0.7592592592592593 0.026041666666666668 0.046296296296296294
1 0.8838541666666667 0.7490740740740741 0.026041666666666668 0.046296296296296294
1 0.953125 0.7657407407407407 0.026041666666666668 0.046296296296296294
1 0.7604166666666666 0.8175925925925925 0.026041666666666668 0.046296296296296294
1 0.8697916666666666 0.8194444444444444 0.026041666666666668 0.046296296296296294
1 0.7890625 0.8518518518518519 0.026041666666666668 0.046296296296296294
1 0.8286458333333333 0.8648148148148148 0.026041666666666668 0.046296296296296294
1 0.3104166666666667 0.875 0.026041666666666668 0.046296296296296294
1 0.7322916666666667 0.875 0.026041666666666668 0.046296296296296294
1 0.18958333333333333 0.8925925925925926 0.026041666666666668 0.046296296296296294
1 0.496875 0.8935185185185185 0.026041666666666668 0.046296296296296294
1 0.11927083333333334 0.9018518518518519 0.026041666666666668 0.046296296296296294
1 0.5520833333333334 0.8888888888888888 0.026041666666666668 0.046296296296296294
1 0.9296875 0.9222222222222223 0.026041666666666668 0.046296296296296294
1 0.8307291666666666 0.937962962962963 0.026041666666666668 0.046296296296296294
1 0.9708333333333333 0.9453703703703704 0.026041666666666668 0.046296296296296294
1 0.3776041666666667 0.9685185185185186 0.026041666666666668 0.046296296296296294
1 0.07604166666666666 0.9722222222222222 0.026041666666666668 0.046296296296296294
1 0.14375 0.8388888888888889 0.026041666666666668 0.046296296296296294
1 0.196875 0.7 0.026041666666666668 0.046296296296296294
2 0.17083333333333334 0.49074074074074076 0.026041666666666668 0.046296296296296294
1 0.35208333333333336 0.7555555555555555 0.026041666666666668 0.046296296296296294
1 0.34375 0.8 0.026041666666666668 0.046296296296296294
3 0.690625 0.662962962962963 0.026041666666666668 0.046296296296296294
1 0.6822916666666666 0.6851851851851852 0.026041666666666668 0.046296296296296294
3 0.771875 0.5703703703703704 0.026041666666666668 0.046296296296296294
4 0.5635416666666667 0.6296296296296297 0.026041666666666668 0.046296296296296294
4 0.4041666666666667 0.6314814814814815 0.026041666666666668 0.046296296296296294
4 0.44166666666666665 0.5203703703703704 0.026041666666666668 0.046296296296296294
4 0.46145833333333336 0.49444444444444446 0.026041666666666668 0.046296296296296294
1 0.9197916666666667 0.8333333333333334 0.026041666666666668 0.046296296296296294
