0 0.47552083333333334 0.09722222222222222 0.026041666666666668 0.046296296296296294
0 0.484375 0.09814814814814815 0.026041666666666668 0.046296296296296294
0 0.4901041666666667 0.1 0.026041666666666668 0.046296296296296294
0 0.4703125 0.11296296296296296 0.026041666666666668 0.046296296296296294
0 0.4552083333333333 0.1175925925925926 0.026041666666666668 0.046296296296296294
0 0.48541666666666666 0.12037037037037036 0.026041666666666668 0.046296296296296294
0 0.4703125 0.12962962962962962 0.026041666666666668 0.046296296296296294
0 0.47760416666666666 0.1287037037037037 0.026041666666666668 0.046296296296296294
0 0.45989583333333334 0.13518518518518519 0.026041666666666668 0.046296296296296294
0 0.49166666666666664 0.1398148148148148 0.026041666666666668 0.046296296296296294
0 0.4984375 0.14537037037037037 0.026041666666666668 0.046296296296296294
0 0.4666666666666667 0.15555555555555556 0.026041666666666668 0.046296296296296294
0 0.4828125 0.1537037037037037 0.026041666666666668 0.046296296296296294
0 0.4864583333333333 0.1537037037037037 0.026041666666666668 0.046296296296296294
0 0.4786458333333333 0.16203703703703703 0.026041666666666668 0.046296296296296294
0 0.4322916666666667 0.175 0.026041666666666668 0.046296296296296294
0 0.4609375 0.17314814814814813 0.026041666666666668 0.046296296296296294
0 0.4734375 0.17777777777777778 0.026041666666666668 0.046296296296296294
0 0.5041666666666667 0.17592592592592593 0.026041666666666668 0.046296296296296294
0 0.5083333333333333 0.18055555555555555 0.026041666666666668 0.046296296296296294
0 0.46197916666666666 0.18888888888888888 0.026041666666666668 0.046296296296296294
0 0.49583333333333335 0.18981481481481483 0.026041666666666668 0.046296296296296294
0 0.50625 0.18981481481481483 0.026041666666666668 0.046296296296296294
0 0.5151041666666667 0.20185185185185187 0.026041666666666668 0.046296296296296294
0 0.509375 0.20555555555555555 0.026041666666666668 0.046296296296296294
0 0.4953125 0.21481481481481482 0.026041666666666668 0.046296296296296294
0 0.43697916666666664 0.2212962962962963 0.026041666666666668 0.046296296296296294
0 0.5119791666666667 0.22777777777777777 0.026041666666666668 0.046296296296296294
0 0.45677083333333335 0.2361111111111111 0.026041666666666668 0.046296296296296294
0 0.4744791666666667 0.24351851851851852 0.026041666666666668 0.046296296296296294
0 0.5119791666666667 0.25277777777777777 0.026041666666666668 0.046296296296296294
0 0.534375 0.2777777777777778 0.026041666666666668 0.046296296296296294
0 0.5072916666666667 0.2861111111111111 0.026041666666666668 0.046296296296296294
0 0.44479166666666664 0.2898148148148148 0.026041666666666668 0.046296296296296294
0 0.5109375 0.2972222222222222 0.026041666666666668 0.046296296296296294
0 0.6921875 0.2916666666666667 0.026041666666666668 0.046296296296296294
0 0.4859375 0.29814814814814816 0.026041666666666668 0.046296296296296294
0 0.5026041666666666 0.30092592592592593 0.026041666666666668 0.046296296296296294
0 0.42135416666666664 0.30648148148148147 0.026041666666666668 0.046296296296296294
0 0.4708333333333333 0.30925925925925923 0.026041666666666668 0.046296296296296294
0 0.4796875 0.30925925925925923 0.026041666666666668 0.046296296296296294
0 0.6994791666666667 0.3111111111111111 0.026041666666666668 0.046296296296296294
0 0.465625 0.3175925925925926 0.026041666666666668 0.046296296296296294
0 0.5166666666666667 0.31666666666666665 0.026041666666666668 0.046296296296296294
0 0.7083333333333334 0.3148148148148148 0.026041666666666668 0.046296296296296294
0 0.45729166666666665 0.325 0.026041666666666668 0.046296296296296294
0 0.428125 0.33055555555555555 0.026041666666666668 0.046296296296296294
0 0.4453125 0.3314814814814815 0.026041666666666668 0.046296296296296294
0 0.47708333333333336 0.3314814814814815 0.026041666666666668 0.046296296296296294
0 0.49947916666666664 0.33055555555555555 0.026041666666666668 0.046296296296296294
0 0.5489583333333333 0.3314814814814815 0.026041666666666668 0.046296296296296294
4 0.421875 0.34074074074074073 0.026041666666666668 0.046296296296296294
4 0.50625 0.3416666666666667 0.026041666666666668 0.046296296296296294
4 0.44479166666666664 0.3472222222222222 0.026041666666666668 0.046296296296296294
4 0.45677083333333335 0.34444444444444444 0.026041666666666668 0.046296296296296294
4 0.37916666666666665 0.3527777777777778 0.026041666666666668 0.046296296296296294
4 0.3880208333333333 0.35555555555555557 0.026041666666666668 0.046296296296296294
4 0.4869791666666667 0.35648148148148145 0.026041666666666668 0.046296296296296294
4 0.5072916666666667 0.35555555555555557 0.026041666666666668 0.046296296296296294
4 0.4161458333333333 0.362962962962963 0.026041666666666668 0.046296296296296294
4 0.4703125 0.36574074074074076 0.026041666666666668 0.046296296296296294
4 0.49895833333333334 0.3648148148148148 0.026041666666666668 0.046296296296296294
4 0.4046875 0.36944444444444446 0.026041666666666668 0.046296296296296294
4 0.5088541666666667 0.36944444444444446 0.026041666666666668 0.046296296296296294
2 0.21979166666666666 0.37777777777777777 0.026041666666666668 0.046296296296296294
4 0.3927083333333333 0.37777777777777777 0.026041666666666668 0.046296296296296294
4 0.5145833333333333 0.38055555555555554 0.026041666666666668 0.046296296296296294
4 0.4328125 0.38425925925925924 0.026041666666666668 0.046296296296296294
4 0.5072916666666667 0.3888888888888889 0.026041666666666668 0.046296296296296294
4 0.4947916666666667 0.3925925925925926 0.026041666666666668 0.046296296296296294
4 0.5067708333333333 0.3972222222222222 0.026041666666666668 0.046296296296296294
2 0.17447916666666666 0.4185185185185185 0.026041666666666668 0.046296296296296294
2 0.1984375 0.41574074074074074 0.026041666666666668 0.046296296296296294
4 0.5208333333333334 0.4203703703703704 0.026041666666666668 0.046296296296296294
4 0.4817708333333333 0.43425925925925923 0.026041666666666668 0.046296296296296294
4 0.6546875 0.43425925925925923 0.026041666666666668 0.046296296296296294
4 0.6619791666666667 0.4324074074074074 0.026041666666666668 0.046296296296296294
3 0.6953125 0.42962962962962964 0.026041666666666668 0.046296296296296294
4 0.496875 0.44074074074074077 0.026041666666666668 0.046296296296296294
4 0.5067708333333333 0.44166666666666665 0.026041666666666668 0.046296296296296294
3 0.6703125 0.4398148148148148 0.026041666666666668 0.046296296296296294
4 0.44114583333333335 0.44907407407407407 0.026041666666666668 0.046296296296296294
4 0.46979166666666666 0.44722222222222224 0.026041666666666668 0.046296296296296294
4 0.5244791666666667 0.45092592592592595 0.026041666666666668 0.046296296296296294
3 0.7020833333333333 0.45 0.026041666666666668 0.046296296296296294
4 0.37552083333333336 0.45555555555555555 0.026041666666666668 0.046296296296296294
4 0.6661458333333333 0.45740740740740743 0.026041666666666668 0.046296296296296294
4 0.49895833333333334 0.46574074074074073 0.026041666666666668 0.046296296296296294
4 0.5151041666666667 0.4648148148148148 0.026041666666666668 0.046296296296296294
3 0.678125 0.46296296296296297 0.026041666666666668 0.046296296296296294
4 0.40677083333333336 0.4777777777777778 0.026041666666666668 0.046296296296296294
4 0.6380208333333334 0.4824074074074074 0.026041666666666668 0.046296296296296294
3 0.6911458333333333 0.4824074074074074 0.026041666666666668 0.046296296296296294
4 0.5005208333333333 0.487962962962963 0.026041666666666668 0.046296296296296294
4 0.6125 0.4888888888888889 0.026041666666666668 0.046296296296296294
3 0.6838541666666667 0.4898148148148148 0.026041666666666668 0.046296296296296294
4 0.6276041666666666 0.49722222222222223 0.026041666666666668 0.046296296296296294
4 0.428125 0.5018518518518519 0.026041666666666668 0.046296296296296294
4 0.6078125 0.5037037037037037 0.026041666666666668 0.046296296296296294
3 0.6880208333333333 0.5046296296296297 0.026041666666666668 0.046296296296296294
4 0.5015625 0.5111111111111111 0.026041666666666668 0.046296296296296294
4 0.51875 0.5101851851851852 0.026041666666666668 0.046296296296296294
3 0.690625 0.5175925925925926 0.026041666666666668 0.046296296296296294
3 0.8697916666666666 0.5185185185185185 0.026041666666666668 0.046296296296296294
4 0.6239583333333333 0.525 0.026041666666666668 0.046296296296296294
3 0.71875 0.5268518518518519 0.026041666666666668 0.046296296296296294
4 0.4036458333333333 0.5324074074074074 0.026041666666666668 0.046296296296296294
3 0.6828125 0.5370370370370371 0.026041666666666668 0.046296296296296294
3 0.6994791666666667 0.5342592592592592 0.026041666666666668 0.046296296296296294
4 0.5125 0.5416666666666666 0.026041666666666668 0.046296296296296294
4 0.625 0.55 0.026041666666666668 0.046296296296296294
4 0.46510416666666665 0.5638888888888889 0.026041666666666668 0.046296296296296294
3 0.7375 0.5648148148148148 0.026041666666666668 0.046296296296296294
3 0.7588541666666667 0.5638888888888889 0.026041666666666668 0.046296296296296294
3 0.7703125 0.562037037037037 0.026041666666666668 0.046296296296296294
4 0.4296875 0.5722222222222222 0.026041666666666668 0.046296296296296294
4 0.5203125 0.575 0.026041666666666668 0.046296296296296294
4 0.6109375 0.5703703703703704 0.026041666666666668 0.046296296296296294
4 0.6359375 0.5898148148148148 0.026041666666666668 0.046296296296296294
4 0.6640625 0.575925925925926 0.026041666666666668 0.046296296296296294
4 0.5067708333333333 0.5944444444444444 0.026041666666666668 0.046296296296296294
4 0.4666666666666667 0.612037037037037 0.026041666666666668 0.046296296296296294
3 0.7375 0.6268518518518519 0.026041666666666668 0.046296296296296294
4 0.578125 0.6342592592592593 0.026041666666666668 0.046296296296296294
4 0.5505208333333333 0.6444444444444445 0.026041666666666668 0.046296296296296294
3 0.7666666666666667 0.649074074074074 0.026041666666666668 0.046296296296296294
1 0.7744791666666667 0.6712962962962963 0.026041666666666668 0.046296296296296294
1 0.5744791666666667 0.6694444444444444 0.026041666666666668 0.046296296296296294
1 0.19427083333333334 0.6962962962962963 0.026041666666666668 0.046296296296296294
1 0.7161458333333334 0.7074074074074074 0.026041666666666668 0.046296296296296294
1 0.5005208333333333 0.7055555555555556 0.026041666666666668 0.046296296296296294
1 0.6484375 0.7518518518518519 0.026041666666666668 0.046296296296296294
1 0.8854166666666666 0.7490740740740741 0.026041666666666668 0.046296296296296294
1 0.4005208333333333 0.7694444444444445 0.026041666666666668 0.046296296296296294
1 0.828125 0.762962962962963 0.026041666666666668 0.046296296296296294
1 0.14166666666666666 0.8166666666666667 0.026041666666666668 0.046296296296296294
1 0.765625 0.8351851851851851 0.026041666666666668 0.046296296296296294
1 0.8255208333333334 0.8407407407407408 0.026041666666666668 0.046296296296296294
1 0.8734375 0.8342592592592593 0.026041666666666668 0.046296296296296294
1 0.6380208333333334 0.8842592592592593 0.026041666666666668 0.046296296296296294
1 0.4390625 0.8944444444444445 0.026041666666666668 0.046296296296296294
1 0.46458333333333335 0.899074074074074 0.026041666666666668 0.046296296296296294
1 0.853125 0.9166666666666666 0.026041666666666668 0.046296296296296294
1 0.24375 0.9203703703703704 0.026041666666666668 0.046296296296296294
1 0.5416666666666666 0.9203703703703704 0.026041666666666668 0.046296296296296294
1 0.2682291666666667 0.9268518518518518 0.026041666666666668 0.046296296296296294
1 0.41770833333333335 0.9333333333333333 0.026041666666666668 0.046296296296296294
1 0.275 0.9546296296296296 0.026041666666666668 0.046296296296296294
1 0.8755208333333333 0.9555555555555556 0.026041666666666668 0.046296296296296294
1 0.975 0.9694444444444444 0.026041666666666668 0.046296296296296294
1 0.7177083333333333 0.975 0.026041666666666668 0.046296296296296294
1 0.084375 0.9925925925925926 0.026041666666666668 0.046296296296296294
2 0.15416666666666667 0.5185185185185185 0.026041666666666668 0.046296296296296294
2 0.22395833333333334 0.65 0.026041666666666668 0.046296296296296294
1 0.165625 0.774074074074074 0.026041666666666668 0.046296296296296294
1 0.134375 0.8740740740740741 0.026041666666666668 0.046296296296296294
1 0.384375 0.9055555555555556 0.026041666666666668 0.046296296296296294
1 0.37916666666666665 0.6685185185185185 0.026041666666666668 0.046296296296296294
1 0.91875 0.7648148148148148 0.026041666666666668 0.046296296296296294
1 0.8291666666666667 0.9648148148148148 0.026041666666666668 0.046296296296296294
3 0.759375 0.6240740740740741 0.026041666666666668 0.046296296296296294
1 0.675 0.6888888888888889 0.026041666666666668 0.046296296296296294
4 0.6510416666666666 0.6574074074074074 0.026041666666666668 0.046296296296296294
4 0.625 0.6407407407407407 0.026041666666666668 0.046296296296296294
4 0.6208333333333333 0.6129629629629629 0.026041666666666668 0.046296296296296294
4 0.6458333333333334 0.6222222222222222 0.026041666666666668 0.046296296296296294
4 0.5291666666666667 0.6129629629629629 0.026041666666666668 0.046296296296296294
1 0.5927083333333333 0.8611111111111112 0.026041666666666668 0.046296296296296294
