0 0.4713541666666667 0.0962962962962963 0.026041666666666668 0.046296296296296294
0 0.4791666666666667 0.09907407407407408 0.026041666666666668 0.046296296296296294
0 0.4869791666666667 0.10555555555555556 0.026041666666666668 0.046296296296296294
0 0.4703125 0.11481481481481481 0.026041666666666668 0.046296296296296294
0 0.478125 0.12129629629629629 0.026041666666666668 0.046296296296296294
0 0.4901041666666667 0.12314814814814815 0.026041666666666668 0.046296296296296294
0 0.4630208333333333 0.12777777777777777 0.026041666666666668 0.046296296296296294
0 0.4703125 0.13055555555555556 0.026041666666666668 0.046296296296296294
0 0.4828125 0.12962962962962962 0.026041666666666668 0.046296296296296294
0 0.44114583333333335 0.13518518518518519 0.026041666666666668 0.046296296296296294
0 0.44635416666666666 0.13333333333333333 0.026041666666666668 0.046296296296296294
0 0.4546875 0.13240740740740742 0.026041666666666668 0.046296296296296294
0 0.4739583333333333 0.13796296296296295 0.026041666666666668 0.046296296296296294
0 0.43645833333333334 0.14629629629629629 0.026041666666666668 0.046296296296296294
0 0.4661458333333333 0.14629629629629629 0.026041666666666668 0.046296296296296294
0 0.49114583333333334 0.14537037037037037 0.026041666666666668 0.046296296296296294
0 0.4625 0.1527777777777778 0.026041666666666668 0.046296296296296294
0 0.478125 0.15185185185185185 0.026041666666666668 0.046296296296296294
0 0.4666666666666667 0.1675925925925926 0.026041666666666668 0.046296296296296294
0 0.4890625 0.2074074074074074 0.026041666666666668 0.046296296296296294
0 0.49114583333333334 0.2212962962962963 0.026041666666666668 0.046296296296296294
0 0.45260416666666664 0.22592592592592592 0.026041666666666668 0.046296296296296294
0 0.4630208333333333 0.22592592592592592 0.026041666666666668 0.046296296296296294
0 0.42083333333333334 0.2388888888888889 0.026041666666666668 0.046296296296296294
0 0.49166666666666664 0.23703703703703705 0.026041666666666668 0.046296296296296294
0 0.478125 0.24259259259259258 0.026041666666666668 0.046296296296296294
0 0.4947916666666667 0.24722222222222223 0.026041666666666668 0.046296296296296294
0 0.415625 0.25555555555555554 0.026041666666666668 0.046296296296296294
0 0.4921875 0.2601851851851852 0.026041666666666668 0.046296296296296294
0 0.4984375 0.2611111111111111 0.026041666666666668 0.046296296296296294
0 0.703125 0.2601851851851852 0.026041666666666668 0.046296296296296294
0 0.44479166666666664 0.2851851851851852 0.026041666666666668 0.046296296296296294
0 0.4947916666666667 0.2851851851851852 0.026041666666666668 0.046296296296296294
0 0.5145833333333333 0.2861111111111111 0.026041666666666668 0.046296296296296294
0 0.5276041666666667 0.2833333333333333 0.026041666666666668 0.046296296296296294
0 0.5385416666666667 0.28425925925925927 0.026041666666666668 0.046296296296296294
0 0.5088541666666667 0.29444444444444445 0.026041666666666668 0.046296296296296294
0 0.5036458333333333 0.30277777777777776 0.026041666666666668 0.046296296296296294
0 0.515625 0.30185185185185187 0.026041666666666668 0.046296296296296294
0 0.4401041666666667 0.30833333333333335 0.026041666666666668 0.046296296296296294
0 0.45729166666666665 0.30925925925925923 0.026041666666666668 0.046296296296296294
0 0.4953125 0.30833333333333335 0.026041666666666668 0.046296296296296294
0 0.42552083333333335 0.31666666666666665 0.026041666666666668 0.046296296296296294
0 0.5036458333333333 0.31574074074074077 0.026041666666666668 0.046296296296296294
0 0.5109375 0.325 0.026041666666666668 0.046296296296296294
0 0.6989583333333333 0.32314814814814813 0.026041666666666668 0.046296296296296294
0 0.42135416666666664 0.3314814814814815 0.026041666666666668 0.046296296296296294
0 0.4401041666666667 0.3314814814814815 0.026041666666666668 0.046296296296296294
0 0.4630208333333333 0.3296296296296296 0.026041666666666668 0.046296296296296294
0 0.47708333333333336 0.3314814814814815 0.026041666666666668 0.046296296296296294
0 0.5041666666666667 0.3296296296296296 0.026041666666666668 0.046296296296296294
4 0.5109375 0.3398148148148148 0.026041666666666668 0.046296296296296294
4 0.65625 0.33425925925925926 0.026041666666666668 0.046296296296296294
4 0.4161458333333333 0.34814814814814815 0.026041666666666668 0.046296296296296294
4 0.49895833333333334 0.34629629629629627 0.026041666666666668 0.046296296296296294
4 0.3703125 0.35462962962962963 0.026041666666666668 0.046296296296296294
4 0.3828125 0.3537037037037037 0.026041666666666668 0.046296296296296294
4 0.5125 0.3537037037037037 0.026041666666666668 0.046296296296296294
4 0.39166666666666666 0.3638888888888889 0.026041666666666668 0.046296296296296294
4 0.403125 0.3638888888888889 0.026041666666666668 0.046296296296296294
4 0.4203125 0.3638888888888889 0.026041666666666668 0.046296296296296294
4 0.5130208333333334 0.3712962962962963 0.026041666666666668 0.046296296296296294
4 0.39114583333333336 0.37962962962962965 0.026041666666666668 0.046296296296296294
4 0.403125 0.3787037037037037 0.026041666666666668 0.046296296296296294
4 0.415625 0.3787037037037037 0.026041666666666668 0.046296296296296294
4 0.39791666666666664 0.38796296296296295 0.026041666666666668 0.046296296296296294
4 0.4244791666666667 0.3861111111111111 0.026041666666666668 0.046296296296296294
4 0.378125 0.39444444444444443 0.026041666666666668 0.046296296296296294
4 0.5161458333333333 0.39444444444444443 0.026041666666666668 0.046296296296296294
2 0.17395833333333333 0.4027777777777778 0.026041666666666668 0.046296296296296294
4 0.4078125 0.40370370370370373 0.026041666666666668 0.046296296296296294
4 0.4203125 0.40370370370370373 0.026041666666666668 0.046296296296296294
4 0.428125 0.4009259259259259 0.026041666666666668 0.046296296296296294
2 0.18854166666666666 0.4083333333333333 0.026041666666666668 0.046296296296296294
2 0.21197916666666666 0.4064814814814815 0.026041666666666668 0.046296296296296294
4 0.39166666666666666 0.40925925925925927 0.026041666666666668 0.046296296296296294
4 0.3984375 0.4074074074074074 0.026041666666666668 0.046296296296296294
4 0.43333333333333335 0.41944444444444445 0.026041666666666668 0.046296296296296294
4 0.6536458333333334 0.4185185185185185 0.026041666666666668 0.046296296296296294
4 0.378125 0.42962962962962964 0.026041666666666668 0.046296296296296294
4 0.4078125 0.42685185185185187 0.026041666666666668 0.046296296296296294
4 0.6536458333333334 0.425 0.026041666666666668 0.046296296296296294
3 0.6692708333333334 0.43333333333333335 0.026041666666666668 0.046296296296296294
4 0.415625 0.44351851851851853 0.026041666666666668 0.046296296296296294
3 0.7057291666666666 0.44074074074074077 0.026041666666666668 0.046296296296296294
4 0.3984375 0.44907407407407407 0.026041666666666668 0.046296296296296294
4 0.5078125 0.44907407407407407 0.026041666666666668 0.046296296296296294
4 0.4114583333333333 0.45925925925925926 0.026041666666666668 0.046296296296296294
4 0.5161458333333333 0.4564814814814815 0.026041666666666668 0.046296296296296294
4 0.6645833333333333 0.45555555555555555 0.026041666666666668 0.046296296296296294
3 0.6776041666666667 0.4527777777777778 0.026041666666666668 0.046296296296296294
4 0.39166666666666666 0.4666666666666667 0.026041666666666668 0.046296296296296294
4 0.43645833333333334 0.4648148148148148 0.026041666666666668 0.046296296296296294
4 0.4125 0.47314814814814815 0.026041666666666668 0.046296296296296294
4 0.49635416666666665 0.4685185185185185 0.026041666666666668 0.046296296296296294
3 0.6890625 0.47314814814814815 0.026041666666666668 0.046296296296296294
4 0.3859375 0.4824074074074074 0.026041666666666668 0.046296296296296294
4 0.6197916666666666 0.4787037037037037 0.026041666666666668 0.046296296296296294
4 0.4671875 0.47962962962962963 0.026041666666666668 0.046296296296296294
4 0.5005208333333333 0.487962962962963 0.026041666666666668 0.046296296296296294
4 0.5328125 0.4888888888888889 0.026041666666666668 0.046296296296296294
4 0.6005208333333333 0.48703703703703705 0.026041666666666668 0.046296296296296294
4 0.6151041666666667 0.487962962962963 0.026041666666666668 0.046296296296296294
3 0.678125 0.48518518518518516 0.026041666666666668 0.046296296296296294
4 0.45208333333333334 0.49537037037037035 0.026041666666666668 0.046296296296296294
3 0.7072916666666667 0.49722222222222223 0.026041666666666668 0.046296296296296294
4 0.5286458333333334 0.5064814814814815 0.026041666666666668 0.046296296296296294
4 0.6046875 0.5046296296296297 0.026041666666666668 0.046296296296296294
4 0.628125 0.5 0.026041666666666668 0.046296296296296294
4 0.38333333333333336 0.5120370370370371 0.026041666666666668 0.046296296296296294
4 0.40260416666666665 0.5120370370370371 0.026041666666666668 0.046296296296296294
4 0.6291666666666667 0.5166666666666667 0.026041666666666668 0.046296296296296294
3 0.6947916666666667 0.5185185185185185 0.026041666666666668 0.046296296296296294
4 0.4786458333333333 0.525 0.026041666666666668 0.046296296296296294
4 0.5234375 0.5268518518518519 0.026041666666666668 0.046296296296296294
4 0.6640625 0.524074074074074 0.026041666666666668 0.046296296296296294
3 0.7192708333333333 0.5277777777777778 0.026041666666666668 0.046296296296296294
4 0.39114583333333336 0.5342592592592592 0.026041666666666668 0.046296296296296294
4 0.5895833333333333 0.5398148148148149 0.026041666666666668 0.046296296296296294
4 0.3854166666666667 0.5509259259259259 0.026041666666666668 0.046296296296296294
4 0.54375 0.5472222222222223 0.026041666666666668 0.046296296296296294
4 0.5671875 0.5481481481481482 0.026041666666666668 0.046296296296296294
4 0.6244791666666667 0.5462962962962963 0.026041666666666668 0.046296296296296294
4 0.4083333333333333 0.5583333333333333 0.026041666666666668 0.046296296296296294
3 0.6671875 0.5555555555555556 0.026041666666666668 0.046296296296296294
3 0.6916666666666667 0.5638888888888889 0.026041666666666668 0.046296296296296294
4 0.4817708333333333 0.5722222222222222 0.026041666666666668 0.046296296296296294
4 0.6125 0.5740740740740741 0.026041666666666668 0.046296296296296294
3 0.7208333333333333 0.5740740740740741 0.026041666666666668 0.046296296296296294
4 0.45364583333333336 0.5972222222222222 0.026041666666666668 0.046296296296296294
4 0.5994791666666667 0.6444444444444445 0.026041666666666668 0.046296296296296294
4 0.4453125 0.6481481481481481 0.026041666666666668 0.046296296296296294
4 0.496875 0.65 0.026041666666666668 0.046296296296296294
3 0.7369791666666666 0.6564814814814814 0.026041666666666668 0.046296296296296294
3 0.7151041666666667 0.662962962962963 0.026041666666666668 0.046296296296296294
1 0.5541666666666667 0.6833333333333333 0.026041666666666668 0.046296296296296294
1 0.6729166666666667 0.6722222222222223 0.026041666666666668 0.046296296296296294
1 0.5755208333333334 0.6833333333333333 0.026041666666666668 0.046296296296296294
1 0.5953125 0.6916666666666667 0.026041666666666668 0.046296296296296294
1 0.4036458333333333 0.7037037037037037 0.026041666666666668 0.046296296296296294
1 0.8828125 0.7462962962962963 0.026041666666666668 0.046296296296296294
1 0.6630208333333333 0.8166666666666667 0.026041666666666668 0.046296296296296294
1 0.6296875 0.8166666666666667 0.026041666666666668 0.046296296296296294
1 0.975 0.8472222222222222 0.026041666666666668 0.046296296296296294
1 0.9901041666666667 0.8537037037037037 0.026041666666666668 0.046296296296296294
1 0.20885416666666667 0.8527777777777777 0.026041666666666668 0.046296296296296294
1 0.7505208333333333 0.8814814814814815 0.026041666666666668 0.046296296296296294
1 0.8255208333333334 0.9138888888888889 0.026041666666666668 0.046296296296296294
1 0.975 0.9453703703703704 0.026041666666666668 0.046296296296296294
1 0.5291666666666667 0.6888888888888889 0.026041666666666668 0.046296296296296294
1 0.825 0.8388888888888889 0.026041666666666668 0.046296296296296294
1 0.6291666666666667 0.8833333333333333 0.026041666666666668 0.046296296296296294
1 0.8989583333333333 0.8018518518518518 0.026041666666666668 0.046296296296296294
3 0.75625 0.512962962962963 0.026041666666666668 0.046296296296296294
3 0.7739583333333333 0.5796296296296296 0.026041666666666668 0.046296296296296294
1 0.7677083333333333 0.6703703703703704 0.026041666666666668 0.046296296296296294
3 0.759375 0.6185185185185185 0.026041666666666668 0.046296296296296294
2 0.17083333333333334 0.45 0.026041666666666668 0.046296296296296294
