0 0.4947916666666667 0.12314814814814815 0.026041666666666668 0.046296296296296294
0 0.4708333333333333 0.1287037037037037 0.026041666666666668 0.046296296296296294
0 0.4552083333333333 0.13148148148148148 0.026041666666666668 0.046296296296296294
0 0.46197916666666666 0.13518518518518519 0.026041666666666668 0.046296296296296294
0 0.48802083333333335 0.1388888888888889 0.026041666666666668 0.046296296296296294
0 0.47552083333333334 0.14444444444444443 0.026041666666666668 0.046296296296296294
0 0.4822916666666667 0.14444444444444443 0.026041666666666668 0.046296296296296294
0 0.46197916666666666 0.15462962962962962 0.026041666666666668 0.046296296296296294
0 0.45 0.15925925925925927 0.026041666666666668 0.046296296296296294
0 0.490625 0.16018518518518518 0.026041666666666668 0.046296296296296294
0 0.4317708333333333 0.175 0.026041666666666668 0.046296296296296294
0 0.5005208333333333 0.17592592592592593 0.026041666666666668 0.046296296296296294
0 0.5119791666666667 0.17777777777777778 0.026041666666666668 0.046296296296296294
0 0.4583333333333333 0.1824074074074074 0.026041666666666668 0.046296296296296294
0 0.4505208333333333 0.19907407407407407 0.026041666666666668 0.046296296296296294
0 0.4322916666666667 0.2037037037037037 0.026041666666666668 0.046296296296296294
0 0.4796875 0.2064814814814815 0.026041666666666668 0.046296296296296294
0 0.4869791666666667 0.20833333333333334 0.026041666666666668 0.046296296296296294
0 0.43333333333333335 0.21296296296296297 0.026041666666666668 0.046296296296296294
0 0.4125 0.22962962962962963 0.026041666666666668 0.046296296296296294
0 0.43333333333333335 0.23981481481481481 0.026041666666666668 0.046296296296296294
0 0.4270833333333333 0.24722222222222223 0.026041666666666668 0.046296296296296294
0 0.46875 0.26944444444444443 0.026041666666666668 0.046296296296296294
0 0.4166666666666667 0.27685185185185185 0.026041666666666668 0.046296296296296294
0 0.4953125 0.275 0.026041666666666668 0.046296296296296294
0 0.5109375 0.275 0.026041666666666668 0.046296296296296294
0 0.5442708333333334 0.2777777777777778 0.026041666666666668 0.046296296296296294
0 0.434375 0.2833333333333333 0.026041666666666668 0.046296296296296294
0 0.45416666666666666 0.2824074074074074 0.026041666666666668 0.046296296296296294
0 0.46927083333333336 0.28055555555555556 0.026041666666666668 0.046296296296296294
0 0.5067708333333333 0.2851851851851852 0.026041666666666668 0.046296296296296294
0 0.515625 0.28703703703703703 0.026041666666666668 0.046296296296296294
0 0.5338541666666666 0.28703703703703703 0.026041666666666668 0.046296296296296294
0 0.465625 0.2935185185185185 0.026041666666666668 0.046296296296296294
0 0.5192708333333333 0.2953703703703704 0.026041666666666668 0.046296296296296294
0 0.6911458333333333 0.29259259259259257 0.026041666666666668 0.046296296296296294
0 0.43697916666666664 0.3 0.026041666666666668 0.046296296296296294
0 0.4942708333333333 0.3 0.026041666666666668 0.046296296296296294
0 0.5026041666666666 0.30092592592592593 0.026041666666666668 0.046296296296296294
0 0.5109375 0.30185185185185187 0.026041666666666668 0.046296296296296294
0 0.4786458333333333 0.30925925925925923 0.026041666666666668 0.046296296296296294
0 0.42135416666666664 0.31574074074074077 0.026041666666666668 0.046296296296296294
0 0.5104166666666666 0.31574074074074077 0.026041666666666668 0.046296296296296294
0 0.7067708333333333 0.31296296296296294 0.026041666666666668 0.046296296296296294
0 0.4984375 0.325 0.026041666666666668 0.046296296296296294
0 0.44427083333333334 0.3287037037037037 0.026041666666666668 0.046296296296296294
0 0.4578125 0.33055555555555555 0.026041666666666668 0.046296296296296294
4 0.5036458333333333 0.3333333333333333 0.026041666666666668 0.046296296296296294
0 0.515625 0.33240740740740743 0.026041666666666668 0.046296296296296294
4 0.5098958333333333 0.3398148148148148 0.026041666666666668 0.046296296296296294
4 0.49583333333333335 0.34629629629629627 0.026041666666666668 0.046296296296296294
4 0.3802083333333333 0.35462962962962963 0.026041666666666668 0.046296296296296294
4 0.38697916666666665 0.35555555555555557 0.026041666666666668 0.046296296296296294
4 0.44479166666666664 0.35833333333333334 0.026041666666666668 0.046296296296296294
4 0.5036458333333333 0.35462962962962963 0.026041666666666668 0.046296296296296294
4 0.5078125 0.36944444444444446 0.026041666666666668 0.046296296296296294
4 0.51875 0.3712962962962963 0.026041666666666668 0.046296296296296294
4 0.5223958333333333 0.36944444444444446 0.026041666666666668 0.046296296296296294
4 0.5125 0.387037037037037 0.026041666666666668 0.046296296296296294
2 0.215625 0.39166666666666666 0.026041666666666668 0.046296296296296294
4 0.453125 0.39444444444444443 0.026041666666666668 0.046296296296296294
4 0.490625 0.39537037037037037 0.026041666666666668 0.046296296296296294
4 0.5307291666666667 0.39351851851851855 0.026041666666666668 0.046296296296296294
4 0.6572916666666667 0.39351851851851855 0.026041666666666668 0.046296296296296294
2 0.20729166666666668 0.4027777777777778 0.026041666666666668 0.046296296296296294
4 0.515625 0.4027777777777778 0.026041666666666668 0.046296296296296294
2 0.19895833333333332 0.4101851851851852 0.026041666666666668 0.046296296296296294
4 0.5234375 0.4111111111111111 0.026041666666666668 0.046296296296296294
4 0.5359375 0.4083333333333333 0.026041666666666668 0.046296296296296294
3 0.6942708333333333 0.4064814814814815 0.026041666666666668 0.046296296296296294
2 0.18229166666666666 0.41759259259259257 0.026041666666666668 0.046296296296296294
4 0.46197916666666666 0.41759259259259257 0.026041666666666668 0.046296296296296294
4 0.49583333333333335 0.41759259259259257 0.026041666666666668 0.046296296296296294
4 0.6572916666666667 0.4148148148148148 0.026041666666666668 0.046296296296296294
3 0.6692708333333334 0.42407407407407405 0.026041666666666668 0.046296296296296294
4 0.5104166666666666 0.44814814814814813 0.026041666666666668 0.046296296296296294
4 0.6567708333333333 0.44722222222222224 0.026041666666666668 0.046296296296296294
4 0.4984375 0.4583333333333333 0.026041666666666668 0.046296296296296294
3 0.6744791666666666 0.45555555555555555 0.026041666666666668 0.046296296296296294
4 0.41458333333333336 0.46296296296296297 0.026041666666666668 0.046296296296296294
4 0.5244791666666667 0.46296296296296297 0.026041666666666668 0.046296296296296294
4 0.6578125 0.4648148148148148 0.026041666666666668 0.046296296296296294
4 0.3765625 0.4777777777777778 0.026041666666666668 0.046296296296296294
4 0.5041666666666667 0.4787037037037037 0.026041666666666668 0.046296296296296294
4 0.6515625 0.4824074074074074 0.026041666666666668 0.046296296296296294
4 0.46510416666666665 0.48333333333333334 0.026041666666666668 0.046296296296296294
4 0.5145833333333333 0.4935185185185185 0.026041666666666668 0.046296296296296294
3 0.6692708333333334 0.48703703703703705 0.026041666666666668 0.046296296296296294
4 0.3859375 0.4935185185185185 0.026041666666666668 0.046296296296296294
4 0.4109375 0.4935185185185185 0.026041666666666668 0.046296296296296294
4 0.6442708333333333 0.4962962962962963 0.026041666666666668 0.046296296296296294
4 0.434375 0.49722222222222223 0.026041666666666668 0.046296296296296294
3 0.6692708333333334 0.5046296296296297 0.026041666666666668 0.046296296296296294
3 0.690625 0.5101851851851852 0.026041666666666668 0.046296296296296294
3 0.7098958333333333 0.512962962962963 0.026041666666666668 0.046296296296296294
4 0.45260416666666664 0.5259259259259259 0.026041666666666668 0.046296296296296294
4 0.5026041666666666 0.525 0.026041666666666668 0.046296296296296294
4 0.628125 0.525 0.026041666666666668 0.046296296296296294
4 0.665625 0.5277777777777778 0.026041666666666668 0.046296296296296294
4 0.6171875 0.5324074074074074 0.026041666666666668 0.046296296296296294
3 0.721875 0.525 0.026041666666666668 0.046296296296296294
4 0.5755208333333334 0.5472222222222223 0.026041666666666668 0.046296296296296294
3 0.675 0.5509259259259259 0.026041666666666668 0.046296296296296294
4 0.5255208333333333 0.5583333333333333 0.026041666666666668 0.046296296296296294
4 0.565625 0.5638888888888889 0.026041666666666668 0.046296296296296294
4 0.6213541666666667 0.5648148148148148 0.026041666666666668 0.046296296296296294
3 0.7338541666666667 0.5601851851851852 0.026041666666666668 0.046296296296296294
4 0.4161458333333333 0.5740740740740741 0.026041666666666668 0.046296296296296294
4 0.5859375 0.5777777777777777 0.026041666666666668 0.046296296296296294
4 0.40260416666666665 0.5851851851851851 0.026041666666666668 0.046296296296296294
4 0.4765625 0.5879629629629629 0.026041666666666668 0.046296296296296294
4 0.42083333333333334 0.5962962962962963 0.026041666666666668 0.046296296296296294
4 0.46145833333333336 0.6027777777777777 0.026041666666666668 0.046296296296296294
4 0.6567708333333333 0.5962962962962963 0.026041666666666668 0.046296296296296294
2 0.20989583333333334 0.6046296296296296 0.026041666666666668 0.046296296296296294
3 0.7484375 0.6111111111111112 0.026041666666666668 0.046296296296296294
4 0.3984375 0.6166666666666667 0.026041666666666668 0.046296296296296294
4 0.4942708333333333 0.6259259259259259 0.026041666666666668 0.046296296296296294
4 0.503125 0.6638888888888889 0.026041666666666668 0.046296296296296294
4 0.6260416666666667 0.6537037037037037 0.026041666666666668 0.046296296296296294
1 0.16145833333333334 0.6722222222222223 0.026041666666666668 0.046296296296296294
1 0.546875 0.6768518518518518 0.026041666666666668 0.046296296296296294
1 0.7015625 0.6777777777777778 0.026041666666666668 0.046296296296296294
1 0.7864583333333334 0.6824074074074075 0.026041666666666668 0.046296296296296294
1 0.6322916666666667 0.687037037037037 0.026041666666666668 0.046296296296296294
1 0.4432291666666667 0.6972222222222222 0.026041666666666668 0.046296296296296294
1 0.5260416666666666 0.6888888888888889 0.026041666666666668 0.046296296296296294
1 0.7322916666666667 0.7074074074074074 0.026041666666666668 0.046296296296296294
1 0.6651041666666667 0.7185185185185186 0.026041666666666668 0.046296296296296294
1 0.5598958333333334 0.7212962962962963 0.026041666666666668 0.046296296296296294
1 0.6192708333333333 0.7444444444444445 0.026041666666666668 0.046296296296296294
1 0.8854166666666666 0.7509259259259259 0.026041666666666668 0.046296296296296294
1 0.6 0.7805555555555556 0.026041666666666668 0.046296296296296294
1 0.9619791666666667 0.8046296296296296 0.026041666666666668 0.046296296296296294
1 0.15520833333333334 0.8175925925925925 0.026041666666666668 0.046296296296296294
1 0.6697916666666667 0.8148148148148148 0.026041666666666668 0.046296296296296294
1 0.7604166666666666 0.8101851851851852 0.026041666666666668 0.046296296296296294
1 0.6052083333333333 0.8305555555555556 0.026041666666666668 0.046296296296296294
1 0.9380208333333333 0.8296296296296296 0.026041666666666668 0.046296296296296294
1 0.3645833333333333 0.8231481481481482 0.026041666666666668 0.046296296296296294
1 0.5921875 0.8518518518518519 0.026041666666666668 0.046296296296296294
1 0.7984375 0.8462962962962963 0.026041666666666668 0.046296296296296294
1 0.19791666666666666 0.8592592592592593 0.026041666666666668 0.046296296296296294
1 0.675 0.8694444444444445 0.026041666666666668 0.046296296296296294
1 0.8333333333333334 0.8666666666666667 0.026041666666666668 0.046296296296296294
1 0.721875 0.8722222222222222 0.026041666666666668 0.046296296296296294
1 0.5828125 0.8935185185185185 0.026041666666666668 0.046296296296296294
1 0.9135416666666667 0.9148148148148149 0.026041666666666668 0.046296296296296294
1 0.8234375 0.9416666666666667 0.026041666666666668 0.046296296296296294
1 0.9640625 0.9490740740740741 0.026041666666666668 0.046296296296296294
1 0.5213541666666667 0.9537037037037037 0.026041666666666668 0.046296296296296294
1 0.6276041666666666 0.9564814814814815 0.026041666666666668 0.046296296296296294
1 0.9453125 0.9694444444444444 0.026041666666666668 0.046296296296296294
1 0.5848958333333333 0.9833333333333333 0.026041666666666668 0.046296296296296294
1 0.10104166666666667 0.8611111111111112 0.026041666666666668 0.046296296296296294
1 0.18645833333333334 0.7666666666666667 0.026041666666666668 0.046296296296296294
1 0.215625 0.6796296296296296 0.026041666666666668 0.046296296296296294
1 0.28229166666666666 0.8814814814814815 0.026041666666666668 0.046296296296296294
1 0.43333333333333335 0.8907407407407407 0.026041666666666668 0.046296296296296294
1 0.44166666666666665 0.7759259259259259 0.026041666666666668 0.046296296296296294
4 0.4 0.6388888888888888 0.026041666666666668 0.046296296296296294
2 0.22395833333333334 0.46296296296296297 0.026041666666666668 0.046296296296296294
1 0.8885416666666667 0.7833333333333333 0.026041666666666668 0.046296296296296294
3 0.7270833333333333 0.6388888888888888 0.026041666666666668 0.046296296296296294
3 0.7520833333333333 0.5518518518518518 0.026041666666666668 0.046296296296296294
3 0.7614583333333333 0.5851851851851851 0.026041666666666668 0.046296296296296294
3 0.753125 0.6648148148148149 0.026041666666666668 0.046296296296296294
3 0.684375 0.6592592592592592 0.026041666666666668 0.046296296296296294
1 0.6770833333333334 0.6833333333333333 0.026041666666666668 0.046296296296296294
4 0.5104166666666666 0.5814814814814815 0.026041666666666668 0.046296296296296294
