0 0.4427083333333333 0.13240740740740742 0.026041666666666668 0.046296296296296294
0 0.44895833333333335 0.13240740740740742 0.026041666666666668 0.046296296296296294
0 0.4625 0.13425925925925927 0.026041666666666668 0.046296296296296294
0 0.4875 0.13796296296296295 0.026041666666666668 0.046296296296296294
0 0.4546875 0.1425925925925926 0.026041666666666668 0.046296296296296294
0 0.4666666666666667 0.14444444444444443 0.026041666666666668 0.046296296296296294
0 0.4744791666666667 0.14444444444444443 0.026041666666666668 0.046296296296296294
0 0.45 0.15185185185185185 0.026041666666666668 0.046296296296296294
0 0.46197916666666666 0.16203703703703703 0.026041666666666668 0.046296296296296294
0 0.4739583333333333 0.16018518518518518 0.026041666666666668 0.046296296296296294
0 0.44479166666666664 0.17037037037037037 0.026041666666666668 0.046296296296296294
0 0.4921875 0.1675925925925926 0.026041666666666668 0.046296296296296294
0 0.43385416666666665 0.17407407407407408 0.026041666666666668 0.046296296296296294
0 0.5005208333333333 0.17592592592592593 0.026041666666666668 0.046296296296296294
0 0.43802083333333336 0.18518518518518517 0.026041666666666668 0.046296296296296294
0 0.48385416666666664 0.18425925925925926 0.026041666666666668 0.046296296296296294
0 0.5 0.19166666666666668 0.026041666666666668 0.046296296296296294
0 0.5119791666666667 0.1935185185185185 0.026041666666666668 0.046296296296296294
0 0.4869791666666667 0.20555555555555555 0.026041666666666668 0.046296296296296294
0 0.5119791666666667 0.20833333333333334 0.026041666666666668 0.046296296296296294
0 0.4328125 0.2324074074074074 0.026041666666666668 0.046296296296296294
0 0.5036458333333333 0.23055555555555557 0.026041666666666668 0.046296296296296294
0 0.5166666666666667 0.24074074074074073 0.026041666666666668 0.046296296296296294
0 0.4984375 0.2490740740740741 0.026041666666666668 0.046296296296296294
0 0.4739583333333333 0.25555555555555554 0.026041666666666668 0.046296296296296294
0 0.5109375 0.25555555555555554 0.026041666666666668 0.046296296296296294
0 0.4453125 0.25925925925925924 0.026041666666666668 0.046296296296296294
0 0.49114583333333334 0.2675925925925926 0.026041666666666668 0.046296296296296294
0 0.5072916666666667 0.27037037037037037 0.026041666666666668 0.046296296296296294
0 0.5166666666666667 0.26851851851851855 0.026041666666666668 0.046296296296296294
0 0.47291666666666665 0.2740740740740741 0.026041666666666668 0.046296296296296294
0 0.5291666666666667 0.2777777777777778 0.026041666666666668 0.046296296296296294
0 0.5375 0.27870370370370373 0.026041666666666668 0.046296296296296294
0 0.4864583333333333 0.2833333333333333 0.026041666666666668 0.046296296296296294
0 0.49635416666666665 0.28425925925925927 0.026041666666666668 0.046296296296296294
0 0.4234375 0.29259259259259257 0.026041666666666668 0.046296296296296294
0 0.46875 0.29444444444444445 0.026041666666666668 0.046296296296296294
0 0.5072916666666667 0.2935185185185185 0.026041666666666668 0.046296296296296294
0 0.6953125 0.2935185185185185 0.026041666666666668 0.046296296296296294
0 0.4171875 0.3 0.026041666666666668 0.046296296296296294
0 0.5114583333333333 0.30185185185185187 0.026041666666666668 0.046296296296296294
0 0.45208333333333334 0.3101851851851852 0.026041666666666668 0.046296296296296294
0 0.4317708333333333 0.31574074074074077 0.026041666666666668 0.046296296296296294
0 0.5161458333333333 0.31666666666666665 0.026041666666666668 0.046296296296296294
0 0.7072916666666667 0.3138888888888889 0.026041666666666668 0.046296296296296294
0 0.4161458333333333 0.32407407407407407 0.026041666666666668 0.046296296296296294
0 0.44583333333333336 0.33240740740740743 0.026041666666666668 0.046296296296296294
0 0.4713541666666667 0.33055555555555555 0.026041666666666668 0.046296296296296294
4 0.4786458333333333 0.3333333333333333 0.026041666666666668 0.046296296296296294
4 0.5083333333333333 0.337037037037037 0.026041666666666668 0.046296296296296294
4 0.453125 0.3388888888888889 0.026041666666666668 0.046296296296296294
4 0.44635416666666666 0.34814814814814815 0.026041666666666668 0.046296296296296294
4 0.5 0.3509259259259259 0.026041666666666668 0.046296296296296294
4 0.39427083333333335 0.35833333333333334 0.026041666666666668 0.046296296296296294
4 0.4546875 0.35462962962962963 0.026041666666666668 0.046296296296296294
4 0.5072916666666667 0.35555555555555557 0.026041666666666668 0.046296296296296294
4 0.3729166666666667 0.3611111111111111 0.026041666666666668 0.046296296296296294
4 0.42552083333333335 0.3638888888888889 0.026041666666666668 0.046296296296296294
4 0.44583333333333336 0.3675925925925926 0.026041666666666668 0.046296296296296294
2 0.21614583333333334 0.37962962962962965 0.026041666666666668 0.046296296296296294
4 0.38697916666666665 0.37407407407407406 0.026041666666666668 0.046296296296296294
4 0.5026041666666666 0.38055555555555554 0.026041666666666668 0.046296296296296294
4 0.3963541666666667 0.3851851851851852 0.026041666666666668 0.046296296296296294
4 0.4453125 0.38333333333333336 0.026041666666666668 0.046296296296296294
4 0.5088541666666667 0.39444444444444443 0.026041666666666668 0.046296296296296294
4 0.5166666666666667 0.3962962962962963 0.026041666666666668 0.046296296296296294
4 0.39166666666666666 0.40185185185185185 0.026041666666666668 0.046296296296296294
3 0.6697916666666667 0.3990740740740741 0.026041666666666668 0.046296296296296294
4 0.42552083333333335 0.40925925925925927 0.026041666666666668 0.046296296296296294
4 0.49114583333333334 0.4111111111111111 0.026041666666666668 0.046296296296296294
3 0.7067708333333333 0.4074074074074074 0.026041666666666668 0.046296296296296294
2 0.190625 0.41574074074074074 0.026041666666666668 0.046296296296296294
2 0.20625 0.41574074074074074 0.026041666666666668 0.046296296296296294
4 0.4828125 0.4185185185185185 0.026041666666666668 0.046296296296296294
4 0.6505208333333333 0.41574074074074074 0.026041666666666668 0.046296296296296294
4 0.6619791666666667 0.4222222222222222 0.026041666666666668 0.046296296296296294
3 0.6916666666666667 0.425 0.026041666666666668 0.046296296296296294
4 0.46875 0.4324074074074074 0.026041666666666668 0.046296296296296294
4 0.5078125 0.43333333333333335 0.026041666666666668 0.046296296296296294
4 0.5182291666666666 0.4287037037037037 0.026041666666666668 0.046296296296296294
4 0.40677083333333336 0.44074074074074077 0.026041666666666668 0.046296296296296294
3 0.6755208333333333 0.44074074074074077 0.026041666666666668 0.046296296296296294
4 0.5036458333333333 0.44722222222222224 0.026041666666666668 0.046296296296296294
4 0.5119791666666667 0.45092592592592595 0.026041666666666668 0.046296296296296294
4 0.528125 0.4462962962962963 0.026041666666666668 0.046296296296296294
4 0.6614583333333334 0.4564814814814815 0.026041666666666668 0.046296296296296294
3 0.6739583333333333 0.4722222222222222 0.026041666666666668 0.046296296296296294
2 0.184375 0.4861111111111111 0.026041666666666668 0.046296296296296294
4 0.6411458333333333 0.487962962962963 0.026041666666666668 0.046296296296296294
4 0.6666666666666666 0.48703703703703705 0.026041666666666668 0.046296296296296294
3 0.6734375 0.4898148148148148 0.026041666666666668 0.046296296296296294
4 0.425 0.49444444444444446 0.026041666666666668 0.046296296296296294
4 0.503125 0.4925925925925926 0.026041666666666668 0.046296296296296294
4 0.6203125 0.49537037037037035 0.026041666666666668 0.046296296296296294
4 0.44947916666666665 0.5027777777777778 0.026041666666666668 0.046296296296296294
4 0.6286458333333333 0.5037037037037037 0.026041666666666668 0.046296296296296294
3 0.6770833333333334 0.5037037037037037 0.026041666666666668 0.046296296296296294
4 0.39479166666666665 0.5101851851851852 0.026041666666666668 0.046296296296296294
3 0.7098958333333333 0.5111111111111111 0.026041666666666668 0.046296296296296294
3 0.6859375 0.5175925925925926 0.026041666666666668 0.046296296296296294
4 0.5921875 0.524074074074074 0.026041666666666668 0.046296296296296294
3 0.6692708333333334 0.5277777777777778 0.026041666666666668 0.046296296296296294
3 0.8026041666666667 0.5212962962962963 0.026041666666666668 0.046296296296296294
4 0.5197916666666667 0.5361111111111111 0.026041666666666668 0.046296296296296294
4 0.6166666666666667 0.5342592592592592 0.026041666666666668 0.046296296296296294
3 0.7161458333333334 0.5342592592592592 0.026041666666666668 0.046296296296296294
4 0.5083333333333333 0.5407407407407407 0.026041666666666668 0.046296296296296294
4 0.5208333333333334 0.55 0.026041666666666668 0.046296296296296294
4 0.6041666666666666 0.5481481481481482 0.026041666666666668 0.046296296296296294
3 0.7375 0.5601851851851852 0.026041666666666668 0.046296296296296294
4 0.6234375 0.5638888888888889 0.026041666666666668 0.046296296296296294
3 0.6791666666666667 0.5666666666666667 0.026041666666666668 0.046296296296296294
3 0.7588541666666667 0.5638888888888889 0.026041666666666668 0.046296296296296294
4 0.5046875 0.5777777777777777 0.026041666666666668 0.046296296296296294
3 0.7697916666666667 0.5805555555555556 0.026041666666666668 0.046296296296296294
3 0.734375 0.587037037037037 0.026041666666666668 0.046296296296296294
4 0.5119791666666667 0.5981481481481481 0.026041666666666668 0.046296296296296294
4 0.6447916666666667 0.5972222222222222 0.026041666666666668 0.046296296296296294
3 0.6697916666666667 0.5953703703703703 0.026041666666666668 0.046296296296296294
4 0.6458333333333334 0.6092592592592593 0.026041666666666668 0.046296296296296294
4 0.5328125 0.6277777777777778 0.026041666666666668 0.046296296296296294
4 0.4708333333333333 0.6472222222222223 0.026041666666666668 0.046296296296296294
1 0.553125 0.6805555555555556 0.026041666666666668 0.046296296296296294
1 0.5958333333333333 0.6962962962962963 0.026041666666666668 0.046296296296296294
1 0.5078125 0.6944444444444444 0.026041666666666668 0.046296296296296294
1 0.540625 0.700925925925926 0.026041666666666668 0.046296296296296294
1 0.4041666666666667 0.712037037037037 0.026041666666666668 0.046296296296296294
1 0.7078125 0.7203703703703703 0.026041666666666668 0.046296296296296294
1 0.7791666666666667 0.7203703703703703 0.026041666666666668 0.046296296296296294
1 0.6359375 0.7388888888888889 0.026041666666666668 0.046296296296296294
1 0.728125 0.7324074074074074 0.026041666666666668 0.046296296296296294
1 0.34270833333333334 0.7518518518518519 0.026041666666666668 0.046296296296296294
1 0.4552083333333333 0.75 0.026041666666666668 0.046296296296296294
1 0.8265625 0.7555555555555555 0.026041666666666668 0.046296296296296294
1 0.8807291666666667 0.7462962962962963 0.026041666666666668 0.046296296296296294
1 0.9380208333333333 0.7638888888888888 0.026041666666666668 0.046296296296296294
1 0.7494791666666667 0.8055555555555556 0.026041666666666668 0.046296296296296294
1 0.17552083333333332 0.812037037037037 0.026041666666666668 0.046296296296296294
1 0.8734375 0.8351851851851851 0.026041666666666668 0.046296296296296294
1 0.3015625 0.8490740740740741 0.026041666666666668 0.046296296296296294
1 0.7921875 0.8462962962962963 0.026041666666666668 0.046296296296296294
1 0.4703125 0.875 0.026041666666666668 0.046296296296296294
1 0.42291666666666666 0.8833333333333333 0.026041666666666668 0.046296296296296294
1 0.8953125 0.9009259259259259 0.026041666666666668 0.046296296296296294
1 0.6098958333333333 0.9157407407407407 0.026041666666666668 0.046296296296296294
1 0.540625 0.9092592592592592 0.026041666666666668 0.046296296296296294
1 0.85 0.9574074074074074 0.026041666666666668 0.046296296296296294
1 0.3229166666666667 0.9574074074074074 0.026041666666666668 0.046296296296296294
1 0.9765625 0.9564814814814815 0.026041666666666668 0.046296296296296294
1 0.9619791666666667 0.9740740740740741 0.026041666666666668 0.046296296296296294
1 0.24270833333333333 0.9805555555555555 0.026041666666666668 0.046296296296296294
1 0.34739583333333335 0.9814814814814815 0.026041666666666668 0.046296296296296294
1 0.4317708333333333 0.9833333333333333 0.026041666666666668 0.046296296296296294
1 0.14479166666666668 0.8870370370370371 0.026041666666666668 0.046296296296296294
1 0.828125 0.8685185185185185 0.026041666666666668 0.046296296296296294
1 0.828125 0.8351851851851851 0.026041666666666668 0.046296296296296294
1 0.6635416666666667 0.7388888888888889 0.026041666666666668 0.046296296296296294
4 0.40208333333333335 0.6074074074074074 0.026041666666666668 0.046296296296296294
4 0.421875 0.562962962962963 0.026041666666666668 0.046296296296296294
4 0.3875 0.5537037037037037 0.026041666666666668 0.046296296296296294
4 0.4708333333333333 0.5037037037037037 0.026041666666666668 0.046296296296296294
2 0.184375 0.4388888888888889 0.026041666666666668 0.046296296296296294
2 0.16458333333333333 0.43148148148148147 0.026041666666666668 0.046296296296296294
2 0.21979166666666666 0.4148148148148148 0.026041666666666668 0.046296296296296294
3 0.7645833333333333 0.6648148148148149 0.026041666666666668 0.046296296296296294
3 0.6864583333333333 0.5925925925925926 0.026041666666666668 0.046296296296296294
4 0.6177083333333333 0.6092592592592593 0.026041666666666668 0.046296296296296294
4 0.575 0.6370370370370371 0.026041666666666668 0.046296296296296294
4 0.6145833333333334 0.5888888888888889 0.026041666666666668 0.046296296296296294
4 0.5895833333333333 0.6351851851851852 0.026041666666666668 0.046296296296296294
