0 0.47552083333333334 0.09907407407407408 0.026041666666666668 0.046296296296296294
0 0.48333333333333334 0.09814814814814815 0.026041666666666668 0.046296296296296294
0 0.48333333333333334 0.12129629629629629 0.026041666666666668 0.046296296296296294
0 0.490625 0.12037037037037036 0.026041666666666668 0.046296296296296294
0 0.45364583333333336 0.1287037037037037 0.026041666666666668 0.046296296296296294
0 0.46510416666666665 0.1287037037037037 0.026041666666666668 0.046296296296296294
0 0.44166666666666665 0.13240740740740742 0.026041666666666668 0.046296296296296294
0 0.4744791666666667 0.14074074074074075 0.026041666666666668 0.046296296296296294
0 0.490625 0.13703703703703704 0.026041666666666668 0.046296296296296294
0 0.4708333333333333 0.14351851851851852 0.026041666666666668 0.046296296296296294
0 0.4828125 0.14537037037037037 0.026041666666666668 0.046296296296296294
0 0.4427083333333333 0.15092592592592594 0.026041666666666668 0.046296296296296294
0 0.45 0.1527777777777778 0.026041666666666668 0.046296296296296294
0 0.49895833333333334 0.15925925925925927 0.026041666666666668 0.046296296296296294
0 0.4583333333333333 0.16574074074074074 0.026041666666666668 0.046296296296296294
0 0.46979166666666666 0.1675925925925926 0.026041666666666668 0.046296296296296294
0 0.5177083333333333 0.17685185185185184 0.026041666666666668 0.046296296296296294
0 0.46979166666666666 0.18425925925925926 0.026041666666666668 0.046296296296296294
0 0.5114583333333333 0.18333333333333332 0.026041666666666668 0.046296296296296294
0 0.4859375 0.1935185185185185 0.026041666666666668 0.046296296296296294
0 0.5119791666666667 0.1925925925925926 0.026041666666666668 0.046296296296296294
0 0.4473958333333333 0.2101851851851852 0.026041666666666668 0.046296296296296294
0 0.4791666666666667 0.21481481481481482 0.026041666666666668 0.046296296296296294
0 0.4421875 0.22037037037037038 0.026041666666666668 0.046296296296296294
0 0.4713541666666667 0.2222222222222222 0.026041666666666668 0.046296296296296294
0 0.4276041666666667 0.22777777777777777 0.026041666666666668 0.046296296296296294
0 0.45260416666666664 0.22870370370370371 0.026041666666666668 0.046296296296296294
0 0.4875 0.23055555555555557 0.026041666666666668 0.046296296296296294
0 0.45260416666666664 0.24444444444444444 0.026041666666666668 0.046296296296296294
0 0.4953125 0.24722222222222223 0.026041666666666668 0.046296296296296294
0 0.475 0.262037037037037 0.026041666666666668 0.046296296296296294
0 0.5390625 0.26666666666666666 0.026041666666666668 0.046296296296296294
0 0.5453125 0.2657407407407407 0.026041666666666668 0.046296296296296294
0 0.43645833333333334 0.2759259259259259 0.026041666666666668 0.046296296296296294
0 0.5104166666666666 0.27685185185185185 0.026041666666666668 0.046296296296296294
0 0.5338541666666666 0.2777777777777778 0.026041666666666668 0.046296296296296294
0 0.5286458333333334 0.28425925925925927 0.026041666666666668 0.046296296296296294
0 0.6916666666666667 0.2851851851851852 0.026041666666666668 0.046296296296296294
0 0.44114583333333335 0.2916666666666667 0.026041666666666668 0.046296296296296294
0 0.5036458333333333 0.2972222222222222 0.026041666666666668 0.046296296296296294
0 0.4869791666666667 0.3 0.026041666666666668 0.046296296296296294
0 0.4984375 0.30277777777777776 0.026041666666666668 0.046296296296296294
0 0.5114583333333333 0.3 0.026041666666666668 0.046296296296296294
0 0.42083333333333334 0.3148148148148148 0.026041666666666668 0.046296296296296294
0 0.5046875 0.31666666666666665 0.026041666666666668 0.046296296296296294
0 0.7026041666666667 0.3138888888888889 0.026041666666666668 0.046296296296296294
0 0.4703125 0.32037037037037036 0.026041666666666668 0.046296296296296294
0 0.5166666666666667 0.325 0.026041666666666668 0.046296296296296294
0 0.4244791666666667 0.3314814814814815 0.026041666666666668 0.046296296296296294
0 0.4484375 0.33240740740740743 0.026041666666666668 0.046296296296296294
4 0.4953125 0.3333333333333333 0.026041666666666668 0.046296296296296294
4 0.5114583333333333 0.33425925925925926 0.026041666666666668 0.046296296296296294
4 0.4161458333333333 0.3398148148148148 0.026041666666666668 0.046296296296296294
4 0.45260416666666664 0.34074074074074073 0.026041666666666668 0.046296296296296294
4 0.44375 0.3490740740740741 0.026041666666666668 0.046296296296296294
4 0.5328125 0.3472222222222222 0.026041666666666668 0.046296296296296294
4 0.37552083333333336 0.3537037037037037 0.026041666666666668 0.046296296296296294
4 0.5041666666666667 0.35648148148148145 0.026041666666666668 0.046296296296296294
4 0.6505208333333333 0.35462962962962963 0.026041666666666668 0.046296296296296294
4 0.4036458333333333 0.37037037037037035 0.026041666666666668 0.046296296296296294
4 0.4583333333333333 0.3731481481481482 0.026041666666666668 0.046296296296296294
4 0.5072916666666667 0.36666666666666664 0.026041666666666668 0.046296296296296294
4 0.5203125 0.3824074074074074 0.026041666666666668 0.046296296296296294
4 0.49895833333333334 0.387037037037037 0.026041666666666668 0.046296296296296294
4 0.515625 0.3907407407407407 0.026041666666666668 0.046296296296296294
4 0.5109375 0.39537037037037037 0.026041666666666668 0.046296296296296294
4 0.6619791666666667 0.4046296296296296 0.026041666666666668 0.046296296296296294
2 0.2125 0.4101851851851852 0.026041666666666668 0.046296296296296294
4 0.4859375 0.40925925925925927 0.026041666666666668 0.046296296296296294
4 0.5046875 0.40925925925925927 0.026041666666666668 0.046296296296296294
4 0.5125 0.41203703703703703 0.026041666666666668 0.046296296296296294
4 0.6552083333333333 0.4111111111111111 0.026041666666666668 0.046296296296296294
2 0.19895833333333332 0.41759259259259257 0.026041666666666668 0.046296296296296294
3 0.69375 0.4324074074074074 0.026041666666666668 0.046296296296296294
4 0.6489583333333333 0.4388888888888889 0.026041666666666668 0.046296296296296294
4 0.5083333333333333 0.44907407407407407 0.026041666666666668 0.046296296296296294
4 0.6661458333333333 0.45 0.026041666666666668 0.046296296296296294
3 0.7067708333333333 0.44722222222222224 0.026041666666666668 0.046296296296296294
4 0.6619791666666667 0.45925925925925926 0.026041666666666668 0.046296296296296294
3 0.6796875 0.4564814814814815 0.026041666666666668 0.046296296296296294
4 0.5208333333333334 0.4638888888888889 0.026041666666666668 0.046296296296296294
3 0.6854166666666667 0.46574074074074073 0.026041666666666668 0.046296296296296294
4 0.5197916666666667 0.4787037037037037 0.026041666666666668 0.046296296296296294
4 0.5807291666666666 0.48055555555555557 0.026041666666666668 0.046296296296296294
4 0.6244791666666667 0.48055555555555557 0.026041666666666668 0.046296296296296294
4 0.49947916666666664 0.487962962962963 0.026041666666666668 0.046296296296296294
4 0.6046875 0.4962962962962963 0.026041666666666668 0.046296296296296294
3 0.6744791666666666 0.4981481481481482 0.026041666666666668 0.046296296296296294
4 0.3963541666666667 0.5037037037037037 0.026041666666666668 0.046296296296296294
4 0.6161458333333333 0.5046296296296297 0.026041666666666668 0.046296296296296294
4 0.4041666666666667 0.5166666666666667 0.026041666666666668 0.046296296296296294
4 0.4583333333333333 0.512962962962963 0.026041666666666668 0.046296296296296294
4 0.5203125 0.5203703703703704 0.026041666666666668 0.046296296296296294
4 0.6046875 0.5185185185185185 0.026041666666666668 0.046296296296296294
3 0.6989583333333333 0.5194444444444445 0.026041666666666668 0.046296296296296294
4 0.4479166666666667 0.5268518518518519 0.026041666666666668 0.046296296296296294
4 0.6244791666666667 0.5268518518518519 0.026041666666666668 0.046296296296296294
4 0.6661458333333333 0.5277777777777778 0.026041666666666668 0.046296296296296294
3 0.7203125 0.5351851851851852 0.026041666666666668 0.046296296296296294
4 0.6130208333333333 0.5416666666666666 0.026041666666666668 0.046296296296296294
4 0.5322916666666667 0.5472222222222223 0.026041666666666668 0.046296296296296294
4 0.4041666666666667 0.5592592592592592 0.026041666666666668 0.046296296296296294
4 0.5166666666666667 0.5555555555555556 0.026041666666666668 0.046296296296296294
3 0.7369791666666666 0.5583333333333333 0.026041666666666668 0.046296296296296294
4 0.6203125 0.5722222222222222 0.026041666666666668 0.046296296296296294
4 0.6072916666666667 0.5796296296296296 0.026041666666666668 0.046296296296296294
4 0.515625 0.5888888888888889 0.026041666666666668 0.046296296296296294
4 0.6369791666666667 0.5898148148148148 0.026041666666666668 0.046296296296296294
4 0.6609375 0.5814814814814815 0.026041666666666668 0.046296296296296294
3 0.7244791666666667 0.6129629629629629 0.026041666666666668 0.046296296296296294
4 0.5286458333333334 0.6203703703703703 0.026041666666666668 0.046296296296296294
4 0.5776041666666667 0.6351851851851852 0.026041666666666668 0.046296296296296294
3 0.7239583333333334 0.6324074074074074 0.026041666666666668 0.046296296296296294
3 0.7588541666666667 0.6453703703703704 0.026041666666666668 0.046296296296296294
2 0.215625 0.6518518518518519 0.026041666666666668 0.046296296296296294
4 0.5 0.6601851851851852 0.026041666666666668 0.046296296296296294
4 0.5619791666666667 0.6564814814814814 0.026041666666666668 0.046296296296296294
1 0.4828125 0.6861111111111111 0.026041666666666668 0.046296296296296294
1 0.225 0.7111111111111111 0.026041666666666668 0.046296296296296294
1 0.40677083333333336 0.7064814814814815 0.026041666666666668 0.046296296296296294
1 0.725 0.7111111111111111 0.026041666666666668 0.046296296296296294
1 0.5484375 0.7379629629629629 0.026041666666666668 0.046296296296296294
1 0.8817708333333333 0.7435185185185185 0.026041666666666668 0.046296296296296294
1 0.8984375 0.7398148148148148 0.026041666666666668 0.046296296296296294
1 0.6401041666666667 0.7537037037037037 0.026041666666666668 0.046296296296296294
1 0.8291666666666667 0.7564814814814815 0.026041666666666668 0.046296296296296294
1 0.2604166666666667 0.7805555555555556 0.026041666666666668 0.046296296296296294
1 0.8734375 0.8342592592592593 0.026041666666666668 0.046296296296296294
1 0.8244791666666667 0.8472222222222222 0.026041666666666668 0.046296296296296294
1 0.15572916666666667 0.8842592592592593 0.026041666666666668 0.046296296296296294
1 0.43697916666666664 0.8870370370370371 0.026041666666666668 0.046296296296296294
1 0.4734375 0.9037037037037037 0.026041666666666668 0.046296296296296294
1 0.6494791666666667 0.9166666666666666 0.026041666666666668 0.046296296296296294
1 0.09166666666666666 0.9231481481481482 0.026041666666666668 0.046296296296296294
1 0.7 0.9203703703703704 0.026041666666666668 0.046296296296296294
1 0.004166666666666667 0.9685185185185186 0.026041666666666668 0.046296296296296294
1 0.9765625 0.9601851851851851 0.026041666666666668 0.046296296296296294
1 0.5791666666666667 0.9898148148148148 0.026041666666666668 0.046296296296296294
1 0.2375 0.912962962962963 0.026041666666666668 0.046296296296296294
1 0.27708333333333335 0.9111111111111111 0.026041666666666668 0.046296296296296294
1 0.27291666666666664 0.9537037037037037 0.026041666666666668 0.046296296296296294
1 0.390625 0.8407407407407408 0.026041666666666668 0.046296296296296294
1 0.5677083333333334 0.8055555555555556 0.026041666666666668 0.046296296296296294
1 0.7947916666666667 0.9092592592592592 0.026041666666666668 0.046296296296296294
1 0.8302083333333333 0.8722222222222222 0.026041666666666668 0.046296296296296294
1 0.8625 0.9092592592592592 0.026041666666666668 0.046296296296296294
1 0.8739583333333333 0.9518518518518518 0.026041666666666668 0.046296296296296294
3 0.7572916666666667 0.562962962962963 0.026041666666666668 0.046296296296296294
3 0.746875 0.6185185185185185 0.026041666666666668 0.046296296296296294
3 0.7697916666666667 0.5888888888888889 0.026041666666666668 0.046296296296296294
3 0.7822916666666667 0.6648148148148149 0.026041666666666668 0.046296296296296294
4 0.609375 0.6518518518518519 0.026041666666666668 0.046296296296296294
4 0.6541666666666667 0.6425925925925926 0.026041666666666668 0.046296296296296294
4 0.6197916666666666 0.6185185185185185 0.026041666666666668 0.046296296296296294
4 0.378125 0.562962962962963 0.026041666666666668 0.046296296296296294
2 0.17395833333333333 0.43333333333333335 0.026041666666666668 0.046296296296296294
4 0.40208333333333335 0.40925925925925927 0.026041666666666668 0.046296296296296294
4 0.47604166666666664 0.34074074074074073 0.026041666666666668 0.046296296296296294
