0 0.471875 0.09444444444444444 0.026041666666666668 0.046296296296296294
0 0.47552083333333334 0.10833333333333334 0.026041666666666668 0.046296296296296294
0 0.48333333333333334 0.10555555555555556 0.026041666666666668 0.046296296296296294
0 0.4703125 0.11296296296296296 0.026041666666666668 0.046296296296296294
0 0.478125 0.12129629629629629 0.026041666666666668 0.046296296296296294
0 0.49114583333333334 0.12129629629629629 0.026041666666666668 0.046296296296296294
0 0.4713541666666667 0.13148148148148148 0.026041666666666668 0.046296296296296294
0 0.478125 0.1287037037037037 0.026041666666666668 0.046296296296296294
0 0.4401041666666667 0.13055555555555556 0.026041666666666668 0.046296296296296294
0 0.48333333333333334 0.13796296296296295 0.026041666666666668 0.046296296296296294
0 0.45416666666666666 0.1398148148148148 0.026041666666666668 0.046296296296296294
0 0.4583333333333333 0.14444444444444443 0.026041666666666668 0.046296296296296294
0 0.49166666666666664 0.14444444444444443 0.026041666666666668 0.046296296296296294
0 0.4666666666666667 0.15462962962962962 0.026041666666666668 0.046296296296296294
0 0.4583333333333333 0.16111111111111112 0.026041666666666668 0.046296296296296294
0 0.4270833333333333 0.18333333333333332 0.026041666666666668 0.046296296296296294
0 0.5026041666666666 0.1787037037037037 0.026041666666666668 0.046296296296296294
0 0.48333333333333334 0.19166666666666668 0.026041666666666668 0.046296296296296294
0 0.4296875 0.19907407407407407 0.026041666666666668 0.046296296296296294
0 0.42552083333333335 0.21574074074074073 0.026041666666666668 0.046296296296296294
0 0.47291666666666665 0.22314814814814815 0.026041666666666668 0.046296296296296294
0 0.4166666666666667 0.23425925925925925 0.026041666666666668 0.046296296296296294
0 0.46145833333333336 0.22870370370370371 0.026041666666666668 0.046296296296296294
0 0.42552083333333335 0.23796296296296296 0.026041666666666668 0.046296296296296294
0 0.4875 0.24259259259259258 0.026041666666666668 0.046296296296296294
0 0.5125 0.2462962962962963 0.026041666666666668 0.046296296296296294
0 0.5005208333333333 0.25555555555555554 0.026041666666666668 0.046296296296296294
0 0.45364583333333336 0.2611111111111111 0.026041666666666668 0.046296296296296294
0 0.46927083333333336 0.2611111111111111 0.026041666666666668 0.046296296296296294
0 0.7026041666666667 0.2601851851851852 0.026041666666666668 0.046296296296296294
0 0.4875 0.26944444444444443 0.026041666666666668 0.046296296296296294
0 0.5411458333333333 0.26944444444444443 0.026041666666666668 0.046296296296296294
0 0.4979166666666667 0.2759259259259259 0.026041666666666668 0.046296296296296294
0 0.440625 0.2824074074074074 0.026041666666666668 0.046296296296296294
0 0.45677083333333335 0.2824074074074074 0.026041666666666668 0.046296296296296294
0 0.475 0.2824074074074074 0.026041666666666668 0.046296296296296294
0 0.5161458333333333 0.2851851851851852 0.026041666666666668 0.046296296296296294
0 0.5427083333333333 0.2851851851851852 0.026041666666666668 0.046296296296296294
0 0.4359375 0.30092592592592593 0.026041666666666668 0.046296296296296294
0 0.5171875 0.3 0.026041666666666668 0.046296296296296294
0 0.525 0.30092592592592593 0.026041666666666668 0.046296296296296294
0 0.4427083333333333 0.3055555555555556 0.026041666666666668 0.046296296296296294
0 0.45677083333333335 0.3055555555555556 0.026041666666666668 0.046296296296296294
0 0.48333333333333334 0.31574074074074077 0.026041666666666668 0.046296296296296294
0 0.42552083333333335 0.32407407407407407 0.026041666666666668 0.046296296296296294
0 0.46145833333333336 0.3296296296296296 0.026041666666666668 0.046296296296296294
0 0.4822916666666667 0.33055555555555555 0.026041666666666668 0.046296296296296294
4 0.515625 0.33425925925925926 0.026041666666666668 0.046296296296296294
4 0.4161458333333333 0.34074074074074073 0.026041666666666668 0.046296296296296294
4 0.44427083333333334 0.3388888888888889 0.026041666666666668 0.046296296296296294
4 0.45677083333333335 0.34814814814814815 0.026041666666666668 0.046296296296296294
4 0.5 0.34629629629629627 0.026041666666666668 0.046296296296296294
4 0.39895833333333336 0.35555555555555557 0.026041666666666668 0.046296296296296294
4 0.4328125 0.3574074074074074 0.026041666666666668 0.046296296296296294
4 0.4625 0.35462962962962963 0.026041666666666668 0.046296296296296294
4 0.5119791666666667 0.3537037037037037 0.026041666666666668 0.046296296296296294
4 0.6661458333333333 0.3537037037037037 0.026041666666666668 0.046296296296296294
4 0.42083333333333334 0.3638888888888889 0.026041666666666668 0.046296296296296294
4 0.378125 0.3712962962962963 0.026041666666666668 0.046296296296296294
4 0.4036458333333333 0.3712962962962963 0.026041666666666668 0.046296296296296294
4 0.42916666666666664 0.3712962962962963 0.026041666666666668 0.046296296296296294
4 0.44635416666666666 0.3712962962962963 0.026041666666666668 0.046296296296296294
4 0.51875 0.37407407407407406 0.026041666666666668 0.046296296296296294
4 0.3953125 0.3787037037037037 0.026041666666666668 0.046296296296296294
4 0.40729166666666666 0.37962962962962965 0.026041666666666668 0.046296296296296294
4 0.5125 0.37962962962962965 0.026041666666666668 0.046296296296296294
4 0.3828125 0.3861111111111111 0.026041666666666668 0.046296296296296294
4 0.4161458333333333 0.38796296296296295 0.026041666666666668 0.046296296296296294
4 0.4244791666666667 0.387037037037037 0.026041666666666668 0.046296296296296294
4 0.4328125 0.39537037037037037 0.026041666666666668 0.046296296296296294
4 0.5161458333333333 0.39537037037037037 0.026041666666666668 0.046296296296296294
4 0.37447916666666664 0.4027777777777778 0.026041666666666668 0.046296296296296294
4 0.38645833333333335 0.4046296296296296 0.026041666666666668 0.046296296296296294
4 0.4078125 0.4027777777777778 0.026041666666666668 0.046296296296296294
4 0.4203125 0.40370370370370373 0.026041666666666668 0.046296296296296294
4 0.43697916666666664 0.4046296296296296 0.026041666666666668 0.046296296296296294
4 0.6557291666666667 0.4027777777777778 0.026041666666666668 0.046296296296296294
2 0.19479166666666667 0.40555555555555556 0.026041666666666668 0.046296296296296294
4 0.3927083333333333 0.4083333333333333 0.026041666666666668 0.046296296296296294
4 0.3958333333333333 0.4101851851851852 0.026041666666666668 0.046296296296296294
4 0.4296875 0.4111111111111111 0.026041666666666668 0.046296296296296294
4 0.5166666666666667 0.4111111111111111 0.026041666666666668 0.046296296296296294
4 0.37447916666666664 0.4185185185185185 0.026041666666666668 0.046296296296296294
4 0.6489583333333333 0.41944444444444445 0.026041666666666668 0.046296296296296294
2 0.17395833333333333 0.42685185185185187 0.026041666666666668 0.046296296296296294
4 0.38333333333333336 0.42314814814814816 0.026041666666666668 0.046296296296296294
4 0.4109375 0.42685185185185187 0.026041666666666668 0.046296296296296294
4 0.5088541666666667 0.4287037037037037 0.026041666666666668 0.046296296296296294
4 0.5197916666666667 0.425 0.026041666666666668 0.046296296296296294
4 0.39427083333333335 0.43425925925925923 0.026041666666666668 0.046296296296296294
3 0.7057291666666666 0.4398148148148148 0.026041666666666668 0.046296296296296294
4 0.39114583333333336 0.45092592592592595 0.026041666666666668 0.046296296296296294
4 0.4036458333333333 0.44722222222222224 0.026041666666666668 0.046296296296296294
4 0.43697916666666664 0.45092592592592595 0.026041666666666668 0.046296296296296294
4 0.5197916666666667 0.44722222222222224 0.026041666666666668 0.046296296296296294
4 0.6614583333333334 0.44814814814814813 0.026041666666666668 0.046296296296296294
3 0.675 0.44537037037037036 0.026041666666666668 0.046296296296296294
3 0.6817708333333333 0.45 0.026041666666666668 0.046296296296296294
4 0.38229166666666664 0.45925925925925926 0.026041666666666668 0.046296296296296294
4 0.4109375 0.4564814814814815 0.026041666666666668 0.046296296296296294
4 0.503125 0.45555555555555555 0.026041666666666668 0.046296296296296294
4 0.4401041666666667 0.46296296296296297 0.026041666666666668 0.046296296296296294
4 0.5083333333333333 0.4648148148148148 0.026041666666666668 0.046296296296296294
3 0.6822916666666666 0.4648148148148148 0.026041666666666668 0.046296296296296294
4 0.37447916666666664 0.4740740740740741 0.026041666666666668 0.046296296296296294
4 0.38229166666666664 0.4740740740740741 0.026041666666666668 0.046296296296296294
4 0.4119791666666667 0.4722222222222222 0.026041666666666668 0.046296296296296294
4 0.45677083333333335 0.47129629629629627 0.026041666666666668 0.046296296296296294
4 0.5203125 0.4740740740740741 0.026041666666666668 0.046296296296296294
3 0.7 0.4824074074074074 0.026041666666666668 0.046296296296296294
4 0.4484375 0.487962962962963 0.026041666666666668 0.046296296296296294
4 0.5119791666666667 0.4898148148148148 0.026041666666666668 0.046296296296296294
4 0.6255208333333333 0.4898148148148148 0.026041666666666668 0.046296296296296294
4 0.6078125 0.4925925925925926 0.026041666666666668 0.046296296296296294
3 0.6833333333333333 0.49537037037037035 0.026041666666666668 0.046296296296296294
4 0.39895833333333336 0.5055555555555555 0.026041666666666668 0.046296296296296294
4 0.4375 0.5037037037037037 0.026041666666666668 0.046296296296296294
4 0.4609375 0.5037037037037037 0.026041666666666668 0.046296296296296294
4 0.5125 0.5018518518518519 0.026041666666666668 0.046296296296296294
4 0.6291666666666667 0.5027777777777778 0.026041666666666668 0.046296296296296294
3 0.6953125 0.5027777777777778 0.026041666666666668 0.046296296296296294
4 0.38333333333333336 0.5120370370370371 0.026041666666666668 0.046296296296296294
4 0.4869791666666667 0.5074074074074074 0.026041666666666668 0.046296296296296294
4 0.5354166666666667 0.5074074074074074 0.026041666666666668 0.046296296296296294
3 0.6822916666666666 0.5120370370370371 0.026041666666666668 0.046296296296296294
4 0.628125 0.5194444444444445 0.026041666666666668 0.046296296296296294
3 0.7416666666666667 0.5138888888888888 0.026041666666666668 0.046296296296296294
4 0.5447916666666667 0.5277777777777778 0.026041666666666668 0.046296296296296294
3 0.6703125 0.525 0.026041666666666668 0.046296296296296294
3 0.703125 0.525 0.026041666666666668 0.046296296296296294
4 0.39947916666666666 0.5333333333333333 0.026041666666666668 0.046296296296296294
4 0.6026041666666667 0.5398148148148149 0.026041666666666668 0.046296296296296294
4 0.4083333333333333 0.5509259259259259 0.026041666666666668 0.046296296296296294
4 0.61875 0.5472222222222223 0.026041666666666668 0.046296296296296294
4 0.5395833333333333 0.5574074074074075 0.026041666666666668 0.046296296296296294
4 0.5583333333333333 0.5546296296296296 0.026041666666666668 0.046296296296296294
3 0.7338541666666667 0.5574074074074075 0.026041666666666668 0.046296296296296294
4 0.490625 0.5611111111111111 0.026041666666666668 0.046296296296296294
3 0.7630208333333334 0.5657407407407408 0.026041666666666668 0.046296296296296294
4 0.5067708333333333 0.5722222222222222 0.026041666666666668 0.046296296296296294
4 0.6307291666666667 0.575925925925926 0.026041666666666668 0.046296296296296294
4 0.5302083333333333 0.6111111111111112 0.026041666666666668 0.046296296296296294
4 0.5869791666666667 0.6194444444444445 0.026041666666666668 0.046296296296296294
3 0.7463541666666667 0.6287037037037037 0.026041666666666668 0.046296296296296294
4 0.6020833333333333 0.6342592592592593 0.026041666666666668 0.046296296296296294
3 0.7385416666666667 0.6435185185185185 0.026041666666666668 0.046296296296296294
4 0.37864583333333335 0.6527777777777778 0.026041666666666668 0.046296296296296294
1 0.4552083333333333 0.6777777777777778 0.026041666666666668 0.046296296296296294
1 0.42239583333333336 0.6787037037037037 0.026041666666666668 0.046296296296296294
1 0.5463541666666667 0.7064814814814815 0.026041666666666668 0.046296296296296294
1 0.6744791666666666 0.7361111111111112 0.026041666666666668 0.046296296296296294
1 0.4588541666666667 0.7425925925925926 0.026041666666666668 0.046296296296296294
1 0.8864583333333333 0.7435185185185185 0.026041666666666668 0.046296296296296294
1 0.8260416666666667 0.8388888888888889 0.026041666666666668 0.046296296296296294
1 0.978125 0.8462962962962963 0.026041666666666668 0.046296296296296294
1 0.478125 0.8453703703703703 0.026041666666666668 0.046296296296296294
1 0.3854166666666667 0.8537037037037037 0.026041666666666668 0.046296296296296294
1 0.7505208333333333 0.8824074074074074 0.026041666666666668 0.046296296296296294
1 0.8192708333333333 0.9148148148148149 0.026041666666666668 0.046296296296296294
1 0.9692708333333333 0.9416666666666667 0.026041666666666668 0.046296296296296294
1 0.35625 0.7870370370370371 0.026041666666666668 0.046296296296296294
1 0.590625 0.7037037037037037 0.026041666666666668 0.046296296296296294
1 0.8739583333333333 0.8018518518518518 0.026041666666666668 0.046296296296296294
1 0.9927083333333333 0.8629629629629629 0.026041666666666668 0.046296296296296294
1 0.7645833333333333 0.6759259259259259 0.026041666666666668 0.046296296296296294
3 0.7489583333333333 0.5851851851851851 0.026041666666666668 0.046296296296296294
3 0.7625 0.5944444444444444 0.026041666666666668 0.046296296296296294
2 0.21666666666666667 0.39814814814814814 0.026041666666666668 0.046296296296296294
4 0.396875 0.662962962962963 0.026041666666666668 0.046296296296296294
4 0.37916666666666665 0.55 0.026041666666666668 0.046296296296296294
4 0.4635416666666667 0.5388888888888889 0.026041666666666668 0.046296296296296294
4 0.453125 0.5648148148148148 0.026041666666666668 0.046296296296296294
