0 0.4739583333333333 0.10648148148148148 0.026041666666666668 0.046296296296296294
0 0.4817708333333333 0.10648148148148148 0.026041666666666668 0.046296296296296294
0 0.46979166666666666 0.11296296296296296 0.026041666666666668 0.046296296296296294
0 0.490625 0.11388888888888889 0.026041666666666668 0.046296296296296294
0 0.440625 0.12314814814814815 0.026041666666666668 0.046296296296296294
0 0.4703125 0.12962962962962962 0.026041666666666668 0.046296296296296294
0 0.478125 0.12962962962962962 0.026041666666666668 0.046296296296296294
0 0.48541666666666666 0.13055555555555556 0.026041666666666668 0.046296296296296294
0 0.453125 0.13148148148148148 0.026041666666666668 0.046296296296296294
0 0.4583333333333333 0.14351851851851852 0.026041666666666668 0.046296296296296294
0 0.4625 0.14444444444444443 0.026041666666666668 0.046296296296296294
0 0.4661458333333333 0.15185185185185185 0.026041666666666668 0.046296296296296294
0 0.4328125 0.1685185185185185 0.026041666666666668 0.046296296296296294
0 0.43645833333333334 0.17777777777777778 0.026041666666666668 0.046296296296296294
0 0.4859375 0.175 0.026041666666666668 0.046296296296296294
0 0.45677083333333335 0.18611111111111112 0.026041666666666668 0.046296296296296294
0 0.4744791666666667 0.18425925925925926 0.026041666666666668 0.046296296296296294
0 0.49895833333333334 0.18333333333333332 0.026041666666666668 0.046296296296296294
0 0.44583333333333336 0.1935185185185185 0.026041666666666668 0.046296296296296294
0 0.49895833333333334 0.19166666666666668 0.026041666666666668 0.046296296296296294
0 0.43385416666666665 0.2 0.026041666666666668 0.046296296296296294
0 0.45677083333333335 0.19907407407407407 0.026041666666666668 0.046296296296296294
0 0.425 0.21388888888888888 0.026041666666666668 0.046296296296296294
0 0.4375 0.21851851851851853 0.026041666666666668 0.046296296296296294
0 0.5109375 0.21574074074074073 0.026041666666666668 0.046296296296296294
0 0.5119791666666667 0.2222222222222222 0.026041666666666668 0.046296296296296294
0 0.41770833333333335 0.22962962962962963 0.026041666666666668 0.046296296296296294
0 0.4197916666666667 0.23055555555555557 0.026041666666666668 0.046296296296296294
0 0.43333333333333335 0.22962962962962963 0.026041666666666668 0.046296296296296294
0 0.44583333333333336 0.2324074074074074 0.026041666666666668 0.046296296296296294
0 0.4947916666666667 0.23425925925925925 0.026041666666666668 0.046296296296296294
0 0.42864583333333334 0.24814814814814815 0.026041666666666668 0.046296296296296294
0 0.465625 0.2462962962962963 0.026041666666666668 0.046296296296296294
0 0.475 0.24166666666666667 0.026041666666666668 0.046296296296296294
0 0.48125 0.24259259259259258 0.026041666666666668 0.046296296296296294
0 0.4473958333333333 0.2537037037037037 0.026041666666666668 0.046296296296296294
0 0.4869791666666667 0.25462962962962965 0.026041666666666668 0.046296296296296294
0 0.4942708333333333 0.25092592592592594 0.026041666666666668 0.046296296296296294
0 0.4203125 0.26481481481481484 0.026041666666666668 0.046296296296296294
0 0.503125 0.26296296296296295 0.026041666666666668 0.046296296296296294
0 0.49895833333333334 0.27037037037037037 0.026041666666666668 0.046296296296296294
0 0.4588541666666667 0.27870370370370373 0.026041666666666668 0.046296296296296294
0 0.44895833333333335 0.2851851851851852 0.026041666666666668 0.046296296296296294
0 0.42291666666666666 0.2916666666666667 0.026041666666666668 0.046296296296296294
0 0.4671875 0.29259259259259257 0.026041666666666668 0.046296296296296294
0 0.47760416666666666 0.2962962962962963 0.026041666666666668 0.046296296296296294
0 0.5421875 0.2953703703703704 0.026041666666666668 0.046296296296296294
0 0.5 0.29907407407407405 0.026041666666666668 0.046296296296296294
0 0.44166666666666665 0.30833333333333335 0.026041666666666668 0.046296296296296294
0 0.45416666666666666 0.3101851851851852 0.026041666666666668 0.046296296296296294
0 0.46041666666666664 0.3111111111111111 0.026041666666666668 0.046296296296296294
0 0.6916666666666667 0.3074074074074074 0.026041666666666668 0.046296296296296294
0 0.5078125 0.31574074074074077 0.026041666666666668 0.046296296296296294
0 0.47760416666666666 0.32407407407407407 0.026041666666666668 0.046296296296296294
0 0.5109375 0.32314814814814813 0.026041666666666668 0.046296296296296294
0 0.45364583333333336 0.33240740740740743 0.026041666666666668 0.046296296296296294
0 0.5072916666666667 0.3314814814814815 0.026041666666666668 0.046296296296296294
4 0.4322916666666667 0.34074074074074073 0.026041666666666668 0.046296296296296294
4 0.49635416666666665 0.34074074074074073 0.026041666666666668 0.046296296296296294
4 0.5427083333333333 0.3416666666666667 0.026041666666666668 0.046296296296296294
4 0.390625 0.34629629629629627 0.026041666666666668 0.046296296296296294
4 0.3984375 0.3472222222222222 0.026041666666666668 0.046296296296296294
4 0.5119791666666667 0.34814814814814815 0.026041666666666668 0.046296296296296294
4 0.41510416666666666 0.35648148148148145 0.026041666666666668 0.046296296296296294
4 0.43802083333333336 0.35648148148148145 0.026041666666666668 0.046296296296296294
4 0.4 0.3648148148148148 0.026041666666666668 0.046296296296296294
4 0.4661458333333333 0.362962962962963 0.026041666666666668 0.046296296296296294
4 0.5067708333333333 0.3731481481481482 0.026041666666666668 0.046296296296296294
4 0.403125 0.37777777777777777 0.026041666666666668 0.046296296296296294
4 0.45364583333333336 0.3787037037037037 0.026041666666666668 0.046296296296296294
4 0.38645833333333335 0.3851851851851852 0.026041666666666668 0.046296296296296294
4 0.3984375 0.3861111111111111 0.026041666666666668 0.046296296296296294
4 0.41822916666666665 0.38425925925925924 0.026041666666666668 0.046296296296296294
4 0.4234375 0.38333333333333336 0.026041666666666668 0.046296296296296294
2 0.19791666666666666 0.3925925925925926 0.026041666666666668 0.046296296296296294
4 0.45364583333333336 0.3925925925925926 0.026041666666666668 0.046296296296296294
4 0.38697916666666665 0.40370370370370373 0.026041666666666668 0.046296296296296294
4 0.40729166666666666 0.4046296296296296 0.026041666666666668 0.046296296296296294
4 0.4171875 0.40185185185185185 0.026041666666666668 0.046296296296296294
4 0.5083333333333333 0.3990740740740741 0.026041666666666668 0.046296296296296294
4 0.515625 0.4027777777777778 0.026041666666666668 0.046296296296296294
4 0.4005208333333333 0.4101851851851852 0.026041666666666668 0.046296296296296294
2 0.18333333333333332 0.4166666666666667 0.026041666666666668 0.046296296296296294
4 0.38229166666666664 0.42685185185185187 0.026041666666666668 0.046296296296296294
4 0.440625 0.42777777777777776 0.026041666666666668 0.046296296296296294
4 0.5078125 0.42314814814814816 0.026041666666666668 0.046296296296296294
4 0.5208333333333334 0.42592592592592593 0.026041666666666668 0.046296296296296294
4 0.6526041666666667 0.425 0.026041666666666668 0.046296296296296294
3 0.6692708333333334 0.42407407407407405 0.026041666666666668 0.046296296296296294
4 0.39895833333333336 0.43425925925925923 0.026041666666666668 0.046296296296296294
4 0.41510416666666666 0.43425925925925923 0.026041666666666668 0.046296296296296294
4 0.5161458333333333 0.44351851851851853 0.026041666666666668 0.046296296296296294
3 0.6703125 0.4388888888888889 0.026041666666666668 0.046296296296296294
4 0.38385416666666666 0.44907407407407407 0.026041666666666668 0.046296296296296294
4 0.390625 0.44907407407407407 0.026041666666666668 0.046296296296296294
4 0.4046875 0.44722222222222224 0.026041666666666668 0.046296296296296294
3 0.678125 0.45 0.026041666666666668 0.046296296296296294
3 0.7119791666666667 0.44814814814814813 0.026041666666666668 0.046296296296296294
3 0.7166666666666667 0.44814814814814813 0.026041666666666668 0.046296296296296294
4 0.4109375 0.45740740740740743 0.026041666666666668 0.046296296296296294
4 0.4666666666666667 0.4546296296296296 0.026041666666666668 0.046296296296296294
4 0.5114583333333333 0.4666666666666667 0.026041666666666668 0.046296296296296294
3 0.6947916666666667 0.4638888888888889 0.026041666666666668 0.046296296296296294
4 0.41354166666666664 0.47129629629629627 0.026041666666666668 0.046296296296296294
4 0.49947916666666664 0.4740740740740741 0.026041666666666668 0.046296296296296294
4 0.3854166666666667 0.47962962962962963 0.026041666666666668 0.046296296296296294
4 0.540625 0.4787037037037037 0.026041666666666668 0.046296296296296294
3 0.6786458333333333 0.47962962962962963 0.026041666666666668 0.046296296296296294
4 0.6125 0.48703703703703705 0.026041666666666668 0.046296296296296294
3 0.7005208333333334 0.4898148148148148 0.026041666666666668 0.046296296296296294
4 0.3958333333333333 0.49722222222222223 0.026041666666666668 0.046296296296296294
4 0.6171875 0.49722222222222223 0.026041666666666668 0.046296296296296294
3 0.690625 0.4962962962962963 0.026041666666666668 0.046296296296296294
4 0.6276041666666666 0.5 0.026041666666666668 0.046296296296296294
4 0.3880208333333333 0.5120370370370371 0.026041666666666668 0.046296296296296294
4 0.5239583333333333 0.5175925925925926 0.026041666666666668 0.046296296296296294
4 0.5421875 0.5166666666666667 0.026041666666666668 0.046296296296296294
4 0.6161458333333333 0.5203703703703704 0.026041666666666668 0.046296296296296294
4 0.6651041666666667 0.5287037037037037 0.026041666666666668 0.046296296296296294
3 0.6979166666666666 0.5259259259259259 0.026041666666666668 0.046296296296296294
4 0.5744791666666667 0.5305555555555556 0.026041666666666668 0.046296296296296294
3 0.7239583333333334 0.5333333333333333 0.026041666666666668 0.046296296296296294
3 0.7453125 0.5324074074074074 0.026041666666666668 0.046296296296296294
4 0.390625 0.5398148148148149 0.026041666666666668 0.046296296296296294
4 0.41770833333333335 0.5425925925925926 0.026041666666666668 0.046296296296296294
4 0.5333333333333333 0.5398148148148149 0.026041666666666668 0.046296296296296294
4 0.5536458333333333 0.5388888888888889 0.026041666666666668 0.046296296296296294
4 0.43385416666666665 0.5462962962962963 0.026041666666666668 0.046296296296296294
4 0.4864583333333333 0.5472222222222223 0.026041666666666668 0.046296296296296294
4 0.38645833333333335 0.5583333333333333 0.026041666666666668 0.046296296296296294
4 0.41458333333333336 0.5601851851851852 0.026041666666666668 0.046296296296296294
3 0.7359375 0.562962962962963 0.026041666666666668 0.046296296296296294
3 0.7046875 0.5712962962962963 0.026041666666666668 0.046296296296296294
3 0.7666666666666667 0.5805555555555556 0.026041666666666668 0.046296296296296294
4 0.4083333333333333 0.5907407407407408 0.026041666666666668 0.046296296296296294
4 0.4041666666666667 0.5981481481481481 0.026041666666666668 0.046296296296296294
3 0.6859375 0.5935185185185186 0.026041666666666668 0.046296296296296294
3 0.7494791666666667 0.6268518518518519 0.026041666666666668 0.046296296296296294
1 0.6494791666666667 0.687962962962963 0.026041666666666668 0.046296296296296294
1 0.8817708333333333 0.7388888888888889 0.026041666666666668 0.046296296296296294
1 0.5479166666666667 0.7444444444444445 0.026041666666666668 0.046296296296296294
1 0.9671875 0.812962962962963 0.026041666666666668 0.046296296296296294
1 0.8239583333333333 0.8379629629629629 0.026041666666666668 0.046296296296296294
1 0.7588541666666667 0.8888888888888888 0.026041666666666668 0.046296296296296294
1 0.9307291666666667 0.8907407407407407 0.026041666666666668 0.046296296296296294
1 0.8265625 0.9212962962962963 0.026041666666666668 0.046296296296296294
1 0.3578125 0.9388888888888889 0.026041666666666668 0.046296296296296294
1 0.8885416666666667 0.7944444444444444 0.026041666666666668 0.046296296296296294
1 0.7458333333333333 0.6685185185185185 0.026041666666666668 0.046296296296296294
4 0.6489583333333333 0.5814814814814815 0.026041666666666668 0.046296296296296294
4 0.5885416666666666 0.5814814814814815 0.026041666666666668 0.046296296296296294
4 0.60625 0.5592592592592592 0.026041666666666668 0.046296296296296294
4 0.6333333333333333 0.524074074074074 0.026041666666666668 0.046296296296296294
4 0.5541666666666667 0.5685185185185185 0.026041666666666668 0.046296296296296294
4 0.453125 0.45 0.026041666666666668 0.046296296296296294
4 0.6489583333333333 0.3425925925925926 0.026041666666666668 0.046296296296296294
2 0.16875 0.4222222222222222 0.026041666666666668 0.046296296296296294
