0 0.4739583333333333 0.08518518518518518 0.026041666666666668 0.046296296296296294
0 0.475 0.10462962962962963 0.026041666666666668 0.046296296296296294
0 0.48333333333333334 0.1037037037037037 0.026041666666666668 0.046296296296296294
0 0.46979166666666666 0.11388888888888889 0.026041666666666668 0.046296296296296294
0 0.48333333333333334 0.12037037037037036 0.026041666666666668 0.046296296296296294
0 0.4901041666666667 0.12129629629629629 0.026041666666666668 0.046296296296296294
0 0.45729166666666665 0.13333333333333333 0.026041666666666668 0.046296296296296294
0 0.46927083333333336 0.13703703703703704 0.026041666666666668 0.046296296296296294
0 0.4786458333333333 0.13796296296296295 0.026041666666666668 0.046296296296296294
0 0.4401041666666667 0.14074074074074075 0.026041666666666668 0.046296296296296294
0 0.490625 0.14537037037037037 0.026041666666666668 0.046296296296296294
0 0.471875 0.1527777777777778 0.026041666666666668 0.046296296296296294
0 0.4625 0.15833333333333333 0.026041666666666668 0.046296296296296294
0 0.44635416666666666 0.1675925925925926 0.026041666666666668 0.046296296296296294
0 0.4546875 0.16944444444444445 0.026041666666666668 0.046296296296296294
0 0.46979166666666666 0.17314814814814813 0.026041666666666668 0.046296296296296294
0 0.4921875 0.17407407407407408 0.026041666666666668 0.046296296296296294
0 0.5036458333333333 0.175 0.026041666666666668 0.046296296296296294
0 0.5005208333333333 0.18425925925925926 0.026041666666666668 0.046296296296296294
0 0.515625 0.20185185185185187 0.026041666666666668 0.046296296296296294
0 0.4661458333333333 0.21388888888888888 0.026041666666666668 0.046296296296296294
0 0.4348958333333333 0.22314814814814815 0.026041666666666668 0.046296296296296294
0 0.478125 0.2175925925925926 0.026041666666666668 0.046296296296296294
0 0.5083333333333333 0.22407407407407406 0.026041666666666668 0.046296296296296294
0 0.44479166666666664 0.23055555555555557 0.026041666666666668 0.046296296296296294
0 0.48802083333333335 0.22777777777777777 0.026041666666666668 0.046296296296296294
0 0.49947916666666664 0.22962962962962963 0.026041666666666668 0.046296296296296294
0 0.49166666666666664 0.23981481481481481 0.026041666666666668 0.046296296296296294
0 0.5119791666666667 0.2388888888888889 0.026041666666666668 0.046296296296296294
0 0.4328125 0.24444444444444444 0.026041666666666668 0.046296296296296294
0 0.4125 0.25092592592592594 0.026041666666666668 0.046296296296296294
0 0.4661458333333333 0.25555555555555554 0.026041666666666668 0.046296296296296294
0 0.42083333333333334 0.26296296296296295 0.026041666666666668 0.046296296296296294
0 0.4869791666666667 0.2601851851851852 0.026041666666666668 0.046296296296296294
0 0.4947916666666667 0.2611111111111111 0.026041666666666668 0.046296296296296294
0 0.7088541666666667 0.25925925925925924 0.026041666666666668 0.046296296296296294
0 0.4864583333333333 0.27870370370370373 0.026041666666666668 0.046296296296296294
0 0.5104166666666666 0.27870370370370373 0.026041666666666668 0.046296296296296294
0 0.4197916666666667 0.28703703703703703 0.026041666666666668 0.046296296296296294
0 0.5041666666666667 0.2861111111111111 0.026041666666666668 0.046296296296296294
0 0.5328125 0.2851851851851852 0.026041666666666668 0.046296296296296294
0 0.4421875 0.29074074074074074 0.026041666666666668 0.046296296296296294
0 0.44895833333333335 0.2916666666666667 0.026041666666666668 0.046296296296296294
0 0.46041666666666664 0.2916666666666667 0.026041666666666668 0.046296296296296294
0 0.5072916666666667 0.2953703703703704 0.026041666666666668 0.046296296296296294
0 0.49895833333333334 0.30277777777777776 0.026041666666666668 0.046296296296296294
0 0.4453125 0.31203703703703706 0.026041666666666668 0.046296296296296294
0 0.45729166666666665 0.31203703703703706 0.026041666666666668 0.046296296296296294
0 0.5083333333333333 0.30925925925925923 0.026041666666666668 0.046296296296296294
0 0.4661458333333333 0.3175925925925926 0.026041666666666668 0.046296296296296294
0 0.4869791666666667 0.31574074074074077 0.026041666666666668 0.046296296296296294
0 0.4161458333333333 0.32314814814814813 0.026041666666666668 0.046296296296296294
0 0.5036458333333333 0.32407407407407407 0.026041666666666668 0.046296296296296294
0 0.6958333333333333 0.32222222222222224 0.026041666666666668 0.046296296296296294
4 0.4239583333333333 0.3333333333333333 0.026041666666666668 0.046296296296296294
4 0.4390625 0.3333333333333333 0.026041666666666668 0.046296296296296294
0 0.45260416666666664 0.3296296296296296 0.026041666666666668 0.046296296296296294
0 0.4786458333333333 0.3314814814814815 0.026041666666666668 0.046296296296296294
4 0.5125 0.3333333333333333 0.026041666666666668 0.046296296296296294
4 0.4161458333333333 0.33796296296296297 0.026041666666666668 0.046296296296296294
4 0.465625 0.33796296296296297 0.026041666666666668 0.046296296296296294
4 0.49895833333333334 0.3398148148148148 0.026041666666666668 0.046296296296296294
4 0.4197916666666667 0.3490740740740741 0.026041666666666668 0.046296296296296294
4 0.42916666666666664 0.34629629629629627 0.026041666666666668 0.046296296296296294
4 0.44479166666666664 0.3490740740740741 0.026041666666666668 0.046296296296296294
4 0.48802083333333335 0.34629629629629627 0.026041666666666668 0.046296296296296294
4 0.5078125 0.3490740740740741 0.026041666666666668 0.046296296296296294
4 0.37552083333333336 0.35555555555555557 0.026041666666666668 0.046296296296296294
4 0.38958333333333334 0.35462962962962963 0.026041666666666668 0.046296296296296294
4 0.40208333333333335 0.35648148148148145 0.026041666666666668 0.046296296296296294
4 0.41458333333333336 0.36203703703703705 0.026041666666666668 0.046296296296296294
4 0.4322916666666667 0.3638888888888889 0.026041666666666668 0.046296296296296294
4 0.46145833333333336 0.362962962962963 0.026041666666666668 0.046296296296296294
4 0.3963541666666667 0.37222222222222223 0.026041666666666668 0.046296296296296294
4 0.48125 0.37222222222222223 0.026041666666666668 0.046296296296296294
4 0.4041666666666667 0.37777777777777777 0.026041666666666668 0.046296296296296294
4 0.4161458333333333 0.37777777777777777 0.026041666666666668 0.046296296296296294
4 0.4234375 0.3787037037037037 0.026041666666666668 0.046296296296296294
4 0.5442708333333334 0.3824074074074074 0.026041666666666668 0.046296296296296294
4 0.3875 0.38796296296296295 0.026041666666666668 0.046296296296296294
4 0.5192708333333333 0.38796296296296295 0.026041666666666668 0.046296296296296294
4 0.4083333333333333 0.40185185185185185 0.026041666666666668 0.046296296296296294
4 0.4328125 0.4009259259259259 0.026041666666666668 0.046296296296296294
4 0.5166666666666667 0.40185185185185185 0.026041666666666668 0.046296296296296294
4 0.6552083333333333 0.4046296296296296 0.026041666666666668 0.046296296296296294
4 0.4015625 0.41203703703703703 0.026041666666666668 0.046296296296296294
2 0.18541666666666667 0.41574074074074074 0.026041666666666668 0.046296296296296294
4 0.390625 0.4148148148148148 0.026041666666666668 0.046296296296296294
4 0.5088541666666667 0.4185185185185185 0.026041666666666668 0.046296296296296294
4 0.5197916666666667 0.41759259259259257 0.026041666666666668 0.046296296296296294
4 0.6546875 0.41759259259259257 0.026041666666666668 0.046296296296296294
3 0.6895833333333333 0.41759259259259257 0.026041666666666668 0.046296296296296294
2 0.17552083333333332 0.425 0.026041666666666668 0.046296296296296294
4 0.3958333333333333 0.42777777777777776 0.026041666666666668 0.046296296296296294
3 0.6697916666666667 0.42314814814814816 0.026041666666666668 0.046296296296296294
4 0.525 0.43425925925925923 0.026041666666666668 0.046296296296296294
4 0.37916666666666665 0.44074074074074077 0.026041666666666668 0.046296296296296294
4 0.38697916666666665 0.4444444444444444 0.026041666666666668 0.046296296296296294
4 0.39375 0.44074074074074077 0.026041666666666668 0.046296296296296294
4 0.41041666666666665 0.4425925925925926 0.026041666666666668 0.046296296296296294
4 0.5114583333333333 0.4388888888888889 0.026041666666666668 0.046296296296296294
3 0.675 0.43796296296296294 0.026041666666666668 0.046296296296296294
3 0.7046875 0.4388888888888889 0.026041666666666668 0.046296296296296294
4 0.4041666666666667 0.45092592592592595 0.026041666666666668 0.046296296296296294
4 0.5197916666666667 0.45 0.026041666666666668 0.046296296296296294
4 0.3875 0.45925925925925926 0.026041666666666668 0.046296296296296294
4 0.4125 0.4583333333333333 0.026041666666666668 0.046296296296296294
3 0.6822916666666666 0.45555555555555555 0.026041666666666668 0.046296296296296294
4 0.5114583333333333 0.46574074074074073 0.026041666666666668 0.046296296296296294
4 0.38645833333333335 0.47314814814814815 0.026041666666666668 0.046296296296296294
4 0.4119791666666667 0.4722222222222222 0.026041666666666668 0.046296296296296294
3 0.6875 0.4722222222222222 0.026041666666666668 0.046296296296296294
4 0.6666666666666666 0.48148148148148145 0.026041666666666668 0.046296296296296294
4 0.49947916666666664 0.4888888888888889 0.026041666666666668 0.046296296296296294
4 0.5458333333333333 0.48518518518518516 0.026041666666666668 0.046296296296296294
3 0.6822916666666666 0.4888888888888889 0.026041666666666668 0.046296296296296294
4 0.39479166666666665 0.49537037037037035 0.026041666666666668 0.046296296296296294
4 0.590625 0.4935185185185185 0.026041666666666668 0.046296296296296294
4 0.6067708333333334 0.4962962962962963 0.026041666666666668 0.046296296296296294
4 0.37864583333333335 0.5046296296296297 0.026041666666666668 0.046296296296296294
4 0.47760416666666666 0.5018518518518519 0.026041666666666668 0.046296296296296294
4 0.5109375 0.5037037037037037 0.026041666666666668 0.046296296296296294
4 0.528125 0.5037037037037037 0.026041666666666668 0.046296296296296294
4 0.6244791666666667 0.5037037037037037 0.026041666666666668 0.046296296296296294
4 0.38229166666666664 0.5138888888888888 0.026041666666666668 0.046296296296296294
4 0.4505208333333333 0.5046296296296297 0.026041666666666668 0.046296296296296294
3 0.7036458333333333 0.512962962962963 0.026041666666666668 0.046296296296296294
4 0.4947916666666667 0.5166666666666667 0.026041666666666668 0.046296296296296294
3 0.7588541666666667 0.5203703703703704 0.026041666666666668 0.046296296296296294
4 0.43125 0.524074074074074 0.026041666666666668 0.046296296296296294
4 0.6291666666666667 0.525 0.026041666666666668 0.046296296296296294
4 0.6375 0.5259259259259259 0.026041666666666668 0.046296296296296294
4 0.6661458333333333 0.5268518518518519 0.026041666666666668 0.046296296296296294
4 0.41458333333333336 0.5342592592592592 0.026041666666666668 0.046296296296296294
4 0.528125 0.5314814814814814 0.026041666666666668 0.046296296296296294
4 0.5822916666666667 0.5314814814814814 0.026041666666666668 0.046296296296296294
3 0.715625 0.5333333333333333 0.026041666666666668 0.046296296296296294
4 0.38697916666666665 0.5416666666666666 0.026041666666666668 0.046296296296296294
4 0.39427083333333335 0.5425925925925926 0.026041666666666668 0.046296296296296294
4 0.540625 0.5416666666666666 0.026041666666666668 0.046296296296296294
4 0.5614583333333333 0.5407407407407407 0.026041666666666668 0.046296296296296294
4 0.6119791666666666 0.5425925925925926 0.026041666666666668 0.046296296296296294
4 0.3875 0.5592592592592592 0.026041666666666668 0.046296296296296294
4 0.4114583333333333 0.5601851851851852 0.026041666666666668 0.046296296296296294
4 0.6114583333333333 0.5583333333333333 0.026041666666666668 0.046296296296296294
3 0.73125 0.5657407407407408 0.026041666666666668 0.046296296296296294
3 0.7666666666666667 0.5675925925925925 0.026041666666666668 0.046296296296296294
4 0.6291666666666667 0.5805555555555556 0.026041666666666668 0.046296296296296294
4 0.65 0.5805555555555556 0.026041666666666668 0.046296296296296294
3 0.7109375 0.6648148148148149 0.026041666666666668 0.046296296296296294
1 0.7427083333333333 0.6712962962962963 0.026041666666666668 0.046296296296296294
1 0.8869791666666667 0.7472222222222222 0.026041666666666668 0.046296296296296294
1 0.825 0.8388888888888889 0.026041666666666668 0.046296296296296294
1 0.9786458333333333 0.8481481481481481 0.026041666666666668 0.046296296296296294
1 0.9421875 0.8416666666666667 0.026041666666666668 0.046296296296296294
1 0.7572916666666667 0.8898148148148148 0.026041666666666668 0.046296296296296294
1 0.8947916666666667 0.912962962962963 0.026041666666666668 0.046296296296296294
1 0.8208333333333333 0.9212962962962963 0.026041666666666668 0.046296296296296294
1 0.5989583333333334 0.725925925925926 0.026041666666666668 0.046296296296296294
1 0.8854166666666666 0.8018518518518518 0.026041666666666668 0.046296296296296294
1 0.990625 0.8611111111111112 0.026041666666666668 0.046296296296296294
3 0.6885416666666667 0.5981481481481481 0.026041666666666668 0.046296296296296294
3 0.7625 0.6370370370370371 0.026041666666666668 0.046296296296296294
1 0.9395833333333333 0.9111111111111111 0.026041666666666668 0.046296296296296294
