0 0.49166666666666664 0.12037037037037036 0.026041666666666668 0.046296296296296294
0 0.4427083333333333 0.13333333333333333 0.026041666666666668 0.046296296296296294
0 0.44947916666666665 0.13518518518518519 0.026041666666666668 0.046296296296296294
0 0.4703125 0.13703703703703704 0.026041666666666668 0.046296296296296294
0 0.440625 0.1425925925925926 0.026041666666666668 0.046296296296296294
0 0.45989583333333334 0.14444444444444443 0.026041666666666668 0.046296296296296294
0 0.46197916666666666 0.14537037037037037 0.026041666666666668 0.046296296296296294
0 0.4734375 0.14537037037037037 0.026041666666666668 0.046296296296296294
0 0.48541666666666666 0.1537037037037037 0.026041666666666668 0.046296296296296294
0 0.44895833333333335 0.15925925925925927 0.026041666666666668 0.046296296296296294
0 0.4609375 0.16666666666666666 0.026041666666666668 0.046296296296296294
0 0.4869791666666667 0.1685185185185185 0.026041666666666668 0.046296296296296294
0 0.5005208333333333 0.16944444444444445 0.026041666666666668 0.046296296296296294
0 0.4317708333333333 0.17222222222222222 0.026041666666666668 0.046296296296296294
0 0.46770833333333334 0.17685185185185184 0.026041666666666668 0.046296296296296294
0 0.4734375 0.175 0.026041666666666668 0.046296296296296294
0 0.49583333333333335 0.17685185185185184 0.026041666666666668 0.046296296296296294
0 0.44895833333333335 0.18055555555555555 0.026041666666666668 0.046296296296296294
0 0.46197916666666666 0.18333333333333332 0.026041666666666668 0.046296296296296294
0 0.4828125 0.18425925925925926 0.026041666666666668 0.046296296296296294
0 0.4505208333333333 0.19074074074074074 0.026041666666666668 0.046296296296296294
0 0.4583333333333333 0.1925925925925926 0.026041666666666668 0.046296296296296294
0 0.465625 0.19074074074074074 0.026041666666666668 0.046296296296296294
0 0.4744791666666667 0.19166666666666668 0.026041666666666668 0.046296296296296294
0 0.4947916666666667 0.1925925925925926 0.026041666666666668 0.046296296296296294
0 0.49947916666666664 0.19166666666666668 0.026041666666666668 0.046296296296296294
0 0.4546875 0.20092592592592592 0.026041666666666668 0.046296296296296294
0 0.48333333333333334 0.2212962962962963 0.026041666666666668 0.046296296296296294
0 0.5098958333333333 0.22962962962962963 0.026041666666666668 0.046296296296296294
0 0.45208333333333334 0.23796296296296296 0.026041666666666668 0.046296296296296294
0 0.4744791666666667 0.23981481481481481 0.026041666666666668 0.046296296296296294
0 0.4979166666666667 0.2361111111111111 0.026041666666666668 0.046296296296296294
0 0.4859375 0.24444444444444444 0.026041666666666668 0.046296296296296294
0 0.4630208333333333 0.25277777777777777 0.026041666666666668 0.046296296296296294
0 0.5114583333333333 0.25277777777777777 0.026041666666666668 0.046296296296296294
0 0.4479166666666667 0.2611111111111111 0.026041666666666668 0.046296296296296294
0 0.41770833333333335 0.26666666666666666 0.026041666666666668 0.046296296296296294
0 0.46145833333333336 0.2675925925925926 0.026041666666666668 0.046296296296296294
0 0.49375 0.2777777777777778 0.026041666666666668 0.046296296296296294
0 0.5057291666666667 0.2796296296296296 0.026041666666666668 0.046296296296296294
0 0.4703125 0.2861111111111111 0.026041666666666668 0.046296296296296294
0 0.5203125 0.2861111111111111 0.026041666666666668 0.046296296296296294
0 0.5505208333333333 0.2833333333333333 0.026041666666666668 0.046296296296296294
0 0.703125 0.2814814814814815 0.026041666666666668 0.046296296296296294
0 0.6864583333333333 0.2935185185185185 0.026041666666666668 0.046296296296296294
0 0.440625 0.30277777777777776 0.026041666666666668 0.046296296296296294
0 0.503125 0.30092592592592593 0.026041666666666668 0.046296296296296294
0 0.4203125 0.3101851851851852 0.026041666666666668 0.046296296296296294
0 0.44166666666666665 0.30925925925925923 0.026041666666666668 0.046296296296296294
0 0.5197916666666667 0.3074074074074074 0.026041666666666668 0.046296296296296294
0 0.4708333333333333 0.3148148148148148 0.026041666666666668 0.046296296296296294
0 0.47708333333333336 0.3175925925925926 0.026041666666666668 0.046296296296296294
0 0.4947916666666667 0.31574074074074077 0.026041666666666668 0.046296296296296294
0 0.5078125 0.32314814814814813 0.026041666666666668 0.046296296296296294
0 0.44479166666666664 0.3314814814814815 0.026041666666666668 0.046296296296296294
4 0.478125 0.3351851851851852 0.026041666666666668 0.046296296296296294
0 0.5197916666666667 0.33055555555555555 0.026041666666666668 0.046296296296296294
4 0.45208333333333334 0.3416666666666667 0.026041666666666668 0.046296296296296294
4 0.5286458333333334 0.3388888888888889 0.026041666666666668 0.046296296296296294
4 0.415625 0.35 0.026041666666666668 0.046296296296296294
4 0.38333333333333336 0.35555555555555557 0.026041666666666668 0.046296296296296294
4 0.39479166666666665 0.35462962962962963 0.026041666666666668 0.046296296296296294
4 0.403125 0.35648148148148145 0.026041666666666668 0.046296296296296294
4 0.4661458333333333 0.35555555555555557 0.026041666666666668 0.046296296296296294
4 0.47604166666666664 0.3537037037037037 0.026041666666666668 0.046296296296296294
4 0.4822916666666667 0.3537037037037037 0.026041666666666668 0.046296296296296294
4 0.5067708333333333 0.35555555555555557 0.026041666666666668 0.046296296296296294
4 0.37552083333333336 0.3638888888888889 0.026041666666666668 0.046296296296296294
4 0.38697916666666665 0.3648148148148148 0.026041666666666668 0.046296296296296294
4 0.4203125 0.3638888888888889 0.026041666666666668 0.046296296296296294
4 0.3958333333333333 0.3685185185185185 0.026041666666666668 0.046296296296296294
4 0.4088541666666667 0.37222222222222223 0.026041666666666668 0.046296296296296294
4 0.5072916666666667 0.37037037037037035 0.026041666666666668 0.046296296296296294
3 0.6776041666666667 0.3685185185185185 0.026041666666666668 0.046296296296296294
2 0.1671875 0.37962962962962965 0.026041666666666668 0.046296296296296294
4 0.5161458333333333 0.3814814814814815 0.026041666666666668 0.046296296296296294
4 0.6552083333333333 0.3787037037037037 0.026041666666666668 0.046296296296296294
2 0.18229166666666666 0.3851851851851852 0.026041666666666668 0.046296296296296294
4 0.5 0.387037037037037 0.026041666666666668 0.046296296296296294
4 0.4244791666666667 0.3907407407407407 0.026041666666666668 0.046296296296296294
4 0.6552083333333333 0.39537037037037037 0.026041666666666668 0.046296296296296294
4 0.5078125 0.4027777777777778 0.026041666666666668 0.046296296296296294
2 0.18958333333333333 0.4083333333333333 0.026041666666666668 0.046296296296296294
4 0.5166666666666667 0.4101851851851852 0.026041666666666668 0.046296296296296294
4 0.5036458333333333 0.4166666666666667 0.026041666666666668 0.046296296296296294
4 0.6505208333333333 0.4185185185185185 0.026041666666666668 0.046296296296296294
4 0.5161458333333333 0.4222222222222222 0.026041666666666668 0.046296296296296294
4 0.5239583333333333 0.43148148148148147 0.026041666666666668 0.046296296296296294
4 0.6572916666666667 0.44166666666666665 0.026041666666666668 0.046296296296296294
4 0.4114583333333333 0.44722222222222224 0.026041666666666668 0.046296296296296294
4 0.47604166666666664 0.44722222222222224 0.026041666666666668 0.046296296296296294
4 0.49895833333333334 0.44907407407407407 0.026041666666666668 0.046296296296296294
3 0.7036458333333333 0.44814814814814813 0.026041666666666668 0.046296296296296294
4 0.5239583333333333 0.45555555555555555 0.026041666666666668 0.046296296296296294
3 0.6786458333333333 0.4564814814814815 0.026041666666666668 0.046296296296296294
4 0.5114583333333333 0.46574074074074073 0.026041666666666668 0.046296296296296294
4 0.4890625 0.47129629629629627 0.026041666666666668 0.046296296296296294
3 0.6911458333333333 0.4722222222222222 0.026041666666666668 0.046296296296296294
4 0.5291666666666667 0.4787037037037037 0.026041666666666668 0.046296296296296294
4 0.6286458333333333 0.47962962962962963 0.026041666666666668 0.046296296296296294
4 0.6609375 0.4787037037037037 0.026041666666666668 0.046296296296296294
3 0.6791666666666667 0.4861111111111111 0.026041666666666668 0.046296296296296294
3 0.6963541666666667 0.4981481481481482 0.026041666666666668 0.046296296296296294
4 0.6359375 0.5037037037037037 0.026041666666666668 0.046296296296296294
2 0.14427083333333332 0.5064814814814815 0.026041666666666668 0.046296296296296294
4 0.6036458333333333 0.5092592592592593 0.026041666666666668 0.046296296296296294
4 0.6276041666666666 0.5203703703703704 0.026041666666666668 0.046296296296296294
3 0.6864583333333333 0.5203703703703704 0.026041666666666668 0.046296296296296294
4 0.6666666666666666 0.5259259259259259 0.026041666666666668 0.046296296296296294
2 0.21458333333333332 0.5324074074074074 0.026041666666666668 0.046296296296296294
4 0.5322916666666667 0.5407407407407407 0.026041666666666668 0.046296296296296294
4 0.6161458333333333 0.5425925925925926 0.026041666666666668 0.046296296296296294
3 0.7208333333333333 0.5370370370370371 0.026041666666666668 0.046296296296296294
4 0.5489583333333333 0.5555555555555556 0.026041666666666668 0.046296296296296294
3 0.6703125 0.5564814814814815 0.026041666666666668 0.046296296296296294
4 0.5817708333333333 0.562037037037037 0.026041666666666668 0.046296296296296294
3 0.73125 0.5731481481481482 0.026041666666666668 0.046296296296296294
4 0.6322916666666667 0.575 0.026041666666666668 0.046296296296296294
3 0.7619791666666667 0.5842592592592593 0.026041666666666668 0.046296296296296294
3 0.7317708333333334 0.6027777777777777 0.026041666666666668 0.046296296296296294
3 0.6765625 0.6166666666666667 0.026041666666666668 0.046296296296296294
3 0.7630208333333334 0.6203703703703703 0.026041666666666668 0.046296296296296294
3 0.7895833333333333 0.6277777777777778 0.026041666666666668 0.046296296296296294
1 0.6848958333333334 0.6675925925925926 0.026041666666666668 0.046296296296296294
3 0.7661458333333333 0.6648148148148149 0.026041666666666668 0.046296296296296294
1 0.725 0.7027777777777777 0.026041666666666668 0.046296296296296294
1 0.5421875 0.7185185185185186 0.026041666666666668 0.046296296296296294
1 0.39895833333333336 0.7314814814814815 0.026041666666666668 0.046296296296296294
1 0.15572916666666667 0.7398148148148148 0.026041666666666668 0.046296296296296294
1 0.6223958333333334 0.7425925925925926 0.026041666666666668 0.046296296296296294
1 0.5848958333333333 0.7407407407407407 0.026041666666666668 0.046296296296296294
1 0.8822916666666667 0.7435185185185185 0.026041666666666668 0.046296296296296294
1 0.4739583333333333 0.7546296296296297 0.026041666666666668 0.046296296296296294
1 0.6505208333333333 0.812037037037037 0.026041666666666668 0.046296296296296294
1 0.7708333333333334 0.8351851851851851 0.026041666666666668 0.046296296296296294
1 0.828125 0.8398148148148148 0.026041666666666668 0.046296296296296294
1 0.975 0.8444444444444444 0.026041666666666668 0.046296296296296294
1 0.8203125 0.9120370370370371 0.026041666666666668 0.046296296296296294
1 0.13020833333333334 0.9324074074074075 0.026041666666666668 0.046296296296296294
1 0.37916666666666665 0.8 0.026041666666666668 0.046296296296296294
1 0.6583333333333333 0.8740740740740741 0.026041666666666668 0.046296296296296294
1 0.5458333333333333 0.7444444444444445 0.026041666666666668 0.046296296296296294
1 0.8677083333333333 0.8148148148148148 0.026041666666666668 0.046296296296296294
1 0.990625 0.8592592592592593 0.026041666666666668 0.046296296296296294
1 0.9583333333333334 0.9425925925925925 0.026041666666666668 0.046296296296296294
4 0.4552083333333333 0.4666666666666667 0.026041666666666668 0.046296296296296294
4 0.39479166666666665 0.45 0.026041666666666668 0.046296296296296294
4 0.440625 0.4222222222222222 0.026041666666666668 0.046296296296296294
2 0.21666666666666667 0.3907407407407407 0.026041666666666668 0.046296296296296294
2 0.203125 0.412962962962963 0.026041666666666668 0.046296296296296294
2 0.165625 0.42592592592592593 0.026041666666666668 0.046296296296296294
2 0.18541666666666667 0.5425925925925926 0.026041666666666668 0.046296296296296294
