0 0.47604166666666664 0.08703703703703704 0.026041666666666668 0.046296296296296294
0 0.4713541666666667 0.09814814814814815 0.026041666666666668 0.046296296296296294
0 0.48385416666666664 0.09814814814814815 0.026041666666666668 0.046296296296296294
0 0.47604166666666664 0.10555555555555556 0.026041666666666668 0.046296296296296294
0 0.4828125 0.11481481481481481 0.026041666666666668 0.046296296296296294
0 0.4947916666666667 0.12314814814814815 0.026041666666666668 0.046296296296296294
0 0.4713541666666667 0.12962962962962962 0.026041666666666668 0.046296296296296294
0 0.4828125 0.12962962962962962 0.026041666666666668 0.046296296296296294
0 0.4432291666666667 0.13240740740740742 0.026041666666666668 0.046296296296296294
0 0.44895833333333335 0.13518518518518519 0.026041666666666668 0.046296296296296294
0 0.4869791666666667 0.13796296296296295 0.026041666666666668 0.046296296296296294
0 0.44114583333333335 0.1425925925925926 0.026041666666666668 0.046296296296296294
0 0.4552083333333333 0.14537037037037037 0.026041666666666668 0.046296296296296294
0 0.4666666666666667 0.14444444444444443 0.026041666666666668 0.046296296296296294
0 0.475 0.14722222222222223 0.026041666666666668 0.046296296296296294
0 0.4546875 0.1527777777777778 0.026041666666666668 0.046296296296296294
0 0.46197916666666666 0.1537037037037037 0.026041666666666668 0.046296296296296294
0 0.48333333333333334 0.1537037037037037 0.026041666666666668 0.046296296296296294
0 0.4375 0.16296296296296298 0.026041666666666668 0.046296296296296294
0 0.44895833333333335 0.16111111111111112 0.026041666666666668 0.046296296296296294
0 0.475 0.16018518518518518 0.026041666666666668 0.046296296296296294
0 0.43333333333333335 0.17592592592592593 0.026041666666666668 0.046296296296296294
0 0.4484375 0.17407407407407408 0.026041666666666668 0.046296296296296294
0 0.4375 0.18425925925925926 0.026041666666666668 0.046296296296296294
0 0.465625 0.18518518518518517 0.026041666666666668 0.046296296296296294
0 0.44375 0.19166666666666668 0.026041666666666668 0.046296296296296294
0 0.4609375 0.1925925925925926 0.026041666666666668 0.046296296296296294
0 0.49166666666666664 0.19166666666666668 0.026041666666666668 0.046296296296296294
0 0.5125 0.1925925925925926 0.026041666666666668 0.046296296296296294
0 0.425 0.2074074074074074 0.026041666666666668 0.046296296296296294
0 0.4666666666666667 0.2064814814814815 0.026041666666666668 0.046296296296296294
0 0.42604166666666665 0.2222222222222222 0.026041666666666668 0.046296296296296294
0 0.5119791666666667 0.22407407407407406 0.026041666666666668 0.046296296296296294
0 0.4161458333333333 0.22870370370370371 0.026041666666666668 0.046296296296296294
0 0.434375 0.22962962962962963 0.026041666666666668 0.046296296296296294
0 0.5083333333333333 0.23425925925925925 0.026041666666666668 0.046296296296296294
0 0.5046875 0.2490740740740741 0.026041666666666668 0.046296296296296294
0 0.48125 0.2675925925925926 0.026041666666666668 0.046296296296296294
0 0.49947916666666664 0.26944444444444443 0.026041666666666668 0.046296296296296294
0 0.5130208333333334 0.2759259259259259 0.026041666666666668 0.046296296296296294
0 0.5203125 0.28055555555555556 0.026041666666666668 0.046296296296296294
0 0.5036458333333333 0.28703703703703703 0.026041666666666668 0.046296296296296294
0 0.6916666666666667 0.2861111111111111 0.026041666666666668 0.046296296296296294
0 0.5192708333333333 0.3 0.026041666666666668 0.046296296296296294
0 0.4557291666666667 0.30925925925925923 0.026041666666666668 0.046296296296296294
0 0.5119791666666667 0.3111111111111111 0.026041666666666668 0.046296296296296294
0 0.4317708333333333 0.31296296296296294 0.026041666666666668 0.046296296296296294
0 0.5197916666666667 0.3148148148148148 0.026041666666666668 0.046296296296296294
0 0.7072916666666667 0.3111111111111111 0.026041666666666668 0.046296296296296294
0 0.5130208333333334 0.32592592592592595 0.026041666666666668 0.046296296296296294
0 0.44583333333333336 0.33055555555555555 0.026041666666666668 0.046296296296296294
4 0.45416666666666666 0.3333333333333333 0.026041666666666668 0.046296296296296294
0 0.5036458333333333 0.33240740740740743 0.026041666666666668 0.046296296296296294
4 0.4739583333333333 0.3398148148148148 0.026041666666666668 0.046296296296296294
4 0.5072916666666667 0.3425925925925926 0.026041666666666668 0.046296296296296294
4 0.440625 0.3472222222222222 0.026041666666666668 0.046296296296296294
4 0.465625 0.34629629629629627 0.026041666666666668 0.046296296296296294
4 0.49895833333333334 0.3490740740740741 0.026041666666666668 0.046296296296296294
4 0.45260416666666664 0.3537037037037037 0.026041666666666668 0.046296296296296294
4 0.3734375 0.3611111111111111 0.026041666666666668 0.046296296296296294
4 0.38958333333333334 0.36018518518518516 0.026041666666666668 0.046296296296296294
4 0.4109375 0.362962962962963 0.026041666666666668 0.046296296296296294
4 0.4375 0.3638888888888889 0.026041666666666668 0.046296296296296294
4 0.4453125 0.362962962962963 0.026041666666666668 0.046296296296296294
4 0.5036458333333333 0.36574074074074076 0.026041666666666668 0.046296296296296294
4 0.5114583333333333 0.3648148148148148 0.026041666666666668 0.046296296296296294
4 0.4953125 0.37037037037037035 0.026041666666666668 0.046296296296296294
4 0.44114583333333335 0.38055555555555554 0.026041666666666668 0.046296296296296294
4 0.45364583333333336 0.3787037037037037 0.026041666666666668 0.046296296296296294
4 0.5026041666666666 0.3787037037037037 0.026041666666666668 0.046296296296296294
4 0.3958333333333333 0.3861111111111111 0.026041666666666668 0.046296296296296294
4 0.5192708333333333 0.38796296296296295 0.026041666666666668 0.046296296296296294
4 0.4203125 0.39351851851851855 0.026041666666666668 0.046296296296296294
4 0.4859375 0.40370370370370373 0.026041666666666668 0.046296296296296294
4 0.5125 0.4046296296296296 0.026041666666666668 0.046296296296296294
2 0.18645833333333334 0.4101851851851852 0.026041666666666668 0.046296296296296294
2 0.22083333333333333 0.40925925925925927 0.026041666666666668 0.046296296296296294
3 0.6703125 0.40925925925925927 0.026041666666666668 0.046296296296296294
2 0.18072916666666666 0.42685185185185187 0.026041666666666668 0.046296296296296294
4 0.3963541666666667 0.425 0.026041666666666668 0.046296296296296294
4 0.4817708333333333 0.42592592592592593 0.026041666666666668 0.046296296296296294
4 0.5197916666666667 0.42592592592592593 0.026041666666666668 0.046296296296296294
4 0.6567708333333333 0.4212962962962963 0.026041666666666668 0.046296296296296294
3 0.7020833333333333 0.425 0.026041666666666668 0.046296296296296294
4 0.5078125 0.4324074074074074 0.026041666666666668 0.046296296296296294
3 0.6895833333333333 0.43425925925925923 0.026041666666666668 0.046296296296296294
4 0.39114583333333336 0.4425925925925926 0.026041666666666668 0.046296296296296294
4 0.5255208333333333 0.4425925925925926 0.026041666666666668 0.046296296296296294
3 0.6697916666666667 0.44074074074074077 0.026041666666666668 0.046296296296296294
4 0.4359375 0.44907407407407407 0.026041666666666668 0.046296296296296294
4 0.4640625 0.45925925925925926 0.026041666666666668 0.046296296296296294
3 0.68125 0.4564814814814815 0.026041666666666668 0.046296296296296294
4 0.6536458333333334 0.4666666666666667 0.026041666666666668 0.046296296296296294
3 0.6958333333333333 0.4666666666666667 0.026041666666666668 0.046296296296296294
4 0.4119791666666667 0.4703703703703704 0.026041666666666668 0.046296296296296294
4 0.5078125 0.47129629629629627 0.026041666666666668 0.046296296296296294
3 0.6770833333333334 0.48148148148148145 0.026041666666666668 0.046296296296296294
4 0.6213541666666667 0.49722222222222223 0.026041666666666668 0.046296296296296294
4 0.6286458333333333 0.4981481481481482 0.026041666666666668 0.046296296296296294
3 0.69375 0.4962962962962963 0.026041666666666668 0.046296296296296294
4 0.603125 0.5027777777777778 0.026041666666666668 0.046296296296296294
3 0.6822916666666666 0.5037037037037037 0.026041666666666668 0.046296296296296294
4 0.5083333333333333 0.5101851851851852 0.026041666666666668 0.046296296296296294
4 0.5953125 0.5194444444444445 0.026041666666666668 0.046296296296296294
4 0.4125 0.5231481481481481 0.026041666666666668 0.046296296296296294
4 0.6197916666666666 0.5268518518518519 0.026041666666666668 0.046296296296296294
3 0.6692708333333334 0.5268518518518519 0.026041666666666668 0.046296296296296294
3 0.7322916666666667 0.5398148148148149 0.026041666666666668 0.046296296296296294
4 0.5208333333333334 0.5537037037037037 0.026041666666666668 0.046296296296296294
4 0.6317708333333333 0.5546296296296296 0.026041666666666668 0.046296296296296294
4 0.6041666666666666 0.5666666666666667 0.026041666666666668 0.046296296296296294
3 0.7609375 0.5712962962962963 0.026041666666666668 0.046296296296296294
4 0.503125 0.575 0.026041666666666668 0.046296296296296294
3 0.775 0.5814814814814815 0.026041666666666668 0.046296296296296294
4 0.4041666666666667 0.5879629629629629 0.026041666666666668 0.046296296296296294
4 0.640625 0.5907407407407408 0.026041666666666668 0.046296296296296294
4 0.6046875 0.5944444444444444 0.026041666666666668 0.046296296296296294
4 0.6338541666666667 0.5953703703703703 0.026041666666666668 0.046296296296296294
4 0.6598958333333333 0.5898148148148148 0.026041666666666668 0.046296296296296294
4 0.446875 0.5962962962962963 0.026041666666666668 0.046296296296296294
4 0.6453125 0.6138888888888889 0.026041666666666668 0.046296296296296294
3 0.7541666666666667 0.6185185185185185 0.026041666666666668 0.046296296296296294
4 0.378125 0.6259259259259259 0.026041666666666668 0.046296296296296294
4 0.5755208333333334 0.637962962962963 0.026041666666666668 0.046296296296296294
4 0.42083333333333334 0.6444444444444445 0.026041666666666668 0.046296296296296294
4 0.5380208333333333 0.6425925925925926 0.026041666666666668 0.046296296296296294
1 0.6703125 0.6962962962962963 0.026041666666666668 0.046296296296296294
1 0.5520833333333334 0.6981481481481482 0.026041666666666668 0.046296296296296294
1 0.7671875 0.7240740740740741 0.026041666666666668 0.046296296296296294
1 0.6 0.7518518518518519 0.026041666666666668 0.046296296296296294
1 0.7260416666666667 0.7435185185185185 0.026041666666666668 0.046296296296296294
1 0.9333333333333333 0.7481481481481481 0.026041666666666668 0.046296296296296294
1 0.8828125 0.7527777777777778 0.026041666666666668 0.046296296296296294
1 0.825 0.7574074074074074 0.026041666666666668 0.046296296296296294
1 0.3453125 0.7768518518518519 0.026041666666666668 0.046296296296296294
1 0.42239583333333336 0.7888888888888889 0.026041666666666668 0.046296296296296294
1 0.6239583333333333 0.774074074074074 0.026041666666666668 0.046296296296296294
1 0.7411458333333333 0.7898148148148149 0.026041666666666668 0.046296296296296294
1 0.38333333333333336 0.8055555555555556 0.026041666666666668 0.046296296296296294
1 0.47604166666666664 0.812962962962963 0.026041666666666668 0.046296296296296294
1 0.8729166666666667 0.8361111111111111 0.026041666666666668 0.046296296296296294
1 0.6515625 0.8490740740740741 0.026041666666666668 0.046296296296296294
1 0.690625 0.8324074074074074 0.026041666666666668 0.046296296296296294
1 0.7807291666666667 0.8361111111111111 0.026041666666666668 0.046296296296296294
1 0.35052083333333334 0.8685185185185185 0.026041666666666668 0.046296296296296294
1 0.5651041666666666 0.8712962962962963 0.026041666666666668 0.046296296296296294
1 0.6161458333333333 0.8907407407407407 0.026041666666666668 0.046296296296296294
1 0.6416666666666667 0.8935185185185185 0.026041666666666668 0.046296296296296294
1 0.3 0.9074074074074074 0.026041666666666668 0.046296296296296294
1 0.5473958333333333 0.9111111111111111 0.026041666666666668 0.046296296296296294
1 0.5265625 0.9175925925925926 0.026041666666666668 0.046296296296296294
1 0.9598958333333333 0.9453703703703704 0.026041666666666668 0.046296296296296294
1 0.30625 0.837037037037037 0.026041666666666668 0.046296296296296294
1 0.4375 0.8925925925925926 0.026041666666666668 0.046296296296296294
1 0.38333333333333336 0.9407407407407408 0.026041666666666668 0.046296296296296294
1 0.48020833333333335 0.8925925925925926 0.026041666666666668 0.046296296296296294
1 0.746875 0.9055555555555556 0.026041666666666668 0.046296296296296294
1 0.8208333333333333 0.8648148148148148 0.026041666666666668 0.046296296296296294
1 0.821875 0.8333333333333334 0.026041666666666668 0.046296296296296294
1 0.8875 0.9611111111111111 0.026041666666666668 0.046296296296296294
1 0.878125 0.9092592592592592 0.026041666666666668 0.046296296296296294
3 0.7260416666666667 0.5648148148148148 0.026041666666666668 0.046296296296296294
3 0.7604166666666666 0.6555555555555556 0.026041666666666668 0.046296296296296294
4 0.5947916666666667 0.6388888888888888 0.026041666666666668 0.046296296296296294
4 0.6177083333333333 0.6074074074074074 0.026041666666666668 0.046296296296296294
4 0.47604166666666664 0.6555555555555556 0.026041666666666668 0.046296296296296294
4 0.46458333333333335 0.5740740740740741 0.026041666666666668 0.046296296296296294
4 0.5020833333333333 0.6388888888888888 0.026041666666666668 0.046296296296296294
4 0.5229166666666667 0.6166666666666667 0.026041666666666668 0.046296296296296294
1 0.45208333333333334 0.6851851851851852 0.026041666666666668 0.046296296296296294
