0 0.4875 0.10648148148148148 0.026041666666666668 0.046296296296296294
0 0.4828125 0.12129629629629629 0.026041666666666668 0.046296296296296294
0 0.490625 0.12129629629629629 0.026041666666666668 0.046296296296296294
0 0.4708333333333333 0.12777777777777777 0.026041666666666668 0.046296296296296294
0 0.46145833333333336 0.13425925925925927 0.026041666666666668 0.046296296296296294
0 0.48333333333333334 0.13703703703703704 0.026041666666666668 0.046296296296296294
0 0.45416666666666666 0.14444444444444443 0.026041666666666668 0.046296296296296294
0 0.4739583333333333 0.14537037037037037 0.026041666666666668 0.046296296296296294
0 0.490625 0.1537037037037037 0.026041666666666668 0.046296296296296294
0 0.484375 0.16018518518518518 0.026041666666666668 0.046296296296296294
0 0.44895833333333335 0.16666666666666666 0.026041666666666668 0.046296296296296294
0 0.4317708333333333 0.17314814814814813 0.026041666666666668 0.046296296296296294
0 0.4708333333333333 0.17592592592592593 0.026041666666666668 0.046296296296296294
0 0.5005208333333333 0.17407407407407408 0.026041666666666668 0.046296296296296294
0 0.49947916666666664 0.1824074074074074 0.026041666666666668 0.046296296296296294
0 0.43854166666666666 0.25277777777777777 0.026041666666666668 0.046296296296296294
0 0.5109375 0.2537037037037037 0.026041666666666668 0.046296296296296294
0 0.5484375 0.26851851851851855 0.026041666666666668 0.046296296296296294
0 0.4953125 0.2777777777777778 0.026041666666666668 0.046296296296296294
0 0.5057291666666667 0.2851851851851852 0.026041666666666668 0.046296296296296294
0 0.546875 0.287962962962963 0.026041666666666668 0.046296296296296294
0 0.46875 0.29074074074074074 0.026041666666666668 0.046296296296296294
0 0.690625 0.29259259259259257 0.026041666666666668 0.046296296296296294
0 0.42291666666666666 0.2972222222222222 0.026041666666666668 0.046296296296296294
0 0.45677083333333335 0.29814814814814816 0.026041666666666668 0.046296296296296294
0 0.49947916666666664 0.30092592592592593 0.026041666666666668 0.046296296296296294
0 0.5098958333333333 0.30185185185185187 0.026041666666666668 0.046296296296296294
0 0.43645833333333334 0.30648148148148147 0.026041666666666668 0.046296296296296294
0 0.5317708333333333 0.30925925925925923 0.026041666666666668 0.046296296296296294
0 0.425 0.3138888888888889 0.026041666666666668 0.046296296296296294
0 0.45625 0.3148148148148148 0.026041666666666668 0.046296296296296294
0 0.4791666666666667 0.31666666666666665 0.026041666666666668 0.046296296296296294
0 0.70625 0.31296296296296294 0.026041666666666668 0.046296296296296294
0 0.49166666666666664 0.32407407407407407 0.026041666666666668 0.046296296296296294
0 0.5380208333333333 0.32592592592592595 0.026041666666666668 0.046296296296296294
0 0.43645833333333334 0.33055555555555555 0.026041666666666668 0.046296296296296294
0 0.4479166666666667 0.33240740740740743 0.026041666666666668 0.046296296296296294
0 0.4666666666666667 0.3314814814814815 0.026041666666666668 0.046296296296296294
0 0.5161458333333333 0.33240740740740743 0.026041666666666668 0.046296296296296294
4 0.4244791666666667 0.3388888888888889 0.026041666666666668 0.046296296296296294
4 0.49166666666666664 0.3472222222222222 0.026041666666666668 0.046296296296296294
4 0.5203125 0.35 0.026041666666666668 0.046296296296296294
4 0.38645833333333335 0.3527777777777778 0.026041666666666668 0.046296296296296294
4 0.43697916666666664 0.3537037037037037 0.026041666666666668 0.046296296296296294
4 0.4661458333333333 0.35555555555555557 0.026041666666666668 0.046296296296296294
4 0.5166666666666667 0.3574074074074074 0.026041666666666668 0.046296296296296294
4 0.45364583333333336 0.36203703703703705 0.026041666666666668 0.046296296296296294
4 0.4744791666666667 0.3638888888888889 0.026041666666666668 0.046296296296296294
4 0.5364583333333334 0.36203703703703705 0.026041666666666668 0.046296296296296294
4 0.3963541666666667 0.3731481481481482 0.026041666666666668 0.046296296296296294
4 0.4119791666666667 0.3685185185185185 0.026041666666666668 0.046296296296296294
4 0.4197916666666667 0.36944444444444446 0.026041666666666668 0.046296296296296294
4 0.5161458333333333 0.38055555555555554 0.026041666666666668 0.046296296296296294
4 0.440625 0.39351851851851855 0.026041666666666668 0.046296296296296294
4 0.45364583333333336 0.39351851851851855 0.026041666666666668 0.046296296296296294
4 0.6614583333333334 0.39537037037037037 0.026041666666666668 0.046296296296296294
4 0.5276041666666667 0.4046296296296296 0.026041666666666668 0.046296296296296294
2 0.19947916666666668 0.4064814814814815 0.026041666666666668 0.046296296296296294
2 0.2078125 0.4074074074074074 0.026041666666666668 0.046296296296296294
4 0.4583333333333333 0.4101851851851852 0.026041666666666668 0.046296296296296294
4 0.49895833333333334 0.4083333333333333 0.026041666666666668 0.046296296296296294
4 0.5203125 0.41203703703703703 0.026041666666666668 0.046296296296296294
4 0.6515625 0.40925925925925927 0.026041666666666668 0.046296296296296294
3 0.7036458333333333 0.4074074074074074 0.026041666666666668 0.046296296296296294
2 0.16614583333333333 0.41574074074074074 0.026041666666666668 0.046296296296296294
2 0.19114583333333332 0.41759259259259257 0.026041666666666668 0.046296296296296294
4 0.4203125 0.4166666666666667 0.026041666666666668 0.046296296296296294
4 0.4671875 0.4166666666666667 0.026041666666666668 0.046296296296296294
4 0.46927083333333336 0.4166666666666667 0.026041666666666668 0.046296296296296294
4 0.6567708333333333 0.4166666666666667 0.026041666666666668 0.046296296296296294
4 0.4786458333333333 0.42314814814814816 0.026041666666666668 0.046296296296296294
4 0.43697916666666664 0.4324074074074074 0.026041666666666668 0.046296296296296294
4 0.45729166666666665 0.4324074074074074 0.026041666666666668 0.046296296296296294
4 0.6520833333333333 0.44166666666666665 0.026041666666666668 0.046296296296296294
3 0.6744791666666666 0.4425925925925926 0.026041666666666668 0.046296296296296294
4 0.42864583333333334 0.45555555555555555 0.026041666666666668 0.046296296296296294
4 0.44895833333333335 0.4564814814814815 0.026041666666666668 0.046296296296296294
4 0.5005208333333333 0.4564814814814815 0.026041666666666668 0.046296296296296294
4 0.55 0.4564814814814815 0.026041666666666668 0.046296296296296294
4 0.6625 0.45740740740740743 0.026041666666666668 0.046296296296296294
4 0.5203125 0.4675925925925926 0.026041666666666668 0.046296296296296294
4 0.37864583333333335 0.47314814814814815 0.026041666666666668 0.046296296296296294
4 0.39947916666666666 0.47129629629629627 0.026041666666666668 0.046296296296296294
4 0.5119791666666667 0.47314814814814815 0.026041666666666668 0.046296296296296294
3 0.6697916666666667 0.47314814814814815 0.026041666666666668 0.046296296296296294
4 0.5036458333333333 0.48055555555555557 0.026041666666666668 0.046296296296296294
4 0.653125 0.48148148148148145 0.026041666666666668 0.046296296296296294
4 0.5166666666666667 0.487962962962963 0.026041666666666668 0.046296296296296294
4 0.525 0.4962962962962963 0.026041666666666668 0.046296296296296294
4 0.6291666666666667 0.49722222222222223 0.026041666666666668 0.046296296296296294
3 0.6703125 0.4981481481481482 0.026041666666666668 0.046296296296296294
4 0.45 0.512962962962963 0.026041666666666668 0.046296296296296294
4 0.4984375 0.5101851851851852 0.026041666666666668 0.046296296296296294
4 0.5177083333333333 0.512962962962963 0.026041666666666668 0.046296296296296294
3 0.6989583333333333 0.512962962962963 0.026041666666666668 0.046296296296296294
4 0.440625 0.5296296296296297 0.026041666666666668 0.046296296296296294
4 0.5171875 0.5277777777777778 0.026041666666666668 0.046296296296296294
4 0.6151041666666667 0.524074074074074 0.026041666666666668 0.046296296296296294
3 0.6703125 0.5259259259259259 0.026041666666666668 0.046296296296296294
4 0.4739583333333333 0.5361111111111111 0.026041666666666668 0.046296296296296294
3 0.7151041666666667 0.5342592592592592 0.026041666666666668 0.046296296296296294
4 0.5984375 0.5444444444444444 0.026041666666666668 0.046296296296296294
3 0.6880208333333333 0.5407407407407407 0.026041666666666668 0.046296296296296294
4 0.40520833333333334 0.549074074074074 0.026041666666666668 0.046296296296296294
4 0.43645833333333334 0.5537037037037037 0.026041666666666668 0.046296296296296294
4 0.5286458333333334 0.5509259259259259 0.026041666666666668 0.046296296296296294
4 0.5921875 0.55 0.026041666666666668 0.046296296296296294
4 0.46197916666666666 0.5592592592592592 0.026041666666666668 0.046296296296296294
4 0.4744791666666667 0.5564814814814815 0.026041666666666668 0.046296296296296294
4 0.5489583333333333 0.5555555555555556 0.026041666666666668 0.046296296296296294
3 0.6755208333333333 0.5574074074074075 0.026041666666666668 0.046296296296296294
3 0.7484375 0.5564814814814815 0.026041666666666668 0.046296296296296294
4 0.3859375 0.5648148148148148 0.026041666666666668 0.046296296296296294
4 0.5333333333333333 0.5685185185185185 0.026041666666666668 0.046296296296296294
3 0.7359375 0.562962962962963 0.026041666666666668 0.046296296296296294
3 0.7609375 0.5638888888888889 0.026041666666666668 0.046296296296296294
4 0.490625 0.5722222222222222 0.026041666666666668 0.046296296296296294
4 0.5713541666666667 0.575 0.026041666666666668 0.046296296296296294
4 0.44114583333333335 0.5805555555555556 0.026041666666666668 0.046296296296296294
4 0.5822916666666667 0.5814814814814815 0.026041666666666668 0.046296296296296294
4 0.5364583333333334 0.5888888888888889 0.026041666666666668 0.046296296296296294
4 0.5526041666666667 0.5898148148148148 0.026041666666666668 0.046296296296296294
4 0.5822916666666667 0.5981481481481481 0.026041666666666668 0.046296296296296294
4 0.5947916666666667 0.5962962962962963 0.026041666666666668 0.046296296296296294
4 0.37864583333333335 0.6055555555555555 0.026041666666666668 0.046296296296296294
4 0.4203125 0.6092592592592593 0.026041666666666668 0.046296296296296294
4 0.5703125 0.6101851851851852 0.026041666666666668 0.046296296296296294
4 0.6453125 0.612037037037037 0.026041666666666668 0.046296296296296294
3 0.7447916666666666 0.6212962962962963 0.026041666666666668 0.046296296296296294
4 0.5796875 0.625 0.026041666666666668 0.046296296296296294
4 0.490625 0.6314814814814815 0.026041666666666668 0.046296296296296294
3 0.7375 0.6398148148148148 0.026041666666666668 0.046296296296296294
4 0.6260416666666667 0.6555555555555556 0.026041666666666668 0.046296296296296294
4 0.6578125 0.6648148148148149 0.026041666666666668 0.046296296296296294
1 0.7822916666666667 0.6722222222222223 0.026041666666666668 0.046296296296296294
1 0.7067708333333333 0.6796296296296296 0.026041666666666668 0.046296296296296294
1 0.8973958333333333 0.7314814814814815 0.026041666666666668 0.046296296296296294
1 0.3875 0.75 0.026041666666666668 0.046296296296296294
1 0.47604166666666664 0.7453703703703703 0.026041666666666668 0.046296296296296294
1 0.35208333333333336 0.7555555555555555 0.026041666666666668 0.046296296296296294
1 0.8286458333333333 0.75 0.026041666666666668 0.046296296296296294
1 0.26666666666666666 0.7787037037037037 0.026041666666666668 0.046296296296296294
1 0.409375 0.7787037037037037 0.026041666666666668 0.046296296296296294
1 0.9052083333333333 0.7842592592592592 0.026041666666666668 0.046296296296296294
1 0.45208333333333334 0.8305555555555556 0.026041666666666668 0.046296296296296294
1 0.5604166666666667 0.8361111111111111 0.026041666666666668 0.046296296296296294
1 0.6510416666666666 0.8277777777777777 0.026041666666666668 0.046296296296296294
1 0.5359375 0.8435185185185186 0.026041666666666668 0.046296296296296294
1 0.6057291666666667 0.8425925925925926 0.026041666666666668 0.046296296296296294
1 0.8171875 0.850925925925926 0.026041666666666668 0.046296296296296294
1 0.40677083333333336 0.8703703703703703 0.026041666666666668 0.046296296296296294
1 0.3098958333333333 0.9175925925925926 0.026041666666666668 0.046296296296296294
1 0.9135416666666667 0.9157407407407407 0.026041666666666668 0.046296296296296294
1 0.5364583333333334 0.9407407407407408 0.026041666666666668 0.046296296296296294
1 0.9625 0.9537037037037037 0.026041666666666668 0.046296296296296294
1 0.9421875 0.9722222222222222 0.026041666666666668 0.046296296296296294
1 0.3671875 0.9796296296296296 0.026041666666666668 0.046296296296296294
1 0.5041666666666667 0.9898148148148148 0.026041666666666668 0.046296296296296294
1 0.9604166666666667 0.9962962962962963 0.026041666666666668 0.046296296296296294
1 0.23125 0.687037037037037 0.026041666666666668 0.046296296296296294
1 0.41770833333333335 0.9740740740740741 0.026041666666666668 0.046296296296296294
1 0.828125 0.9407407407407408 0.026041666666666668 0.046296296296296294
1 0.778125 0.8222222222222222 0.026041666666666668 0.046296296296296294
1 0.78125 0.7203703703703703 0.026041666666666668 0.046296296296296294
1 0.7125 0.7555555555555555 0.026041666666666668 0.046296296296296294
4 0.4635416666666667 0.6314814814814815 0.026041666666666668 0.046296296296296294
4 0.440625 0.6351851851851852 0.026041666666666668 0.046296296296296294
3 0.690625 0.6611111111111111 0.026041666666666668 0.046296296296296294
4 0.6666666666666666 0.6240740740740741 0.026041666666666668 0.046296296296296294
3 0.7385416666666667 0.5833333333333334 0.026041666666666668 0.046296296296296294
4 0.3854166666666667 0.3907407407407407 0.026041666666666668 0.046296296296296294
4 0.3729166666666667 0.37962962962962965 0.026041666666666668 0.046296296296296294
