0 0.4791666666666667 0.09722222222222222 0.026041666666666668 0.046296296296296294
0 0.47552083333333334 0.10740740740740741 0.026041666666666668 0.046296296296296294
0 0.4828125 0.10648148148148148 0.026041666666666668 0.046296296296296294
0 0.46927083333333336 0.11388888888888889 0.026041666666666668 0.046296296296296294
0 0.4822916666666667 0.12129629629629629 0.026041666666666668 0.046296296296296294
0 0.44114583333333335 0.12407407407407407 0.026041666666666668 0.046296296296296294
0 0.4708333333333333 0.12777777777777777 0.026041666666666668 0.046296296296296294
0 0.48802083333333335 0.12962962962962962 0.026041666666666668 0.046296296296296294
0 0.49322916666666666 0.12777777777777777 0.026041666666666668 0.046296296296296294
0 0.4984375 0.12777777777777777 0.026041666666666668 0.046296296296296294
0 0.43697916666666664 0.13796296296296295 0.026041666666666668 0.046296296296296294
0 0.45260416666666664 0.13055555555555556 0.026041666666666668 0.046296296296296294
0 0.4583333333333333 0.13333333333333333 0.026041666666666668 0.046296296296296294
0 0.46458333333333335 0.13796296296296295 0.026041666666666668 0.046296296296296294
0 0.43125 0.14351851851851852 0.026041666666666668 0.046296296296296294
0 0.440625 0.17407407407407408 0.026041666666666668 0.046296296296296294
0 0.44583333333333336 0.175 0.026041666666666668 0.046296296296296294
0 0.4984375 0.175 0.026041666666666668 0.046296296296296294
0 0.4822916666666667 0.1814814814814815 0.026041666666666668 0.046296296296296294
0 0.515625 0.18518518518518517 0.026041666666666668 0.046296296296296294
0 0.45 0.1935185185185185 0.026041666666666668 0.046296296296296294
0 0.4708333333333333 0.18888888888888888 0.026041666666666668 0.046296296296296294
0 0.4942708333333333 0.1935185185185185 0.026041666666666668 0.046296296296296294
0 0.5109375 0.21296296296296297 0.026041666666666668 0.046296296296296294
0 0.4234375 0.2222222222222222 0.026041666666666668 0.046296296296296294
0 0.4166666666666667 0.23148148148148148 0.026041666666666668 0.046296296296296294
0 0.42083333333333334 0.23055555555555557 0.026041666666666668 0.046296296296296294
0 0.43020833333333336 0.23148148148148148 0.026041666666666668 0.046296296296296294
0 0.4901041666666667 0.22962962962962963 0.026041666666666668 0.046296296296296294
0 0.45260416666666664 0.24351851851851852 0.026041666666666668 0.046296296296296294
0 0.46510416666666665 0.24259259259259258 0.026041666666666668 0.046296296296296294
0 0.47760416666666666 0.2462962962962963 0.026041666666666668 0.046296296296296294
0 0.4869791666666667 0.24444444444444444 0.026041666666666668 0.046296296296296294
0 0.41302083333333334 0.2537037037037037 0.026041666666666668 0.046296296296296294
0 0.42083333333333334 0.25462962962962965 0.026041666666666668 0.046296296296296294
0 0.4322916666666667 0.2564814814814815 0.026041666666666668 0.046296296296296294
0 0.4786458333333333 0.25555555555555554 0.026041666666666668 0.046296296296296294
0 0.4890625 0.25 0.026041666666666668 0.046296296296296294
0 0.4947916666666667 0.2518518518518518 0.026041666666666668 0.046296296296296294
0 0.44583333333333336 0.2638888888888889 0.026041666666666668 0.046296296296296294
0 0.5026041666666666 0.26296296296296295 0.026041666666666668 0.046296296296296294
0 0.4192708333333333 0.27685185185185185 0.026041666666666668 0.046296296296296294
0 0.5036458333333333 0.2777777777777778 0.026041666666666668 0.046296296296296294
0 0.5286458333333334 0.2861111111111111 0.026041666666666668 0.046296296296296294
0 0.44583333333333336 0.2916666666666667 0.026041666666666668 0.046296296296296294
0 0.45729166666666665 0.29444444444444445 0.026041666666666668 0.046296296296296294
0 0.4984375 0.29259259259259257 0.026041666666666668 0.046296296296296294
0 0.5411458333333333 0.2935185185185185 0.026041666666666668 0.046296296296296294
0 0.4161458333333333 0.30185185185185187 0.026041666666666668 0.046296296296296294
0 0.478125 0.30092592592592593 0.026041666666666668 0.046296296296296294
0 0.5036458333333333 0.30092592592592593 0.026041666666666668 0.046296296296296294
0 0.45364583333333336 0.30925925925925923 0.026041666666666668 0.046296296296296294
0 0.4609375 0.30925925925925923 0.026041666666666668 0.046296296296296294
0 0.4984375 0.3101851851851852 0.026041666666666668 0.046296296296296294
0 0.5067708333333333 0.31666666666666665 0.026041666666666668 0.046296296296296294
0 0.5359375 0.32685185185185184 0.026041666666666668 0.046296296296296294
0 0.69375 0.3212962962962963 0.026041666666666668 0.046296296296296294
0 0.453125 0.3314814814814815 0.026041666666666668 0.046296296296296294
0 0.478125 0.3287037037037037 0.026041666666666668 0.046296296296296294
4 0.43645833333333334 0.33796296296296297 0.026041666666666668 0.046296296296296294
4 0.49583333333333335 0.3398148148148148 0.026041666666666668 0.046296296296296294
4 0.4296875 0.35 0.026041666666666668 0.046296296296296294
4 0.5083333333333333 0.3472222222222222 0.026041666666666668 0.046296296296296294
4 0.3984375 0.3574074074074074 0.026041666666666668 0.046296296296296294
4 0.4161458333333333 0.3537037037037037 0.026041666666666668 0.046296296296296294
4 0.44166666666666665 0.35462962962962963 0.026041666666666668 0.046296296296296294
4 0.4666666666666667 0.3574074074074074 0.026041666666666668 0.046296296296296294
4 0.5067708333333333 0.36203703703703705 0.026041666666666668 0.046296296296296294
4 0.3921875 0.37037037037037035 0.026041666666666668 0.046296296296296294
4 0.39895833333333336 0.3712962962962963 0.026041666666666668 0.046296296296296294
4 0.403125 0.37777777777777777 0.026041666666666668 0.046296296296296294
4 0.4510416666666667 0.3787037037037037 0.026041666666666668 0.046296296296296294
4 0.5088541666666667 0.3787037037037037 0.026041666666666668 0.046296296296296294
4 0.5161458333333333 0.38333333333333336 0.026041666666666668 0.046296296296296294
4 0.38697916666666665 0.3861111111111111 0.026041666666666668 0.046296296296296294
4 0.4166666666666667 0.38333333333333336 0.026041666666666668 0.046296296296296294
4 0.42291666666666666 0.3851851851851852 0.026041666666666668 0.046296296296296294
2 0.2203125 0.3907407407407407 0.026041666666666668 0.046296296296296294
4 0.4005208333333333 0.39444444444444443 0.026041666666666668 0.046296296296296294
4 0.37864583333333335 0.4027777777777778 0.026041666666666668 0.046296296296296294
4 0.428125 0.39814814814814814 0.026041666666666668 0.046296296296296294
4 0.5072916666666667 0.4009259259259259 0.026041666666666668 0.046296296296296294
4 0.3958333333333333 0.4101851851851852 0.026041666666666668 0.046296296296296294
4 0.4109375 0.4111111111111111 0.026041666666666668 0.046296296296296294
2 0.1859375 0.41759259259259257 0.026041666666666668 0.046296296296296294
4 0.4317708333333333 0.4166666666666667 0.026041666666666668 0.046296296296296294
4 0.5161458333333333 0.4185185185185185 0.026041666666666668 0.046296296296296294
3 0.6682291666666667 0.42314814814814816 0.026041666666666668 0.046296296296296294
4 0.4744791666666667 0.4305555555555556 0.026041666666666668 0.046296296296296294
4 0.5177083333333333 0.43425925925925923 0.026041666666666668 0.046296296296296294
3 0.7119791666666667 0.4388888888888889 0.026041666666666668 0.046296296296296294
4 0.5203125 0.45 0.026041666666666668 0.046296296296296294
3 0.6770833333333334 0.4462962962962963 0.026041666666666668 0.046296296296296294
4 0.503125 0.46296296296296297 0.026041666666666668 0.046296296296296294
3 0.6947916666666667 0.4722222222222222 0.026041666666666668 0.046296296296296294
4 0.49635416666666665 0.48055555555555557 0.026041666666666668 0.046296296296296294
3 0.6786458333333333 0.47962962962962963 0.026041666666666668 0.046296296296296294
4 0.5322916666666667 0.49074074074074076 0.026041666666666668 0.046296296296296294
4 0.6005208333333333 0.48518518518518516 0.026041666666666668 0.046296296296296294
3 0.7005208333333334 0.49074074074074076 0.026041666666666668 0.046296296296296294
4 0.525 0.4981481481481482 0.026041666666666668 0.046296296296296294
3 0.6901041666666666 0.4962962962962963 0.026041666666666668 0.046296296296296294
4 0.6296875 0.5037037037037037 0.026041666666666668 0.046296296296296294
4 0.5197916666666667 0.5212962962962963 0.026041666666666668 0.046296296296296294
4 0.6125 0.5222222222222223 0.026041666666666668 0.046296296296296294
4 0.5354166666666667 0.5268518518518519 0.026041666666666668 0.046296296296296294
4 0.6322916666666667 0.525 0.026041666666666668 0.046296296296296294
3 0.6984375 0.5268518518518519 0.026041666666666668 0.046296296296296294
4 0.41822916666666665 0.5351851851851852 0.026041666666666668 0.046296296296296294
4 0.5765625 0.5305555555555556 0.026041666666666668 0.046296296296296294
4 0.390625 0.5407407407407407 0.026041666666666668 0.046296296296296294
4 0.4786458333333333 0.5388888888888889 0.026041666666666668 0.046296296296296294
4 0.6088541666666667 0.5407407407407407 0.026041666666666668 0.046296296296296294
3 0.728125 0.5398148148148149 0.026041666666666668 0.046296296296296294
3 0.7390625 0.5416666666666666 0.026041666666666668 0.046296296296296294
4 0.4348958333333333 0.5472222222222223 0.026041666666666668 0.046296296296296294
4 0.5510416666666667 0.5425925925925926 0.026041666666666668 0.046296296296296294
3 0.7583333333333333 0.55 0.026041666666666668 0.046296296296296294
4 0.38645833333333335 0.5601851851851852 0.026041666666666668 0.046296296296296294
4 0.41510416666666666 0.5601851851851852 0.026041666666666668 0.046296296296296294
3 0.7375 0.5592592592592592 0.026041666666666668 0.046296296296296294
4 0.5661458333333333 0.5648148148148148 0.026041666666666668 0.046296296296296294
4 0.6078125 0.5731481481481482 0.026041666666666668 0.046296296296296294
3 0.7078125 0.5712962962962963 0.026041666666666668 0.046296296296296294
4 0.65 0.5953703703703703 0.026041666666666668 0.046296296296296294
3 0.6953125 0.600925925925926 0.026041666666666668 0.046296296296296294
3 0.75 0.6305555555555555 0.026041666666666668 0.046296296296296294
3 0.7447916666666666 0.6592592592592592 0.026041666666666668 0.046296296296296294
1 0.6526041666666667 0.6787037037037037 0.026041666666666668 0.046296296296296294
1 0.5234375 0.6842592592592592 0.026041666666666668 0.046296296296296294
1 0.8869791666666667 0.7462962962962963 0.026041666666666668 0.046296296296296294
1 0.9645833333333333 0.8092592592592592 0.026041666666666668 0.046296296296296294
1 0.9942708333333333 0.8518518518518519 0.026041666666666668 0.046296296296296294
1 0.7557291666666667 0.8870370370370371 0.026041666666666668 0.046296296296296294
1 0.9296875 0.9101851851851852 0.026041666666666668 0.046296296296296294
1 0.8255208333333334 0.9203703703703704 0.026041666666666668 0.046296296296296294
1 0.16510416666666666 0.9740740740740741 0.026041666666666668 0.046296296296296294
1 0.825 0.8296296296296296 0.026041666666666668 0.046296296296296294
1 0.8875 0.7944444444444444 0.026041666666666668 0.046296296296296294
3 0.7666666666666667 0.5888888888888889 0.026041666666666668 0.046296296296296294
4 0.5427083333333333 0.5574074074074075 0.026041666666666668 0.046296296296296294
4 0.5010416666666667 0.524074074074074 0.026041666666666668 0.046296296296296294
4 0.45729166666666665 0.43148148148148147 0.026041666666666668 0.046296296296296294
4 0.65 0.43148148148148147 0.026041666666666668 0.046296296296296294
4 0.65 0.3962962962962963 0.026041666666666668 0.046296296296296294
2 0.16875 0.4166666666666667 0.026041666666666668 0.046296296296296294
4 0.38645833333333335 0.5092592592592593 0.026041666666666668 0.046296296296296294
4 0.4125 0.45925925925925926 0.026041666666666668 0.046296296296296294
4 0.403125 0.4462962962962963 0.026041666666666668 0.046296296296296294
4 0.41041666666666665 0.43333333333333335 0.026041666666666668 0.046296296296296294
4 0.396875 0.42592592592592593 0.026041666666666668 0.046296296296296294
4 0.42604166666666665 0.43333333333333335 0.026041666666666668 0.046296296296296294
4 0.38229166666666664 0.48148148148148145 0.026041666666666668 0.046296296296296294
4 0.3958333333333333 0.46111111111111114 0.026041666666666668 0.046296296296296294
4 0.37916666666666665 0.4222222222222222 0.026041666666666668 0.046296296296296294
4 0.3729166666666667 0.4462962962962963 0.026041666666666668 0.046296296296296294
0 0.44166666666666665 0.3111111111111111 0.026041666666666668 0.046296296296296294
