0 0.4703125 0.09537037037037037 0.026041666666666668 0.046296296296296294
0 0.4786458333333333 0.09722222222222222 0.026041666666666668 0.046296296296296294
0 0.49114583333333334 0.09537037037037037 0.026041666666666668 0.046296296296296294
0 0.4869791666666667 0.10648148148148148 0.026041666666666668 0.046296296296296294
0 0.4786458333333333 0.12037037037037036 0.026041666666666668 0.046296296296296294
0 0.4708333333333333 0.12777777777777777 0.026041666666666668 0.046296296296296294
0 0.4895833333333333 0.13055555555555556 0.026041666666666668 0.046296296296296294
0 0.453125 0.13240740740740742 0.026041666666666668 0.046296296296296294
0 0.45729166666666665 0.13518518518518519 0.026041666666666668 0.046296296296296294
0 0.4739583333333333 0.13796296296296295 0.026041666666666668 0.046296296296296294
0 0.4864583333333333 0.1388888888888889 0.026041666666666668 0.046296296296296294
0 0.5005208333333333 0.14629629629629629 0.026041666666666668 0.046296296296296294
0 0.4625 0.15092592592592594 0.026041666666666668 0.046296296296296294
0 0.4869791666666667 0.1537037037037037 0.026041666666666668 0.046296296296296294
0 0.4703125 0.175 0.026041666666666668 0.046296296296296294
0 0.48385416666666664 0.175 0.026041666666666668 0.046296296296296294
0 0.4953125 0.17592592592592593 0.026041666666666668 0.046296296296296294
0 0.428125 0.18055555555555555 0.026041666666666668 0.046296296296296294
0 0.45364583333333336 0.21388888888888888 0.026041666666666668 0.046296296296296294
0 0.4473958333333333 0.22777777777777777 0.026041666666666668 0.046296296296296294
0 0.4864583333333333 0.23333333333333334 0.026041666666666668 0.046296296296296294
0 0.503125 0.22777777777777777 0.026041666666666668 0.046296296296296294
0 0.42135416666666664 0.2361111111111111 0.026041666666666668 0.046296296296296294
0 0.4557291666666667 0.23703703703703705 0.026041666666666668 0.046296296296296294
0 0.5078125 0.23796296296296296 0.026041666666666668 0.046296296296296294
0 0.5197916666666667 0.23703703703703705 0.026041666666666668 0.046296296296296294
0 0.45625 0.24814814814814815 0.026041666666666668 0.046296296296296294
0 0.4791666666666667 0.2462962962962963 0.026041666666666668 0.046296296296296294
0 0.4395833333333333 0.25555555555555554 0.026041666666666668 0.046296296296296294
0 0.45677083333333335 0.25277777777777777 0.026041666666666668 0.046296296296296294
0 0.4671875 0.25277777777777777 0.026041666666666668 0.046296296296296294
0 0.4859375 0.25277777777777777 0.026041666666666668 0.046296296296296294
0 0.5145833333333333 0.25277777777777777 0.026041666666666668 0.046296296296296294
0 0.4296875 0.25925925925925924 0.026041666666666668 0.046296296296296294
0 0.4734375 0.2601851851851852 0.026041666666666668 0.046296296296296294
0 0.49895833333333334 0.2638888888888889 0.026041666666666668 0.046296296296296294
0 0.5072916666666667 0.2611111111111111 0.026041666666666668 0.046296296296296294
0 0.7036458333333333 0.2611111111111111 0.026041666666666668 0.046296296296296294
0 0.4703125 0.2722222222222222 0.026041666666666668 0.046296296296296294
0 0.490625 0.26944444444444443 0.026041666666666668 0.046296296296296294
0 0.4171875 0.27870370370370373 0.026041666666666668 0.046296296296296294
0 0.4322916666666667 0.27685185185185185 0.026041666666666668 0.046296296296296294
0 0.49947916666666664 0.27870370370370373 0.026041666666666668 0.046296296296296294
0 0.5208333333333334 0.27870370370370373 0.026041666666666668 0.046296296296296294
0 0.4822916666666667 0.2861111111111111 0.026041666666666668 0.046296296296296294
0 0.4953125 0.28425925925925927 0.026041666666666668 0.046296296296296294
0 0.5083333333333333 0.2851851851851852 0.026041666666666668 0.046296296296296294
0 0.5244791666666667 0.28888888888888886 0.026041666666666668 0.046296296296296294
0 0.55 0.2935185185185185 0.026041666666666668 0.046296296296296294
0 0.4244791666666667 0.30277777777777776 0.026041666666666668 0.046296296296296294
0 0.4359375 0.3 0.026041666666666668 0.046296296296296294
0 0.4473958333333333 0.3037037037037037 0.026041666666666668 0.046296296296296294
0 0.465625 0.2972222222222222 0.026041666666666668 0.046296296296296294
0 0.49166666666666664 0.30185185185185187 0.026041666666666668 0.046296296296296294
0 0.5020833333333333 0.30092592592592593 0.026041666666666668 0.046296296296296294
0 0.5197916666666667 0.3037037037037037 0.026041666666666668 0.046296296296296294
0 0.5119791666666667 0.3074074074074074 0.026041666666666668 0.046296296296296294
0 0.44114583333333335 0.31574074074074077 0.026041666666666668 0.046296296296296294
0 0.453125 0.31666666666666665 0.026041666666666668 0.046296296296296294
0 0.4822916666666667 0.3175925925925926 0.026041666666666668 0.046296296296296294
0 0.4276041666666667 0.32685185185185184 0.026041666666666668 0.046296296296296294
0 0.5 0.32222222222222224 0.026041666666666668 0.046296296296296294
0 0.5078125 0.325 0.026041666666666668 0.046296296296296294
4 0.4161458333333333 0.3333333333333333 0.026041666666666668 0.046296296296296294
0 0.44479166666666664 0.33240740740740743 0.026041666666666668 0.046296296296296294
0 0.4578125 0.3314814814814815 0.026041666666666668 0.046296296296296294
0 0.46927083333333336 0.33240740740740743 0.026041666666666668 0.046296296296296294
0 0.5109375 0.33240740740740743 0.026041666666666668 0.046296296296296294
4 0.4276041666666667 0.34074074074074073 0.026041666666666668 0.046296296296296294
4 0.42083333333333334 0.34814814814814815 0.026041666666666668 0.046296296296296294
4 0.4822916666666667 0.34629629629629627 0.026041666666666668 0.046296296296296294
4 0.375 0.35555555555555557 0.026041666666666668 0.046296296296296294
4 0.3776041666666667 0.35648148148148145 0.026041666666666668 0.046296296296296294
4 0.39010416666666664 0.35555555555555557 0.026041666666666668 0.046296296296296294
4 0.4078125 0.3574074074074074 0.026041666666666668 0.046296296296296294
4 0.5005208333333333 0.35555555555555557 0.026041666666666668 0.046296296296296294
4 0.5166666666666667 0.3527777777777778 0.026041666666666668 0.046296296296296294
3 0.6765625 0.3509259259259259 0.026041666666666668 0.046296296296296294
4 0.5130208333333334 0.36203703703703705 0.026041666666666668 0.046296296296296294
4 0.3953125 0.36944444444444446 0.026041666666666668 0.046296296296296294
3 0.740625 0.37222222222222223 0.026041666666666668 0.046296296296296294
4 0.39010416666666664 0.37962962962962965 0.026041666666666668 0.046296296296296294
4 0.3703125 0.387037037037037 0.026041666666666668 0.046296296296296294
4 0.515625 0.38796296296296295 0.026041666666666668 0.046296296296296294
2 0.19322916666666667 0.4 0.026041666666666668 0.046296296296296294
4 0.37395833333333334 0.4027777777777778 0.026041666666666668 0.046296296296296294
4 0.5151041666666667 0.40185185185185185 0.026041666666666668 0.046296296296296294
2 0.17760416666666667 0.4101851851851852 0.026041666666666668 0.046296296296296294
2 0.20989583333333334 0.4083333333333333 0.026041666666666668 0.046296296296296294
4 0.4125 0.40925925925925927 0.026041666666666668 0.046296296296296294
4 0.6572916666666667 0.4101851851851852 0.026041666666666668 0.046296296296296294
2 0.17864583333333334 0.4185185185185185 0.026041666666666668 0.046296296296296294
4 0.5161458333333333 0.41759259259259257 0.026041666666666668 0.046296296296296294
4 0.43645833333333334 0.4212962962962963 0.026041666666666668 0.046296296296296294
4 0.6494791666666667 0.42685185185185187 0.026041666666666668 0.046296296296296294
2 0.17083333333333334 0.4351851851851852 0.026041666666666668 0.046296296296296294
4 0.38125 0.4324074074074074 0.026041666666666668 0.046296296296296294
4 0.425 0.4305555555555556 0.026041666666666668 0.046296296296296294
4 0.43385416666666665 0.4324074074074074 0.026041666666666668 0.046296296296296294
4 0.45 0.43148148148148147 0.026041666666666668 0.046296296296296294
4 0.49947916666666664 0.43333333333333335 0.026041666666666668 0.046296296296296294
4 0.5151041666666667 0.43425925925925923 0.026041666666666668 0.046296296296296294
2 0.19114583333333332 0.4425925925925926 0.026041666666666668 0.046296296296296294
2 0.2125 0.4398148148148148 0.026041666666666668 0.046296296296296294
4 0.46041666666666664 0.44166666666666665 0.026041666666666668 0.046296296296296294
4 0.6625 0.4388888888888889 0.026041666666666668 0.046296296296296294
3 0.70625 0.4398148148148148 0.026041666666666668 0.046296296296296294
4 0.4817708333333333 0.4462962962962963 0.026041666666666668 0.046296296296296294
4 0.5067708333333333 0.45185185185185184 0.026041666666666668 0.046296296296296294
4 0.665625 0.44907407407407407 0.026041666666666668 0.046296296296296294
4 0.49375 0.4564814814814815 0.026041666666666668 0.046296296296296294
3 0.6901041666666666 0.45555555555555555 0.026041666666666668 0.046296296296296294
4 0.525 0.4648148148148148 0.026041666666666668 0.046296296296296294
2 0.21666666666666667 0.4722222222222222 0.026041666666666668 0.046296296296296294
4 0.5192708333333333 0.4740740740740741 0.026041666666666668 0.046296296296296294
3 0.6786458333333333 0.4722222222222222 0.026041666666666668 0.046296296296296294
4 0.5203125 0.4888888888888889 0.026041666666666668 0.046296296296296294
4 0.6244791666666667 0.49444444444444446 0.026041666666666668 0.046296296296296294
4 0.5208333333333334 0.4981481481481482 0.026041666666666668 0.046296296296296294
2 0.2171875 0.5101851851851852 0.026041666666666668 0.046296296296296294
4 0.5239583333333333 0.5101851851851852 0.026041666666666668 0.046296296296296294
4 0.39947916666666666 0.5138888888888888 0.026041666666666668 0.046296296296296294
4 0.425 0.5185185185185185 0.026041666666666668 0.046296296296296294
4 0.5447916666666667 0.5175925925925926 0.026041666666666668 0.046296296296296294
4 0.6354166666666666 0.5148148148148148 0.026041666666666668 0.046296296296296294
3 0.6984375 0.5185185185185185 0.026041666666666668 0.046296296296296294
3 0.7291666666666666 0.5425925925925926 0.026041666666666668 0.046296296296296294
4 0.6197916666666666 0.549074074074074 0.026041666666666668 0.046296296296296294
4 0.5520833333333334 0.5564814814814815 0.026041666666666668 0.046296296296296294
4 0.5791666666666667 0.5574074074074075 0.026041666666666668 0.046296296296296294
4 0.4822916666666667 0.5666666666666667 0.026041666666666668 0.046296296296296294
3 0.7375 0.5666666666666667 0.026041666666666668 0.046296296296296294
4 0.45729166666666665 0.5703703703703704 0.026041666666666668 0.046296296296296294
4 0.6453125 0.5861111111111111 0.026041666666666668 0.046296296296296294
4 0.5208333333333334 0.6037037037037037 0.026041666666666668 0.046296296296296294
3 0.68125 0.6148148148148148 0.026041666666666668 0.046296296296296294
3 0.7536458333333333 0.6222222222222222 0.026041666666666668 0.046296296296296294
3 0.725 0.6425925925925926 0.026041666666666668 0.046296296296296294
4 0.603125 0.6462962962962963 0.026041666666666668 0.046296296296296294
4 0.5723958333333333 0.6620370370370371 0.026041666666666668 0.046296296296296294
4 0.6140625 0.6592592592592592 0.026041666666666668 0.046296296296296294
3 0.7703125 0.6657407407407407 0.026041666666666668 0.046296296296296294
1 0.7104166666666667 0.675 0.026041666666666668 0.046296296296296294
1 0.5661458333333333 0.7212962962962963 0.026041666666666668 0.046296296296296294
1 0.6463541666666667 0.7222222222222222 0.026041666666666668 0.046296296296296294
1 0.8822916666666667 0.7435185185185185 0.026041666666666668 0.046296296296296294
1 0.6463541666666667 0.7777777777777778 0.026041666666666668 0.046296296296296294
1 0.8635416666666667 0.799074074074074 0.026041666666666668 0.046296296296296294
1 0.765625 0.8305555555555556 0.026041666666666668 0.046296296296296294
1 0.8296875 0.8287037037037037 0.026041666666666668 0.046296296296296294
1 0.9833333333333333 0.850925925925926 0.026041666666666668 0.046296296296296294
1 0.8296875 0.8694444444444445 0.026041666666666668 0.046296296296296294
1 0.45 0.8814814814814815 0.026041666666666668 0.046296296296296294
1 0.8166666666666667 0.9111111111111111 0.026041666666666668 0.046296296296296294
1 0.9630208333333333 0.9444444444444444 0.026041666666666668 0.046296296296296294
1 0.6208333333333333 0.7537037037037037 0.026041666666666668 0.046296296296296294
1 0.99375 0.8629629629629629 0.026041666666666668 0.046296296296296294
3 0.759375 0.5833333333333334 0.026041666666666668 0.046296296296296294
1 0.7541666666666667 0.7 0.026041666666666668 0.046296296296296294
4 0.60625 0.5685185185185185 0.026041666666666668 0.046296296296296294
4 0.6635416666666667 0.5388888888888889 0.026041666666666668 0.046296296296296294
4 0.6520833333333333 0.37592592592592594 0.026041666666666668 0.046296296296296294
4 0.46875 0.47962962962962963 0.026041666666666668 0.046296296296296294
4 0.36875 0.4444444444444444 0.026041666666666668 0.046296296296296294
3 0.7479166666666667 0.5537037037037037 0.026041666666666668 0.046296296296296294
