0 0.4708333333333333 0.12962962962962962 0.026041666666666668 0.046296296296296294
0 0.47708333333333336 0.12962962962962962 0.026041666666666668 0.046296296296296294
0 0.46145833333333336 0.1361111111111111 0.026041666666666668 0.046296296296296294
0 0.4796875 0.14444444444444443 0.026041666666666668 0.046296296296296294
0 0.4630208333333333 0.1537037037037037 0.026041666666666668 0.046296296296296294
0 0.4828125 0.16018518518518518 0.026041666666666668 0.046296296296296294
0 0.4630208333333333 0.16666666666666666 0.026041666666666668 0.046296296296296294
0 0.49895833333333334 0.16574074074074074 0.026041666666666668 0.046296296296296294
0 0.4317708333333333 0.175 0.026041666666666668 0.046296296296296294
0 0.48333333333333334 0.17407407407407408 0.026041666666666668 0.046296296296296294
0 0.49114583333333334 0.17407407407407408 0.026041666666666668 0.046296296296296294
0 0.4869791666666667 0.18611111111111112 0.026041666666666668 0.046296296296296294
0 0.49895833333333334 0.1824074074074074 0.026041666666666668 0.046296296296296294
0 0.5036458333333333 0.1824074074074074 0.026041666666666668 0.046296296296296294
0 0.5109375 0.18518518518518517 0.026041666666666668 0.046296296296296294
0 0.478125 0.1925925925925926 0.026041666666666668 0.046296296296296294
0 0.5145833333333333 0.19166666666666668 0.026041666666666668 0.046296296296296294
0 0.4703125 0.19907407407407407 0.026041666666666668 0.046296296296296294
0 0.5036458333333333 0.2 0.026041666666666668 0.046296296296296294
0 0.440625 0.20277777777777778 0.026041666666666668 0.046296296296296294
0 0.49114583333333334 0.23055555555555557 0.026041666666666668 0.046296296296296294
0 0.5072916666666667 0.22962962962962963 0.026041666666666668 0.046296296296296294
0 0.4317708333333333 0.2574074074074074 0.026041666666666668 0.046296296296296294
0 0.5151041666666667 0.27037037037037037 0.026041666666666668 0.046296296296296294
0 0.42604166666666665 0.27685185185185185 0.026041666666666668 0.046296296296296294
0 0.46770833333333334 0.27870370370370373 0.026041666666666668 0.046296296296296294
0 0.4739583333333333 0.27870370370370373 0.026041666666666668 0.046296296296296294
0 0.5 0.27685185185185185 0.026041666666666668 0.046296296296296294
0 0.50625 0.275 0.026041666666666668 0.046296296296296294
0 0.5380208333333333 0.2777777777777778 0.026041666666666668 0.046296296296296294
0 0.46145833333333336 0.2861111111111111 0.026041666666666668 0.046296296296296294
0 0.5041666666666667 0.29444444444444445 0.026041666666666668 0.046296296296296294
0 0.5109375 0.2916666666666667 0.026041666666666668 0.046296296296296294
0 0.690625 0.2935185185185185 0.026041666666666668 0.046296296296296294
0 0.4859375 0.30092592592592593 0.026041666666666668 0.046296296296296294
0 0.46979166666666666 0.30833333333333335 0.026041666666666668 0.046296296296296294
0 0.7057291666666666 0.31296296296296294 0.026041666666666668 0.046296296296296294
0 0.415625 0.32314814814814813 0.026041666666666668 0.046296296296296294
0 0.4744791666666667 0.32314814814814813 0.026041666666666668 0.046296296296296294
0 0.49895833333333334 0.32592592592592595 0.026041666666666668 0.046296296296296294
0 0.5161458333333333 0.32592592592592595 0.026041666666666668 0.046296296296296294
0 0.44479166666666664 0.33240740740740743 0.026041666666666668 0.046296296296296294
0 0.45729166666666665 0.33055555555555555 0.026041666666666668 0.046296296296296294
0 0.5083333333333333 0.33055555555555555 0.026041666666666668 0.046296296296296294
4 0.41041666666666665 0.3509259259259259 0.026041666666666668 0.046296296296296294
4 0.42864583333333334 0.34814814814814815 0.026041666666666668 0.046296296296296294
4 0.45 0.35 0.026041666666666668 0.046296296296296294
4 0.465625 0.3490740740740741 0.026041666666666668 0.046296296296296294
4 0.4828125 0.3490740740740741 0.026041666666666668 0.046296296296296294
4 0.5072916666666667 0.34444444444444444 0.026041666666666668 0.046296296296296294
4 0.5145833333333333 0.3490740740740741 0.026041666666666668 0.046296296296296294
4 0.38645833333333335 0.35462962962962963 0.026041666666666668 0.046296296296296294
4 0.5145833333333333 0.36574074074074076 0.026041666666666668 0.046296296296296294
4 0.5078125 0.37037037037037035 0.026041666666666668 0.046296296296296294
4 0.4947916666666667 0.387037037037037 0.026041666666666668 0.046296296296296294
4 0.5109375 0.3888888888888889 0.026041666666666668 0.046296296296296294
4 0.5328125 0.38796296296296295 0.026041666666666668 0.046296296296296294
3 0.6828125 0.3925925925925926 0.026041666666666668 0.046296296296296294
2 0.2109375 0.39814814814814814 0.026041666666666668 0.046296296296296294
4 0.5239583333333333 0.4027777777777778 0.026041666666666668 0.046296296296296294
4 0.6505208333333333 0.40185185185185185 0.026041666666666668 0.046296296296296294
4 0.44895833333333335 0.40925925925925927 0.026041666666666668 0.046296296296296294
4 0.48020833333333335 0.40925925925925927 0.026041666666666668 0.046296296296296294
2 0.178125 0.41574074074074074 0.026041666666666668 0.046296296296296294
2 0.20625 0.41944444444444445 0.026041666666666668 0.046296296296296294
3 0.671875 0.4212962962962963 0.026041666666666668 0.046296296296296294
4 0.44583333333333336 0.42685185185185187 0.026041666666666668 0.046296296296296294
4 0.5036458333333333 0.4222222222222222 0.026041666666666668 0.046296296296296294
4 0.515625 0.42592592592592593 0.026041666666666668 0.046296296296296294
4 0.5333333333333333 0.42685185185185187 0.026041666666666668 0.046296296296296294
4 0.5192708333333333 0.4361111111111111 0.026041666666666668 0.046296296296296294
4 0.6651041666666667 0.43333333333333335 0.026041666666666668 0.046296296296296294
4 0.4713541666666667 0.44351851851851853 0.026041666666666668 0.046296296296296294
4 0.4947916666666667 0.44166666666666665 0.026041666666666668 0.046296296296296294
4 0.5078125 0.4398148148148148 0.026041666666666668 0.046296296296296294
3 0.678125 0.4425925925925926 0.026041666666666668 0.046296296296296294
3 0.70625 0.4388888888888889 0.026041666666666668 0.046296296296296294
4 0.44635416666666666 0.45185185185185184 0.026041666666666668 0.046296296296296294
4 0.6619791666666667 0.44907407407407407 0.026041666666666668 0.046296296296296294
3 0.6734375 0.4583333333333333 0.026041666666666668 0.046296296296296294
4 0.4708333333333333 0.46296296296296297 0.026041666666666668 0.046296296296296294
4 0.5197916666666667 0.4638888888888889 0.026041666666666668 0.046296296296296294
4 0.5026041666666666 0.47685185185185186 0.026041666666666668 0.046296296296296294
4 0.6213541666666667 0.49074074074074076 0.026041666666666668 0.046296296296296294
4 0.6536458333333334 0.48703703703703705 0.026041666666666668 0.046296296296296294
4 0.5145833333333333 0.49907407407407406 0.026041666666666668 0.046296296296296294
3 0.6713541666666667 0.4962962962962963 0.026041666666666668 0.046296296296296294
4 0.4703125 0.5009259259259259 0.026041666666666668 0.046296296296296294
4 0.6161458333333333 0.5055555555555555 0.026041666666666668 0.046296296296296294
3 0.6911458333333333 0.5027777777777778 0.026041666666666668 0.046296296296296294
4 0.6328125 0.5101851851851852 0.026041666666666668 0.046296296296296294
3 0.6744791666666666 0.5111111111111111 0.026041666666666668 0.046296296296296294
3 0.7026041666666667 0.5111111111111111 0.026041666666666668 0.046296296296296294
4 0.5046875 0.5166666666666667 0.026041666666666668 0.046296296296296294
4 0.38177083333333334 0.5259259259259259 0.026041666666666668 0.046296296296296294
4 0.39791666666666664 0.525 0.026041666666666668 0.046296296296296294
4 0.5135416666666667 0.525 0.026041666666666668 0.046296296296296294
3 0.703125 0.5287037037037037 0.026041666666666668 0.046296296296296294
4 0.6208333333333333 0.5324074074074074 0.026041666666666668 0.046296296296296294
3 0.6671875 0.5370370370370371 0.026041666666666668 0.046296296296296294
3 0.71875 0.5333333333333333 0.026041666666666668 0.046296296296296294
3 0.7333333333333333 0.5333333333333333 0.026041666666666668 0.046296296296296294
4 0.4359375 0.5388888888888889 0.026041666666666668 0.046296296296296294
4 0.38229166666666664 0.5481481481481482 0.026041666666666668 0.046296296296296294
4 0.5166666666666667 0.549074074074074 0.026041666666666668 0.046296296296296294
4 0.6036458333333333 0.549074074074074 0.026041666666666668 0.046296296296296294
4 0.44583333333333336 0.5574074074074075 0.026041666666666668 0.046296296296296294
4 0.5692708333333333 0.5509259259259259 0.026041666666666668 0.046296296296296294
4 0.6286458333333333 0.5546296296296296 0.026041666666666668 0.046296296296296294
4 0.4869791666666667 0.5638888888888889 0.026041666666666668 0.046296296296296294
4 0.5489583333333333 0.5638888888888889 0.026041666666666668 0.046296296296296294
3 0.7395833333333334 0.5638888888888889 0.026041666666666668 0.046296296296296294
3 0.7609375 0.5657407407407408 0.026041666666666668 0.046296296296296294
3 0.740625 0.5787037037037037 0.026041666666666668 0.046296296296296294
3 0.7479166666666667 0.5805555555555556 0.026041666666666668 0.046296296296296294
4 0.40625 0.5851851851851851 0.026041666666666668 0.046296296296296294
4 0.4244791666666667 0.5962962962962963 0.026041666666666668 0.046296296296296294
4 0.49166666666666664 0.5935185185185186 0.026041666666666668 0.046296296296296294
4 0.45729166666666665 0.6064814814814815 0.026041666666666668 0.046296296296296294
3 0.684375 0.612037037037037 0.026041666666666668 0.046296296296296294
4 0.4161458333333333 0.6268518518518519 0.026041666666666668 0.046296296296296294
4 0.38333333333333336 0.6398148148148148 0.026041666666666668 0.046296296296296294
3 0.6942708333333333 0.6388888888888888 0.026041666666666668 0.046296296296296294
4 0.5 0.65 0.026041666666666668 0.046296296296296294
4 0.5828125 0.6398148148148148 0.026041666666666668 0.046296296296296294
1 0.5114583333333333 0.674074074074074 0.026041666666666668 0.046296296296296294
1 0.7661458333333333 0.6694444444444444 0.026041666666666668 0.046296296296296294
1 0.703125 0.6814814814814815 0.026041666666666668 0.046296296296296294
1 0.21666666666666667 0.6888888888888889 0.026041666666666668 0.046296296296296294
1 0.7864583333333334 0.6888888888888889 0.026041666666666668 0.046296296296296294
1 0.19166666666666668 0.6944444444444444 0.026041666666666668 0.046296296296296294
1 0.6265625 0.7018518518518518 0.026041666666666668 0.046296296296296294
1 0.165625 0.7296296296296296 0.026041666666666668 0.046296296296296294
1 0.41041666666666665 0.7407407407407407 0.026041666666666668 0.046296296296296294
1 0.3671875 0.7620370370370371 0.026041666666666668 0.046296296296296294
1 0.8848958333333333 0.75 0.026041666666666668 0.046296296296296294
1 0.19635416666666666 0.7666666666666667 0.026041666666666668 0.046296296296296294
1 0.9541666666666667 0.7666666666666667 0.026041666666666668 0.046296296296296294
1 0.3098958333333333 0.7777777777777778 0.026041666666666668 0.046296296296296294
1 0.353125 0.7814814814814814 0.026041666666666668 0.046296296296296294
1 0.37135416666666665 0.7824074074074074 0.026041666666666668 0.046296296296296294
1 0.159375 0.7953703703703704 0.026041666666666668 0.046296296296296294
1 0.7666666666666667 0.8203703703703704 0.026041666666666668 0.046296296296296294
1 0.45416666666666666 0.8277777777777777 0.026041666666666668 0.046296296296296294
1 0.31197916666666664 0.8342592592592593 0.026041666666666668 0.046296296296296294
1 0.390625 0.8240740740740741 0.026041666666666668 0.046296296296296294
1 0.4791666666666667 0.837037037037037 0.026041666666666668 0.046296296296296294
1 0.7895833333333333 0.8583333333333333 0.026041666666666668 0.046296296296296294
1 0.828125 0.8648148148148148 0.026041666666666668 0.046296296296296294
1 0.5010416666666667 0.8916666666666667 0.026041666666666668 0.046296296296296294
1 0.6635416666666667 0.8981481481481481 0.026041666666666668 0.046296296296296294
1 0.9380208333333333 0.9212962962962963 0.026041666666666668 0.046296296296296294
1 0.8302083333333333 0.9398148148148148 0.026041666666666668 0.046296296296296294
1 0.7552083333333334 0.9638888888888889 0.026041666666666668 0.046296296296296294
1 0.08541666666666667 0.9962962962962963 0.026041666666666668 0.046296296296296294
1 0.8708333333333333 0.8277777777777777 0.026041666666666668 0.046296296296296294
1 0.925 0.8222222222222222 0.026041666666666668 0.046296296296296294
1 0.9729166666666667 0.9444444444444444 0.026041666666666668 0.046296296296296294
1 0.5208333333333334 0.8222222222222222 0.026041666666666668 0.046296296296296294
1 0.13020833333333334 0.85 0.026041666666666668 0.046296296296296294
2 0.18645833333333334 0.4537037037037037 0.026041666666666668 0.046296296296296294
2 0.21041666666666667 0.4666666666666667 0.026041666666666668 0.046296296296296294
3 0.759375 0.6111111111111112 0.026041666666666668 0.046296296296296294
1 0.6791666666666667 0.674074074074074 0.026041666666666668 0.046296296296296294
4 0.6072916666666667 0.5740740740740741 0.026041666666666668 0.046296296296296294
