0 0.4708333333333333 0.1287037037037037 0.026041666666666668 0.046296296296296294
0 0.478125 0.12962962962962962 0.026041666666666668 0.046296296296296294
0 0.4510416666666667 0.13425925925925927 0.026041666666666668 0.046296296296296294
0 0.4625 0.13703703703703704 0.026041666666666668 0.046296296296296294
0 0.4869791666666667 0.1388888888888889 0.026041666666666668 0.046296296296296294
0 0.49583333333333335 0.13703703703703704 0.026041666666666668 0.046296296296296294
0 0.4588541666666667 0.14537037037037037 0.026041666666666668 0.046296296296296294
0 0.475 0.14351851851851852 0.026041666666666668 0.046296296296296294
0 0.4828125 0.14629629629629629 0.026041666666666668 0.046296296296296294
0 0.46197916666666666 0.15462962962962962 0.026041666666666668 0.046296296296296294
0 0.44947916666666665 0.16111111111111112 0.026041666666666668 0.046296296296296294
0 0.4828125 0.16111111111111112 0.026041666666666668 0.046296296296296294
0 0.4947916666666667 0.15833333333333333 0.026041666666666668 0.046296296296296294
0 0.4901041666666667 0.1675925925925926 0.026041666666666668 0.046296296296296294
0 0.4317708333333333 0.17407407407407408 0.026041666666666668 0.046296296296296294
0 0.475 0.17592592592592593 0.026041666666666668 0.046296296296296294
0 0.5005208333333333 0.17407407407407408 0.026041666666666668 0.046296296296296294
0 0.45625 0.18611111111111112 0.026041666666666668 0.046296296296296294
0 0.4869791666666667 0.18518518518518517 0.026041666666666668 0.046296296296296294
0 0.49895833333333334 0.18333333333333332 0.026041666666666668 0.046296296296296294
0 0.4328125 0.19074074074074074 0.026041666666666668 0.046296296296296294
0 0.4739583333333333 0.1925925925925926 0.026041666666666668 0.046296296296296294
0 0.4578125 0.19722222222222222 0.026041666666666668 0.046296296296296294
0 0.4328125 0.20555555555555555 0.026041666666666668 0.046296296296296294
0 0.490625 0.2064814814814815 0.026041666666666668 0.046296296296296294
0 0.5057291666666667 0.2074074074074074 0.026041666666666668 0.046296296296296294
0 0.4864583333333333 0.2175925925925926 0.026041666666666668 0.046296296296296294
0 0.440625 0.2222222222222222 0.026041666666666668 0.046296296296296294
0 0.5 0.22314814814814815 0.026041666666666668 0.046296296296296294
0 0.50625 0.2222222222222222 0.026041666666666668 0.046296296296296294
0 0.4203125 0.22870370370370371 0.026041666666666668 0.046296296296296294
0 0.4401041666666667 0.2388888888888889 0.026041666666666668 0.046296296296296294
0 0.428125 0.24444444444444444 0.026041666666666668 0.046296296296296294
0 0.4947916666666667 0.2490740740740741 0.026041666666666668 0.046296296296296294
0 0.4578125 0.2564814814814815 0.026041666666666668 0.046296296296296294
0 0.4588541666666667 0.27037037037037037 0.026041666666666668 0.046296296296296294
0 0.478125 0.26944444444444443 0.026041666666666668 0.046296296296296294
0 0.525 0.27870370370370373 0.026041666666666668 0.046296296296296294
0 0.5453125 0.2759259259259259 0.026041666666666668 0.046296296296296294
0 0.4354166666666667 0.28425925925925927 0.026041666666666668 0.046296296296296294
0 0.4947916666666667 0.28425925925925927 0.026041666666666668 0.046296296296296294
0 0.5072916666666667 0.2851851851851852 0.026041666666666668 0.046296296296296294
0 0.5348958333333333 0.2851851851851852 0.026041666666666668 0.046296296296296294
0 0.5505208333333333 0.2851851851851852 0.026041666666666668 0.046296296296296294
0 0.45729166666666665 0.2898148148148148 0.026041666666666668 0.046296296296296294
0 0.5203125 0.2935185185185185 0.026041666666666668 0.046296296296296294
0 0.6911458333333333 0.29259259259259257 0.026041666666666668 0.046296296296296294
0 0.4161458333333333 0.29814814814814816 0.026041666666666668 0.046296296296296294
0 0.4359375 0.30185185185185187 0.026041666666666668 0.046296296296296294
0 0.4708333333333333 0.30185185185185187 0.026041666666666668 0.046296296296296294
0 0.4953125 0.29907407407407405 0.026041666666666668 0.046296296296296294
0 0.5026041666666666 0.30092592592592593 0.026041666666666668 0.046296296296296294
0 0.5203125 0.30185185185185187 0.026041666666666668 0.046296296296296294
0 0.47760416666666666 0.30833333333333335 0.026041666666666668 0.046296296296296294
0 0.5119791666666667 0.31296296296296294 0.026041666666666668 0.046296296296296294
0 0.49583333333333335 0.31666666666666665 0.026041666666666668 0.046296296296296294
0 0.70625 0.31203703703703706 0.026041666666666668 0.046296296296296294
0 0.490625 0.325 0.026041666666666668 0.046296296296296294
0 0.49895833333333334 0.32592592592592595 0.026041666666666668 0.046296296296296294
4 0.5109375 0.3398148148148148 0.026041666666666668 0.046296296296296294
4 0.4953125 0.3472222222222222 0.026041666666666668 0.046296296296296294
4 0.37916666666666665 0.37037037037037035 0.026041666666666668 0.046296296296296294
4 0.39114583333333336 0.36944444444444446 0.026041666666666668 0.046296296296296294
4 0.3984375 0.3712962962962963 0.026041666666666668 0.046296296296296294
4 0.5125 0.36944444444444446 0.026041666666666668 0.046296296296296294
4 0.51875 0.3731481481481482 0.026041666666666668 0.046296296296296294
4 0.5234375 0.3712962962962963 0.026041666666666668 0.046296296296296294
4 0.5291666666666667 0.3861111111111111 0.026041666666666668 0.046296296296296294
4 0.4947916666666667 0.39166666666666666 0.026041666666666668 0.046296296296296294
4 0.5151041666666667 0.39444444444444443 0.026041666666666668 0.046296296296296294
4 0.6583333333333333 0.39444444444444443 0.026041666666666668 0.046296296296296294
2 0.21458333333333332 0.4 0.026041666666666668 0.046296296296296294
4 0.5208333333333334 0.4027777777777778 0.026041666666666668 0.046296296296296294
2 0.20520833333333333 0.4111111111111111 0.026041666666666668 0.046296296296296294
4 0.453125 0.41203703703703703 0.026041666666666668 0.046296296296296294
4 0.5239583333333333 0.412962962962963 0.026041666666666668 0.046296296296296294
4 0.6572916666666667 0.4083333333333333 0.026041666666666668 0.046296296296296294
3 0.6994791666666667 0.4083333333333333 0.026041666666666668 0.046296296296296294
4 0.515625 0.4185185185185185 0.026041666666666668 0.046296296296296294
2 0.16979166666666667 0.42592592592592593 0.026041666666666668 0.046296296296296294
4 0.49895833333333334 0.42407407407407405 0.026041666666666668 0.046296296296296294
3 0.6880208333333333 0.42407407407407405 0.026041666666666668 0.046296296296296294
4 0.38697916666666665 0.43148148148148147 0.026041666666666668 0.046296296296296294
3 0.66875 0.4351851851851852 0.026041666666666668 0.046296296296296294
4 0.4661458333333333 0.4388888888888889 0.026041666666666668 0.046296296296296294
4 0.6572916666666667 0.44722222222222224 0.026041666666666668 0.046296296296296294
4 0.39427083333333335 0.45555555555555555 0.026041666666666668 0.046296296296296294
4 0.49895833333333334 0.4583333333333333 0.026041666666666668 0.046296296296296294
4 0.5114583333333333 0.45740740740740743 0.026041666666666668 0.046296296296296294
4 0.5197916666666667 0.46574074074074073 0.026041666666666668 0.046296296296296294
3 0.6697916666666667 0.4638888888888889 0.026041666666666668 0.046296296296296294
4 0.37864583333333335 0.47962962962962963 0.026041666666666668 0.046296296296296294
4 0.4666666666666667 0.475 0.026041666666666668 0.046296296296296294
4 0.5041666666666667 0.4787037037037037 0.026041666666666668 0.046296296296296294
4 0.43072916666666666 0.48055555555555557 0.026041666666666668 0.046296296296296294
4 0.5151041666666667 0.49166666666666664 0.026041666666666668 0.046296296296296294
4 0.6427083333333333 0.47962962962962963 0.026041666666666668 0.046296296296296294
3 0.6697916666666667 0.4861111111111111 0.026041666666666668 0.046296296296296294
4 0.41875 0.5 0.026041666666666668 0.046296296296296294
4 0.4739583333333333 0.49907407407407406 0.026041666666666668 0.046296296296296294
4 0.628125 0.5037037037037037 0.026041666666666668 0.046296296296296294
3 0.6697916666666667 0.5018518518518519 0.026041666666666668 0.046296296296296294
3 0.6911458333333333 0.5037037037037037 0.026041666666666668 0.046296296296296294
3 0.7083333333333334 0.5111111111111111 0.026041666666666668 0.046296296296296294
4 0.503125 0.5185185185185185 0.026041666666666668 0.046296296296296294
4 0.5203125 0.5222222222222223 0.026041666666666668 0.046296296296296294
4 0.4578125 0.524074074074074 0.026041666666666668 0.046296296296296294
4 0.6151041666666667 0.525 0.026041666666666668 0.046296296296296294
4 0.628125 0.5268518518518519 0.026041666666666668 0.046296296296296294
3 0.7010416666666667 0.5287037037037037 0.026041666666666668 0.046296296296296294
4 0.5125 0.5361111111111111 0.026041666666666668 0.046296296296296294
3 0.7229166666666667 0.5305555555555556 0.026041666666666668 0.046296296296296294
3 0.6677083333333333 0.55 0.026041666666666668 0.046296296296296294
4 0.4505208333333333 0.5555555555555556 0.026041666666666668 0.046296296296296294
4 0.5255208333333333 0.5583333333333333 0.026041666666666668 0.046296296296296294
4 0.5864583333333333 0.5537037037037037 0.026041666666666668 0.046296296296296294
4 0.6255208333333333 0.5555555555555556 0.026041666666666668 0.046296296296296294
4 0.5692708333333333 0.562037037037037 0.026041666666666668 0.046296296296296294
3 0.734375 0.5611111111111111 0.026041666666666668 0.046296296296296294
4 0.5953125 0.5722222222222222 0.026041666666666668 0.046296296296296294
3 0.7052083333333333 0.5740740740740741 0.026041666666666668 0.046296296296296294
4 0.4708333333333333 0.5962962962962963 0.026041666666666668 0.046296296296296294
3 0.7442708333333333 0.5953703703703703 0.026041666666666668 0.046296296296296294
4 0.65625 0.5962962962962963 0.026041666666666668 0.046296296296296294
4 0.49583333333333335 0.6203703703703703 0.026041666666666668 0.046296296296296294
3 0.7286458333333333 0.6268518518518519 0.026041666666666668 0.046296296296296294
2 0.19166666666666668 0.6305555555555555 0.026041666666666668 0.046296296296296294
4 0.5390625 0.6574074074074074 0.026041666666666668 0.046296296296296294
1 0.446875 0.6675925925925926 0.026041666666666668 0.046296296296296294
4 0.5026041666666666 0.6666666666666666 0.026041666666666668 0.046296296296296294
4 0.6260416666666667 0.6601851851851852 0.026041666666666668 0.046296296296296294
3 0.6828125 0.6666666666666666 0.026041666666666668 0.046296296296296294
1 0.6041666666666666 0.6824074074074075 0.026041666666666668 0.046296296296296294
1 0.5276041666666667 0.6851851851851852 0.026041666666666668 0.046296296296296294
1 0.22552083333333334 0.6953703703703704 0.026041666666666668 0.046296296296296294
1 0.5421875 0.7 0.026041666666666668 0.046296296296296294
1 0.7364583333333333 0.7055555555555556 0.026041666666666668 0.046296296296296294
1 0.5921875 0.712037037037037 0.026041666666666668 0.046296296296296294
1 0.20677083333333332 0.7296296296296296 0.026041666666666668 0.046296296296296294
1 0.5901041666666667 0.7361111111111112 0.026041666666666668 0.046296296296296294
1 0.5661458333333333 0.7675925925925926 0.026041666666666668 0.046296296296296294
1 0.9322916666666666 0.7768518518518519 0.026041666666666668 0.046296296296296294
1 0.6703125 0.7907407407407407 0.026041666666666668 0.046296296296296294
1 0.4390625 0.8083333333333333 0.026041666666666668 0.046296296296296294
1 0.7609375 0.8111111111111111 0.026041666666666668 0.046296296296296294
1 0.5734375 0.8185185185185185 0.026041666666666668 0.046296296296296294
1 0.6583333333333333 0.8277777777777777 0.026041666666666668 0.046296296296296294
1 0.165625 0.8333333333333334 0.026041666666666668 0.046296296296296294
1 0.5572916666666666 0.837037037037037 0.026041666666666668 0.046296296296296294
1 0.7984375 0.8472222222222222 0.026041666666666668 0.046296296296296294
1 0.3578125 0.8759259259259259 0.026041666666666668 0.046296296296296294
1 0.18385416666666668 0.9074074074074074 0.026041666666666668 0.046296296296296294
1 0.2989583333333333 0.9166666666666666 0.026041666666666668 0.046296296296296294
1 0.9119791666666667 0.924074074074074 0.026041666666666668 0.046296296296296294
1 0.2984375 0.9314814814814815 0.026041666666666668 0.046296296296296294
1 0.5203125 0.9351851851851852 0.026041666666666668 0.046296296296296294
1 0.9416666666666667 0.9768518518518519 0.026041666666666668 0.046296296296296294
1 0.12604166666666666 0.8981481481481481 0.026041666666666668 0.046296296296296294
1 0.07916666666666666 0.9222222222222223 0.026041666666666668 0.046296296296296294
1 0.14895833333333333 0.7111111111111111 0.026041666666666668 0.046296296296296294
2 0.22291666666666668 0.4648148148148148 0.026041666666666668 0.046296296296296294
2 0.1875 0.4166666666666667 0.026041666666666668 0.046296296296296294
1 0.6072916666666667 0.9166666666666666 0.026041666666666668 0.046296296296296294
1 0.653125 0.9 0.026041666666666668 0.046296296296296294
1 0.6760416666666667 0.825925925925926 0.026041666666666668 0.046296296296296294
1 0.6885416666666667 0.737037037037037 0.026041666666666668 0.046296296296296294
1 0.6979166666666666 0.6685185185185185 0.026041666666666668 0.046296296296296294
1 0.7770833333333333 0.6851851851851852 0.026041666666666668 0.046296296296296294
1 0.6760416666666667 0.6796296296296296 0.026041666666666668 0.046296296296296294
3 0.7635416666666667 0.5833333333333334 0.026041666666666668 0.046296296296296294
3 0.75 0.5611111111111111 0.026041666666666668 0.046296296296296294
1 0.8875 0.7407407407407407 0.026041666666666668 0.046296296296296294
1 0.8864583333333333 0.7962962962962963 0.026041666666666668 0.046296296296296294
1 0.8333333333333334 0.8666666666666667 0.026041666666666668 0.046296296296296294
1 0.828125 0.9481481481481482 0.026041666666666668 0.046296296296296294
1 0.9697916666666667 0.9574074074074074 0.026041666666666668 0.046296296296296294
1 0.9697916666666667 0.8277777777777777 0.026041666666666668 0.046296296296296294
4 0.39166666666666666 0.6370370370370371 0.026041666666666668 0.046296296296296294
4 0.38958333333333334 0.5074074074074074 0.026041666666666668 0.046296296296296294
4 0.421875 0.6 0.026041666666666668 0.046296296296296294
1 0.43645833333333334 0.7314814814814815 0.026041666666666668 0.046296296296296294
4 0.509375 0.5740740740740741 0.026041666666666668 0.046296296296296294
4 0.49166666666666664 0.6481481481481481 0.026041666666666668 0.046296296296296294
