0 0.4942708333333333 0.12222222222222222 0.026041666666666668 0.046296296296296294
0 0.46927083333333336 0.12962962962962962 0.026041666666666668 0.046296296296296294
0 0.46041666666666664 0.13518518518518519 0.026041666666666668 0.046296296296296294
0 0.4703125 0.14629629629629629 0.026041666666666668 0.046296296296296294
0 0.4630208333333333 0.1527777777777778 0.026041666666666668 0.046296296296296294
0 0.478125 0.15185185185185185 0.026041666666666668 0.046296296296296294
0 0.4583333333333333 0.16666666666666666 0.026041666666666668 0.046296296296296294
0 0.4317708333333333 0.17407407407407408 0.026041666666666668 0.046296296296296294
0 0.48333333333333334 0.175 0.026041666666666668 0.046296296296296294
0 0.475 0.18518518518518517 0.026041666666666668 0.046296296296296294
0 0.503125 0.18425925925925926 0.026041666666666668 0.046296296296296294
0 0.4864583333333333 0.1925925925925926 0.026041666666666668 0.046296296296296294
0 0.5125 0.1925925925925926 0.026041666666666668 0.046296296296296294
0 0.49635416666666665 0.19722222222222222 0.026041666666666668 0.046296296296296294
0 0.5072916666666667 0.20092592592592592 0.026041666666666668 0.046296296296296294
0 0.4875 0.2064814814814815 0.026041666666666668 0.046296296296296294
0 0.4354166666666667 0.22314814814814815 0.026041666666666668 0.046296296296296294
0 0.47760416666666666 0.22685185185185186 0.026041666666666668 0.046296296296296294
0 0.478125 0.2537037037037037 0.026041666666666668 0.046296296296296294
0 0.4453125 0.26944444444444443 0.026041666666666668 0.046296296296296294
0 0.4666666666666667 0.26851851851851855 0.026041666666666668 0.046296296296296294
0 0.47760416666666666 0.2777777777777778 0.026041666666666668 0.046296296296296294
0 0.4901041666666667 0.275 0.026041666666666668 0.046296296296296294
0 0.534375 0.2740740740740741 0.026041666666666668 0.046296296296296294
0 0.5453125 0.27870370370370373 0.026041666666666668 0.046296296296296294
0 0.7020833333333333 0.275 0.026041666666666668 0.046296296296296294
0 0.42916666666666664 0.28425925925925927 0.026041666666666668 0.046296296296296294
0 0.4375 0.287962962962963 0.026041666666666668 0.046296296296296294
0 0.5 0.2851851851851852 0.026041666666666668 0.046296296296296294
0 0.49375 0.2935185185185185 0.026041666666666668 0.046296296296296294
0 0.49895833333333334 0.2916666666666667 0.026041666666666668 0.046296296296296294
0 0.503125 0.2916666666666667 0.026041666666666668 0.046296296296296294
0 0.5067708333333333 0.29074074074074074 0.026041666666666668 0.046296296296296294
0 0.5171875 0.2898148148148148 0.026041666666666668 0.046296296296296294
0 0.5260416666666666 0.29259259259259257 0.026041666666666668 0.046296296296296294
0 0.6911458333333333 0.2935185185185185 0.026041666666666668 0.046296296296296294
0 0.43333333333333335 0.30185185185185187 0.026041666666666668 0.046296296296296294
0 0.4234375 0.31203703703703706 0.026041666666666668 0.046296296296296294
0 0.46927083333333336 0.3101851851851852 0.026041666666666668 0.046296296296296294
0 0.4140625 0.31666666666666665 0.026041666666666668 0.046296296296296294
0 0.4328125 0.3138888888888889 0.026041666666666668 0.046296296296296294
0 0.49166666666666664 0.3194444444444444 0.026041666666666668 0.046296296296296294
0 0.515625 0.31851851851851853 0.026041666666666668 0.046296296296296294
0 0.7057291666666666 0.31296296296296294 0.026041666666666668 0.046296296296296294
0 0.46927083333333336 0.32592592592592595 0.026041666666666668 0.046296296296296294
0 0.503125 0.32592592592592595 0.026041666666666668 0.046296296296296294
0 0.51875 0.32407407407407407 0.026041666666666668 0.046296296296296294
0 0.44375 0.3296296296296296 0.026041666666666668 0.046296296296296294
4 0.4578125 0.3333333333333333 0.026041666666666668 0.046296296296296294
0 0.5119791666666667 0.33240740740740743 0.026041666666666668 0.046296296296296294
4 0.4203125 0.3388888888888889 0.026041666666666668 0.046296296296296294
4 0.453125 0.35 0.026041666666666668 0.046296296296296294
4 0.38229166666666664 0.35833333333333334 0.026041666666666668 0.046296296296296294
4 0.5098958333333333 0.3574074074074074 0.026041666666666668 0.046296296296296294
4 0.39895833333333336 0.3712962962962963 0.026041666666666668 0.046296296296296294
4 0.5234375 0.37222222222222223 0.026041666666666668 0.046296296296296294
4 0.6546875 0.37222222222222223 0.026041666666666668 0.046296296296296294
4 0.3828125 0.3787037037037037 0.026041666666666668 0.046296296296296294
4 0.3921875 0.38055555555555554 0.026041666666666668 0.046296296296296294
4 0.49635416666666665 0.37777777777777777 0.026041666666666668 0.046296296296296294
4 0.50625 0.37962962962962965 0.026041666666666668 0.046296296296296294
4 0.5322916666666667 0.37962962962962965 0.026041666666666668 0.046296296296296294
4 0.6541666666666667 0.3787037037037037 0.026041666666666668 0.046296296296296294
4 0.37447916666666664 0.3861111111111111 0.026041666666666668 0.046296296296296294
3 0.6817708333333333 0.3925925925925926 0.026041666666666668 0.046296296296296294
2 0.215625 0.4 0.026041666666666668 0.046296296296296294
4 0.5125 0.4027777777777778 0.026041666666666668 0.046296296296296294
4 0.6536458333333334 0.4027777777777778 0.026041666666666668 0.046296296296296294
2 0.20416666666666666 0.40925925925925927 0.026041666666666668 0.046296296296296294
4 0.40729166666666666 0.4083333333333333 0.026041666666666668 0.046296296296296294
2 0.18020833333333333 0.4185185185185185 0.026041666666666668 0.046296296296296294
4 0.3776041666666667 0.4166666666666667 0.026041666666666668 0.046296296296296294
3 0.66875 0.4212962962962963 0.026041666666666668 0.046296296296296294
4 0.6619791666666667 0.42685185185185187 0.026041666666666668 0.046296296296296294
4 0.43333333333333335 0.4324074074074074 0.026041666666666668 0.046296296296296294
3 0.6786458333333333 0.4361111111111111 0.026041666666666668 0.046296296296296294
4 0.46197916666666666 0.44074074074074077 0.026041666666666668 0.046296296296296294
4 0.6572916666666667 0.4444444444444444 0.026041666666666668 0.046296296296296294
3 0.7119791666666667 0.43796296296296294 0.026041666666666668 0.046296296296296294
3 0.6739583333333333 0.4583333333333333 0.026041666666666668 0.046296296296296294
3 0.6776041666666667 0.46574074074074073 0.026041666666666668 0.046296296296296294
4 0.5 0.47962962962962963 0.026041666666666668 0.046296296296296294
4 0.6140625 0.4888888888888889 0.026041666666666668 0.046296296296296294
4 0.6208333333333333 0.49166666666666664 0.026041666666666668 0.046296296296296294
4 0.6463541666666667 0.49074074074074076 0.026041666666666668 0.046296296296296294
4 0.4109375 0.49074074074074076 0.026041666666666668 0.046296296296296294
2 0.22239583333333332 0.5018518518518519 0.026041666666666668 0.046296296296296294
4 0.46145833333333336 0.5018518518518519 0.026041666666666668 0.046296296296296294
4 0.4947916666666667 0.5046296296296297 0.026041666666666668 0.046296296296296294
3 0.6786458333333333 0.5027777777777778 0.026041666666666668 0.046296296296296294
3 0.6958333333333333 0.5027777777777778 0.026041666666666668 0.046296296296296294
3 0.7026041666666667 0.5111111111111111 0.026041666666666668 0.046296296296296294
4 0.4734375 0.5166666666666667 0.026041666666666668 0.046296296296296294
4 0.6359375 0.5212962962962963 0.026041666666666668 0.046296296296296294
3 0.6739583333333333 0.5203703703703704 0.026041666666666668 0.046296296296296294
4 0.6286458333333333 0.5277777777777778 0.026041666666666668 0.046296296296296294
3 0.71875 0.5314814814814814 0.026041666666666668 0.046296296296296294
3 0.7333333333333333 0.5333333333333333 0.026041666666666668 0.046296296296296294
4 0.5 0.5509259259259259 0.026041666666666668 0.046296296296296294
4 0.5078125 0.55 0.026041666666666668 0.046296296296296294
4 0.5994791666666667 0.549074074074074 0.026041666666666668 0.046296296296296294
4 0.5348958333333333 0.5592592592592592 0.026041666666666668 0.046296296296296294
4 0.5598958333333334 0.5509259259259259 0.026041666666666668 0.046296296296296294
4 0.39166666666666666 0.5657407407407408 0.026041666666666668 0.046296296296296294
4 0.5942708333333333 0.5648148148148148 0.026041666666666668 0.046296296296296294
3 0.740625 0.562962962962963 0.026041666666666668 0.046296296296296294
3 0.7572916666666667 0.562962962962963 0.026041666666666668 0.046296296296296294
3 0.7661458333333333 0.5796296296296296 0.026041666666666668 0.046296296296296294
4 0.42291666666666666 0.5898148148148148 0.026041666666666668 0.046296296296296294
3 0.765625 0.6148148148148148 0.026041666666666668 0.046296296296296294
4 0.39010416666666664 0.6212962962962963 0.026041666666666668 0.046296296296296294
4 0.5682291666666667 0.6259259259259259 0.026041666666666668 0.046296296296296294
4 0.44895833333333335 0.6342592592592593 0.026041666666666668 0.046296296296296294
4 0.5328125 0.6351851851851852 0.026041666666666668 0.046296296296296294
4 0.38125 0.6444444444444445 0.026041666666666668 0.046296296296296294
4 0.4125 0.6425925925925926 0.026041666666666668 0.046296296296296294
3 0.7458333333333333 0.6407407407407407 0.026041666666666668 0.046296296296296294
3 0.7151041666666667 0.65 0.026041666666666668 0.046296296296296294
4 0.39479166666666665 0.6583333333333333 0.026041666666666668 0.046296296296296294
4 0.4791666666666667 0.6601851851851852 0.026041666666666668 0.046296296296296294
1 0.4421875 0.6685185185185185 0.026041666666666668 0.046296296296296294
4 0.5026041666666666 0.6666666666666666 0.026041666666666668 0.046296296296296294
1 0.6838541666666667 0.6694444444444444 0.026041666666666668 0.046296296296296294
3 0.7671875 0.6657407407407407 0.026041666666666668 0.046296296296296294
1 0.6755208333333333 0.6851851851851852 0.026041666666666668 0.046296296296296294
1 0.5557291666666667 0.6907407407407408 0.026041666666666668 0.046296296296296294
1 0.6192708333333333 0.7018518518518518 0.026041666666666668 0.046296296296296294
1 0.8838541666666667 0.7490740740740741 0.026041666666666668 0.046296296296296294
1 0.9453125 0.7712962962962963 0.026041666666666668 0.046296296296296294
1 0.5526041666666667 0.7814814814814814 0.026041666666666668 0.046296296296296294
1 0.1625 0.7888888888888889 0.026041666666666668 0.046296296296296294
1 0.8338541666666667 0.8 0.026041666666666668 0.046296296296296294
1 0.353125 0.8018518518518518 0.026041666666666668 0.046296296296296294
1 0.6442708333333333 0.8027777777777778 0.026041666666666668 0.046296296296296294
1 0.8125 0.8083333333333333 0.026041666666666668 0.046296296296296294
1 0.8255208333333334 0.8092592592592592 0.026041666666666668 0.046296296296296294
1 0.7 0.8101851851851852 0.026041666666666668 0.046296296296296294
1 0.8697916666666666 0.8148148148148148 0.026041666666666668 0.046296296296296294
1 0.5213541666666667 0.8166666666666667 0.026041666666666668 0.046296296296296294
1 0.7661458333333333 0.8314814814814815 0.026041666666666668 0.046296296296296294
1 0.15364583333333334 0.8435185185185186 0.026041666666666668 0.046296296296296294
1 0.33697916666666666 0.8611111111111112 0.026041666666666668 0.046296296296296294
1 0.8291666666666667 0.8675925925925926 0.026041666666666668 0.046296296296296294
1 0.190625 0.8740740740740741 0.026041666666666668 0.046296296296296294
1 0.11041666666666666 0.8925925925925926 0.026041666666666668 0.046296296296296294
1 0.49375 0.8944444444444445 0.026041666666666668 0.046296296296296294
1 0.825 0.9314814814814815 0.026041666666666668 0.046296296296296294
1 0.9088541666666666 0.9342592592592592 0.026041666666666668 0.046296296296296294
1 0.3875 0.9564814814814815 0.026041666666666668 0.046296296296296294
1 0.9682291666666667 0.9490740740740741 0.026041666666666668 0.046296296296296294
1 0.9244791666666666 0.975925925925926 0.026041666666666668 0.046296296296296294
1 0.290625 0.9518518518518518 0.026041666666666668 0.046296296296296294
1 0.4010416666666667 0.8092592592592592 0.026041666666666668 0.046296296296296294
1 0.4010416666666667 0.7481481481481481 0.026041666666666668 0.046296296296296294
1 0.790625 0.8537037037037037 0.026041666666666668 0.046296296296296294
1 0.9604166666666667 0.975925925925926 0.026041666666666668 0.046296296296296294
3 0.7447916666666666 0.5851851851851851 0.026041666666666668 0.046296296296296294
2 0.175 0.4703703703703704 0.026041666666666668 0.046296296296296294
2 0.196875 0.4703703703703704 0.026041666666666668 0.046296296296296294
4 0.48541666666666666 0.562962962962963 0.026041666666666668 0.046296296296296294
4 0.5572916666666666 0.6388888888888888 0.026041666666666668 0.046296296296296294
4 0.6270833333333333 0.5611111111111111 0.026041666666666668 0.046296296296296294
1 0.9208333333333333 0.8333333333333334 0.026041666666666668 0.046296296296296294
