0 0.4703125 0.0962962962962963 0.026041666666666668 0.046296296296296294
0 0.4786458333333333 0.12314814814814815 0.026041666666666668 0.046296296296296294
0 0.4901041666666667 0.12962962962962962 0.026041666666666668 0.046296296296296294
0 0.44635416666666666 0.13518518518518519 0.026041666666666668 0.046296296296296294
0 0.45 0.13240740740740742 0.026041666666666668 0.046296296296296294
0 0.46145833333333336 0.13425925925925927 0.026041666666666668 0.046296296296296294
0 0.4708333333333333 0.13703703703703704 0.026041666666666668 0.046296296296296294
0 0.4828125 0.1388888888888889 0.026041666666666668 0.046296296296296294
0 0.44114583333333335 0.14629629629629629 0.026041666666666668 0.046296296296296294
0 0.4739583333333333 0.14629629629629629 0.026041666666666668 0.046296296296296294
0 0.4901041666666667 0.14444444444444443 0.026041666666666668 0.046296296296296294
0 0.4583333333333333 0.15185185185185185 0.026041666666666668 0.046296296296296294
0 0.4630208333333333 0.15185185185185185 0.026041666666666668 0.046296296296296294
0 0.43645833333333334 0.16203703703703703 0.026041666666666668 0.046296296296296294
0 0.490625 0.16111111111111112 0.026041666666666668 0.046296296296296294
0 0.4671875 0.17037037037037037 0.026041666666666668 0.046296296296296294
0 0.4359375 0.17407407407407408 0.026041666666666668 0.046296296296296294
0 0.5010416666666667 0.175 0.026041666666666668 0.046296296296296294
0 0.5130208333333334 0.17407407407407408 0.026041666666666668 0.046296296296296294
0 0.5151041666666667 0.17314814814814813 0.026041666666666668 0.046296296296296294
0 0.4296875 0.22314814814814815 0.026041666666666668 0.046296296296296294
0 0.41822916666666665 0.23703703703703705 0.026041666666666668 0.046296296296296294
0 0.4244791666666667 0.24074074074074073 0.026041666666666668 0.046296296296296294
0 0.503125 0.23796296296296296 0.026041666666666668 0.046296296296296294
0 0.46927083333333336 0.24074074074074073 0.026041666666666668 0.046296296296296294
0 0.4822916666666667 0.24537037037037038 0.026041666666666668 0.046296296296296294
0 0.4864583333333333 0.2518518518518518 0.026041666666666668 0.046296296296296294
0 0.49895833333333334 0.25555555555555554 0.026041666666666668 0.046296296296296294
0 0.5130208333333334 0.25462962962962965 0.026041666666666668 0.046296296296296294
0 0.49166666666666664 0.27037037037037037 0.026041666666666668 0.046296296296296294
0 0.5083333333333333 0.2722222222222222 0.026041666666666668 0.046296296296296294
0 0.4984375 0.27685185185185185 0.026041666666666668 0.046296296296296294
0 0.6979166666666666 0.2759259259259259 0.026041666666666668 0.046296296296296294
0 0.440625 0.2851851851851852 0.026041666666666668 0.046296296296296294
0 0.6953125 0.287962962962963 0.026041666666666668 0.046296296296296294
0 0.4166666666666667 0.2916666666666667 0.026041666666666668 0.046296296296296294
0 0.43333333333333335 0.30277777777777776 0.026041666666666668 0.046296296296296294
0 0.4713541666666667 0.29907407407407405 0.026041666666666668 0.046296296296296294
0 0.4791666666666667 0.30092592592592593 0.026041666666666668 0.046296296296296294
0 0.490625 0.30185185185185187 0.026041666666666668 0.046296296296296294
0 0.5140625 0.30092592592592593 0.026041666666666668 0.046296296296296294
0 0.4510416666666667 0.30833333333333335 0.026041666666666668 0.046296296296296294
0 0.41770833333333335 0.3175925925925926 0.026041666666666668 0.046296296296296294
0 0.49583333333333335 0.31574074074074077 0.026041666666666668 0.046296296296296294
0 0.528125 0.3148148148148148 0.026041666666666668 0.046296296296296294
0 0.4395833333333333 0.32407407407407407 0.026041666666666668 0.046296296296296294
4 0.4197916666666667 0.33611111111111114 0.026041666666666668 0.046296296296296294
4 0.44427083333333334 0.33425925925925926 0.026041666666666668 0.046296296296296294
0 0.45677083333333335 0.3296296296296296 0.026041666666666668 0.046296296296296294
4 0.4161458333333333 0.3416666666666667 0.026041666666666668 0.046296296296296294
4 0.43697916666666664 0.34814814814814815 0.026041666666666668 0.046296296296296294
4 0.44479166666666664 0.34629629629629627 0.026041666666666668 0.046296296296296294
4 0.46927083333333336 0.3453703703703704 0.026041666666666668 0.046296296296296294
4 0.4817708333333333 0.3472222222222222 0.026041666666666668 0.046296296296296294
4 0.3953125 0.35555555555555557 0.026041666666666668 0.046296296296296294
4 0.403125 0.35555555555555557 0.026041666666666668 0.046296296296296294
4 0.4947916666666667 0.35462962962962963 0.026041666666666668 0.046296296296296294
4 0.5067708333333333 0.35555555555555557 0.026041666666666668 0.046296296296296294
4 0.3807291666666667 0.362962962962963 0.026041666666666668 0.046296296296296294
4 0.3880208333333333 0.3638888888888889 0.026041666666666668 0.046296296296296294
4 0.4161458333333333 0.3611111111111111 0.026041666666666668 0.046296296296296294
3 0.6791666666666667 0.3648148148148148 0.026041666666666668 0.046296296296296294
4 0.4192708333333333 0.37222222222222223 0.026041666666666668 0.046296296296296294
4 0.428125 0.37222222222222223 0.026041666666666668 0.046296296296296294
4 0.478125 0.37222222222222223 0.026041666666666668 0.046296296296296294
4 0.5416666666666666 0.3731481481481482 0.026041666666666668 0.046296296296296294
3 0.6791666666666667 0.37037037037037035 0.026041666666666668 0.046296296296296294
4 0.40729166666666666 0.37962962962962965 0.026041666666666668 0.046296296296296294
4 0.4546875 0.37962962962962965 0.026041666666666668 0.046296296296296294
4 0.46197916666666666 0.37962962962962965 0.026041666666666668 0.046296296296296294
4 0.5197916666666667 0.3787037037037037 0.026041666666666668 0.046296296296296294
4 0.65 0.3787037037037037 0.026041666666666668 0.046296296296296294
4 0.4036458333333333 0.3888888888888889 0.026041666666666668 0.046296296296296294
4 0.4203125 0.387037037037037 0.026041666666666668 0.046296296296296294
4 0.43333333333333335 0.39444444444444443 0.026041666666666668 0.046296296296296294
4 0.5197916666666667 0.39351851851851855 0.026041666666666668 0.046296296296296294
4 0.5041666666666667 0.39814814814814814 0.026041666666666668 0.046296296296296294
2 0.19479166666666667 0.4064814814814815 0.026041666666666668 0.046296296296296294
4 0.5140625 0.4111111111111111 0.026041666666666668 0.046296296296296294
2 0.17864583333333334 0.41574074074074074 0.026041666666666668 0.046296296296296294
4 0.6588541666666666 0.4212962962962963 0.026041666666666668 0.046296296296296294
4 0.375 0.42407407407407405 0.026041666666666668 0.046296296296296294
4 0.5046875 0.42407407407407405 0.026041666666666668 0.046296296296296294
4 0.6505208333333333 0.425 0.026041666666666668 0.046296296296296294
4 0.4869791666666667 0.4305555555555556 0.026041666666666668 0.046296296296296294
4 0.5244791666666667 0.44351851851851853 0.026041666666666668 0.046296296296296294
4 0.6536458333333334 0.44074074074074077 0.026041666666666668 0.046296296296296294
3 0.7072916666666667 0.4425925925925926 0.026041666666666668 0.046296296296296294
3 0.6776041666666667 0.4546296296296296 0.026041666666666668 0.046296296296296294
4 0.4947916666666667 0.4648148148148148 0.026041666666666668 0.046296296296296294
4 0.6625 0.4638888888888889 0.026041666666666668 0.046296296296296294
2 0.16614583333333333 0.4703703703703704 0.026041666666666668 0.046296296296296294
4 0.5291666666666667 0.47314814814814815 0.026041666666666668 0.046296296296296294
3 0.6822916666666666 0.47129629629629627 0.026041666666666668 0.046296296296296294
4 0.4203125 0.47962962962962963 0.026041666666666668 0.046296296296296294
4 0.43697916666666664 0.47962962962962963 0.026041666666666668 0.046296296296296294
4 0.6140625 0.48333333333333334 0.026041666666666668 0.046296296296296294
4 0.475 0.49444444444444446 0.026041666666666668 0.046296296296296294
4 0.5234375 0.49537037037037035 0.026041666666666668 0.046296296296296294
4 0.6453125 0.49722222222222223 0.026041666666666668 0.046296296296296294
3 0.6822916666666666 0.49537037037037035 0.026041666666666668 0.046296296296296294
4 0.5838541666666667 0.512962962962963 0.026041666666666668 0.046296296296296294
3 0.6817708333333333 0.5101851851851852 0.026041666666666668 0.046296296296296294
4 0.6411458333333333 0.5166666666666667 0.026041666666666668 0.046296296296296294
4 0.553125 0.5324074074074074 0.026041666666666668 0.046296296296296294
4 0.5796875 0.5324074074074074 0.026041666666666668 0.046296296296296294
4 0.6666666666666666 0.5361111111111111 0.026041666666666668 0.046296296296296294
4 0.6286458333333333 0.5425925925925926 0.026041666666666668 0.046296296296296294
3 0.7223958333333333 0.537962962962963 0.026041666666666668 0.046296296296296294
4 0.4744791666666667 0.5462962962962963 0.026041666666666668 0.046296296296296294
4 0.5875 0.5481481481481482 0.026041666666666668 0.046296296296296294
4 0.6098958333333333 0.562037037037037 0.026041666666666668 0.046296296296296294
3 0.734375 0.5638888888888889 0.026041666666666668 0.046296296296296294
4 0.5453125 0.5722222222222222 0.026041666666666668 0.046296296296296294
4 0.6369791666666667 0.5731481481481482 0.026041666666666668 0.046296296296296294
3 0.6875 0.5814814814814815 0.026041666666666668 0.046296296296296294
3 0.7682291666666666 0.5879629629629629 0.026041666666666668 0.046296296296296294
3 0.7546875 0.5981481481481481 0.026041666666666668 0.046296296296296294
3 0.7375 0.6194444444444445 0.026041666666666668 0.046296296296296294
3 0.7625 0.6277777777777778 0.026041666666666668 0.046296296296296294
4 0.39739583333333334 0.6277777777777778 0.026041666666666668 0.046296296296296294
4 0.6197916666666666 0.6435185185185185 0.026041666666666668 0.046296296296296294
3 0.7703125 0.6657407407407407 0.026041666666666668 0.046296296296296294
1 0.6296875 0.6759259259259259 0.026041666666666668 0.046296296296296294
1 0.5489583333333333 0.675 0.026041666666666668 0.046296296296296294
1 0.646875 0.6824074074074075 0.026041666666666668 0.046296296296296294
1 0.7375 0.6833333333333333 0.026041666666666668 0.046296296296296294
1 0.5208333333333334 0.712037037037037 0.026041666666666668 0.046296296296296294
1 0.8875 0.7453703703703703 0.026041666666666668 0.046296296296296294
1 0.47239583333333335 0.7638888888888888 0.026041666666666668 0.046296296296296294
1 0.7614583333333333 0.8379629629629629 0.026041666666666668 0.046296296296296294
1 0.9791666666666666 0.8453703703703703 0.026041666666666668 0.046296296296296294
1 0.3802083333333333 0.8453703703703703 0.026041666666666668 0.046296296296296294
1 0.38697916666666665 0.8842592592592593 0.026041666666666668 0.046296296296296294
1 0.815625 0.9138888888888889 0.026041666666666668 0.046296296296296294
1 0.871875 0.8185185185185185 0.026041666666666668 0.046296296296296294
1 0.9916666666666667 0.8703703703703703 0.026041666666666668 0.046296296296296294
1 0.9822916666666667 0.95 0.026041666666666668 0.046296296296296294
1 0.825 0.8685185185185185 0.026041666666666668 0.046296296296296294
1 0.8229166666666666 0.8425925925925926 0.026041666666666668 0.046296296296296294
1 0.5979166666666667 0.7444444444444445 0.026041666666666668 0.046296296296296294
4 0.5927083333333333 0.662962962962963 0.026041666666666668 0.046296296296296294
1 0.40625 0.7 0.026041666666666668 0.046296296296296294
2 0.21666666666666667 0.48518518518518516 0.026041666666666668 0.046296296296296294
2 0.21770833333333334 0.4 0.026041666666666668 0.046296296296296294
3 0.7520833333333333 0.5592592592592592 0.026041666666666668 0.046296296296296294
1 0.7291666666666666 0.7148148148148148 0.026041666666666668 0.046296296296296294
3 0.678125 0.6370370370370371 0.026041666666666668 0.046296296296296294
4 0.48333333333333334 0.6018518518518519 0.026041666666666668 0.046296296296296294
4 0.4625 0.4462962962962963 0.026041666666666668 0.046296296296296294
4 0.4822916666666667 0.4666666666666667 0.026041666666666668 0.046296296296296294
4 0.46875 0.4111111111111111 0.026041666666666668 0.046296296296296294
4 0.4625 0.43148148148148147 0.026041666666666668 0.046296296296296294
4 0.39479166666666665 0.43333333333333335 0.026041666666666668 0.046296296296296294
