0 0.4708333333333333 0.09444444444444444 0.026041666666666668 0.046296296296296294
0 0.4786458333333333 0.09722222222222222 0.026041666666666668 0.046296296296296294
0 0.4869791666666667 0.09814814814814815 0.026041666666666668 0.046296296296296294
0 0.4708333333333333 0.11388888888888889 0.026041666666666668 0.046296296296296294
0 0.4895833333333333 0.13148148148148148 0.026041666666666668 0.046296296296296294
0 0.4427083333333333 0.13425925925925927 0.026041666666666668 0.046296296296296294
0 0.44895833333333335 0.13518518518518519 0.026041666666666668 0.046296296296296294
0 0.4578125 0.13425925925925927 0.026041666666666668 0.046296296296296294
0 0.46145833333333336 0.13518518518518519 0.026041666666666668 0.046296296296296294
0 0.4708333333333333 0.1361111111111111 0.026041666666666668 0.046296296296296294
0 0.48385416666666664 0.13796296296296295 0.026041666666666668 0.046296296296296294
0 0.4744791666666667 0.14537037037037037 0.026041666666666668 0.046296296296296294
0 0.4583333333333333 0.15462962962962962 0.026041666666666668 0.046296296296296294
0 0.48333333333333334 0.16203703703703703 0.026041666666666668 0.046296296296296294
0 0.490625 0.16018518518518518 0.026041666666666668 0.046296296296296294
0 0.4453125 0.1648148148148148 0.026041666666666668 0.046296296296296294
0 0.5005208333333333 0.17592592592592593 0.026041666666666668 0.046296296296296294
0 0.5046875 0.1814814814814815 0.026041666666666668 0.046296296296296294
0 0.43645833333333334 0.21481481481481482 0.026041666666666668 0.046296296296296294
0 0.459375 0.22777777777777777 0.026041666666666668 0.046296296296296294
0 0.4942708333333333 0.23055555555555557 0.026041666666666668 0.046296296296296294
0 0.4203125 0.2388888888888889 0.026041666666666668 0.046296296296296294
0 0.4359375 0.23703703703703705 0.026041666666666668 0.046296296296296294
0 0.5052083333333334 0.2351851851851852 0.026041666666666668 0.046296296296296294
0 0.41354166666666664 0.2462962962962963 0.026041666666666668 0.046296296296296294
0 0.4822916666666667 0.24259259259259258 0.026041666666666668 0.046296296296296294
0 0.4947916666666667 0.24537037037037038 0.026041666666666668 0.046296296296296294
0 0.4703125 0.2518518518518518 0.026041666666666668 0.046296296296296294
0 0.515625 0.25277777777777777 0.026041666666666668 0.046296296296296294
0 0.49114583333333334 0.2611111111111111 0.026041666666666668 0.046296296296296294
0 0.4984375 0.26296296296296295 0.026041666666666668 0.046296296296296294
0 0.5046875 0.27037037037037037 0.026041666666666668 0.046296296296296294
0 0.5114583333333333 0.2722222222222222 0.026041666666666668 0.046296296296296294
0 0.4666666666666667 0.275 0.026041666666666668 0.046296296296296294
0 0.478125 0.27685185185185185 0.026041666666666668 0.046296296296296294
0 0.5 0.2796296296296296 0.026041666666666668 0.046296296296296294
0 0.42864583333333334 0.28425925925925927 0.026041666666666668 0.046296296296296294
0 0.44947916666666665 0.2833333333333333 0.026041666666666668 0.046296296296296294
0 0.690625 0.2833333333333333 0.026041666666666668 0.046296296296296294
0 0.7026041666666667 0.28425925925925927 0.026041666666666668 0.046296296296296294
0 0.5494791666666666 0.29259259259259257 0.026041666666666668 0.046296296296296294
0 0.415625 0.3 0.026041666666666668 0.046296296296296294
0 0.5078125 0.29907407407407405 0.026041666666666668 0.046296296296296294
0 0.42916666666666664 0.30648148148148147 0.026041666666666668 0.046296296296296294
0 0.4354166666666667 0.30925925925925923 0.026041666666666668 0.046296296296296294
0 0.5286458333333334 0.3101851851851852 0.026041666666666668 0.046296296296296294
0 0.4166666666666667 0.31574074074074077 0.026041666666666668 0.046296296296296294
0 0.453125 0.31574074074074077 0.026041666666666668 0.046296296296296294
0 0.49895833333333334 0.31574074074074077 0.026041666666666668 0.046296296296296294
0 0.5203125 0.3175925925925926 0.026041666666666668 0.046296296296296294
0 0.425 0.32592592592592595 0.026041666666666668 0.046296296296296294
0 0.44947916666666665 0.33240740740740743 0.026041666666666668 0.046296296296296294
4 0.4578125 0.3333333333333333 0.026041666666666668 0.046296296296296294
0 0.4786458333333333 0.33240740740740743 0.026041666666666668 0.046296296296296294
4 0.5375 0.3333333333333333 0.026041666666666668 0.046296296296296294
4 0.4192708333333333 0.3416666666666667 0.026041666666666668 0.046296296296296294
4 0.375 0.35462962962962963 0.026041666666666668 0.046296296296296294
4 0.39947916666666666 0.35648148148148145 0.026041666666666668 0.046296296296296294
4 0.4125 0.35833333333333334 0.026041666666666668 0.046296296296296294
4 0.4947916666666667 0.3537037037037037 0.026041666666666668 0.046296296296296294
4 0.5119791666666667 0.35555555555555557 0.026041666666666668 0.046296296296296294
4 0.3807291666666667 0.36574074074074076 0.026041666666666668 0.046296296296296294
4 0.3875 0.3648148148148148 0.026041666666666668 0.046296296296296294
4 0.4083333333333333 0.3648148148148148 0.026041666666666668 0.046296296296296294
3 0.6739583333333333 0.3611111111111111 0.026041666666666668 0.046296296296296294
4 0.4197916666666667 0.36944444444444446 0.026041666666666668 0.046296296296296294
4 0.5041666666666667 0.3731481481481482 0.026041666666666668 0.046296296296296294
4 0.4661458333333333 0.38055555555555554 0.026041666666666668 0.046296296296296294
4 0.5161458333333333 0.3787037037037037 0.026041666666666668 0.046296296296296294
4 0.6536458333333334 0.3787037037037037 0.026041666666666668 0.046296296296296294
3 0.6692708333333334 0.37777777777777777 0.026041666666666668 0.046296296296296294
4 0.4036458333333333 0.3888888888888889 0.026041666666666668 0.046296296296296294
4 0.42552083333333335 0.39351851851851855 0.026041666666666668 0.046296296296296294
4 0.5171875 0.4027777777777778 0.026041666666666668 0.046296296296296294
2 0.19375 0.4083333333333333 0.026041666666666668 0.046296296296296294
4 0.6489583333333333 0.4083333333333333 0.026041666666666668 0.046296296296296294
4 0.6619791666666667 0.41388888888888886 0.026041666666666668 0.046296296296296294
2 0.1734375 0.4166666666666667 0.026041666666666668 0.046296296296296294
4 0.465625 0.4166666666666667 0.026041666666666668 0.046296296296296294
4 0.4901041666666667 0.4185185185185185 0.026041666666666668 0.046296296296296294
4 0.37447916666666664 0.425 0.026041666666666668 0.046296296296296294
4 0.65 0.4212962962962963 0.026041666666666668 0.046296296296296294
4 0.5052083333333334 0.43425925925925923 0.026041666666666668 0.046296296296296294
4 0.6578125 0.4398148148148148 0.026041666666666668 0.046296296296296294
3 0.7119791666666667 0.4398148148148148 0.026041666666666668 0.046296296296296294
4 0.46927083333333336 0.4462962962962963 0.026041666666666668 0.046296296296296294
4 0.4869791666666667 0.4425925925925926 0.026041666666666668 0.046296296296296294
4 0.49375 0.44537037037037036 0.026041666666666668 0.046296296296296294
4 0.5208333333333334 0.4462962962962963 0.026041666666666668 0.046296296296296294
4 0.665625 0.45555555555555555 0.026041666666666668 0.046296296296296294
4 0.525 0.4648148148148148 0.026041666666666668 0.046296296296296294
3 0.6869791666666667 0.46296296296296297 0.026041666666666668 0.046296296296296294
4 0.4744791666666667 0.4740740740740741 0.026041666666666668 0.046296296296296294
2 0.21927083333333333 0.4787037037037037 0.026041666666666668 0.046296296296296294
4 0.4375 0.4787037037037037 0.026041666666666668 0.046296296296296294
4 0.434375 0.487962962962963 0.026041666666666668 0.046296296296296294
4 0.5197916666666667 0.49166666666666664 0.026041666666666668 0.046296296296296294
4 0.4171875 0.4935185185185185 0.026041666666666668 0.046296296296296294
4 0.5291666666666667 0.4962962962962963 0.026041666666666668 0.046296296296296294
3 0.7036458333333333 0.49907407407407406 0.026041666666666668 0.046296296296296294
4 0.40520833333333334 0.5037037037037037 0.026041666666666668 0.046296296296296294
4 0.5203125 0.5120370370370371 0.026041666666666668 0.046296296296296294
3 0.6953125 0.5148148148148148 0.026041666666666668 0.046296296296296294
4 0.4828125 0.5175925925925926 0.026041666666666668 0.046296296296296294
4 0.553125 0.5175925925925926 0.026041666666666668 0.046296296296296294
4 0.63125 0.5166666666666667 0.026041666666666668 0.046296296296296294
3 0.6703125 0.5175925925925926 0.026041666666666668 0.046296296296296294
4 0.5359375 0.5277777777777778 0.026041666666666668 0.046296296296296294
4 0.5546875 0.5305555555555556 0.026041666666666668 0.046296296296296294
4 0.5619791666666667 0.5342592592592592 0.026041666666666668 0.046296296296296294
4 0.5791666666666667 0.5342592592592592 0.026041666666666668 0.046296296296296294
3 0.7208333333333333 0.5305555555555556 0.026041666666666668 0.046296296296296294
4 0.39166666666666666 0.5398148148148149 0.026041666666666668 0.046296296296296294
4 0.5369791666666667 0.5407407407407407 0.026041666666666668 0.046296296296296294
4 0.434375 0.5444444444444444 0.026041666666666668 0.046296296296296294
4 0.5833333333333334 0.5481481481481482 0.026041666666666668 0.046296296296296294
4 0.6375 0.55 0.026041666666666668 0.046296296296296294
4 0.5979166666666667 0.562962962962963 0.026041666666666668 0.046296296296296294
4 0.634375 0.5722222222222222 0.026041666666666668 0.046296296296296294
3 0.7609375 0.5694444444444444 0.026041666666666668 0.046296296296296294
3 0.715625 0.5796296296296296 0.026041666666666668 0.046296296296296294
3 0.7619791666666667 0.6259259259259259 0.026041666666666668 0.046296296296296294
4 0.5057291666666667 0.6342592592592593 0.026041666666666668 0.046296296296296294
1 0.7697916666666667 0.6722222222222223 0.026041666666666668 0.046296296296296294
1 0.746875 0.7 0.026041666666666668 0.046296296296296294
1 0.7114583333333333 0.7027777777777777 0.026041666666666668 0.046296296296296294
1 0.8880208333333334 0.7453703703703703 0.026041666666666668 0.046296296296296294
1 0.5770833333333333 0.7861111111111111 0.026041666666666668 0.046296296296296294
1 0.6432291666666666 0.8101851851851852 0.026041666666666668 0.046296296296296294
1 0.7651041666666667 0.8342592592592593 0.026041666666666668 0.046296296296296294
1 0.9776041666666667 0.8425925925925926 0.026041666666666668 0.046296296296296294
1 0.5395833333333333 0.8416666666666667 0.026041666666666668 0.046296296296296294
1 0.6848958333333334 0.8518518518518519 0.026041666666666668 0.046296296296296294
1 0.825 0.862037037037037 0.026041666666666668 0.046296296296296294
1 0.45364583333333336 0.8833333333333333 0.026041666666666668 0.046296296296296294
1 0.8145833333333333 0.9203703703703704 0.026041666666666668 0.046296296296296294
1 0.9734375 0.9481481481481482 0.026041666666666668 0.046296296296296294
1 0.8666666666666667 0.8277777777777777 0.026041666666666668 0.046296296296296294
1 0.99375 0.8666666666666667 0.026041666666666668 0.046296296296296294
2 0.184375 0.4962962962962963 0.026041666666666668 0.046296296296296294
2 0.21875 0.4 0.026041666666666668 0.046296296296296294
1 0.3958333333333333 0.7037037037037037 0.026041666666666668 0.046296296296296294
1 0.37604166666666666 0.6907407407407408 0.026041666666666668 0.046296296296296294
1 0.5135416666666667 0.7092592592592593 0.026041666666666668 0.046296296296296294
4 0.5989583333333334 0.6240740740740741 0.026041666666666668 0.046296296296296294
4 0.6666666666666666 0.6314814814814815 0.026041666666666668 0.046296296296296294
3 0.684375 0.5703703703703704 0.026041666666666668 0.046296296296296294
1 0.5322916666666667 0.8851851851851852 0.026041666666666668 0.046296296296296294
4 0.46041666666666664 0.512962962962963 0.026041666666666668 0.046296296296296294
4 0.5125 0.4648148148148148 0.026041666666666668 0.046296296296296294
