0 0.4828125 0.11944444444444445 0.026041666666666668 0.046296296296296294
0 0.4890625 0.12222222222222222 0.026041666666666668 0.046296296296296294
0 0.47760416666666666 0.1287037037037037 0.026041666666666668 0.046296296296296294
0 0.44895833333333335 0.1361111111111111 0.026041666666666668 0.046296296296296294
0 0.4552083333333333 0.1361111111111111 0.026041666666666668 0.046296296296296294
0 0.4609375 0.13518518518518519 0.026041666666666668 0.046296296296296294
0 0.4708333333333333 0.13518518518518519 0.026041666666666668 0.046296296296296294
0 0.4895833333333333 0.13796296296296295 0.026041666666666668 0.046296296296296294
0 0.44166666666666665 0.14351851851851852 0.026041666666666668 0.046296296296296294
0 0.4588541666666667 0.14444444444444443 0.026041666666666668 0.046296296296296294
0 0.46510416666666665 0.14444444444444443 0.026041666666666668 0.046296296296296294
0 0.478125 0.14629629629629629 0.026041666666666668 0.046296296296296294
0 0.478125 0.15185185185185185 0.026041666666666668 0.046296296296296294
0 0.45 0.15925925925925927 0.026041666666666668 0.046296296296296294
0 0.4661458333333333 0.16111111111111112 0.026041666666666668 0.046296296296296294
0 0.4744791666666667 0.16111111111111112 0.026041666666666668 0.046296296296296294
0 0.4822916666666667 0.16018518518518518 0.026041666666666668 0.046296296296296294
0 0.49375 0.15925925925925927 0.026041666666666668 0.046296296296296294
0 0.46197916666666666 0.1787037037037037 0.026041666666666668 0.046296296296296294
0 0.4869791666666667 0.18425925925925926 0.026041666666666668 0.046296296296296294
0 0.4609375 0.19074074074074074 0.026041666666666668 0.046296296296296294
0 0.475 0.19907407407407407 0.026041666666666668 0.046296296296296294
0 0.4671875 0.20462962962962963 0.026041666666666668 0.046296296296296294
0 0.4796875 0.22314814814814815 0.026041666666666668 0.046296296296296294
0 0.42864583333333334 0.23055555555555557 0.026041666666666668 0.046296296296296294
0 0.5166666666666667 0.22962962962962963 0.026041666666666668 0.046296296296296294
0 0.42916666666666664 0.24537037037037038 0.026041666666666668 0.046296296296296294
0 0.475 0.24722222222222223 0.026041666666666668 0.046296296296296294
0 0.415625 0.2777777777777778 0.026041666666666668 0.046296296296296294
0 0.4703125 0.27870370370370373 0.026041666666666668 0.046296296296296294
0 0.4822916666666667 0.275 0.026041666666666668 0.046296296296296294
0 0.49895833333333334 0.2740740740740741 0.026041666666666668 0.046296296296296294
0 0.5104166666666666 0.275 0.026041666666666668 0.046296296296296294
0 0.5416666666666666 0.2777777777777778 0.026041666666666668 0.046296296296296294
0 0.44114583333333335 0.28425925925925927 0.026041666666666668 0.046296296296296294
0 0.4630208333333333 0.2833333333333333 0.026041666666666668 0.046296296296296294
0 0.5072916666666667 0.287962962962963 0.026041666666666668 0.046296296296296294
0 0.4161458333333333 0.2916666666666667 0.026041666666666668 0.046296296296296294
0 0.44635416666666666 0.29259259259259257 0.026041666666666668 0.046296296296296294
0 0.503125 0.29444444444444445 0.026041666666666668 0.046296296296296294
0 0.6947916666666667 0.29444444444444445 0.026041666666666668 0.046296296296296294
0 0.46927083333333336 0.3 0.026041666666666668 0.046296296296296294
0 0.4828125 0.29907407407407405 0.026041666666666668 0.046296296296296294
0 0.4901041666666667 0.29907407407407405 0.026041666666666668 0.046296296296296294
0 0.5125 0.3 0.026041666666666668 0.046296296296296294
0 0.42916666666666664 0.31666666666666665 0.026041666666666668 0.046296296296296294
0 0.47552083333333334 0.31666666666666665 0.026041666666666668 0.046296296296296294
0 0.5083333333333333 0.31851851851851853 0.026041666666666668 0.046296296296296294
0 0.5151041666666667 0.3175925925925926 0.026041666666666668 0.046296296296296294
0 0.7067708333333333 0.31203703703703706 0.026041666666666668 0.046296296296296294
0 0.4395833333333333 0.325 0.026041666666666668 0.046296296296296294
0 0.45208333333333334 0.325 0.026041666666666668 0.046296296296296294
0 0.49895833333333334 0.32314814814814813 0.026041666666666668 0.046296296296296294
4 0.478125 0.3333333333333333 0.026041666666666668 0.046296296296296294
4 0.453125 0.33796296296296297 0.026041666666666668 0.046296296296296294
4 0.5041666666666667 0.3398148148148148 0.026041666666666668 0.046296296296296294
4 0.39895833333333336 0.34629629629629627 0.026041666666666668 0.046296296296296294
4 0.4322916666666667 0.3472222222222222 0.026041666666666668 0.046296296296296294
4 0.38229166666666664 0.35462962962962963 0.026041666666666668 0.046296296296296294
4 0.390625 0.35555555555555557 0.026041666666666668 0.046296296296296294
4 0.4036458333333333 0.35648148148148145 0.026041666666666668 0.046296296296296294
4 0.4125 0.35833333333333334 0.026041666666666668 0.046296296296296294
4 0.4578125 0.35555555555555557 0.026041666666666668 0.046296296296296294
4 0.48333333333333334 0.35462962962962963 0.026041666666666668 0.046296296296296294
4 0.5036458333333333 0.35462962962962963 0.026041666666666668 0.046296296296296294
4 0.37864583333333335 0.36666666666666664 0.026041666666666668 0.046296296296296294
4 0.39166666666666666 0.3638888888888889 0.026041666666666668 0.046296296296296294
4 0.440625 0.362962962962963 0.026041666666666668 0.046296296296296294
4 0.3953125 0.3731481481481482 0.026041666666666668 0.046296296296296294
4 0.4041666666666667 0.37037037037037035 0.026041666666666668 0.046296296296296294
4 0.503125 0.36944444444444446 0.026041666666666668 0.046296296296296294
3 0.7041666666666667 0.37037037037037035 0.026041666666666668 0.046296296296296294
4 0.37864583333333335 0.38055555555555554 0.026041666666666668 0.046296296296296294
4 0.515625 0.3814814814814815 0.026041666666666668 0.046296296296296294
4 0.3958333333333333 0.387037037037037 0.026041666666666668 0.046296296296296294
4 0.4109375 0.38425925925925924 0.026041666666666668 0.046296296296296294
3 0.6770833333333334 0.3851851851851852 0.026041666666666668 0.046296296296296294
4 0.39010416666666664 0.39444444444444443 0.026041666666666668 0.046296296296296294
4 0.5041666666666667 0.3925925925925926 0.026041666666666668 0.046296296296296294
4 0.5109375 0.39814814814814814 0.026041666666666668 0.046296296296296294
2 0.20989583333333334 0.4 0.026041666666666668 0.046296296296296294
2 0.19427083333333334 0.4101851851851852 0.026041666666666668 0.046296296296296294
4 0.375 0.4101851851851852 0.026041666666666668 0.046296296296296294
4 0.39895833333333336 0.4101851851851852 0.026041666666666668 0.046296296296296294
4 0.453125 0.40925925925925927 0.026041666666666668 0.046296296296296294
4 0.6505208333333333 0.4074074074074074 0.026041666666666668 0.046296296296296294
4 0.6609375 0.4101851851851852 0.026041666666666668 0.046296296296296294
4 0.43645833333333334 0.41759259259259257 0.026041666666666668 0.046296296296296294
4 0.6625 0.4166666666666667 0.026041666666666668 0.046296296296296294
4 0.4109375 0.42592592592592593 0.026041666666666668 0.046296296296296294
4 0.45364583333333336 0.42407407407407405 0.026041666666666668 0.046296296296296294
4 0.6572916666666667 0.42685185185185187 0.026041666666666668 0.046296296296296294
3 0.6744791666666666 0.42685185185185187 0.026041666666666668 0.046296296296296294
4 0.6666666666666666 0.43333333333333335 0.026041666666666668 0.046296296296296294
4 0.39114583333333336 0.43425925925925923 0.026041666666666668 0.046296296296296294
4 0.4317708333333333 0.44074074074074077 0.026041666666666668 0.046296296296296294
4 0.65 0.44166666666666665 0.026041666666666668 0.046296296296296294
4 0.5114583333333333 0.44814814814814813 0.026041666666666668 0.046296296296296294
4 0.5203125 0.45092592592592595 0.026041666666666668 0.046296296296296294
3 0.7078125 0.44722222222222224 0.026041666666666668 0.046296296296296294
4 0.41822916666666665 0.4546296296296296 0.026041666666666668 0.046296296296296294
4 0.44479166666666664 0.4527777777777778 0.026041666666666668 0.046296296296296294
4 0.6661458333333333 0.45555555555555555 0.026041666666666668 0.046296296296296294
4 0.6536458333333334 0.4648148148148148 0.026041666666666668 0.046296296296296294
3 0.678125 0.462037037037037 0.026041666666666668 0.046296296296296294
4 0.5307291666666667 0.4722222222222222 0.026041666666666668 0.046296296296296294
3 0.6828125 0.47129629629629627 0.026041666666666668 0.046296296296296294
4 0.63125 0.47685185185185186 0.026041666666666668 0.046296296296296294
4 0.6541666666666667 0.48055555555555557 0.026041666666666668 0.046296296296296294
4 0.5203125 0.487962962962963 0.026041666666666668 0.046296296296296294
4 0.5057291666666667 0.49537037037037035 0.026041666666666668 0.046296296296296294
4 0.6052083333333333 0.49444444444444446 0.026041666666666668 0.046296296296296294
4 0.6125 0.49722222222222223 0.026041666666666668 0.046296296296296294
3 0.6708333333333333 0.4981481481481482 0.026041666666666668 0.046296296296296294
3 0.690625 0.5037037037037037 0.026041666666666668 0.046296296296296294
4 0.5083333333333333 0.5175925925925926 0.026041666666666668 0.046296296296296294
3 0.6776041666666667 0.5194444444444445 0.026041666666666668 0.046296296296296294
4 0.6239583333333333 0.5277777777777778 0.026041666666666668 0.046296296296296294
4 0.6661458333333333 0.5259259259259259 0.026041666666666668 0.046296296296296294
3 0.7322916666666667 0.5342592592592592 0.026041666666666668 0.046296296296296294
4 0.6296875 0.5444444444444444 0.026041666666666668 0.046296296296296294
3 0.675 0.5435185185185185 0.026041666666666668 0.046296296296296294
4 0.603125 0.5472222222222223 0.026041666666666668 0.046296296296296294
4 0.5151041666666667 0.5574074074074075 0.026041666666666668 0.046296296296296294
3 0.7526041666666666 0.5564814814814815 0.026041666666666668 0.046296296296296294
3 0.7661458333333333 0.5574074074074075 0.026041666666666668 0.046296296296296294
4 0.628125 0.5638888888888889 0.026041666666666668 0.046296296296296294
4 0.5197916666666667 0.5833333333333334 0.026041666666666668 0.046296296296296294
4 0.6078125 0.5805555555555556 0.026041666666666668 0.046296296296296294
4 0.659375 0.5768518518518518 0.026041666666666668 0.046296296296296294
4 0.6333333333333333 0.5907407407407408 0.026041666666666668 0.046296296296296294
4 0.6072916666666667 0.5972222222222222 0.026041666666666668 0.046296296296296294
4 0.5171875 0.6046296296296296 0.026041666666666668 0.046296296296296294
4 0.6520833333333333 0.6129629629629629 0.026041666666666668 0.046296296296296294
4 0.48125 0.625 0.026041666666666668 0.046296296296296294
3 0.7583333333333333 0.6351851851851852 0.026041666666666668 0.046296296296296294
4 0.5755208333333334 0.6388888888888888 0.026041666666666668 0.046296296296296294
1 0.4828125 0.675 0.026041666666666668 0.046296296296296294
1 0.4427083333333333 0.6768518518518518 0.026041666666666668 0.046296296296296294
1 0.5307291666666667 0.725 0.026041666666666668 0.046296296296296294
1 0.7239583333333334 0.7240740740740741 0.026041666666666668 0.046296296296296294
1 0.1515625 0.7666666666666667 0.026041666666666668 0.046296296296296294
1 0.6848958333333334 0.8018518518518518 0.026041666666666668 0.046296296296296294
1 0.0625 0.8212962962962963 0.026041666666666668 0.046296296296296294
1 0.20989583333333334 0.8305555555555556 0.026041666666666668 0.046296296296296294
1 0.8244791666666667 0.8416666666666667 0.026041666666666668 0.046296296296296294
1 0.6875 0.85 0.026041666666666668 0.046296296296296294
1 0.0921875 0.8564814814814815 0.026041666666666668 0.046296296296296294
1 0.35208333333333336 0.8694444444444445 0.026041666666666668 0.046296296296296294
1 0.022395833333333334 0.8768518518518519 0.026041666666666668 0.046296296296296294
1 0.8041666666666667 0.8851851851851852 0.026041666666666668 0.046296296296296294
1 0.3859375 0.8870370370370371 0.026041666666666668 0.046296296296296294
1 0.4354166666666667 0.8870370370370371 0.026041666666666668 0.046296296296296294
1 0.6036458333333333 0.8768518518518519 0.026041666666666668 0.046296296296296294
1 0.4671875 0.9055555555555556 0.026041666666666668 0.046296296296296294
1 0.44479166666666664 0.925 0.026041666666666668 0.046296296296296294
1 0.8239583333333333 0.9333333333333333 0.026041666666666668 0.046296296296296294
1 0.28802083333333334 0.9268518518518518 0.026041666666666668 0.046296296296296294
1 0.1828125 0.9444444444444444 0.026041666666666668 0.046296296296296294
1 0.2359375 0.9351851851851852 0.026041666666666668 0.046296296296296294
1 0.036458333333333336 0.9731481481481481 0.026041666666666668 0.046296296296296294
1 0.2911458333333333 0.9833333333333333 0.026041666666666668 0.046296296296296294
1 0.1734375 0.9962962962962963 0.026041666666666668 0.046296296296296294
1 0.13020833333333334 0.8555555555555555 0.026041666666666668 0.046296296296296294
1 0.11770833333333333 0.8 0.026041666666666668 0.046296296296296294
1 0.0875 0.8981481481481481 0.026041666666666668 0.046296296296296294
1 0.115625 0.9444444444444444 0.026041666666666668 0.046296296296296294
1 0.05625 0.9333333333333333 0.026041666666666668 0.046296296296296294
1 0.13125 0.9018518518518519 0.026041666666666668 0.046296296296296294
1 0.5552083333333333 0.8796296296296297 0.026041666666666668 0.046296296296296294
1 0.49583333333333335 0.7944444444444444 0.026041666666666668 0.046296296296296294
4 0.42916666666666664 0.6277777777777778 0.026041666666666668 0.046296296296296294
1 0.37916666666666665 0.7277777777777777 0.026041666666666668 0.046296296296296294
1 0.825 0.8722222222222222 0.026041666666666668 0.046296296296296294
1 0.7833333333333333 0.9314814814814815 0.026041666666666668 0.046296296296296294
1 0.8916666666666667 0.7907407407407407 0.026041666666666668 0.046296296296296294
1 0.8854166666666666 0.7462962962962963 0.026041666666666668 0.046296296296296294
3 0.775 0.6666666666666666 0.026041666666666668 0.046296296296296294
3 0.7354166666666667 0.562962962962963 0.026041666666666668 0.046296296296296294
3 0.7010416666666667 0.5333333333333333 0.026041666666666668 0.046296296296296294
4 0.6260416666666667 0.6185185185185185 0.026041666666666668 0.046296296296296294
4 0.6072916666666667 0.6444444444444445 0.026041666666666668 0.046296296296296294
4 0.5875 0.6666666666666666 0.026041666666666668 0.046296296296296294
4 0.5395833333333333 0.6203703703703703 0.026041666666666668 0.046296296296296294
4 0.53125 0.5481481481481482 0.026041666666666668 0.046296296296296294
1 0.378125 0.674074074074074 0.026041666666666668 0.046296296296296294
2 0.175 0.4222222222222222 0.026041666666666668 0.046296296296296294
0 0.6479166666666667 0.3 0.026041666666666668 0.046296296296296294
0 0.5479166666666667 0.3277777777777778 0.026041666666666668 0.046296296296296294
1 0.8302083333333333 0.7518518518518519 0.026041666666666668 0.046296296296296294
1 0.971875 0.9481481481481482 0.026041666666666668 0.046296296296296294
