0 0.475 0.08611111111111111 0.026041666666666668 0.046296296296296294
0 0.48385416666666664 0.1 0.026041666666666668 0.046296296296296294
0 0.4828125 0.12037037037037036 0.026041666666666668 0.046296296296296294
0 0.49583333333333335 0.12129629629629629 0.026041666666666668 0.046296296296296294
0 0.459375 0.12777777777777777 0.026041666666666668 0.046296296296296294
0 0.4703125 0.1287037037037037 0.026041666666666668 0.046296296296296294
0 0.4421875 0.13148148148148148 0.026041666666666668 0.046296296296296294
0 0.45 0.13425925925925927 0.026041666666666668 0.046296296296296294
0 0.45416666666666666 0.1361111111111111 0.026041666666666668 0.046296296296296294
0 0.4708333333333333 0.13796296296296295 0.026041666666666668 0.046296296296296294
0 0.4791666666666667 0.13796296296296295 0.026041666666666668 0.046296296296296294
0 0.4869791666666667 0.13796296296296295 0.026041666666666668 0.046296296296296294
0 0.49114583333333334 0.13796296296296295 0.026041666666666668 0.046296296296296294
0 0.4375 0.15648148148148147 0.026041666666666668 0.046296296296296294
0 0.46197916666666666 0.16018518518518518 0.026041666666666668 0.046296296296296294
0 0.4953125 0.16666666666666666 0.026041666666666668 0.046296296296296294
0 0.43333333333333335 0.17592592592592593 0.026041666666666668 0.046296296296296294
0 0.48385416666666664 0.175 0.026041666666666668 0.046296296296296294
0 0.4708333333333333 0.1814814814814815 0.026041666666666668 0.046296296296296294
0 0.490625 0.1925925925925926 0.026041666666666668 0.046296296296296294
0 0.49583333333333335 0.20833333333333334 0.026041666666666668 0.046296296296296294
0 0.46927083333333336 0.21481481481481482 0.026041666666666668 0.046296296296296294
0 0.4817708333333333 0.21388888888888888 0.026041666666666668 0.046296296296296294
0 0.5046875 0.22777777777777777 0.026041666666666668 0.046296296296296294
0 0.4984375 0.24537037037037038 0.026041666666666668 0.046296296296296294
0 0.5145833333333333 0.262037037037037 0.026041666666666668 0.046296296296296294
0 0.4979166666666667 0.26944444444444443 0.026041666666666668 0.046296296296296294
0 0.5416666666666666 0.26666666666666666 0.026041666666666668 0.046296296296296294
0 0.5333333333333333 0.2777777777777778 0.026041666666666668 0.046296296296296294
0 0.46145833333333336 0.2833333333333333 0.026041666666666668 0.046296296296296294
0 0.5114583333333333 0.28425925925925927 0.026041666666666668 0.046296296296296294
0 0.6958333333333333 0.28703703703703703 0.026041666666666668 0.046296296296296294
0 0.4984375 0.2916666666666667 0.026041666666666668 0.046296296296296294
0 0.5161458333333333 0.3 0.026041666666666668 0.046296296296296294
0 0.4817708333333333 0.3074074074074074 0.026041666666666668 0.046296296296296294
0 0.49895833333333334 0.3074074074074074 0.026041666666666668 0.046296296296296294
0 0.6994791666666667 0.3074074074074074 0.026041666666666668 0.046296296296296294
0 0.4239583333333333 0.31666666666666665 0.026041666666666668 0.046296296296296294
0 0.44583333333333336 0.31574074074074077 0.026041666666666668 0.046296296296296294
0 0.4713541666666667 0.32314814814814813 0.026041666666666668 0.046296296296296294
0 0.49895833333333334 0.32222222222222224 0.026041666666666668 0.046296296296296294
4 0.4515625 0.3351851851851852 0.026041666666666668 0.046296296296296294
4 0.415625 0.35 0.026041666666666668 0.046296296296296294
4 0.44375 0.3425925925925926 0.026041666666666668 0.046296296296296294
4 0.46197916666666666 0.34629629629629627 0.026041666666666668 0.046296296296296294
4 0.4713541666666667 0.3490740740740741 0.026041666666666668 0.046296296296296294
4 0.37864583333333335 0.35555555555555557 0.026041666666666668 0.046296296296296294
4 0.515625 0.3638888888888889 0.026041666666666668 0.046296296296296294
2 0.2203125 0.3787037037037037 0.026041666666666668 0.046296296296296294
4 0.4739583333333333 0.3861111111111111 0.026041666666666668 0.046296296296296294
4 0.4984375 0.3861111111111111 0.026041666666666668 0.046296296296296294
4 0.43645833333333334 0.39814814814814814 0.026041666666666668 0.046296296296296294
4 0.5197916666666667 0.3962962962962963 0.026041666666666668 0.046296296296296294
4 0.6505208333333333 0.39444444444444443 0.026041666666666668 0.046296296296296294
4 0.49166666666666664 0.4046296296296296 0.026041666666666668 0.046296296296296294
4 0.5078125 0.40185185185185185 0.026041666666666668 0.046296296296296294
4 0.6546875 0.4046296296296296 0.026041666666666668 0.046296296296296294
4 0.6635416666666667 0.41203703703703703 0.026041666666666668 0.046296296296296294
4 0.4322916666666667 0.4212962962962963 0.026041666666666668 0.046296296296296294
4 0.4791666666666667 0.4166666666666667 0.026041666666666668 0.046296296296296294
4 0.4901041666666667 0.41944444444444445 0.026041666666666668 0.046296296296296294
4 0.6552083333333333 0.42592592592592593 0.026041666666666668 0.046296296296296294
2 0.17135416666666667 0.43148148148148147 0.026041666666666668 0.046296296296296294
2 0.18333333333333332 0.43333333333333335 0.026041666666666668 0.046296296296296294
3 0.690625 0.4305555555555556 0.026041666666666668 0.046296296296296294
3 0.7072916666666667 0.4324074074074074 0.026041666666666668 0.046296296296296294
3 0.6692708333333334 0.44166666666666665 0.026041666666666668 0.046296296296296294
4 0.45364583333333336 0.44814814814814813 0.026041666666666668 0.046296296296296294
4 0.5078125 0.44907407407407407 0.026041666666666668 0.046296296296296294
4 0.5192708333333333 0.44814814814814813 0.026041666666666668 0.046296296296296294
4 0.6588541666666666 0.44814814814814813 0.026041666666666668 0.046296296296296294
3 0.7005208333333334 0.44814814814814813 0.026041666666666668 0.046296296296296294
4 0.4 0.45555555555555555 0.026041666666666668 0.046296296296296294
4 0.5296875 0.4564814814814815 0.026041666666666668 0.046296296296296294
3 0.68125 0.45740740740740743 0.026041666666666668 0.046296296296296294
4 0.4244791666666667 0.4648148148148148 0.026041666666666668 0.046296296296296294
4 0.6526041666666667 0.4666666666666667 0.026041666666666668 0.046296296296296294
4 0.6661458333333333 0.462037037037037 0.026041666666666668 0.046296296296296294
4 0.44166666666666665 0.4759259259259259 0.026041666666666668 0.046296296296296294
4 0.46979166666666666 0.47314814814814815 0.026041666666666668 0.046296296296296294
4 0.5036458333333333 0.4824074074074074 0.026041666666666668 0.046296296296296294
3 0.6708333333333333 0.48055555555555557 0.026041666666666668 0.046296296296296294
4 0.43645833333333334 0.49074074074074076 0.026041666666666668 0.046296296296296294
3 0.6984375 0.4962962962962963 0.026041666666666668 0.046296296296296294
4 0.4630208333333333 0.5064814814814815 0.026041666666666668 0.046296296296296294
4 0.503125 0.5009259259259259 0.026041666666666668 0.046296296296296294
4 0.6119791666666666 0.5027777777777778 0.026041666666666668 0.046296296296296294
4 0.4166666666666667 0.5120370370370371 0.026041666666666668 0.046296296296296294
4 0.4703125 0.5111111111111111 0.026041666666666668 0.046296296296296294
4 0.5166666666666667 0.512962962962963 0.026041666666666668 0.046296296296296294
3 0.6755208333333333 0.5111111111111111 0.026041666666666668 0.046296296296296294
3 0.6989583333333333 0.5101851851851852 0.026041666666666668 0.046296296296296294
4 0.5963541666666666 0.5194444444444445 0.026041666666666668 0.046296296296296294
4 0.4625 0.525 0.026041666666666668 0.046296296296296294
3 0.6697916666666667 0.5259259259259259 0.026041666666666668 0.046296296296296294
4 0.6208333333333333 0.5342592592592592 0.026041666666666668 0.046296296296296294
4 0.4010416666666667 0.5509259259259259 0.026041666666666668 0.046296296296296294
3 0.7333333333333333 0.55 0.026041666666666668 0.046296296296296294
4 0.4125 0.5666666666666667 0.026041666666666668 0.046296296296296294
4 0.5203125 0.5666666666666667 0.026041666666666668 0.046296296296296294
4 0.5989583333333334 0.5648148148148148 0.026041666666666668 0.046296296296296294
3 0.7572916666666667 0.562037037037037 0.026041666666666668 0.046296296296296294
4 0.44479166666666664 0.575 0.026041666666666668 0.046296296296296294
4 0.61875 0.5805555555555556 0.026041666666666668 0.046296296296296294
4 0.6364583333333333 0.5879629629629629 0.026041666666666668 0.046296296296296294
4 0.6604166666666667 0.5953703703703703 0.026041666666666668 0.046296296296296294
4 0.4036458333333333 0.6055555555555555 0.026041666666666668 0.046296296296296294
4 0.515625 0.6027777777777777 0.026041666666666668 0.046296296296296294
4 0.6119791666666666 0.6055555555555555 0.026041666666666668 0.046296296296296294
4 0.4421875 0.6111111111111112 0.026041666666666668 0.046296296296296294
4 0.6442708333333333 0.612037037037037 0.026041666666666668 0.046296296296296294
4 0.5401041666666667 0.6287037037037037 0.026041666666666668 0.046296296296296294
4 0.575 0.6361111111111111 0.026041666666666668 0.046296296296296294
4 0.4979166666666667 0.6333333333333333 0.026041666666666668 0.046296296296296294
3 0.7510416666666667 0.6592592592592592 0.026041666666666668 0.046296296296296294
3 0.7671875 0.6657407407407407 0.026041666666666668 0.046296296296296294
1 0.7057291666666666 0.7018518518518518 0.026041666666666668 0.046296296296296294
1 0.6583333333333333 0.7129629629629629 0.026041666666666668 0.046296296296296294
1 0.8760416666666667 0.7444444444444445 0.026041666666666668 0.046296296296296294
1 0.4125 0.7574074074074074 0.026041666666666668 0.046296296296296294
1 0.9244791666666666 0.7527777777777778 0.026041666666666668 0.046296296296296294
1 0.8348958333333333 0.7611111111111111 0.026041666666666668 0.046296296296296294
1 0.7401041666666667 0.8 0.026041666666666668 0.046296296296296294
1 0.8125 0.825 0.026041666666666668 0.046296296296296294
1 0.8723958333333334 0.8361111111111111 0.026041666666666668 0.046296296296296294
1 0.778125 0.8296296296296296 0.026041666666666668 0.046296296296296294
1 0.8447916666666667 0.8546296296296296 0.026041666666666668 0.046296296296296294
1 0.5911458333333334 0.8703703703703703 0.026041666666666668 0.046296296296296294
1 0.4328125 0.8888888888888888 0.026041666666666668 0.046296296296296294
1 0.8703125 0.8953703703703704 0.026041666666666668 0.046296296296296294
1 0.190625 0.9046296296296297 0.026041666666666668 0.046296296296296294
1 0.4708333333333333 0.9055555555555556 0.026041666666666668 0.046296296296296294
1 0.58125 0.9416666666666667 0.026041666666666668 0.046296296296296294
1 0.9677083333333333 0.9462962962962963 0.026041666666666668 0.046296296296296294
1 0.5036458333333333 0.9444444444444444 0.026041666666666668 0.046296296296296294
1 0.5463541666666667 0.9675925925925926 0.026041666666666668 0.046296296296296294
1 0.23541666666666666 0.725925925925926 0.026041666666666668 0.046296296296296294
2 0.20729166666666668 0.42407407407407405 0.026041666666666668 0.046296296296296294
4 0.3958333333333333 0.6537037037037037 0.026041666666666668 0.046296296296296294
1 0.440625 0.6722222222222223 0.026041666666666668 0.046296296296296294
4 0.44375 0.6277777777777778 0.026041666666666668 0.046296296296296294
4 0.4791666666666667 0.6222222222222222 0.026041666666666668 0.046296296296296294
1 0.6208333333333333 0.7962962962962963 0.026041666666666668 0.046296296296296294
3 0.7770833333333333 0.562962962962963 0.026041666666666668 0.046296296296296294
1 0.43854166666666666 0.7666666666666667 0.026041666666666668 0.046296296296296294
4 0.59375 0.6314814814814815 0.026041666666666668 0.046296296296296294
4 0.6125 0.5518518518518518 0.026041666666666668 0.046296296296296294
4 0.6322916666666667 0.5592592592592592 0.026041666666666668 0.046296296296296294
3 0.7354166666666667 0.5648148148148148 0.026041666666666668 0.046296296296296294
3 0.765625 0.5888888888888889 0.026041666666666668 0.046296296296296294
1 0.875 0.9703703703703703 0.026041666666666668 0.046296296296296294
1 0.8489583333333334 0.9462962962962963 0.026041666666666668 0.046296296296296294
