0 0.475 0.08796296296296297 0.026041666666666668 0.046296296296296294
0 0.4703125 0.0962962962962963 0.026041666666666668 0.046296296296296294
0 0.48385416666666664 0.09814814814814815 0.026041666666666668 0.046296296296296294
0 0.46979166666666666 0.11388888888888889 0.026041666666666668 0.046296296296296294
0 0.48333333333333334 0.11481481481481481 0.026041666666666668 0.046296296296296294
0 0.4822916666666667 0.12222222222222222 0.026041666666666668 0.046296296296296294
0 0.4953125 0.12222222222222222 0.026041666666666668 0.046296296296296294
0 0.446875 0.125 0.026041666666666668 0.046296296296296294
0 0.453125 0.12777777777777777 0.026041666666666668 0.046296296296296294
0 0.4708333333333333 0.12962962962962962 0.026041666666666668 0.046296296296296294
0 0.47708333333333336 0.13055555555555556 0.026041666666666668 0.046296296296296294
0 0.44166666666666665 0.13703703703703704 0.026041666666666668 0.046296296296296294
0 0.46197916666666666 0.13703703703703704 0.026041666666666668 0.046296296296296294
0 0.48854166666666665 0.13703703703703704 0.026041666666666668 0.046296296296296294
0 0.4942708333333333 0.13703703703703704 0.026041666666666668 0.046296296296296294
0 0.45364583333333336 0.14444444444444443 0.026041666666666668 0.046296296296296294
0 0.4661458333333333 0.14444444444444443 0.026041666666666668 0.046296296296296294
0 0.44583333333333336 0.15462962962962962 0.026041666666666668 0.046296296296296294
0 0.475 0.1537037037037037 0.026041666666666668 0.046296296296296294
0 0.4828125 0.1527777777777778 0.026041666666666668 0.046296296296296294
0 0.43802083333333336 0.16111111111111112 0.026041666666666668 0.046296296296296294
0 0.44895833333333335 0.16018518518518518 0.026041666666666668 0.046296296296296294
0 0.4609375 0.16018518518518518 0.026041666666666668 0.046296296296296294
0 0.4328125 0.17685185185185184 0.026041666666666668 0.046296296296296294
0 0.44479166666666664 0.17777777777777778 0.026041666666666668 0.046296296296296294
0 0.4666666666666667 0.175 0.026041666666666668 0.046296296296296294
0 0.43645833333333334 0.18425925925925926 0.026041666666666668 0.046296296296296294
0 0.453125 0.1814814814814815 0.026041666666666668 0.046296296296296294
0 0.4703125 0.18333333333333332 0.026041666666666668 0.046296296296296294
0 0.49114583333333334 0.19074074074074074 0.026041666666666668 0.046296296296296294
0 0.44114583333333335 0.19907407407407407 0.026041666666666668 0.046296296296296294
0 0.5088541666666667 0.2 0.026041666666666668 0.046296296296296294
0 0.4239583333333333 0.20555555555555555 0.026041666666666668 0.046296296296296294
0 0.4625 0.2037037037037037 0.026041666666666668 0.046296296296296294
0 0.4739583333333333 0.20462962962962963 0.026041666666666668 0.046296296296296294
0 0.5114583333333333 0.21851851851851853 0.026041666666666668 0.046296296296296294
0 0.42552083333333335 0.225 0.026041666666666668 0.046296296296296294
0 0.4786458333333333 0.23148148148148148 0.026041666666666668 0.046296296296296294
0 0.4942708333333333 0.23055555555555557 0.026041666666666668 0.046296296296296294
0 0.4197916666666667 0.23703703703703705 0.026041666666666668 0.046296296296296294
0 0.440625 0.2361111111111111 0.026041666666666668 0.046296296296296294
0 0.5072916666666667 0.24259259259259258 0.026041666666666668 0.046296296296296294
0 0.4828125 0.2611111111111111 0.026041666666666668 0.046296296296296294
0 0.5010416666666667 0.27037037037037037 0.026041666666666668 0.046296296296296294
0 0.5197916666666667 0.27870370370370373 0.026041666666666668 0.046296296296296294
0 0.49895833333333334 0.28425925925925927 0.026041666666666668 0.046296296296296294
0 0.6916666666666667 0.2851851851851852 0.026041666666666668 0.046296296296296294
0 0.5197916666666667 0.30185185185185187 0.026041666666666668 0.046296296296296294
0 0.43125 0.31574074074074077 0.026041666666666668 0.046296296296296294
0 0.45208333333333334 0.3175925925925926 0.026041666666666668 0.046296296296296294
0 0.46927083333333336 0.31574074074074077 0.026041666666666668 0.046296296296296294
0 0.525 0.31666666666666665 0.026041666666666668 0.046296296296296294
0 0.7067708333333333 0.31296296296296294 0.026041666666666668 0.046296296296296294
0 0.5161458333333333 0.32685185185185184 0.026041666666666668 0.046296296296296294
0 0.44479166666666664 0.33240740740740743 0.026041666666666668 0.046296296296296294
0 0.5041666666666667 0.3314814814814815 0.026041666666666668 0.046296296296296294
4 0.45260416666666664 0.3388888888888889 0.026041666666666668 0.046296296296296294
4 0.4708333333333333 0.33796296296296297 0.026041666666666668 0.046296296296296294
4 0.5072916666666667 0.3435185185185185 0.026041666666666668 0.046296296296296294
4 0.43697916666666664 0.35833333333333334 0.026041666666666668 0.046296296296296294
4 0.49947916666666664 0.3537037037037037 0.026041666666666668 0.046296296296296294
4 0.5067708333333333 0.3537037037037037 0.026041666666666668 0.046296296296296294
4 0.37447916666666664 0.362962962962963 0.026041666666666668 0.046296296296296294
4 0.40729166666666666 0.35833333333333334 0.026041666666666668 0.046296296296296294
4 0.4119791666666667 0.3712962962962963 0.026041666666666668 0.046296296296296294
4 0.428125 0.3712962962962963 0.026041666666666668 0.046296296296296294
4 0.45729166666666665 0.3712962962962963 0.026041666666666668 0.046296296296296294
4 0.4947916666666667 0.3712962962962963 0.026041666666666668 0.046296296296296294
4 0.4203125 0.3787037037037037 0.026041666666666668 0.046296296296296294
4 0.5026041666666666 0.3861111111111111 0.026041666666666668 0.046296296296296294
4 0.5265625 0.38796296296296295 0.026041666666666668 0.046296296296296294
4 0.4322916666666667 0.39444444444444443 0.026041666666666668 0.046296296296296294
4 0.4859375 0.40185185185185185 0.026041666666666668 0.046296296296296294
4 0.5125 0.4027777777777778 0.026041666666666668 0.046296296296296294
4 0.3984375 0.4101851851851852 0.026041666666666668 0.046296296296296294
4 0.49947916666666664 0.4111111111111111 0.026041666666666668 0.046296296296296294
2 0.1859375 0.4148148148148148 0.026041666666666668 0.046296296296296294
2 0.17552083333333332 0.425 0.026041666666666668 0.046296296296296294
4 0.37447916666666664 0.42685185185185187 0.026041666666666668 0.046296296296296294
4 0.46979166666666666 0.4222222222222222 0.026041666666666668 0.046296296296296294
4 0.4859375 0.425 0.026041666666666668 0.046296296296296294
4 0.5208333333333334 0.42777777777777776 0.026041666666666668 0.046296296296296294
4 0.6536458333333334 0.42592592592592593 0.026041666666666668 0.046296296296296294
2 0.17083333333333334 0.43333333333333335 0.026041666666666668 0.046296296296296294
4 0.503125 0.43148148148148147 0.026041666666666668 0.046296296296296294
3 0.6911458333333333 0.4305555555555556 0.026041666666666668 0.046296296296296294
3 0.6973958333333333 0.43148148148148147 0.026041666666666668 0.046296296296296294
4 0.39010416666666664 0.44351851851851853 0.026041666666666668 0.046296296296296294
4 0.5203125 0.44166666666666665 0.026041666666666668 0.046296296296296294
3 0.6708333333333333 0.44166666666666665 0.026041666666666668 0.046296296296296294
4 0.48333333333333334 0.4583333333333333 0.026041666666666668 0.046296296296296294
4 0.5161458333333333 0.4601851851851852 0.026041666666666668 0.046296296296296294
3 0.6822916666666666 0.4564814814814815 0.026041666666666668 0.046296296296296294
4 0.4875 0.4675925925925926 0.026041666666666668 0.046296296296296294
4 0.4703125 0.47314814814814815 0.026041666666666668 0.046296296296296294
4 0.5083333333333333 0.47314814814814815 0.026041666666666668 0.046296296296296294
4 0.37395833333333334 0.4787037037037037 0.026041666666666668 0.046296296296296294
4 0.4171875 0.4777777777777778 0.026041666666666668 0.046296296296296294
3 0.6744791666666666 0.4824074074074074 0.026041666666666668 0.046296296296296294
3 0.69375 0.4962962962962963 0.026041666666666668 0.046296296296296294
4 0.6020833333333333 0.5009259259259259 0.026041666666666668 0.046296296296296294
4 0.40260416666666665 0.5064814814814815 0.026041666666666668 0.046296296296296294
4 0.5036458333333333 0.5111111111111111 0.026041666666666668 0.046296296296296294
3 0.675 0.5120370370370371 0.026041666666666668 0.046296296296296294
3 0.678125 0.5138888888888888 0.026041666666666668 0.046296296296296294
3 0.7 0.5101851851851852 0.026041666666666668 0.046296296296296294
4 0.5942708333333333 0.5259259259259259 0.026041666666666668 0.046296296296296294
4 0.6083333333333333 0.524074074074074 0.026041666666666668 0.046296296296296294
3 0.6692708333333334 0.5277777777777778 0.026041666666666668 0.046296296296296294
4 0.6182291666666667 0.5351851851851852 0.026041666666666668 0.046296296296296294
4 0.5072916666666667 0.5425925925925926 0.026041666666666668 0.046296296296296294
4 0.453125 0.549074074074074 0.026041666666666668 0.046296296296296294
4 0.6114583333333333 0.549074074074074 0.026041666666666668 0.046296296296296294
3 0.7328125 0.5453703703703704 0.026041666666666668 0.046296296296296294
4 0.525 0.5574074074074075 0.026041666666666668 0.046296296296296294
4 0.6317708333333333 0.5583333333333333 0.026041666666666668 0.046296296296296294
4 0.44375 0.5666666666666667 0.026041666666666668 0.046296296296296294
4 0.6005208333333333 0.562037037037037 0.026041666666666668 0.046296296296296294
3 0.7583333333333333 0.562037037037037 0.026041666666666668 0.046296296296296294
4 0.5036458333333333 0.5768518518518518 0.026041666666666668 0.046296296296296294
3 0.7666666666666667 0.5805555555555556 0.026041666666666668 0.046296296296296294
4 0.6088541666666667 0.5962962962962963 0.026041666666666668 0.046296296296296294
4 0.6390625 0.5935185185185186 0.026041666666666668 0.046296296296296294
4 0.6598958333333333 0.5944444444444444 0.026041666666666668 0.046296296296296294
4 0.5234375 0.6037037037037037 0.026041666666666668 0.046296296296296294
4 0.6489583333333333 0.6101851851851852 0.026041666666666668 0.046296296296296294
4 0.4552083333333333 0.6185185185185185 0.026041666666666668 0.046296296296296294
4 0.4901041666666667 0.625 0.026041666666666668 0.046296296296296294
4 0.4630208333333333 0.6333333333333333 0.026041666666666668 0.046296296296296294
4 0.5421875 0.6425925925925926 0.026041666666666668 0.046296296296296294
4 0.575 0.6407407407407407 0.026041666666666668 0.046296296296296294
4 0.49583333333333335 0.6518518518518519 0.026041666666666668 0.046296296296296294
1 0.5286458333333334 0.6814814814814815 0.026041666666666668 0.046296296296296294
1 0.3854166666666667 0.7018518518518518 0.026041666666666668 0.046296296296296294
1 0.7416666666666667 0.7138888888888889 0.026041666666666668 0.046296296296296294
1 0.5979166666666667 0.7296296296296296 0.026041666666666668 0.046296296296296294
1 0.6791666666666667 0.725925925925926 0.026041666666666668 0.046296296296296294
1 0.8822916666666667 0.7481481481481481 0.026041666666666668 0.046296296296296294
1 0.4041666666666667 0.7583333333333333 0.026041666666666668 0.046296296296296294
1 0.93125 0.7462962962962963 0.026041666666666668 0.046296296296296294
1 0.8255208333333334 0.7537037037037037 0.026041666666666668 0.046296296296296294
1 0.8270833333333333 0.762962962962963 0.026041666666666668 0.046296296296296294
1 0.5067708333333333 0.7842592592592592 0.026041666666666668 0.046296296296296294
1 0.328125 0.8212962962962963 0.026041666666666668 0.046296296296296294
1 0.8791666666666667 0.8361111111111111 0.026041666666666668 0.046296296296296294
1 0.3458333333333333 0.8435185185185186 0.026041666666666668 0.046296296296296294
1 0.7796875 0.8361111111111111 0.026041666666666668 0.046296296296296294
1 0.5020833333333333 0.8666666666666667 0.026041666666666668 0.046296296296296294
1 0.7078125 0.8611111111111112 0.026041666666666668 0.046296296296296294
1 0.6307291666666667 0.8666666666666667 0.026041666666666668 0.046296296296296294
1 0.440625 0.8898148148148148 0.026041666666666668 0.046296296296296294
1 0.5838541666666667 0.9018518518518519 0.026041666666666668 0.046296296296296294
1 0.48125 0.899074074074074 0.026041666666666668 0.046296296296296294
1 0.29739583333333336 0.9361111111111111 0.026041666666666668 0.046296296296296294
1 0.55 0.9462962962962963 0.026041666666666668 0.046296296296296294
1 0.8875 0.9490740740740741 0.026041666666666668 0.046296296296296294
1 0.9614583333333333 0.9425925925925925 0.026041666666666668 0.046296296296296294
1 0.8369791666666667 0.9611111111111111 0.026041666666666668 0.046296296296296294
1 0.6151041666666667 0.9592592592592593 0.026041666666666668 0.046296296296296294
1 0.3958333333333333 0.8759259259259259 0.026041666666666668 0.046296296296296294
1 0.37916666666666665 0.9574074074074074 0.026041666666666668 0.046296296296296294
1 0.5041666666666667 0.9259259259259259 0.026041666666666668 0.046296296296296294
1 0.7729166666666667 0.9333333333333333 0.026041666666666668 0.046296296296296294
1 0.8239583333333333 0.8722222222222222 0.026041666666666668 0.046296296296296294
1 0.8260416666666667 0.8351851851851851 0.026041666666666668 0.046296296296296294
3 0.7625 0.6611111111111111 0.026041666666666668 0.046296296296296294
3 0.7572916666666667 0.6259259259259259 0.026041666666666668 0.046296296296296294
4 0.43125 0.6055555555555555 0.026041666666666668 0.046296296296296294
4 0.44583333333333336 0.6592592592592592 0.026041666666666668 0.046296296296296294
1 0.44583333333333336 0.7666666666666667 0.026041666666666668 0.046296296296296294
4 0.4114583333333333 0.6425925925925926 0.026041666666666668 0.046296296296296294
2 0.21979166666666666 0.4111111111111111 0.026041666666666668 0.046296296296296294
4 0.6177083333333333 0.6185185185185185 0.026041666666666668 0.046296296296296294
4 0.5979166666666667 0.6351851851851852 0.026041666666666668 0.046296296296296294
3 0.728125 0.5703703703703704 0.026041666666666668 0.046296296296296294
1 0.878125 0.9148148148148149 0.026041666666666668 0.046296296296296294
1 0.6708333333333333 0.8555555555555555 0.026041666666666668 0.046296296296296294
1 0.3375 0.75 0.026041666666666668 0.046296296296296294
