0 0.4796875 0.09814814814814815 0.026041666666666668 0.046296296296296294
0 0.4703125 0.10462962962962963 0.026041666666666668 0.046296296296296294
0 0.48385416666666664 0.12037037037037036 0.026041666666666668 0.046296296296296294
0 0.490625 0.12222222222222222 0.026041666666666668 0.046296296296296294
0 0.4703125 0.1287037037037037 0.026041666666666668 0.046296296296296294
0 0.44166666666666665 0.13240740740740742 0.026041666666666668 0.046296296296296294
0 0.45 0.13518518518518519 0.026041666666666668 0.046296296296296294
0 0.45677083333333335 0.13425925925925927 0.026041666666666668 0.046296296296296294
0 0.4817708333333333 0.1388888888888889 0.026041666666666668 0.046296296296296294
0 0.4630208333333333 0.14444444444444443 0.026041666666666668 0.046296296296296294
0 0.4739583333333333 0.14444444444444443 0.026041666666666668 0.046296296296296294
0 0.4984375 0.15925925925925927 0.026041666666666668 0.046296296296296294
0 0.4317708333333333 0.17407407407407408 0.026041666666666668 0.046296296296296294
0 0.5005208333333333 0.17314814814814813 0.026041666666666668 0.046296296296296294
0 0.5083333333333333 0.1925925925925926 0.026041666666666668 0.046296296296296294
0 0.5041666666666667 0.21851851851851853 0.026041666666666668 0.046296296296296294
0 0.4484375 0.23148148148148148 0.026041666666666668 0.046296296296296294
0 0.5088541666666667 0.23055555555555557 0.026041666666666668 0.046296296296296294
0 0.42916666666666664 0.24074074074074073 0.026041666666666668 0.046296296296296294
0 0.44114583333333335 0.26851851851851855 0.026041666666666668 0.046296296296296294
0 0.4625 0.26851851851851855 0.026041666666666668 0.046296296296296294
0 0.49114583333333334 0.26666666666666666 0.026041666666666668 0.046296296296296294
0 0.5333333333333333 0.27870370370370373 0.026041666666666668 0.046296296296296294
0 0.5203125 0.28703703703703703 0.026041666666666668 0.046296296296296294
0 0.5447916666666667 0.28703703703703703 0.026041666666666668 0.046296296296296294
0 0.4125 0.2916666666666667 0.026041666666666668 0.046296296296296294
0 0.5072916666666667 0.2935185185185185 0.026041666666666668 0.046296296296296294
0 0.43333333333333335 0.3 0.026041666666666668 0.046296296296296294
0 0.4432291666666667 0.30277777777777776 0.026041666666666668 0.046296296296296294
0 0.490625 0.30185185185185187 0.026041666666666668 0.046296296296296294
0 0.46979166666666666 0.30648148148148147 0.026041666666666668 0.046296296296296294
0 0.4244791666666667 0.3194444444444444 0.026041666666666668 0.046296296296296294
0 0.490625 0.3148148148148148 0.026041666666666668 0.046296296296296294
0 0.5072916666666667 0.31574074074074077 0.026041666666666668 0.046296296296296294
0 0.515625 0.31851851851851853 0.026041666666666668 0.046296296296296294
0 0.7067708333333333 0.3138888888888889 0.026041666666666668 0.046296296296296294
4 0.440625 0.3333333333333333 0.026041666666666668 0.046296296296296294
0 0.5078125 0.3314814814814815 0.026041666666666668 0.046296296296296294
4 0.4192708333333333 0.337037037037037 0.026041666666666668 0.046296296296296294
4 0.4484375 0.3388888888888889 0.026041666666666668 0.046296296296296294
4 0.3958333333333333 0.3472222222222222 0.026041666666666668 0.046296296296296294
4 0.4114583333333333 0.35 0.026041666666666668 0.046296296296296294
4 0.4322916666666667 0.34629629629629627 0.026041666666666668 0.046296296296296294
4 0.4375 0.3490740740740741 0.026041666666666668 0.046296296296296294
4 0.4984375 0.3490740740740741 0.026041666666666668 0.046296296296296294
4 0.5114583333333333 0.3453703703703704 0.026041666666666668 0.046296296296296294
4 0.38697916666666665 0.35555555555555557 0.026041666666666668 0.046296296296296294
4 0.4015625 0.35555555555555557 0.026041666666666668 0.046296296296296294
4 0.42864583333333334 0.35462962962962963 0.026041666666666668 0.046296296296296294
4 0.45260416666666664 0.35555555555555557 0.026041666666666668 0.046296296296296294
4 0.3796875 0.36666666666666664 0.026041666666666668 0.046296296296296294
4 0.3953125 0.3638888888888889 0.026041666666666668 0.046296296296296294
4 0.4114583333333333 0.36574074074074076 0.026041666666666668 0.046296296296296294
4 0.44114583333333335 0.36203703703703705 0.026041666666666668 0.046296296296296294
4 0.46145833333333336 0.36203703703703705 0.026041666666666668 0.046296296296296294
4 0.45364583333333336 0.3675925925925926 0.026041666666666668 0.046296296296296294
4 0.4744791666666667 0.37222222222222223 0.026041666666666668 0.046296296296296294
2 0.22135416666666666 0.37592592592592594 0.026041666666666668 0.046296296296296294
4 0.40729166666666666 0.38055555555555554 0.026041666666666668 0.046296296296296294
4 0.5411458333333333 0.3787037037037037 0.026041666666666668 0.046296296296296294
4 0.37447916666666664 0.3888888888888889 0.026041666666666668 0.046296296296296294
4 0.46197916666666666 0.38425925925925924 0.026041666666666668 0.046296296296296294
4 0.4703125 0.38796296296296295 0.026041666666666668 0.046296296296296294
4 0.4036458333333333 0.3972222222222222 0.026041666666666668 0.046296296296296294
4 0.50625 0.39444444444444443 0.026041666666666668 0.046296296296296294
4 0.6614583333333334 0.39537037037037037 0.026041666666666668 0.046296296296296294
3 0.6916666666666667 0.39166666666666666 0.026041666666666668 0.046296296296296294
2 0.17395833333333333 0.40370370370370373 0.026041666666666668 0.046296296296296294
4 0.5192708333333333 0.40555555555555556 0.026041666666666668 0.046296296296296294
2 0.20416666666666666 0.4083333333333333 0.026041666666666668 0.046296296296296294
4 0.42083333333333334 0.41203703703703703 0.026041666666666668 0.046296296296296294
4 0.6505208333333333 0.4074074074074074 0.026041666666666668 0.046296296296296294
3 0.7036458333333333 0.4064814814814815 0.026041666666666668 0.046296296296296294
2 0.21354166666666666 0.4185185185185185 0.026041666666666668 0.046296296296296294
4 0.5203125 0.41574074074074074 0.026041666666666668 0.046296296296296294
4 0.665625 0.41759259259259257 0.026041666666666668 0.046296296296296294
4 0.49895833333333334 0.42407407407407405 0.026041666666666668 0.046296296296296294
3 0.6802083333333333 0.425 0.026041666666666668 0.046296296296296294
3 0.6864583333333333 0.42592592592592593 0.026041666666666668 0.046296296296296294
4 0.40260416666666665 0.4324074074074074 0.026041666666666668 0.046296296296296294
4 0.46145833333333336 0.4361111111111111 0.026041666666666668 0.046296296296296294
4 0.42916666666666664 0.44074074074074077 0.026041666666666668 0.046296296296296294
3 0.6739583333333333 0.44166666666666665 0.026041666666666668 0.046296296296296294
4 0.48854166666666665 0.45 0.026041666666666668 0.046296296296296294
4 0.5208333333333334 0.45 0.026041666666666668 0.046296296296296294
4 0.43645833333333334 0.45925925925925926 0.026041666666666668 0.046296296296296294
4 0.3859375 0.46296296296296297 0.026041666666666668 0.046296296296296294
4 0.4114583333333333 0.4666666666666667 0.026041666666666668 0.046296296296296294
4 0.4739583333333333 0.46574074074074073 0.026041666666666668 0.046296296296296294
4 0.4786458333333333 0.48055555555555557 0.026041666666666668 0.046296296296296294
4 0.4078125 0.4861111111111111 0.026041666666666668 0.046296296296296294
4 0.6526041666666667 0.4888888888888889 0.026041666666666668 0.046296296296296294
4 0.6651041666666667 0.487962962962963 0.026041666666666668 0.046296296296296294
4 0.5119791666666667 0.49907407407407406 0.026041666666666668 0.046296296296296294
4 0.6286458333333333 0.49444444444444446 0.026041666666666668 0.046296296296296294
3 0.7020833333333333 0.4962962962962963 0.026041666666666668 0.046296296296296294
3 0.675 0.5055555555555555 0.026041666666666668 0.046296296296296294
3 0.6927083333333334 0.5037037037037037 0.026041666666666668 0.046296296296296294
4 0.4588541666666667 0.5101851851851852 0.026041666666666668 0.046296296296296294
4 0.4791666666666667 0.5111111111111111 0.026041666666666668 0.046296296296296294
3 0.7119791666666667 0.5120370370370371 0.026041666666666668 0.046296296296296294
4 0.3828125 0.5175925925925926 0.026041666666666668 0.046296296296296294
4 0.615625 0.5166666666666667 0.026041666666666668 0.046296296296296294
4 0.6338541666666667 0.5175925925925926 0.026041666666666668 0.046296296296296294
3 0.6947916666666667 0.5203703703703704 0.026041666666666668 0.046296296296296294
4 0.4583333333333333 0.5277777777777778 0.026041666666666668 0.046296296296296294
4 0.48385416666666664 0.5277777777777778 0.026041666666666668 0.046296296296296294
4 0.5072916666666667 0.5268518518518519 0.026041666666666668 0.046296296296296294
3 0.6692708333333334 0.5259259259259259 0.026041666666666668 0.046296296296296294
4 0.5859375 0.5333333333333333 0.026041666666666668 0.046296296296296294
4 0.6036458333333333 0.5351851851851852 0.026041666666666668 0.046296296296296294
4 0.4322916666666667 0.5416666666666666 0.026041666666666668 0.046296296296296294
4 0.4828125 0.5509259259259259 0.026041666666666668 0.046296296296296294
4 0.42083333333333334 0.5592592592592592 0.026041666666666668 0.046296296296296294
4 0.5130208333333334 0.5648148148148148 0.026041666666666668 0.046296296296296294
4 0.5947916666666667 0.5657407407407408 0.026041666666666668 0.046296296296296294
3 0.7703125 0.5694444444444444 0.026041666666666668 0.046296296296296294
4 0.39114583333333336 0.5731481481481482 0.026041666666666668 0.046296296296296294
4 0.44479166666666664 0.5712962962962963 0.026041666666666668 0.046296296296296294
4 0.4161458333333333 0.5787037037037037 0.026041666666666668 0.046296296296296294
3 0.7635416666666667 0.5805555555555556 0.026041666666666668 0.046296296296296294
4 0.5333333333333333 0.5972222222222222 0.026041666666666668 0.046296296296296294
4 0.5619791666666667 0.5972222222222222 0.026041666666666668 0.046296296296296294
4 0.653125 0.5972222222222222 0.026041666666666668 0.046296296296296294
3 0.7098958333333333 0.6240740740740741 0.026041666666666668 0.046296296296296294
4 0.5328125 0.6527777777777778 0.026041666666666668 0.046296296296296294
4 0.5744791666666667 0.6592592592592592 0.026041666666666668 0.046296296296296294
4 0.6286458333333333 0.6592592592592592 0.026041666666666668 0.046296296296296294
1 0.5526041666666667 0.674074074074074 0.026041666666666668 0.046296296296296294
1 0.41875 0.6898148148148148 0.026041666666666668 0.046296296296296294
1 0.7776041666666667 0.7222222222222222 0.026041666666666668 0.046296296296296294
1 0.5114583333333333 0.725 0.026041666666666668 0.046296296296296294
1 0.8890625 0.7212962962962963 0.026041666666666668 0.046296296296296294
1 0.5203125 0.7444444444444445 0.026041666666666668 0.046296296296296294
1 0.878125 0.7462962962962963 0.026041666666666668 0.046296296296296294
1 0.33489583333333334 0.7518518518518519 0.026041666666666668 0.046296296296296294
1 0.6979166666666666 0.7703703703703704 0.026041666666666668 0.046296296296296294
1 0.8338541666666667 0.7555555555555555 0.026041666666666668 0.046296296296296294
1 0.98125 0.7824074074074074 0.026041666666666668 0.046296296296296294
1 0.7552083333333334 0.812962962962963 0.026041666666666668 0.046296296296296294
1 0.8625 0.8231481481481482 0.026041666666666668 0.046296296296296294
1 0.8291666666666667 0.8398148148148148 0.026041666666666668 0.046296296296296294
1 0.24270833333333333 0.8444444444444444 0.026041666666666668 0.046296296296296294
1 0.7916666666666666 0.8444444444444444 0.026041666666666668 0.046296296296296294
1 0.8244791666666667 0.862037037037037 0.026041666666666668 0.046296296296296294
1 0.4557291666666667 0.8805555555555555 0.026041666666666668 0.046296296296296294
1 0.31979166666666664 0.8787037037037037 0.026041666666666668 0.046296296296296294
1 0.4328125 0.8935185185185185 0.026041666666666668 0.046296296296296294
1 0.4005208333333333 0.8916666666666667 0.026041666666666668 0.046296296296296294
1 0.9072916666666667 0.9138888888888889 0.026041666666666668 0.046296296296296294
1 0.6729166666666667 0.9407407407407408 0.026041666666666668 0.046296296296296294
1 0.6942708333333333 0.9453703703703704 0.026041666666666668 0.046296296296296294
1 0.965625 0.9435185185185185 0.026041666666666668 0.046296296296296294
1 0.575 0.9583333333333334 0.026041666666666668 0.046296296296296294
1 0.9421875 0.9564814814814815 0.026041666666666668 0.046296296296296294
1 0.5265625 0.9888888888888889 0.026041666666666668 0.046296296296296294
0 0.6864583333333333 0.3 0.026041666666666668 0.046296296296296294
3 0.6854166666666667 0.6240740740740741 0.026041666666666668 0.046296296296296294
3 0.7125 0.5481481481481482 0.026041666666666668 0.046296296296296294
3 0.715625 0.5314814814814814 0.026041666666666668 0.046296296296296294
3 0.7322916666666667 0.5703703703703704 0.026041666666666668 0.046296296296296294
3 0.7552083333333334 0.5740740740740741 0.026041666666666668 0.046296296296296294
3 0.759375 0.6166666666666667 0.026041666666666668 0.046296296296296294
3 0.7802083333333333 0.662962962962963 0.026041666666666668 0.046296296296296294
1 0.634375 0.7666666666666667 0.026041666666666668 0.046296296296296294
4 0.621875 0.5944444444444444 0.026041666666666668 0.046296296296296294
4 0.5989583333333334 0.6277777777777778 0.026041666666666668 0.046296296296296294
4 0.590625 0.5833333333333334 0.026041666666666668 0.046296296296296294
4 0.4739583333333333 0.5833333333333334 0.026041666666666668 0.046296296296296294
1 0.5458333333333333 0.7222222222222222 0.026041666666666668 0.046296296296296294
