0 0.46979166666666666 0.09444444444444444 0.026041666666666668 0.046296296296296294
0 0.475 0.10648148148148148 0.026041666666666668 0.046296296296296294
0 0.4822916666666667 0.10462962962962963 0.026041666666666668 0.046296296296296294
0 0.48333333333333334 0.12129629629629629 0.026041666666666668 0.046296296296296294
0 0.49114583333333334 0.12037037037037036 0.026041666666666668 0.046296296296296294
0 0.45416666666666666 0.13055555555555556 0.026041666666666668 0.046296296296296294
0 0.4609375 0.13425925925925927 0.026041666666666668 0.046296296296296294
0 0.4739583333333333 0.14629629629629629 0.026041666666666668 0.046296296296296294
0 0.4828125 0.14537037037037037 0.026041666666666668 0.046296296296296294
0 0.4864583333333333 0.14537037037037037 0.026041666666666668 0.046296296296296294
0 0.490625 0.14537037037037037 0.026041666666666668 0.046296296296296294
0 0.4635416666666667 0.15185185185185185 0.026041666666666668 0.046296296296296294
0 0.5036458333333333 0.17685185185185184 0.026041666666666668 0.046296296296296294
0 0.4296875 0.17777777777777778 0.026041666666666668 0.046296296296296294
0 0.49166666666666664 0.1824074074074074 0.026041666666666668 0.046296296296296294
0 0.5151041666666667 0.18425925925925926 0.026041666666666668 0.046296296296296294
0 0.46197916666666666 0.1925925925925926 0.026041666666666668 0.046296296296296294
0 0.49947916666666664 0.19907407407407407 0.026041666666666668 0.046296296296296294
0 0.5109375 0.20555555555555555 0.026041666666666668 0.046296296296296294
0 0.48489583333333336 0.2064814814814815 0.026041666666666668 0.046296296296296294
0 0.4505208333333333 0.21296296296296297 0.026041666666666668 0.046296296296296294
0 0.46145833333333336 0.2111111111111111 0.026041666666666668 0.046296296296296294
0 0.4661458333333333 0.22407407407407406 0.026041666666666668 0.046296296296296294
0 0.42135416666666664 0.2351851851851852 0.026041666666666668 0.046296296296296294
0 0.4317708333333333 0.23333333333333334 0.026041666666666668 0.046296296296296294
0 0.4864583333333333 0.2388888888888889 0.026041666666666668 0.046296296296296294
0 0.5151041666666667 0.2388888888888889 0.026041666666666668 0.046296296296296294
0 0.44947916666666665 0.24166666666666667 0.026041666666666668 0.046296296296296294
0 0.46145833333333336 0.24259259259259258 0.026041666666666668 0.046296296296296294
0 0.4708333333333333 0.24351851851851852 0.026041666666666668 0.046296296296296294
0 0.478125 0.24722222222222223 0.026041666666666668 0.046296296296296294
0 0.43854166666666666 0.2518518518518518 0.026041666666666668 0.046296296296296294
0 0.475 0.2564814814814815 0.026041666666666668 0.046296296296296294
0 0.48541666666666666 0.2537037037037037 0.026041666666666668 0.046296296296296294
0 0.5083333333333333 0.25277777777777777 0.026041666666666668 0.046296296296296294
0 0.5140625 0.25277777777777777 0.026041666666666668 0.046296296296296294
0 0.41510416666666666 0.26296296296296295 0.026041666666666668 0.046296296296296294
0 0.5026041666666666 0.2611111111111111 0.026041666666666668 0.046296296296296294
0 0.5104166666666666 0.2675925925925926 0.026041666666666668 0.046296296296296294
0 0.7041666666666667 0.2611111111111111 0.026041666666666668 0.046296296296296294
0 0.50625 0.2777777777777778 0.026041666666666668 0.046296296296296294
0 0.5458333333333333 0.2759259259259259 0.026041666666666668 0.046296296296296294
0 0.47760416666666666 0.2861111111111111 0.026041666666666668 0.046296296296296294
0 0.4713541666666667 0.29259259259259257 0.026041666666666668 0.046296296296296294
0 0.5078125 0.2916666666666667 0.026041666666666668 0.046296296296296294
0 0.428125 0.3037037037037037 0.026041666666666668 0.046296296296296294
0 0.5 0.30277777777777776 0.026041666666666668 0.046296296296296294
0 0.515625 0.3037037037037037 0.026041666666666668 0.046296296296296294
0 0.55 0.30185185185185187 0.026041666666666668 0.046296296296296294
0 0.43802083333333336 0.30925925925925923 0.026041666666666668 0.046296296296296294
0 0.4640625 0.3101851851851852 0.026041666666666668 0.046296296296296294
0 0.5119791666666667 0.30833333333333335 0.026041666666666668 0.046296296296296294
0 0.5458333333333333 0.30925925925925923 0.026041666666666668 0.046296296296296294
0 0.42135416666666664 0.32037037037037036 0.026041666666666668 0.046296296296296294
0 0.45260416666666664 0.3148148148148148 0.026041666666666668 0.046296296296296294
0 0.42864583333333334 0.32407407407407407 0.026041666666666668 0.046296296296296294
0 0.4786458333333333 0.32314814814814813 0.026041666666666668 0.046296296296296294
4 0.4125 0.33425925925925926 0.026041666666666668 0.046296296296296294
0 0.4479166666666667 0.3314814814814815 0.026041666666666668 0.046296296296296294
0 0.45989583333333334 0.33055555555555555 0.026041666666666668 0.046296296296296294
0 0.5052083333333334 0.33055555555555555 0.026041666666666668 0.046296296296296294
0 0.5119791666666667 0.3314814814814815 0.026041666666666668 0.046296296296296294
4 0.4270833333333333 0.3388888888888889 0.026041666666666668 0.046296296296296294
4 0.44895833333333335 0.337037037037037 0.026041666666666668 0.046296296296296294
4 0.4161458333333333 0.34629629629629627 0.026041666666666668 0.046296296296296294
4 0.45416666666666666 0.34814814814814815 0.026041666666666668 0.046296296296296294
4 0.3958333333333333 0.35462962962962963 0.026041666666666668 0.046296296296296294
4 0.40677083333333336 0.35833333333333334 0.026041666666666668 0.046296296296296294
4 0.5114583333333333 0.3537037037037037 0.026041666666666668 0.046296296296296294
3 0.6859375 0.35462962962962963 0.026041666666666668 0.046296296296296294
4 0.375 0.3638888888888889 0.026041666666666668 0.046296296296296294
4 0.4197916666666667 0.36666666666666664 0.026041666666666668 0.046296296296296294
4 0.6505208333333333 0.36203703703703705 0.026041666666666668 0.046296296296296294
3 0.7416666666666667 0.36018518518518516 0.026041666666666668 0.046296296296296294
4 0.37447916666666664 0.3787037037037037 0.026041666666666668 0.046296296296296294
4 0.403125 0.3787037037037037 0.026041666666666668 0.046296296296296294
4 0.6515625 0.3768518518518518 0.026041666666666668 0.046296296296296294
4 0.39010416666666664 0.38796296296296295 0.026041666666666668 0.046296296296296294
4 0.37864583333333335 0.39537037037037037 0.026041666666666668 0.046296296296296294
4 0.4192708333333333 0.39351851851851855 0.026041666666666668 0.046296296296296294
4 0.5130208333333334 0.3972222222222222 0.026041666666666668 0.046296296296296294
2 0.21041666666666667 0.4 0.026041666666666668 0.046296296296296294
4 0.40729166666666666 0.4009259259259259 0.026041666666666668 0.046296296296296294
2 0.18802083333333333 0.40925925925925927 0.026041666666666668 0.046296296296296294
4 0.39010416666666664 0.40925925925925927 0.026041666666666668 0.046296296296296294
4 0.6578125 0.4083333333333333 0.026041666666666668 0.046296296296296294
2 0.16875 0.4185185185185185 0.026041666666666668 0.046296296296296294
4 0.37864583333333335 0.41944444444444445 0.026041666666666668 0.046296296296296294
4 0.4901041666666667 0.41759259259259257 0.026041666666666668 0.046296296296296294
4 0.5166666666666667 0.41759259259259257 0.026041666666666668 0.046296296296296294
3 0.6697916666666667 0.4166666666666667 0.026041666666666668 0.046296296296296294
2 0.18489583333333334 0.42777777777777776 0.026041666666666668 0.046296296296296294
4 0.4 0.4287037037037037 0.026041666666666668 0.046296296296296294
4 0.44479166666666664 0.42777777777777776 0.026041666666666668 0.046296296296296294
4 0.478125 0.4222222222222222 0.026041666666666668 0.046296296296296294
4 0.5208333333333334 0.42685185185185187 0.026041666666666668 0.046296296296296294
4 0.6489583333333333 0.4287037037037037 0.026041666666666668 0.046296296296296294
4 0.4244791666666667 0.43425925925925923 0.026041666666666668 0.046296296296296294
4 0.46510416666666665 0.43148148148148147 0.026041666666666668 0.046296296296296294
4 0.5036458333333333 0.43425925925925923 0.026041666666666668 0.046296296296296294
4 0.38333333333333336 0.4398148148148148 0.026041666666666668 0.046296296296296294
4 0.390625 0.44166666666666665 0.026041666666666668 0.046296296296296294
4 0.525 0.4425925925925926 0.026041666666666668 0.046296296296296294
3 0.7083333333333334 0.4361111111111111 0.026041666666666668 0.046296296296296294
4 0.4244791666666667 0.44722222222222224 0.026041666666666668 0.046296296296296294
4 0.6609375 0.44814814814814813 0.026041666666666668 0.046296296296296294
3 0.690625 0.44814814814814813 0.026041666666666668 0.046296296296296294
4 0.4401041666666667 0.4583333333333333 0.026041666666666668 0.046296296296296294
4 0.5041666666666667 0.4546296296296296 0.026041666666666668 0.046296296296296294
4 0.5161458333333333 0.45555555555555555 0.026041666666666668 0.046296296296296294
3 0.6713541666666667 0.4537037037037037 0.026041666666666668 0.046296296296296294
4 0.4328125 0.4703703703703704 0.026041666666666668 0.046296296296296294
4 0.5177083333333333 0.4685185185185185 0.026041666666666668 0.046296296296296294
3 0.6911458333333333 0.47129629629629627 0.026041666666666668 0.046296296296296294
4 0.4 0.4787037037037037 0.026041666666666668 0.046296296296296294
4 0.4166666666666667 0.4824074074074074 0.026041666666666668 0.046296296296296294
4 0.44114583333333335 0.47685185185185186 0.026041666666666668 0.046296296296296294
4 0.5208333333333334 0.4861111111111111 0.026041666666666668 0.046296296296296294
4 0.6203125 0.487962962962963 0.026041666666666668 0.046296296296296294
4 0.4671875 0.4962962962962963 0.026041666666666668 0.046296296296296294
4 0.6098958333333333 0.49166666666666664 0.026041666666666668 0.046296296296296294
4 0.628125 0.49444444444444446 0.026041666666666668 0.046296296296296294
4 0.615625 0.5037037037037037 0.026041666666666668 0.046296296296296294
4 0.5369791666666667 0.5111111111111111 0.026041666666666668 0.046296296296296294
3 0.6864583333333333 0.5092592592592593 0.026041666666666668 0.046296296296296294
4 0.6270833333333333 0.5148148148148148 0.026041666666666668 0.046296296296296294
4 0.6385416666666667 0.5194444444444445 0.026041666666666668 0.046296296296296294
3 0.6994791666666667 0.5231481481481481 0.026041666666666668 0.046296296296296294
4 0.5364583333333334 0.5333333333333333 0.026041666666666668 0.046296296296296294
3 0.66875 0.5351851851851852 0.026041666666666668 0.046296296296296294
3 0.7244791666666667 0.5342592592592592 0.026041666666666668 0.046296296296296294
4 0.6364583333333333 0.5407407407407407 0.026041666666666668 0.046296296296296294
4 0.5510416666666667 0.549074074074074 0.026041666666666668 0.046296296296296294
4 0.6197916666666666 0.5453703703703704 0.026041666666666668 0.046296296296296294
4 0.5677083333333334 0.5527777777777778 0.026041666666666668 0.046296296296296294
3 0.7369791666666666 0.5574074074074075 0.026041666666666668 0.046296296296296294
4 0.5947916666666667 0.5638888888888889 0.026041666666666668 0.046296296296296294
4 0.6421875 0.5898148148148148 0.026041666666666668 0.046296296296296294
4 0.6005208333333333 0.5962962962962963 0.026041666666666668 0.046296296296296294
4 0.5833333333333334 0.6101851851851852 0.026041666666666668 0.046296296296296294
4 0.5958333333333333 0.65 0.026041666666666668 0.046296296296296294
1 0.7703125 0.6731481481481482 0.026041666666666668 0.046296296296296294
1 0.7583333333333333 0.7018518518518518 0.026041666666666668 0.046296296296296294
1 0.8822916666666667 0.7453703703703703 0.026041666666666668 0.046296296296296294
1 0.4666666666666667 0.7453703703703703 0.026041666666666668 0.046296296296296294
1 0.25677083333333334 0.7583333333333333 0.026041666666666668 0.046296296296296294
1 0.48489583333333336 0.799074074074074 0.026041666666666668 0.046296296296296294
1 0.7666666666666667 0.8175925925925925 0.026041666666666668 0.046296296296296294
1 0.8197916666666667 0.8324074074074074 0.026041666666666668 0.046296296296296294
1 0.978125 0.8444444444444444 0.026041666666666668 0.046296296296296294
1 0.115625 0.8666666666666667 0.026041666666666668 0.046296296296296294
1 0.8234375 0.8638888888888889 0.026041666666666668 0.046296296296296294
1 0.8151041666666666 0.9101851851851852 0.026041666666666668 0.046296296296296294
1 0.9604166666666667 0.9351851851851852 0.026041666666666668 0.046296296296296294
1 0.4625 0.9703703703703703 0.026041666666666668 0.046296296296296294
1 0.4671875 0.987037037037037 0.026041666666666668 0.046296296296296294
1 0.5104166666666666 0.7351851851851852 0.026041666666666668 0.046296296296296294
1 0.9895833333333334 0.8592592592592593 0.026041666666666668 0.046296296296296294
1 0.725 0.6888888888888889 0.026041666666666668 0.046296296296296294
3 0.7197916666666667 0.6425925925925926 0.026041666666666668 0.046296296296296294
3 0.7625 0.575925925925926 0.026041666666666668 0.046296296296296294
4 0.546875 0.6092592592592593 0.026041666666666668 0.046296296296296294
4 0.5197916666666667 0.5555555555555556 0.026041666666666668 0.046296296296296294
4 0.46770833333333334 0.5703703703703704 0.026041666666666668 0.046296296296296294
4 0.4125 0.5074074074074074 0.026041666666666668 0.046296296296296294
4 0.3885416666666667 0.49074074074074076 0.026041666666666668 0.046296296296296294
3 0.7520833333333333 0.6333333333333333 0.026041666666666668 0.046296296296296294
