0 0.4713541666666667 0.09537037037037037 0.026041666666666668 0.046296296296296294
0 0.47552083333333334 0.09722222222222222 0.026041666666666668 0.046296296296296294
0 0.4828125 0.10555555555555556 0.026041666666666668 0.046296296296296294
0 0.4869791666666667 0.10462962962962963 0.026041666666666668 0.046296296296296294
0 0.4630208333333333 0.12129629629629629 0.026041666666666668 0.046296296296296294
0 0.490625 0.12129629629629629 0.026041666666666668 0.046296296296296294
0 0.4557291666666667 0.12685185185185185 0.026041666666666668 0.046296296296296294
0 0.4421875 0.13333333333333333 0.026041666666666668 0.046296296296296294
0 0.44895833333333335 0.13703703703703704 0.026041666666666668 0.046296296296296294
0 0.4583333333333333 0.13703703703703704 0.026041666666666668 0.046296296296296294
0 0.4453125 0.14722222222222223 0.026041666666666668 0.046296296296296294
0 0.459375 0.1425925925925926 0.026041666666666668 0.046296296296296294
0 0.46979166666666666 0.14444444444444443 0.026041666666666668 0.046296296296296294
0 0.4739583333333333 0.14629629629629629 0.026041666666666668 0.046296296296296294
0 0.4901041666666667 0.14444444444444443 0.026041666666666668 0.046296296296296294
0 0.43697916666666664 0.1527777777777778 0.026041666666666668 0.046296296296296294
0 0.4453125 0.16018518518518518 0.026041666666666668 0.046296296296296294
0 0.4708333333333333 0.16296296296296298 0.026041666666666668 0.046296296296296294
0 0.475 0.1925925925925926 0.026041666666666668 0.046296296296296294
0 0.4453125 0.19814814814814816 0.026041666666666668 0.046296296296296294
0 0.4786458333333333 0.20092592592592592 0.026041666666666668 0.046296296296296294
0 0.4703125 0.2222222222222222 0.026041666666666668 0.046296296296296294
0 0.46979166666666666 0.24351851851851852 0.026041666666666668 0.046296296296296294
0 0.50625 0.25092592592592594 0.026041666666666668 0.046296296296296294
0 0.4744791666666667 0.2962962962962963 0.026041666666666668 0.046296296296296294
0 0.5072916666666667 0.29074074074074074 0.026041666666666668 0.046296296296296294
0 0.42083333333333334 0.30277777777777776 0.026041666666666668 0.046296296296296294
0 0.4625 0.30648148148148147 0.026041666666666668 0.046296296296296294
0 0.4734375 0.3111111111111111 0.026041666666666668 0.046296296296296294
0 0.4947916666666667 0.30833333333333335 0.026041666666666668 0.046296296296296294
0 0.42135416666666664 0.3138888888888889 0.026041666666666668 0.046296296296296294
0 0.43125 0.3175925925925926 0.026041666666666668 0.046296296296296294
0 0.44479166666666664 0.3148148148148148 0.026041666666666668 0.046296296296296294
0 0.5 0.31851851851851853 0.026041666666666668 0.046296296296296294
0 0.678125 0.31296296296296294 0.026041666666666668 0.046296296296296294
0 0.703125 0.3148148148148148 0.026041666666666668 0.046296296296296294
0 0.4734375 0.3212962962962963 0.026041666666666668 0.046296296296296294
0 0.515625 0.32407407407407407 0.026041666666666668 0.046296296296296294
4 0.4166666666666667 0.33611111111111114 0.026041666666666668 0.046296296296296294
0 0.43385416666666665 0.3287037037037037 0.026041666666666668 0.046296296296296294
0 0.453125 0.3314814814814815 0.026041666666666668 0.046296296296296294
0 0.49114583333333334 0.33240740740740743 0.026041666666666668 0.046296296296296294
4 0.5119791666666667 0.3425925925925926 0.026041666666666668 0.046296296296296294
4 0.42864583333333334 0.34444444444444444 0.026041666666666668 0.046296296296296294
4 0.43645833333333334 0.3453703703703704 0.026041666666666668 0.046296296296296294
4 0.46145833333333336 0.34814814814814815 0.026041666666666668 0.046296296296296294
4 0.3828125 0.3537037037037037 0.026041666666666668 0.046296296296296294
4 0.39010416666666664 0.3537037037037037 0.026041666666666668 0.046296296296296294
4 0.4125 0.3638888888888889 0.026041666666666668 0.046296296296296294
4 0.4953125 0.36018518518518516 0.026041666666666668 0.046296296296296294
4 0.5041666666666667 0.36574074074074076 0.026041666666666668 0.046296296296296294
4 0.37447916666666664 0.37222222222222223 0.026041666666666668 0.046296296296296294
4 0.4796875 0.37222222222222223 0.026041666666666668 0.046296296296296294
4 0.465625 0.3787037037037037 0.026041666666666668 0.046296296296296294
4 0.4 0.38425925925925924 0.026041666666666668 0.046296296296296294
4 0.4244791666666667 0.3861111111111111 0.026041666666666668 0.046296296296296294
2 0.19114583333333332 0.39444444444444443 0.026041666666666668 0.046296296296296294
4 0.45364583333333336 0.39537037037037037 0.026041666666666668 0.046296296296296294
4 0.4822916666666667 0.39351851851851855 0.026041666666666668 0.046296296296296294
4 0.5072916666666667 0.39166666666666666 0.026041666666666668 0.046296296296296294
2 0.20729166666666668 0.40185185185185185 0.026041666666666668 0.046296296296296294
4 0.5104166666666666 0.40185185185185185 0.026041666666666668 0.046296296296296294
4 0.4296875 0.40925925925925927 0.026041666666666668 0.046296296296296294
4 0.4703125 0.4083333333333333 0.026041666666666668 0.046296296296296294
4 0.6578125 0.41203703703703703 0.026041666666666668 0.046296296296296294
2 0.175 0.4166666666666667 0.026041666666666668 0.046296296296296294
4 0.4453125 0.4212962962962963 0.026041666666666668 0.046296296296296294
4 0.5234375 0.41574074074074074 0.026041666666666668 0.046296296296296294
4 0.37395833333333334 0.42592592592592593 0.026041666666666668 0.046296296296296294
4 0.43802083333333336 0.42592592592592593 0.026041666666666668 0.046296296296296294
3 0.6734375 0.42777777777777776 0.026041666666666668 0.046296296296296294
4 0.3828125 0.43425925925925923 0.026041666666666668 0.046296296296296294
4 0.6619791666666667 0.43333333333333335 0.026041666666666668 0.046296296296296294
4 0.403125 0.44074074074074077 0.026041666666666668 0.046296296296296294
4 0.4609375 0.4425925925925926 0.026041666666666668 0.046296296296296294
4 0.490625 0.4388888888888889 0.026041666666666668 0.046296296296296294
4 0.5036458333333333 0.45 0.026041666666666668 0.046296296296296294
4 0.6661458333333333 0.45092592592592595 0.026041666666666668 0.046296296296296294
3 0.7 0.44537037037037036 0.026041666666666668 0.046296296296296294
4 0.525 0.45740740740740743 0.026041666666666668 0.046296296296296294
3 0.6786458333333333 0.45740740740740743 0.026041666666666668 0.046296296296296294
3 0.7078125 0.4564814814814815 0.026041666666666668 0.046296296296296294
4 0.38177083333333334 0.462037037037037 0.026041666666666668 0.046296296296296294
4 0.4109375 0.46296296296296297 0.026041666666666668 0.046296296296296294
4 0.5291666666666667 0.4666666666666667 0.026041666666666668 0.046296296296296294
4 0.6630208333333333 0.46574074074074073 0.026041666666666668 0.046296296296296294
3 0.6817708333333333 0.462037037037037 0.026041666666666668 0.046296296296296294
4 0.5161458333333333 0.475 0.026041666666666668 0.046296296296296294
4 0.465625 0.48055555555555557 0.026041666666666668 0.046296296296296294
3 0.678125 0.48518518518518516 0.026041666666666668 0.046296296296296294
4 0.6078125 0.4861111111111111 0.026041666666666668 0.046296296296296294
4 0.6666666666666666 0.487962962962963 0.026041666666666668 0.046296296296296294
4 0.5239583333333333 0.49722222222222223 0.026041666666666668 0.046296296296296294
4 0.6 0.5120370370370371 0.026041666666666668 0.046296296296296294
3 0.6859375 0.5111111111111111 0.026041666666666668 0.046296296296296294
4 0.6411458333333333 0.5166666666666667 0.026041666666666668 0.046296296296296294
4 0.50625 0.525 0.026041666666666668 0.046296296296296294
4 0.6229166666666667 0.5259259259259259 0.026041666666666668 0.046296296296296294
4 0.6619791666666667 0.5259259259259259 0.026041666666666668 0.046296296296296294
4 0.5234375 0.5351851851851852 0.026041666666666668 0.046296296296296294
3 0.7348958333333333 0.5314814814814814 0.026041666666666668 0.046296296296296294
4 0.5182291666666666 0.5435185185185185 0.026041666666666668 0.046296296296296294
4 0.6322916666666667 0.5453703703703704 0.026041666666666668 0.046296296296296294
4 0.6541666666666667 0.5527777777777778 0.026041666666666668 0.046296296296296294
4 0.5291666666666667 0.5592592592592592 0.026041666666666668 0.046296296296296294
3 0.7520833333333333 0.5583333333333333 0.026041666666666668 0.046296296296296294
4 0.3953125 0.5657407407407408 0.026041666666666668 0.046296296296296294
4 0.625 0.5666666666666667 0.026041666666666668 0.046296296296296294
4 0.5213541666666667 0.575925925925926 0.026041666666666668 0.046296296296296294
4 0.6302083333333334 0.5833333333333334 0.026041666666666668 0.046296296296296294
4 0.6541666666666667 0.5814814814814815 0.026041666666666668 0.046296296296296294
3 0.7697916666666667 0.5805555555555556 0.026041666666666668 0.046296296296296294
4 0.51875 0.5879629629629629 0.026041666666666668 0.046296296296296294
4 0.6119791666666666 0.5925925925925926 0.026041666666666668 0.046296296296296294
4 0.4640625 0.6027777777777777 0.026041666666666668 0.046296296296296294
2 0.14010416666666667 0.6092592592592593 0.026041666666666668 0.046296296296296294
4 0.5041666666666667 0.6259259259259259 0.026041666666666668 0.046296296296296294
4 0.5489583333333333 0.6351851851851852 0.026041666666666668 0.046296296296296294
4 0.5901041666666667 0.6370370370370371 0.026041666666666668 0.046296296296296294
4 0.428125 0.6472222222222223 0.026041666666666668 0.046296296296296294
4 0.4432291666666667 0.662962962962963 0.026041666666666668 0.046296296296296294
4 0.5828125 0.6657407407407407 0.026041666666666668 0.046296296296296294
1 0.5588541666666667 0.6759259259259259 0.026041666666666668 0.046296296296296294
1 0.478125 0.687037037037037 0.026041666666666668 0.046296296296296294
1 0.559375 0.6907407407407408 0.026041666666666668 0.046296296296296294
1 0.5489583333333333 0.7212962962962963 0.026041666666666668 0.046296296296296294
1 0.6234375 0.7175925925925926 0.026041666666666668 0.046296296296296294
1 0.7276041666666667 0.7185185185185186 0.026041666666666668 0.046296296296296294
1 0.43854166666666666 0.7388888888888889 0.026041666666666668 0.046296296296296294
1 0.8901041666666667 0.7490740740740741 0.026041666666666668 0.046296296296296294
1 0.6947916666666667 0.7842592592592592 0.026041666666666668 0.046296296296296294
1 0.7296875 0.8 0.026041666666666668 0.046296296296296294
1 0.8515625 0.825 0.026041666666666668 0.046296296296296294
1 0.1859375 0.825925925925926 0.026041666666666668 0.046296296296296294
1 0.8234375 0.8388888888888889 0.026041666666666668 0.046296296296296294
1 0.1203125 0.8416666666666667 0.026041666666666668 0.046296296296296294
1 0.0609375 0.8555555555555555 0.026041666666666668 0.046296296296296294
1 0.828125 0.862037037037037 0.026041666666666668 0.046296296296296294
1 0.07864583333333333 0.8685185185185185 0.026041666666666668 0.046296296296296294
1 0.19166666666666668 0.8907407407407407 0.026041666666666668 0.046296296296296294
1 0.8546875 0.8935185185185185 0.026041666666666668 0.046296296296296294
1 0.0171875 0.8870370370370371 0.026041666666666668 0.046296296296296294
1 0.4348958333333333 0.8962962962962963 0.026041666666666668 0.046296296296296294
1 0.06979166666666667 0.9166666666666666 0.026041666666666668 0.046296296296296294
1 0.46822916666666664 0.9111111111111111 0.026041666666666668 0.046296296296296294
1 0.1203125 0.9231481481481482 0.026041666666666668 0.046296296296296294
1 0.29375 0.9212962962962963 0.026041666666666668 0.046296296296296294
1 0.25416666666666665 0.9268518518518518 0.026041666666666668 0.046296296296296294
1 0.17708333333333334 0.9685185185185186 0.026041666666666668 0.046296296296296294
1 0.31354166666666666 0.8425925925925926 0.026041666666666668 0.046296296296296294
2 0.21770833333333334 0.4351851851851852 0.026041666666666668 0.046296296296296294
4 0.425 0.5814814814814815 0.026041666666666668 0.046296296296296294
1 0.8375 0.937037037037037 0.026041666666666668 0.046296296296296294
1 0.7864583333333334 0.9166666666666666 0.026041666666666668 0.046296296296296294
1 0.9677083333333333 0.9333333333333333 0.026041666666666668 0.046296296296296294
0 0.6916666666666667 0.28703703703703703 0.026041666666666668 0.046296296296296294
3 0.7135416666666666 0.6277777777777778 0.026041666666666668 0.046296296296296294
3 0.7177083333333333 0.5888888888888889 0.026041666666666668 0.046296296296296294
3 0.76875 0.662962962962963 0.026041666666666668 0.046296296296296294
3 0.75625 0.6296296296296297 0.026041666666666668 0.046296296296296294
1 0.6447916666666667 0.7296296296296296 0.026041666666666668 0.046296296296296294
4 0.625 0.6444444444444445 0.026041666666666668 0.046296296296296294
4 0.6572916666666667 0.6092592592592593 0.026041666666666668 0.046296296296296294
4 0.628125 0.6129629629629629 0.026041666666666668 0.046296296296296294
4 0.6020833333333333 0.5425925925925926 0.026041666666666668 0.046296296296296294
