0 0.4817708333333333 0.09814814814814815 0.026041666666666668 0.046296296296296294
0 0.4822916666666667 0.12407407407407407 0.026041666666666668 0.046296296296296294
0 0.42552083333333335 0.12777777777777777 0.026041666666666668 0.046296296296296294
0 0.4708333333333333 0.12685185185185185 0.026041666666666668 0.046296296296296294
0 0.49166666666666664 0.1287037037037037 0.026041666666666668 0.046296296296296294
0 0.4427083333333333 0.13148148148148148 0.026041666666666668 0.046296296296296294
0 0.45 0.13425925925925927 0.026041666666666668 0.046296296296296294
0 0.4557291666666667 0.13425925925925927 0.026041666666666668 0.046296296296296294
0 0.46145833333333336 0.13518518518518519 0.026041666666666668 0.046296296296296294
0 0.49114583333333334 0.1388888888888889 0.026041666666666668 0.046296296296296294
0 0.4791666666666667 0.14444444444444443 0.026041666666666668 0.046296296296296294
0 0.46197916666666666 0.1537037037037037 0.026041666666666668 0.046296296296296294
0 0.4822916666666667 0.15462962962962962 0.026041666666666668 0.046296296296296294
0 0.46510416666666665 0.15925925925925927 0.026041666666666668 0.046296296296296294
0 0.478125 0.16018518518518518 0.026041666666666668 0.046296296296296294
0 0.4546875 0.1675925925925926 0.026041666666666668 0.046296296296296294
0 0.4864583333333333 0.16666666666666666 0.026041666666666668 0.046296296296296294
0 0.4322916666666667 0.17592592592592593 0.026041666666666668 0.046296296296296294
0 0.4744791666666667 0.17592592592592593 0.026041666666666668 0.046296296296296294
0 0.4921875 0.17222222222222222 0.026041666666666668 0.046296296296296294
0 0.5 0.17314814814814813 0.026041666666666668 0.046296296296296294
0 0.5072916666666667 0.175 0.026041666666666668 0.046296296296296294
0 0.42864583333333334 0.18796296296296297 0.026041666666666668 0.046296296296296294
0 0.5098958333333333 0.18333333333333332 0.026041666666666668 0.046296296296296294
0 0.5125 0.2064814814814815 0.026041666666666668 0.046296296296296294
0 0.41510416666666666 0.2111111111111111 0.026041666666666668 0.046296296296296294
0 0.49895833333333334 0.21944444444444444 0.026041666666666668 0.046296296296296294
0 0.4140625 0.22870370370370371 0.026041666666666668 0.046296296296296294
0 0.5114583333333333 0.23148148148148148 0.026041666666666668 0.046296296296296294
0 0.4734375 0.2361111111111111 0.026041666666666668 0.046296296296296294
0 0.5 0.2361111111111111 0.026041666666666668 0.046296296296296294
0 0.44375 0.24259259259259258 0.026041666666666668 0.046296296296296294
0 0.4875 0.25555555555555554 0.026041666666666668 0.046296296296296294
0 0.4552083333333333 0.2601851851851852 0.026041666666666668 0.046296296296296294
0 0.5072916666666667 0.25925925925925924 0.026041666666666668 0.046296296296296294
0 0.44427083333333334 0.26666666666666666 0.026041666666666668 0.046296296296296294
0 0.46875 0.27037037037037037 0.026041666666666668 0.046296296296296294
0 0.5458333333333333 0.27685185185185185 0.026041666666666668 0.046296296296296294
0 0.5270833333333333 0.2851851851851852 0.026041666666666668 0.046296296296296294
0 0.44375 0.29259259259259257 0.026041666666666668 0.046296296296296294
0 0.5083333333333333 0.2916666666666667 0.026041666666666668 0.046296296296296294
0 0.5161458333333333 0.29444444444444445 0.026041666666666668 0.046296296296296294
0 0.5411458333333333 0.29259259259259257 0.026041666666666668 0.046296296296296294
0 0.690625 0.2916666666666667 0.026041666666666668 0.046296296296296294
0 0.7057291666666666 0.287962962962963 0.026041666666666668 0.046296296296296294
0 0.4895833333333333 0.30185185185185187 0.026041666666666668 0.046296296296296294
0 0.4359375 0.30833333333333335 0.026041666666666668 0.046296296296296294
0 0.4505208333333333 0.30925925925925923 0.026041666666666668 0.046296296296296294
0 0.4739583333333333 0.3101851851851852 0.026041666666666668 0.046296296296296294
0 0.42552083333333335 0.3138888888888889 0.026041666666666668 0.046296296296296294
0 0.4203125 0.32407407407407407 0.026041666666666668 0.046296296296296294
0 0.44479166666666664 0.32407407407407407 0.026041666666666668 0.046296296296296294
0 0.5109375 0.32222222222222224 0.026041666666666668 0.046296296296296294
4 0.4166666666666667 0.33425925925925926 0.026041666666666668 0.046296296296296294
0 0.45729166666666665 0.3314814814814815 0.026041666666666668 0.046296296296296294
0 0.4864583333333333 0.33055555555555555 0.026041666666666668 0.046296296296296294
4 0.4375 0.3388888888888889 0.026041666666666668 0.046296296296296294
4 0.44479166666666664 0.337037037037037 0.026041666666666668 0.046296296296296294
4 0.4739583333333333 0.33796296296296297 0.026041666666666668 0.046296296296296294
4 0.4203125 0.3472222222222222 0.026041666666666668 0.046296296296296294
4 0.45364583333333336 0.34814814814814815 0.026041666666666668 0.046296296296296294
4 0.503125 0.3509259259259259 0.026041666666666668 0.046296296296296294
4 0.525 0.34814814814814815 0.026041666666666668 0.046296296296296294
4 0.37864583333333335 0.35648148148148145 0.026041666666666668 0.046296296296296294
4 0.38229166666666664 0.35462962962962963 0.026041666666666668 0.046296296296296294
4 0.39427083333333335 0.35462962962962963 0.026041666666666668 0.046296296296296294
4 0.39791666666666664 0.3537037037037037 0.026041666666666668 0.046296296296296294
4 0.41510416666666666 0.35648148148148145 0.026041666666666668 0.046296296296296294
4 0.46510416666666665 0.35555555555555557 0.026041666666666668 0.046296296296296294
4 0.4947916666666667 0.3638888888888889 0.026041666666666668 0.046296296296296294
4 0.5130208333333334 0.36203703703703705 0.026041666666666668 0.046296296296296294
4 0.3880208333333333 0.3712962962962963 0.026041666666666668 0.046296296296296294
4 0.40989583333333335 0.3731481481481482 0.026041666666666668 0.046296296296296294
4 0.453125 0.3675925925925926 0.026041666666666668 0.046296296296296294
3 0.6776041666666667 0.3675925925925926 0.026041666666666668 0.046296296296296294
4 0.3958333333333333 0.37777777777777777 0.026041666666666668 0.046296296296296294
4 0.5041666666666667 0.37777777777777777 0.026041666666666668 0.046296296296296294
4 0.6505208333333333 0.37777777777777777 0.026041666666666668 0.046296296296296294
2 0.21145833333333333 0.3861111111111111 0.026041666666666668 0.046296296296296294
4 0.38333333333333336 0.387037037037037 0.026041666666666668 0.046296296296296294
4 0.37552083333333336 0.3972222222222222 0.026041666666666668 0.046296296296296294
2 0.19947916666666668 0.4009259259259259 0.026041666666666668 0.046296296296296294
4 0.6536458333333334 0.40370370370370373 0.026041666666666668 0.046296296296296294
4 0.49947916666666664 0.4111111111111111 0.026041666666666668 0.046296296296296294
2 0.165625 0.4166666666666667 0.026041666666666668 0.046296296296296294
2 0.1875 0.4185185185185185 0.026041666666666668 0.046296296296296294
4 0.5197916666666667 0.4203703703703704 0.026041666666666668 0.046296296296296294
4 0.5161458333333333 0.42592592592592593 0.026041666666666668 0.046296296296296294
4 0.4984375 0.4398148148148148 0.026041666666666668 0.046296296296296294
3 0.7088541666666667 0.43703703703703706 0.026041666666666668 0.046296296296296294
4 0.6526041666666667 0.45092592592592595 0.026041666666666668 0.046296296296296294
4 0.5166666666666667 0.4583333333333333 0.026041666666666668 0.046296296296296294
3 0.6692708333333334 0.45740740740740743 0.026041666666666668 0.046296296296296294
2 0.22291666666666668 0.46574074074074073 0.026041666666666668 0.046296296296296294
4 0.65 0.48055555555555557 0.026041666666666668 0.046296296296296294
4 0.6651041666666667 0.48148148148148145 0.026041666666666668 0.046296296296296294
4 0.625 0.4861111111111111 0.026041666666666668 0.046296296296296294
3 0.6828125 0.48703703703703705 0.026041666666666668 0.046296296296296294
4 0.5197916666666667 0.4981481481481482 0.026041666666666668 0.046296296296296294
4 0.6390625 0.4962962962962963 0.026041666666666668 0.046296296296296294
4 0.6119791666666666 0.5037037037037037 0.026041666666666668 0.046296296296296294
2 0.14427083333333332 0.5027777777777778 0.026041666666666668 0.046296296296296294
4 0.47604166666666664 0.5055555555555555 0.026041666666666668 0.046296296296296294
4 0.490625 0.5157407407407407 0.026041666666666668 0.046296296296296294
4 0.6380208333333334 0.5175925925925926 0.026041666666666668 0.046296296296296294
3 0.7026041666666667 0.5175925925925926 0.026041666666666668 0.046296296296296294
4 0.6666666666666666 0.5268518518518519 0.026041666666666668 0.046296296296296294
3 0.7239583333333334 0.5361111111111111 0.026041666666666668 0.046296296296296294
4 0.6369791666666667 0.537962962962963 0.026041666666666668 0.046296296296296294
4 0.4432291666666667 0.5527777777777778 0.026041666666666668 0.046296296296296294
4 0.49947916666666664 0.5481481481481482 0.026041666666666668 0.046296296296296294
4 0.6192708333333333 0.549074074074074 0.026041666666666668 0.046296296296296294
4 0.5567708333333333 0.5527777777777778 0.026041666666666668 0.046296296296296294
4 0.596875 0.5537037037037037 0.026041666666666668 0.046296296296296294
3 0.73125 0.5648148148148148 0.026041666666666668 0.046296296296296294
3 0.7536458333333333 0.5638888888888889 0.026041666666666668 0.046296296296296294
2 0.20677083333333332 0.5805555555555556 0.026041666666666668 0.046296296296296294
4 0.5369791666666667 0.5787037037037037 0.026041666666666668 0.046296296296296294
4 0.58125 0.575 0.026041666666666668 0.046296296296296294
4 0.6489583333333333 0.575 0.026041666666666668 0.046296296296296294
4 0.6229166666666667 0.5981481481481481 0.026041666666666668 0.046296296296296294
2 0.19583333333333333 0.6055555555555555 0.026041666666666668 0.046296296296296294
4 0.6083333333333333 0.6175925925925926 0.026041666666666668 0.046296296296296294
4 0.4 0.6175925925925926 0.026041666666666668 0.046296296296296294
4 0.4661458333333333 0.6388888888888888 0.026041666666666668 0.046296296296296294
3 0.7109375 0.6444444444444445 0.026041666666666668 0.046296296296296294
3 0.7671875 0.6416666666666667 0.026041666666666668 0.046296296296296294
4 0.4322916666666667 0.6462962962962963 0.026041666666666668 0.046296296296296294
2 0.16666666666666666 0.6527777777777778 0.026041666666666668 0.046296296296296294
4 0.5864583333333333 0.6592592592592592 0.026041666666666668 0.046296296296296294
3 0.6677083333333333 0.6592592592592592 0.026041666666666668 0.046296296296296294
1 0.7026041666666667 0.6685185185185185 0.026041666666666668 0.046296296296296294
3 0.7380208333333333 0.6611111111111111 0.026041666666666668 0.046296296296296294
1 0.5432291666666667 0.6796296296296296 0.026041666666666668 0.046296296296296294
1 0.1859375 0.7037037037037037 0.026041666666666668 0.046296296296296294
1 0.1703125 0.7138888888888889 0.026041666666666668 0.046296296296296294
1 0.19895833333333332 0.7129629629629629 0.026041666666666668 0.046296296296296294
1 0.12916666666666668 0.7361111111111112 0.026041666666666668 0.046296296296296294
1 0.16614583333333333 0.7351851851851852 0.026041666666666668 0.046296296296296294
1 0.19947916666666668 0.7361111111111112 0.026041666666666668 0.046296296296296294
1 0.4875 0.8083333333333333 0.026041666666666668 0.046296296296296294
1 0.828125 0.8314814814814815 0.026041666666666668 0.046296296296296294
1 0.7703125 0.8388888888888889 0.026041666666666668 0.046296296296296294
1 0.9791666666666666 0.8462962962962963 0.026041666666666668 0.046296296296296294
1 0.4088541666666667 0.8777777777777778 0.026041666666666668 0.046296296296296294
1 0.8208333333333333 0.8777777777777778 0.026041666666666668 0.046296296296296294
1 0.7890625 0.875 0.026041666666666668 0.046296296296296294
1 0.9770833333333333 0.9425925925925925 0.026041666666666668 0.046296296296296294
1 0.43125 0.9787037037037037 0.026041666666666668 0.046296296296296294
1 0.23125 0.7222222222222222 0.026041666666666668 0.046296296296296294
1 0.47708333333333336 0.9407407407407408 0.026041666666666668 0.046296296296296294
1 0.509375 0.9833333333333333 0.026041666666666668 0.046296296296296294
1 0.8760416666666667 0.8222222222222222 0.026041666666666668 0.046296296296296294
1 0.9927083333333333 0.8648148148148148 0.026041666666666668 0.046296296296296294
1 0.6760416666666667 0.7481481481481481 0.026041666666666668 0.046296296296296294
1 0.675 0.6833333333333333 0.026041666666666668 0.046296296296296294
1 0.7802083333333333 0.6833333333333333 0.026041666666666668 0.046296296296296294
4 0.45208333333333334 0.4777777777777778 0.026041666666666668 0.046296296296296294
4 0.4510416666666667 0.4203703703703704 0.026041666666666668 0.046296296296296294
3 0.7708333333333334 0.5722222222222222 0.026041666666666668 0.046296296296296294
