0 0.478125 0.08055555555555556 0.026041666666666668 0.046296296296296294
0 0.48333333333333334 0.09814814814814815 0.026041666666666668 0.046296296296296294
0 0.459375 0.11944444444444445 0.026041666666666668 0.046296296296296294
0 0.48385416666666664 0.12037037037037036 0.026041666666666668 0.046296296296296294
0 0.4901041666666667 0.12129629629629629 0.026041666666666668 0.046296296296296294
0 0.4703125 0.12962962962962962 0.026041666666666668 0.046296296296296294
0 0.4786458333333333 0.13055555555555556 0.026041666666666668 0.046296296296296294
0 0.44375 0.13333333333333333 0.026041666666666668 0.046296296296296294
0 0.453125 0.13703703703703704 0.026041666666666668 0.046296296296296294
0 0.4895833333333333 0.1361111111111111 0.026041666666666668 0.046296296296296294
0 0.46197916666666666 0.15833333333333333 0.026041666666666668 0.046296296296296294
0 0.478125 0.16111111111111112 0.026041666666666668 0.046296296296296294
0 0.4322916666666667 0.17407407407407408 0.026041666666666668 0.046296296296296294
0 0.4734375 0.17962962962962964 0.026041666666666668 0.046296296296296294
0 0.4666666666666667 0.1814814814814815 0.026041666666666668 0.046296296296296294
0 0.4901041666666667 0.18333333333333332 0.026041666666666668 0.046296296296296294
0 0.5083333333333333 0.18055555555555555 0.026041666666666668 0.046296296296296294
0 0.49114583333333334 0.19907407407407407 0.026041666666666668 0.046296296296296294
0 0.5166666666666667 0.20092592592592592 0.026041666666666668 0.046296296296296294
0 0.5171875 0.21574074074074073 0.026041666666666668 0.046296296296296294
0 0.43854166666666666 0.2212962962962963 0.026041666666666668 0.046296296296296294
0 0.5114583333333333 0.23148148148148148 0.026041666666666668 0.046296296296296294
0 0.45677083333333335 0.23425925925925925 0.026041666666666668 0.046296296296296294
0 0.4708333333333333 0.2388888888888889 0.026041666666666668 0.046296296296296294
0 0.5125 0.262037037037037 0.026041666666666668 0.046296296296296294
0 0.5078125 0.27037037037037037 0.026041666666666668 0.046296296296296294
0 0.5348958333333333 0.2759259259259259 0.026041666666666668 0.046296296296296294
0 0.5463541666666667 0.2777777777777778 0.026041666666666668 0.046296296296296294
0 0.45260416666666664 0.29259259259259257 0.026041666666666668 0.046296296296296294
0 0.5119791666666667 0.29444444444444445 0.026041666666666668 0.046296296296296294
0 0.6911458333333333 0.2916666666666667 0.026041666666666668 0.046296296296296294
0 0.44583333333333336 0.29907407407407405 0.026041666666666668 0.046296296296296294
0 0.48072916666666665 0.29444444444444445 0.026041666666666668 0.046296296296296294
0 0.5 0.29907407407407405 0.026041666666666668 0.046296296296296294
0 0.42083333333333334 0.3074074074074074 0.026041666666666668 0.046296296296296294
0 0.7 0.3101851851851852 0.026041666666666668 0.046296296296296294
0 0.4817708333333333 0.31296296296296294 0.026041666666666668 0.046296296296296294
0 0.4984375 0.3148148148148148 0.026041666666666668 0.046296296296296294
0 0.5145833333333333 0.3148148148148148 0.026041666666666668 0.046296296296296294
0 0.7083333333333334 0.3148148148148148 0.026041666666666668 0.046296296296296294
0 0.46458333333333335 0.32314814814814813 0.026041666666666668 0.046296296296296294
0 0.49947916666666664 0.3314814814814815 0.026041666666666668 0.046296296296296294
4 0.5072916666666667 0.3351851851851852 0.026041666666666668 0.046296296296296294
4 0.5489583333333333 0.3333333333333333 0.026041666666666668 0.046296296296296294
4 0.4239583333333333 0.337037037037037 0.026041666666666668 0.046296296296296294
4 0.4401041666666667 0.33796296296296297 0.026041666666666668 0.046296296296296294
4 0.4744791666666667 0.3416666666666667 0.026041666666666668 0.046296296296296294
4 0.5067708333333333 0.3435185185185185 0.026041666666666668 0.046296296296296294
4 0.4161458333333333 0.35 0.026041666666666668 0.046296296296296294
4 0.4453125 0.3490740740740741 0.026041666666666668 0.046296296296296294
4 0.3796875 0.3527777777777778 0.026041666666666668 0.046296296296296294
4 0.38697916666666665 0.35462962962962963 0.026041666666666668 0.046296296296296294
4 0.46197916666666666 0.3537037037037037 0.026041666666666668 0.046296296296296294
4 0.49166666666666664 0.35555555555555557 0.026041666666666668 0.046296296296296294
4 0.5072916666666667 0.35555555555555557 0.026041666666666668 0.046296296296296294
4 0.4114583333333333 0.3712962962962963 0.026041666666666668 0.046296296296296294
4 0.6510416666666666 0.3712962962962963 0.026041666666666668 0.046296296296296294
4 0.3854166666666667 0.3712962962962963 0.026041666666666668 0.046296296296296294
4 0.5151041666666667 0.38055555555555554 0.026041666666666668 0.046296296296296294
4 0.4947916666666667 0.3925925925925926 0.026041666666666668 0.046296296296296294
4 0.5072916666666667 0.39537037037037037 0.026041666666666668 0.046296296296296294
4 0.6578125 0.39537037037037037 0.026041666666666668 0.046296296296296294
4 0.6541666666666667 0.4111111111111111 0.026041666666666668 0.046296296296296294
4 0.6666666666666666 0.41203703703703703 0.026041666666666668 0.046296296296296294
2 0.175 0.41944444444444445 0.026041666666666668 0.046296296296296294
2 0.21302083333333333 0.4166666666666667 0.026041666666666668 0.046296296296296294
2 0.2 0.42314814814814816 0.026041666666666668 0.046296296296296294
4 0.49166666666666664 0.42592592592592593 0.026041666666666668 0.046296296296296294
4 0.6614583333333334 0.4287037037037037 0.026041666666666668 0.046296296296296294
4 0.43645833333333334 0.43148148148148147 0.026041666666666668 0.046296296296296294
4 0.5166666666666667 0.4324074074074074 0.026041666666666668 0.046296296296296294
4 0.6541666666666667 0.43425925925925923 0.026041666666666668 0.046296296296296294
3 0.6895833333333333 0.4287037037037037 0.026041666666666668 0.046296296296296294
4 0.5067708333333333 0.44074074074074077 0.026041666666666668 0.046296296296296294
3 0.6697916666666667 0.4388888888888889 0.026041666666666668 0.046296296296296294
3 0.7114583333333333 0.44074074074074077 0.026041666666666668 0.046296296296296294
4 0.46927083333333336 0.4462962962962963 0.026041666666666668 0.046296296296296294
4 0.5208333333333334 0.44814814814814813 0.026041666666666668 0.046296296296296294
3 0.7 0.44814814814814813 0.026041666666666668 0.046296296296296294
4 0.378125 0.4583333333333333 0.026041666666666668 0.046296296296296294
3 0.678125 0.4666666666666667 0.026041666666666668 0.046296296296296294
4 0.475 0.47314814814814815 0.026041666666666668 0.046296296296296294
4 0.6536458333333334 0.47314814814814815 0.026041666666666668 0.046296296296296294
3 0.6869791666666667 0.47314814814814815 0.026041666666666668 0.046296296296296294
4 0.49947916666666664 0.47962962962962963 0.026041666666666668 0.046296296296296294
4 0.5203125 0.4777777777777778 0.026041666666666668 0.046296296296296294
4 0.6125 0.4888888888888889 0.026041666666666668 0.046296296296296294
3 0.6791666666666667 0.487962962962963 0.026041666666666668 0.046296296296296294
4 0.403125 0.4925925925925926 0.026041666666666668 0.046296296296296294
4 0.6072916666666667 0.4962962962962963 0.026041666666666668 0.046296296296296294
3 0.6916666666666667 0.49444444444444446 0.026041666666666668 0.046296296296296294
4 0.50625 0.5083333333333333 0.026041666666666668 0.046296296296296294
4 0.5192708333333333 0.5120370370370371 0.026041666666666668 0.046296296296296294
4 0.6614583333333334 0.5138888888888888 0.026041666666666668 0.046296296296296294
3 0.6838541666666667 0.5120370370370371 0.026041666666666668 0.046296296296296294
4 0.4078125 0.525 0.026041666666666668 0.046296296296296294
3 0.71875 0.5268518518518519 0.026041666666666668 0.046296296296296294
4 0.4609375 0.5324074074074074 0.026041666666666668 0.046296296296296294
4 0.6239583333333333 0.5324074074074074 0.026041666666666668 0.046296296296296294
4 0.653125 0.5370370370370371 0.026041666666666668 0.046296296296296294
3 0.6776041666666667 0.5361111111111111 0.026041666666666668 0.046296296296296294
4 0.4317708333333333 0.5388888888888889 0.026041666666666668 0.046296296296296294
4 0.5171875 0.5435185185185185 0.026041666666666668 0.046296296296296294
4 0.6411458333333333 0.5564814814814815 0.026041666666666668 0.046296296296296294
3 0.7307291666666667 0.5574074074074075 0.026041666666666668 0.046296296296296294
4 0.5203125 0.5648148148148148 0.026041666666666668 0.046296296296296294
3 0.6703125 0.5685185185185185 0.026041666666666668 0.046296296296296294
4 0.6083333333333333 0.5731481481481482 0.026041666666666668 0.046296296296296294
3 0.7578125 0.5694444444444444 0.026041666666666668 0.046296296296296294
4 0.6005208333333333 0.5814814814814815 0.026041666666666668 0.046296296296296294
4 0.6578125 0.5805555555555556 0.026041666666666668 0.046296296296296294
4 0.5067708333333333 0.5944444444444444 0.026041666666666668 0.046296296296296294
4 0.6364583333333333 0.5972222222222222 0.026041666666666668 0.046296296296296294
4 0.6125 0.6046296296296296 0.026041666666666668 0.046296296296296294
4 0.6489583333333333 0.6185185185185185 0.026041666666666668 0.046296296296296294
3 0.7583333333333333 0.6212962962962963 0.026041666666666668 0.046296296296296294
4 0.6557291666666667 0.6370370370370371 0.026041666666666668 0.046296296296296294
3 0.7109375 0.6444444444444445 0.026041666666666668 0.046296296296296294
2 0.20208333333333334 0.6518518518518519 0.026041666666666668 0.046296296296296294
4 0.5208333333333334 0.649074074074074 0.026041666666666668 0.046296296296296294
4 0.55 0.6472222222222223 0.026041666666666668 0.046296296296296294
3 0.7666666666666667 0.6481481481481481 0.026041666666666668 0.046296296296296294
3 0.6828125 0.6583333333333333 0.026041666666666668 0.046296296296296294
1 0.4828125 0.6824074074074075 0.026041666666666668 0.046296296296296294
1 0.37447916666666664 0.7444444444444445 0.026041666666666668 0.046296296296296294
1 0.16979166666666667 0.7435185185185185 0.026041666666666668 0.046296296296296294
1 0.8822916666666667 0.7546296296296297 0.026041666666666668 0.046296296296296294
1 0.6828125 0.7666666666666667 0.026041666666666668 0.046296296296296294
1 0.9125 0.7620370370370371 0.026041666666666668 0.046296296296296294
1 0.8276041666666667 0.7611111111111111 0.026041666666666668 0.046296296296296294
1 0.8786458333333333 0.8361111111111111 0.026041666666666668 0.046296296296296294
1 0.8244791666666667 0.8481481481481481 0.026041666666666668 0.046296296296296294
1 0.7713541666666667 0.8388888888888889 0.026041666666666668 0.046296296296296294
1 0.5296875 0.8722222222222222 0.026041666666666668 0.046296296296296294
1 0.8536458333333333 0.9027777777777778 0.026041666666666668 0.046296296296296294
1 0.4395833333333333 0.8972222222222223 0.026041666666666668 0.046296296296296294
1 0.465625 0.9027777777777778 0.026041666666666668 0.046296296296296294
1 0.6359375 0.9009259259259259 0.026041666666666668 0.046296296296296294
1 0.6755208333333333 0.912962962962963 0.026041666666666668 0.046296296296296294
1 0.24270833333333333 0.925 0.026041666666666668 0.046296296296296294
1 0.26666666666666666 0.9277777777777778 0.026041666666666668 0.046296296296296294
1 0.8229166666666666 0.9407407407407408 0.026041666666666668 0.046296296296296294
1 0.11302083333333333 0.9537037037037037 0.026041666666666668 0.046296296296296294
1 0.275 0.9611111111111111 0.026041666666666668 0.046296296296296294
1 0.4005208333333333 0.9638888888888889 0.026041666666666668 0.046296296296296294
1 0.9765625 0.9666666666666667 0.026041666666666668 0.046296296296296294
1 0.16458333333333333 0.7796296296296297 0.026041666666666668 0.046296296296296294
1 0.153125 0.8537037037037037 0.026041666666666668 0.046296296296296294
1 0.39375 0.8240740740740741 0.026041666666666668 0.046296296296296294
4 0.575 0.6370370370370371 0.026041666666666668 0.046296296296296294
4 0.6229166666666667 0.65 0.026041666666666668 0.046296296296296294
4 0.46041666666666664 0.5722222222222222 0.026041666666666668 0.046296296296296294
4 0.4010416666666667 0.5592592592592592 0.026041666666666668 0.046296296296296294
2 0.16666666666666666 0.48333333333333334 0.026041666666666668 0.046296296296296294
4 0.6447916666666667 0.6537037037037037 0.026041666666666668 0.046296296296296294
3 0.775 0.5740740740740741 0.026041666666666668 0.046296296296296294
1 0.775 0.6685185185185185 0.026041666666666668 0.046296296296296294
4 0.53125 0.6092592592592593 0.026041666666666668 0.046296296296296294
4 0.621875 0.5574074074074075 0.026041666666666668 0.046296296296296294
1 0.7145833333333333 0.7074074074074074 0.026041666666666668 0.046296296296296294
1 0.8333333333333334 0.8722222222222222 0.026041666666666668 0.046296296296296294
1 0.8708333333333333 0.95 0.026041666666666668 0.046296296296296294
