0 0.4828125 0.10648148148148148 0.026041666666666668 0.046296296296296294
0 0.48125 0.12222222222222222 0.026041666666666668 0.046296296296296294
0 0.4947916666666667 0.12222222222222222 0.026041666666666668 0.046296296296296294
0 0.46979166666666666 0.13055555555555556 0.026041666666666668 0.046296296296296294
0 0.490625 0.12962962962962962 0.026041666666666668 0.046296296296296294
0 0.4546875 0.13240740740740742 0.026041666666666668 0.046296296296296294
0 0.4609375 0.1361111111111111 0.026041666666666668 0.046296296296296294
0 0.4791666666666667 0.1388888888888889 0.026041666666666668 0.046296296296296294
0 0.4875 0.13796296296296295 0.026041666666666668 0.046296296296296294
0 0.4953125 0.13796296296296295 0.026041666666666668 0.046296296296296294
0 0.440625 0.14444444444444443 0.026041666666666668 0.046296296296296294
0 0.4625 0.1527777777777778 0.026041666666666668 0.046296296296296294
0 0.4822916666666667 0.1537037037037037 0.026041666666666668 0.046296296296296294
0 0.490625 0.15185185185185185 0.026041666666666668 0.046296296296296294
0 0.49375 0.1537037037037037 0.026041666666666668 0.046296296296296294
0 0.4703125 0.15925925925925927 0.026041666666666668 0.046296296296296294
0 0.4635416666666667 0.16666666666666666 0.026041666666666668 0.046296296296296294
0 0.48333333333333334 0.1675925925925926 0.026041666666666668 0.046296296296296294
0 0.4953125 0.16666666666666666 0.026041666666666668 0.046296296296296294
0 0.49947916666666664 0.16666666666666666 0.026041666666666668 0.046296296296296294
0 0.4317708333333333 0.17407407407407408 0.026041666666666668 0.046296296296296294
0 0.475 0.17685185185185184 0.026041666666666668 0.046296296296296294
0 0.49166666666666664 0.1935185185185185 0.026041666666666668 0.046296296296296294
0 0.49947916666666664 0.19166666666666668 0.026041666666666668 0.046296296296296294
0 0.4796875 0.2 0.026041666666666668 0.046296296296296294
0 0.5088541666666667 0.20092592592592592 0.026041666666666668 0.046296296296296294
0 0.4869791666666667 0.20833333333333334 0.026041666666666668 0.046296296296296294
0 0.4578125 0.21481481481481482 0.026041666666666668 0.046296296296296294
0 0.46875 0.21574074074074073 0.026041666666666668 0.046296296296296294
0 0.4859375 0.21851851851851853 0.026041666666666668 0.046296296296296294
0 0.4953125 0.23055555555555557 0.026041666666666668 0.046296296296296294
0 0.45677083333333335 0.23703703703703705 0.026041666666666668 0.046296296296296294
0 0.49583333333333335 0.2462962962962963 0.026041666666666668 0.046296296296296294
0 0.4328125 0.2518518518518518 0.026041666666666668 0.046296296296296294
0 0.4984375 0.2712962962962963 0.026041666666666668 0.046296296296296294
0 0.428125 0.2759259259259259 0.026041666666666668 0.046296296296296294
0 0.4791666666666667 0.275 0.026041666666666668 0.046296296296296294
0 0.4864583333333333 0.27870370370370373 0.026041666666666668 0.046296296296296294
0 0.4984375 0.2861111111111111 0.026041666666666668 0.046296296296296294
0 0.5171875 0.287962962962963 0.026041666666666668 0.046296296296296294
0 0.6953125 0.2861111111111111 0.026041666666666668 0.046296296296296294
0 0.4427083333333333 0.29259259259259257 0.026041666666666668 0.046296296296296294
0 0.4869791666666667 0.2916666666666667 0.026041666666666668 0.046296296296296294
0 0.4203125 0.3 0.026041666666666668 0.046296296296296294
0 0.43125 0.30092592592592593 0.026041666666666668 0.046296296296296294
0 0.4947916666666667 0.30092592592592593 0.026041666666666668 0.046296296296296294
0 0.5208333333333334 0.30277777777777776 0.026041666666666668 0.046296296296296294
0 0.540625 0.30092592592592593 0.026041666666666668 0.046296296296296294
0 0.7026041666666667 0.3 0.026041666666666668 0.046296296296296294
0 0.465625 0.30925925925925923 0.026041666666666668 0.046296296296296294
0 0.5125 0.3101851851851852 0.026041666666666668 0.046296296296296294
0 0.4328125 0.31666666666666665 0.026041666666666668 0.046296296296296294
0 0.49895833333333334 0.31666666666666665 0.026041666666666668 0.046296296296296294
0 0.7083333333333334 0.3138888888888889 0.026041666666666668 0.046296296296296294
0 0.42916666666666664 0.325 0.026041666666666668 0.046296296296296294
0 0.5119791666666667 0.325 0.026041666666666668 0.046296296296296294
0 0.44583333333333336 0.3314814814814815 0.026041666666666668 0.046296296296296294
4 0.45729166666666665 0.33425925925925926 0.026041666666666668 0.046296296296296294
4 0.4 0.3472222222222222 0.026041666666666668 0.046296296296296294
4 0.4109375 0.34814814814814815 0.026041666666666668 0.046296296296296294
4 0.5109375 0.3453703703703704 0.026041666666666668 0.046296296296296294
4 0.375 0.35555555555555557 0.026041666666666668 0.046296296296296294
4 0.4739583333333333 0.3574074074074074 0.026041666666666668 0.046296296296296294
4 0.5005208333333333 0.35555555555555557 0.026041666666666668 0.046296296296296294
4 0.3848958333333333 0.362962962962963 0.026041666666666668 0.046296296296296294
4 0.4041666666666667 0.3638888888888889 0.026041666666666668 0.046296296296296294
4 0.42864583333333334 0.3611111111111111 0.026041666666666668 0.046296296296296294
4 0.4583333333333333 0.36203703703703705 0.026041666666666668 0.046296296296296294
4 0.3921875 0.37037037037037035 0.026041666666666668 0.046296296296296294
4 0.4953125 0.36944444444444446 0.026041666666666668 0.046296296296296294
4 0.5041666666666667 0.37222222222222223 0.026041666666666668 0.046296296296296294
4 0.5239583333333333 0.3731481481481482 0.026041666666666668 0.046296296296296294
4 0.6510416666666666 0.36944444444444446 0.026041666666666668 0.046296296296296294
4 0.5119791666666667 0.3787037037037037 0.026041666666666668 0.046296296296296294
4 0.6505208333333333 0.3787037037037037 0.026041666666666668 0.046296296296296294
3 0.7328125 0.3787037037037037 0.026041666666666668 0.046296296296296294
4 0.37395833333333334 0.387037037037037 0.026041666666666668 0.046296296296296294
4 0.41302083333333334 0.39351851851851855 0.026041666666666668 0.046296296296296294
3 0.6828125 0.39351851851851855 0.026041666666666668 0.046296296296296294
4 0.653125 0.40185185185185185 0.026041666666666668 0.046296296296296294
2 0.18177083333333333 0.40925925925925927 0.026041666666666668 0.046296296296296294
2 0.19947916666666668 0.4083333333333333 0.026041666666666668 0.046296296296296294
2 0.21875 0.4083333333333333 0.026041666666666668 0.046296296296296294
3 0.6708333333333333 0.41203703703703703 0.026041666666666668 0.046296296296296294
2 0.1703125 0.4166666666666667 0.026041666666666668 0.046296296296296294
4 0.3807291666666667 0.412962962962963 0.026041666666666668 0.046296296296296294
4 0.5151041666666667 0.41944444444444445 0.026041666666666668 0.046296296296296294
4 0.5083333333333333 0.42685185185185187 0.026041666666666668 0.046296296296296294
4 0.6630208333333333 0.42592592592592593 0.026041666666666668 0.046296296296296294
4 0.4083333333333333 0.44074074074074077 0.026041666666666668 0.046296296296296294
4 0.6505208333333333 0.4388888888888889 0.026041666666666668 0.046296296296296294
3 0.7078125 0.4388888888888889 0.026041666666666668 0.046296296296296294
4 0.49947916666666664 0.45185185185185184 0.026041666666666668 0.046296296296296294
4 0.5197916666666667 0.45740740740740743 0.026041666666666668 0.046296296296296294
4 0.4078125 0.4638888888888889 0.026041666666666668 0.046296296296296294
3 0.6776041666666667 0.4638888888888889 0.026041666666666668 0.046296296296296294
4 0.5203125 0.48055555555555557 0.026041666666666668 0.046296296296296294
4 0.6125 0.4888888888888889 0.026041666666666668 0.046296296296296294
4 0.6208333333333333 0.4898148148148148 0.026041666666666668 0.046296296296296294
4 0.39947916666666666 0.4981481481481482 0.026041666666666668 0.046296296296296294
4 0.5109375 0.4981481481481482 0.026041666666666668 0.046296296296296294
4 0.6494791666666667 0.49722222222222223 0.026041666666666668 0.046296296296296294
3 0.6744791666666666 0.49537037037037035 0.026041666666666668 0.046296296296296294
3 0.6947916666666667 0.5037037037037037 0.026041666666666668 0.046296296296296294
3 0.715625 0.5074074074074074 0.026041666666666668 0.046296296296296294
3 0.6791666666666667 0.5120370370370371 0.026041666666666668 0.046296296296296294
4 0.6359375 0.5194444444444445 0.026041666666666668 0.046296296296296294
3 0.6744791666666666 0.5222222222222223 0.026041666666666668 0.046296296296296294
3 0.7067708333333333 0.5194444444444445 0.026041666666666668 0.046296296296296294
4 0.6296875 0.5277777777777778 0.026041666666666668 0.046296296296296294
3 0.6697916666666667 0.5287037037037037 0.026041666666666668 0.046296296296296294
4 0.4348958333333333 0.5324074074074074 0.026041666666666668 0.046296296296296294
3 0.7182291666666667 0.5324074074074074 0.026041666666666668 0.046296296296296294
3 0.7328125 0.5314814814814814 0.026041666666666668 0.046296296296296294
4 0.5989583333333334 0.5509259259259259 0.026041666666666668 0.046296296296296294
4 0.6333333333333333 0.5462962962962963 0.026041666666666668 0.046296296296296294
4 0.5354166666666667 0.5564814814814815 0.026041666666666668 0.046296296296296294
4 0.5588541666666667 0.5527777777777778 0.026041666666666668 0.046296296296296294
4 0.4791666666666667 0.5638888888888889 0.026041666666666668 0.046296296296296294
4 0.5833333333333334 0.5657407407407408 0.026041666666666668 0.046296296296296294
4 0.6442708333333333 0.5666666666666667 0.026041666666666668 0.046296296296296294
3 0.6994791666666667 0.5712962962962963 0.026041666666666668 0.046296296296296294
3 0.7572916666666667 0.5675925925925925 0.026041666666666668 0.046296296296296294
3 0.7651041666666667 0.5731481481481482 0.026041666666666668 0.046296296296296294
3 0.7401041666666667 0.5768518518518518 0.026041666666666668 0.046296296296296294
4 0.4375 0.5916666666666667 0.026041666666666668 0.046296296296296294
4 0.6578125 0.6064814814814815 0.026041666666666668 0.046296296296296294
4 0.6453125 0.6175925925925926 0.026041666666666668 0.046296296296296294
2 0.22447916666666667 0.65 0.026041666666666668 0.046296296296296294
3 0.7291666666666666 0.6527777777777778 0.026041666666666668 0.046296296296296294
4 0.3932291666666667 0.6546296296296297 0.026041666666666668 0.046296296296296294
4 0.4328125 0.6657407407407407 0.026041666666666668 0.046296296296296294
4 0.5447916666666667 0.6638888888888889 0.026041666666666668 0.046296296296296294
1 0.6755208333333333 0.6814814814814815 0.026041666666666668 0.046296296296296294
1 0.19427083333333334 0.6861111111111111 0.026041666666666668 0.046296296296296294
1 0.6333333333333333 0.7111111111111111 0.026041666666666668 0.046296296296296294
1 0.5229166666666667 0.737037037037037 0.026041666666666668 0.046296296296296294
1 0.4984375 0.7462962962962963 0.026041666666666668 0.046296296296296294
1 0.37395833333333334 0.7592592592592593 0.026041666666666668 0.046296296296296294
1 0.8838541666666667 0.7462962962962963 0.026041666666666668 0.046296296296296294
1 0.4546875 0.7574074074074074 0.026041666666666668 0.046296296296296294
1 0.15104166666666666 0.7675925925925926 0.026041666666666668 0.046296296296296294
1 0.3541666666666667 0.7759259259259259 0.026041666666666668 0.046296296296296294
1 0.7885416666666667 0.7851851851851852 0.026041666666666668 0.046296296296296294
1 0.6114583333333333 0.8037037037037037 0.026041666666666668 0.046296296296296294
1 0.21041666666666667 0.812962962962963 0.026041666666666668 0.046296296296296294
1 0.6411458333333333 0.812037037037037 0.026041666666666668 0.046296296296296294
1 0.37135416666666665 0.8194444444444444 0.026041666666666668 0.046296296296296294
1 0.7609375 0.837037037037037 0.026041666666666668 0.046296296296296294
1 0.6119791666666666 0.8805555555555555 0.026041666666666668 0.046296296296296294
1 0.10104166666666667 0.9055555555555556 0.026041666666666668 0.046296296296296294
1 0.9708333333333333 0.9453703703703704 0.026041666666666668 0.046296296296296294
1 0.3963541666666667 0.9583333333333334 0.026041666666666668 0.046296296296296294
1 0.42552083333333335 0.9796296296296296 0.026041666666666668 0.046296296296296294
1 0.31354166666666666 0.8407407407407408 0.026041666666666668 0.046296296296296294
1 0.56875 0.7611111111111111 0.026041666666666668 0.046296296296296294
1 0.8229166666666666 0.8666666666666667 0.026041666666666668 0.046296296296296294
1 0.7895833333333333 0.8574074074074074 0.026041666666666668 0.046296296296296294
1 0.86875 0.8222222222222222 0.026041666666666668 0.046296296296296294
1 0.9229166666666667 0.8351851851851851 0.026041666666666668 0.046296296296296294
1 0.9510416666666667 0.8611111111111112 0.026041666666666668 0.046296296296296294
1 0.9604166666666667 0.9740740740740741 0.026041666666666668 0.046296296296296294
3 0.7645833333333333 0.6333333333333333 0.026041666666666668 0.046296296296296294
1 0.7729166666666667 0.6833333333333333 0.026041666666666668 0.046296296296296294
1 0.70625 0.687037037037037 0.026041666666666668 0.046296296296296294
1 0.6916666666666667 0.6759259259259259 0.026041666666666668 0.046296296296296294
4 0.5958333333333333 0.6092592592592593 0.026041666666666668 0.046296296296296294
2 0.2 0.48148148148148145 0.026041666666666668 0.046296296296296294
1 0.15520833333333334 0.8277777777777777 0.026041666666666668 0.046296296296296294
4 0.5052083333333334 0.55 0.026041666666666668 0.046296296296296294
4 0.5020833333333333 0.5185185185185185 0.026041666666666668 0.046296296296296294
