0 0.475 0.08796296296296297 0.026041666666666668 0.046296296296296294
0 0.484375 0.09722222222222222 0.026041666666666668 0.046296296296296294
0 0.4822916666666667 0.12037037037037036 0.026041666666666668 0.046296296296296294
0 0.4947916666666667 0.12407407407407407 0.026041666666666668 0.046296296296296294
0 0.4427083333333333 0.13518518518518519 0.026041666666666668 0.046296296296296294
0 0.44479166666666664 0.13425925925925927 0.026041666666666668 0.046296296296296294
0 0.4484375 0.13518518518518519 0.026041666666666668 0.046296296296296294
0 0.46145833333333336 0.13425925925925927 0.026041666666666668 0.046296296296296294
0 0.4875 0.13703703703703704 0.026041666666666668 0.046296296296296294
0 0.4734375 0.14629629629629629 0.026041666666666668 0.046296296296296294
0 0.4953125 0.14444444444444443 0.026041666666666668 0.046296296296296294
0 0.43802083333333336 0.15555555555555556 0.026041666666666668 0.046296296296296294
0 0.4484375 0.15925925925925927 0.026041666666666668 0.046296296296296294
0 0.4744791666666667 0.16111111111111112 0.026041666666666668 0.046296296296296294
0 0.4869791666666667 0.15925925925925927 0.026041666666666668 0.046296296296296294
0 0.4322916666666667 0.17037037037037037 0.026041666666666668 0.046296296296296294
0 0.44947916666666665 0.175 0.026041666666666668 0.046296296296296294
0 0.49895833333333334 0.175 0.026041666666666668 0.046296296296296294
0 0.5109375 0.17592592592592593 0.026041666666666668 0.046296296296296294
0 0.43854166666666666 0.1814814814814815 0.026041666666666668 0.046296296296296294
0 0.4625 0.18425925925925926 0.026041666666666668 0.046296296296296294
0 0.4953125 0.18518518518518517 0.026041666666666668 0.046296296296296294
0 0.49895833333333334 0.19166666666666668 0.026041666666666668 0.046296296296296294
0 0.4328125 0.20185185185185187 0.026041666666666668 0.046296296296296294
0 0.4822916666666667 0.19907407407407407 0.026041666666666668 0.046296296296296294
0 0.4265625 0.2064814814814815 0.026041666666666668 0.046296296296296294
0 0.45677083333333335 0.22314814814814815 0.026041666666666668 0.046296296296296294
0 0.4703125 0.22037037037037038 0.026041666666666668 0.046296296296296294
0 0.47708333333333336 0.2222222222222222 0.026041666666666668 0.046296296296296294
0 0.42864583333333334 0.22962962962962963 0.026041666666666668 0.046296296296296294
0 0.5072916666666667 0.22777777777777777 0.026041666666666668 0.046296296296296294
0 0.5020833333333333 0.2388888888888889 0.026041666666666668 0.046296296296296294
0 0.428125 0.24444444444444444 0.026041666666666668 0.046296296296296294
0 0.4828125 0.24444444444444444 0.026041666666666668 0.046296296296296294
0 0.48489583333333336 0.24722222222222223 0.026041666666666668 0.046296296296296294
0 0.4890625 0.24537037037037038 0.026041666666666668 0.046296296296296294
0 0.5083333333333333 0.2518518518518518 0.026041666666666668 0.046296296296296294
0 0.515625 0.25462962962962965 0.026041666666666668 0.046296296296296294
0 0.43802083333333336 0.262037037037037 0.026041666666666668 0.046296296296296294
0 0.47760416666666666 0.2638888888888889 0.026041666666666668 0.046296296296296294
0 0.4947916666666667 0.26296296296296295 0.026041666666666668 0.046296296296296294
0 0.45729166666666665 0.26944444444444443 0.026041666666666668 0.046296296296296294
0 0.5036458333333333 0.26851851851851855 0.026041666666666668 0.046296296296296294
0 0.490625 0.27870370370370373 0.026041666666666668 0.046296296296296294
0 0.5416666666666666 0.2759259259259259 0.026041666666666668 0.046296296296296294
0 0.5208333333333334 0.2953703703703704 0.026041666666666668 0.046296296296296294
0 0.6953125 0.2916666666666667 0.026041666666666668 0.046296296296296294
0 0.4197916666666667 0.29907407407407405 0.026041666666666668 0.046296296296296294
0 0.5166666666666667 0.30277777777777776 0.026041666666666668 0.046296296296296294
0 0.4161458333333333 0.3111111111111111 0.026041666666666668 0.046296296296296294
0 0.5453125 0.3101851851851852 0.026041666666666668 0.046296296296296294
0 0.4317708333333333 0.31666666666666665 0.026041666666666668 0.046296296296296294
0 0.5203125 0.31666666666666665 0.026041666666666668 0.046296296296296294
0 0.7020833333333333 0.31296296296296294 0.026041666666666668 0.046296296296296294
0 0.48333333333333334 0.325 0.026041666666666668 0.046296296296296294
0 0.5072916666666667 0.325 0.026041666666666668 0.046296296296296294
0 0.44583333333333336 0.33240740740740743 0.026041666666666668 0.046296296296296294
0 0.5255208333333333 0.3296296296296296 0.026041666666666668 0.046296296296296294
4 0.53125 0.3333333333333333 0.026041666666666668 0.046296296296296294
4 0.45260416666666664 0.3398148148148148 0.026041666666666668 0.046296296296296294
4 0.5375 0.3472222222222222 0.026041666666666668 0.046296296296296294
4 0.43645833333333334 0.3574074074074074 0.026041666666666668 0.046296296296296294
4 0.44479166666666664 0.3592592592592593 0.026041666666666668 0.046296296296296294
4 0.465625 0.35648148148148145 0.026041666666666668 0.046296296296296294
4 0.5 0.3592592592592593 0.026041666666666668 0.046296296296296294
2 0.2203125 0.37777777777777777 0.026041666666666668 0.046296296296296294
4 0.5067708333333333 0.37962962962962965 0.026041666666666668 0.046296296296296294
4 0.4 0.387037037037037 0.026041666666666668 0.046296296296296294
4 0.4328125 0.3851851851851852 0.026041666666666668 0.046296296296296294
4 0.4354166666666667 0.3861111111111111 0.026041666666666668 0.046296296296296294
4 0.46979166666666666 0.3861111111111111 0.026041666666666668 0.046296296296296294
4 0.528125 0.387037037037037 0.026041666666666668 0.046296296296296294
4 0.49166666666666664 0.39537037037037037 0.026041666666666668 0.046296296296296294
4 0.5078125 0.4009259259259259 0.026041666666666668 0.046296296296296294
4 0.5203125 0.40370370370370373 0.026041666666666668 0.046296296296296294
4 0.6666666666666666 0.4027777777777778 0.026041666666666668 0.046296296296296294
2 0.1890625 0.4101851851851852 0.026041666666666668 0.046296296296296294
4 0.6494791666666667 0.4074074074074074 0.026041666666666668 0.046296296296296294
3 0.6989583333333333 0.4083333333333333 0.026041666666666668 0.046296296296296294
4 0.3776041666666667 0.41759259259259257 0.026041666666666668 0.046296296296296294
4 0.41041666666666665 0.4212962962962963 0.026041666666666668 0.046296296296296294
4 0.46510416666666665 0.41574074074074074 0.026041666666666668 0.046296296296296294
4 0.478125 0.41574074074074074 0.026041666666666668 0.046296296296296294
4 0.5161458333333333 0.4203703703703704 0.026041666666666668 0.046296296296296294
4 0.4484375 0.425 0.026041666666666668 0.046296296296296294
4 0.659375 0.42592592592592593 0.026041666666666668 0.046296296296296294
3 0.6703125 0.425 0.026041666666666668 0.046296296296296294
2 0.17447916666666666 0.43333333333333335 0.026041666666666668 0.046296296296296294
4 0.4296875 0.4287037037037037 0.026041666666666668 0.046296296296296294
4 0.5046875 0.43425925925925923 0.026041666666666668 0.046296296296296294
3 0.6958333333333333 0.43703703703703706 0.026041666666666668 0.046296296296296294
4 0.3932291666666667 0.44166666666666665 0.026041666666666668 0.046296296296296294
4 0.39947916666666666 0.4425925925925926 0.026041666666666668 0.046296296296296294
4 0.5125 0.44166666666666665 0.026041666666666668 0.046296296296296294
3 0.6796875 0.44166666666666665 0.026041666666666668 0.046296296296296294
3 0.6875 0.44722222222222224 0.026041666666666668 0.046296296296296294
4 0.4484375 0.4546296296296296 0.026041666666666668 0.046296296296296294
4 0.40260416666666665 0.46111111111111114 0.026041666666666668 0.046296296296296294
4 0.49947916666666664 0.4648148148148148 0.026041666666666668 0.046296296296296294
4 0.4166666666666667 0.48055555555555557 0.026041666666666668 0.046296296296296294
4 0.46875 0.4787037037037037 0.026041666666666668 0.046296296296296294
3 0.6744791666666666 0.4824074074074074 0.026041666666666668 0.046296296296296294
4 0.503125 0.4935185185185185 0.026041666666666668 0.046296296296296294
3 0.6755208333333333 0.49537037037037035 0.026041666666666668 0.046296296296296294
4 0.45364583333333336 0.5018518518518519 0.026041666666666668 0.046296296296296294
4 0.6130208333333333 0.5055555555555555 0.026041666666666668 0.046296296296296294
3 0.675 0.5111111111111111 0.026041666666666668 0.046296296296296294
3 0.6989583333333333 0.5120370370370371 0.026041666666666668 0.046296296296296294
4 0.409375 0.5185185185185185 0.026041666666666668 0.046296296296296294
4 0.6041666666666666 0.5194444444444445 0.026041666666666668 0.046296296296296294
4 0.5911458333333334 0.524074074074074 0.026041666666666668 0.046296296296296294
4 0.6666666666666666 0.5268518518518519 0.026041666666666668 0.046296296296296294
4 0.4244791666666667 0.5333333333333333 0.026041666666666668 0.046296296296296294
4 0.5125 0.5324074074074074 0.026041666666666668 0.046296296296296294
4 0.61875 0.5342592592592592 0.026041666666666668 0.046296296296296294
3 0.6864583333333333 0.5398148148148149 0.026041666666666668 0.046296296296296294
3 0.7276041666666667 0.5388888888888889 0.026041666666666668 0.046296296296296294
4 0.5208333333333334 0.549074074074074 0.026041666666666668 0.046296296296296294
3 0.6989583333333333 0.5472222222222223 0.026041666666666668 0.046296296296296294
3 0.7119791666666667 0.5472222222222223 0.026041666666666668 0.046296296296296294
4 0.3875 0.5527777777777778 0.026041666666666668 0.046296296296296294
4 0.6286458333333333 0.5675925925925925 0.026041666666666668 0.046296296296296294
4 0.4552083333333333 0.5824074074074074 0.026041666666666668 0.046296296296296294
4 0.5036458333333333 0.5777777777777777 0.026041666666666668 0.046296296296296294
4 0.6130208333333333 0.5805555555555556 0.026041666666666668 0.046296296296296294
4 0.6364583333333333 0.5898148148148148 0.026041666666666668 0.046296296296296294
3 0.765625 0.587037037037037 0.026041666666666668 0.046296296296296294
4 0.5984375 0.5953703703703703 0.026041666666666668 0.046296296296296294
4 0.6645833333333333 0.5925925925925926 0.026041666666666668 0.046296296296296294
4 0.5234375 0.6046296296296296 0.026041666666666668 0.046296296296296294
4 0.6161458333333333 0.6046296296296296 0.026041666666666668 0.046296296296296294
4 0.6484375 0.6166666666666667 0.026041666666666668 0.046296296296296294
4 0.5697916666666667 0.6361111111111111 0.026041666666666668 0.046296296296296294
4 0.6 0.6342592592592593 0.026041666666666668 0.046296296296296294
4 0.5338541666666666 0.6305555555555555 0.026041666666666668 0.046296296296296294
3 0.6880208333333333 0.6648148148148149 0.026041666666666668 0.046296296296296294
1 0.4119791666666667 0.674074074074074 0.026041666666666668 0.046296296296296294
1 0.7791666666666667 0.7148148148148148 0.026041666666666668 0.046296296296296294
1 0.6666666666666666 0.7546296296296297 0.026041666666666668 0.046296296296296294
1 0.3578125 0.7453703703703703 0.026041666666666668 0.046296296296296294
1 0.8807291666666667 0.7509259259259259 0.026041666666666668 0.046296296296296294
1 0.5078125 0.7537037037037037 0.026041666666666668 0.046296296296296294
1 0.5333333333333333 0.7712962962962963 0.026041666666666668 0.046296296296296294
1 0.5963541666666666 0.7722222222222223 0.026041666666666668 0.046296296296296294
1 0.8239583333333333 0.7638888888888888 0.026041666666666668 0.046296296296296294
1 0.48125 0.7842592592592592 0.026041666666666668 0.046296296296296294
1 0.6265625 0.7842592592592592 0.026041666666666668 0.046296296296296294
1 0.196875 0.7944444444444444 0.026041666666666668 0.046296296296296294
1 0.7447916666666666 0.7981481481481482 0.026041666666666668 0.046296296296296294
1 0.23645833333333333 0.8037037037037037 0.026041666666666668 0.046296296296296294
1 0.5947916666666667 0.825925925925926 0.026041666666666668 0.046296296296296294
1 0.17239583333333333 0.8305555555555556 0.026041666666666668 0.046296296296296294
1 0.8286458333333333 0.8379629629629629 0.026041666666666668 0.046296296296296294
1 0.3182291666666667 0.8481481481481481 0.026041666666666668 0.046296296296296294
1 0.5770833333333333 0.8425925925925926 0.026041666666666668 0.046296296296296294
1 0.7890625 0.8388888888888889 0.026041666666666668 0.046296296296296294
1 0.39427083333333335 0.8648148148148148 0.026041666666666668 0.046296296296296294
1 0.43854166666666666 0.8925925925925926 0.026041666666666668 0.046296296296296294
1 0.7661458333333333 0.8962962962962963 0.026041666666666668 0.046296296296296294
1 0.6791666666666667 0.9398148148148148 0.026041666666666668 0.046296296296296294
1 0.3375 0.9351851851851852 0.026041666666666668 0.046296296296296294
1 0.5088541666666667 0.9407407407407408 0.026041666666666668 0.046296296296296294
1 0.9635416666666666 0.9425925925925925 0.026041666666666668 0.046296296296296294
1 0.3723958333333333 0.9601851851851851 0.026041666666666668 0.046296296296296294
1 0.13333333333333333 0.9055555555555556 0.026041666666666668 0.046296296296296294
1 0.4708333333333333 0.8740740740740741 0.026041666666666668 0.046296296296296294
1 0.8770833333333333 0.8388888888888889 0.026041666666666668 0.046296296296296294
1 0.821875 0.8870370370370371 0.026041666666666668 0.046296296296296294
1 0.85 0.95 0.026041666666666668 0.046296296296296294
1 0.9010416666666666 0.9518518518518518 0.026041666666666668 0.046296296296296294
3 0.7677083333333333 0.6592592592592592 0.026041666666666668 0.046296296296296294
3 0.7395833333333334 0.5925925925925926 0.026041666666666668 0.046296296296296294
3 0.7364583333333333 0.562962962962963 0.026041666666666668 0.046296296296296294
4 0.40729166666666666 0.5740740740740741 0.026041666666666668 0.046296296296296294
4 0.434375 0.49074074074074076 0.026041666666666668 0.046296296296296294
2 0.18541666666666667 0.4351851851851852 0.026041666666666668 0.046296296296296294
2 0.20520833333333333 0.4166666666666667 0.026041666666666668 0.046296296296296294
1 0.5583333333333333 0.7388888888888889 0.026041666666666668 0.046296296296296294
1 0.6416666666666667 0.7407407407407407 0.026041666666666668 0.046296296296296294
1 0.621875 0.9703703703703703 0.026041666666666668 0.046296296296296294
3 0.6875 0.5962962962962963 0.026041666666666668 0.046296296296296294
