0 0.4744791666666667 0.09814814814814815 0.026041666666666668 0.046296296296296294
0 0.4796875 0.09814814814814815 0.026041666666666668 0.046296296296296294
0 0.4828125 0.12037037037037036 0.026041666666666668 0.046296296296296294
0 0.4901041666666667 0.12314814814814815 0.026041666666666668 0.046296296296296294
0 0.4427083333333333 0.13333333333333333 0.026041666666666668 0.046296296296296294
0 0.44895833333333335 0.13333333333333333 0.026041666666666668 0.046296296296296294
0 0.4609375 0.13518518518518519 0.026041666666666668 0.046296296296296294
0 0.4703125 0.1361111111111111 0.026041666666666668 0.046296296296296294
0 0.4828125 0.1388888888888889 0.026041666666666668 0.046296296296296294
0 0.490625 0.13703703703703704 0.026041666666666668 0.046296296296296294
0 0.4546875 0.14537037037037037 0.026041666666666668 0.046296296296296294
0 0.4583333333333333 0.14537037037037037 0.026041666666666668 0.046296296296296294
0 0.4713541666666667 0.14444444444444443 0.026041666666666668 0.046296296296296294
0 0.475 0.14537037037037037 0.026041666666666668 0.046296296296296294
0 0.44947916666666665 0.15185185185185185 0.026041666666666668 0.046296296296296294
0 0.4630208333333333 0.15092592592592594 0.026041666666666668 0.046296296296296294
0 0.44479166666666664 0.1675925925925926 0.026041666666666668 0.046296296296296294
0 0.43333333333333335 0.17592592592592593 0.026041666666666668 0.046296296296296294
0 0.4625 0.17407407407407408 0.026041666666666668 0.046296296296296294
0 0.46979166666666666 0.17592592592592593 0.026041666666666668 0.046296296296296294
0 0.5010416666666667 0.17407407407407408 0.026041666666666668 0.046296296296296294
0 0.43802083333333336 0.1824074074074074 0.026041666666666668 0.046296296296296294
0 0.45416666666666666 0.1824074074074074 0.026041666666666668 0.046296296296296294
0 0.5130208333333334 0.18333333333333332 0.026041666666666668 0.046296296296296294
0 0.4890625 0.19074074074074074 0.026041666666666668 0.046296296296296294
0 0.49375 0.19166666666666668 0.026041666666666668 0.046296296296296294
0 0.465625 0.20555555555555555 0.026041666666666668 0.046296296296296294
0 0.5005208333333333 0.20462962962962963 0.026041666666666668 0.046296296296296294
0 0.4796875 0.22314814814814815 0.026041666666666668 0.046296296296296294
0 0.4244791666666667 0.22777777777777777 0.026041666666666668 0.046296296296296294
0 0.4744791666666667 0.23148148148148148 0.026041666666666668 0.046296296296296294
0 0.5083333333333333 0.23055555555555557 0.026041666666666668 0.046296296296296294
0 0.4453125 0.2351851851851852 0.026041666666666668 0.046296296296296294
0 0.45729166666666665 0.23703703703703705 0.026041666666666668 0.046296296296296294
0 0.4822916666666667 0.23425925925925925 0.026041666666666668 0.046296296296296294
0 0.42291666666666666 0.24537037037037038 0.026041666666666668 0.046296296296296294
0 0.5036458333333333 0.24814814814814815 0.026041666666666668 0.046296296296296294
0 0.5104166666666666 0.24814814814814815 0.026041666666666668 0.046296296296296294
0 0.45416666666666666 0.2537037037037037 0.026041666666666668 0.046296296296296294
0 0.46197916666666666 0.2537037037037037 0.026041666666666668 0.046296296296296294
0 0.4822916666666667 0.25 0.026041666666666668 0.046296296296296294
0 0.49114583333333334 0.2537037037037037 0.026041666666666668 0.046296296296296294
0 0.4953125 0.25462962962962965 0.026041666666666668 0.046296296296296294
0 0.5036458333333333 0.2611111111111111 0.026041666666666668 0.046296296296296294
0 0.484375 0.26851851851851855 0.026041666666666668 0.046296296296296294
0 0.4895833333333333 0.26944444444444443 0.026041666666666668 0.046296296296296294
0 0.50625 0.26944444444444443 0.026041666666666668 0.046296296296296294
0 0.4661458333333333 0.2759259259259259 0.026041666666666668 0.046296296296296294
0 0.4942708333333333 0.2777777777777778 0.026041666666666668 0.046296296296296294
0 0.5458333333333333 0.2777777777777778 0.026041666666666668 0.046296296296296294
0 0.478125 0.28703703703703703 0.026041666666666668 0.046296296296296294
0 0.5072916666666667 0.2833333333333333 0.026041666666666668 0.046296296296296294
0 0.5151041666666667 0.28425925925925927 0.026041666666666668 0.046296296296296294
0 0.49166666666666664 0.29259259259259257 0.026041666666666668 0.046296296296296294
0 0.6708333333333333 0.28888888888888886 0.026041666666666668 0.046296296296296294
0 0.425 0.29814814814814816 0.026041666666666668 0.046296296296296294
0 0.5104166666666666 0.30092592592592593 0.026041666666666668 0.046296296296296294
0 0.4666666666666667 0.3055555555555556 0.026041666666666668 0.046296296296296294
0 0.4869791666666667 0.30925925925925923 0.026041666666666668 0.046296296296296294
0 0.425 0.3148148148148148 0.026041666666666668 0.046296296296296294
0 0.4328125 0.31574074074074077 0.026041666666666668 0.046296296296296294
0 0.4744791666666667 0.3175925925925926 0.026041666666666668 0.046296296296296294
0 0.70625 0.3101851851851852 0.026041666666666668 0.046296296296296294
0 0.5057291666666667 0.32314814814814813 0.026041666666666668 0.046296296296296294
0 0.5317708333333333 0.32222222222222224 0.026041666666666668 0.046296296296296294
0 0.4421875 0.3296296296296296 0.026041666666666668 0.046296296296296294
4 0.45416666666666666 0.3398148148148148 0.026041666666666668 0.046296296296296294
4 0.4703125 0.3388888888888889 0.026041666666666668 0.046296296296296294
4 0.5213541666666667 0.3398148148148148 0.026041666666666668 0.046296296296296294
4 0.4625 0.34814814814814815 0.026041666666666668 0.046296296296296294
4 0.48333333333333334 0.3472222222222222 0.026041666666666668 0.046296296296296294
4 0.5161458333333333 0.3490740740740741 0.026041666666666668 0.046296296296296294
4 0.375 0.3537037037037037 0.026041666666666668 0.046296296296296294
4 0.37916666666666665 0.3574074074074074 0.026041666666666668 0.046296296296296294
4 0.45 0.3537037037037037 0.026041666666666668 0.046296296296296294
4 0.49895833333333334 0.3537037037037037 0.026041666666666668 0.046296296296296294
4 0.5078125 0.35462962962962963 0.026041666666666668 0.046296296296296294
2 0.21979166666666666 0.37592592592592594 0.026041666666666668 0.046296296296296294
4 0.50625 0.375 0.026041666666666668 0.046296296296296294
2 0.21354166666666666 0.3851851851851852 0.026041666666666668 0.046296296296296294
4 0.48802083333333335 0.39351851851851855 0.026041666666666668 0.046296296296296294
4 0.5067708333333333 0.39166666666666666 0.026041666666666668 0.046296296296296294
4 0.665625 0.4 0.026041666666666668 0.046296296296296294
2 0.20677083333333332 0.4101851851851852 0.026041666666666668 0.046296296296296294
4 0.6489583333333333 0.40555555555555556 0.026041666666666668 0.046296296296296294
3 0.7036458333333333 0.4064814814814815 0.026041666666666668 0.046296296296296294
2 0.19427083333333334 0.4148148148148148 0.026041666666666668 0.046296296296296294
4 0.46927083333333336 0.41759259259259257 0.026041666666666668 0.046296296296296294
2 0.17447916666666666 0.42592592592592593 0.026041666666666668 0.046296296296296294
4 0.5057291666666667 0.42685185185185187 0.026041666666666668 0.046296296296296294
4 0.5239583333333333 0.425 0.026041666666666668 0.046296296296296294
4 0.6651041666666667 0.42407407407407405 0.026041666666666668 0.046296296296296294
2 0.1828125 0.43333333333333335 0.026041666666666668 0.046296296296296294
4 0.4375 0.43425925925925923 0.026041666666666668 0.046296296296296294
3 0.6859375 0.4324074074074074 0.026041666666666668 0.046296296296296294
3 0.6744791666666666 0.44166666666666665 0.026041666666666668 0.046296296296296294
4 0.4817708333333333 0.44722222222222224 0.026041666666666668 0.046296296296296294
4 0.5026041666666666 0.45 0.026041666666666668 0.046296296296296294
3 0.6869791666666667 0.44907407407407407 0.026041666666666668 0.046296296296296294
4 0.40989583333333335 0.4546296296296296 0.026041666666666668 0.046296296296296294
4 0.4375 0.4564814814814815 0.026041666666666668 0.046296296296296294
4 0.6614583333333334 0.45925925925925926 0.026041666666666668 0.046296296296296294
3 0.675 0.4740740740740741 0.026041666666666668 0.046296296296296294
4 0.6541666666666667 0.4824074074074074 0.026041666666666668 0.046296296296296294
3 0.6822916666666666 0.48055555555555557 0.026041666666666668 0.046296296296296294
4 0.5671875 0.4898148148148148 0.026041666666666668 0.046296296296296294
4 0.49635416666666665 0.4935185185185185 0.026041666666666668 0.046296296296296294
4 0.503125 0.4935185185185185 0.026041666666666668 0.046296296296296294
4 0.6458333333333334 0.4962962962962963 0.026041666666666668 0.046296296296296294
3 0.675 0.49444444444444446 0.026041666666666668 0.046296296296296294
4 0.653125 0.5037037037037037 0.026041666666666668 0.046296296296296294
4 0.6166666666666667 0.5083333333333333 0.026041666666666668 0.046296296296296294
3 0.7036458333333333 0.5175925925925926 0.026041666666666668 0.046296296296296294
3 0.7526041666666666 0.5194444444444445 0.026041666666666668 0.046296296296296294
4 0.5088541666666667 0.5277777777777778 0.026041666666666668 0.046296296296296294
3 0.7203125 0.5268518518518519 0.026041666666666668 0.046296296296296294
4 0.5869791666666667 0.5324074074074074 0.026041666666666668 0.046296296296296294
4 0.6526041666666667 0.5333333333333333 0.026041666666666668 0.046296296296296294
4 0.440625 0.5398148148148149 0.026041666666666668 0.046296296296296294
3 0.6770833333333334 0.5425925925925926 0.026041666666666668 0.046296296296296294
4 0.38177083333333334 0.549074074074074 0.026041666666666668 0.046296296296296294
4 0.5234375 0.5592592592592592 0.026041666666666668 0.046296296296296294
3 0.7369791666666666 0.5583333333333333 0.026041666666666668 0.046296296296296294
4 0.4734375 0.5648148148148148 0.026041666666666668 0.046296296296296294
4 0.6328125 0.5648148148148148 0.026041666666666668 0.046296296296296294
4 0.6114583333333333 0.575 0.026041666666666668 0.046296296296296294
3 0.7671875 0.5731481481481482 0.026041666666666668 0.046296296296296294
4 0.43072916666666666 0.5814814814814815 0.026041666666666668 0.046296296296296294
4 0.5072916666666667 0.587037037037037 0.026041666666666668 0.046296296296296294
4 0.6114583333333333 0.5888888888888889 0.026041666666666668 0.046296296296296294
3 0.7041666666666667 0.5879629629629629 0.026041666666666668 0.046296296296296294
3 0.7364583333333333 0.587037037037037 0.026041666666666668 0.046296296296296294
4 0.5989583333333334 0.5953703703703703 0.026041666666666668 0.046296296296296294
4 0.6484375 0.6074074074074074 0.026041666666666668 0.046296296296296294
4 0.4578125 0.6129629629629629 0.026041666666666668 0.046296296296296294
4 0.5703125 0.6388888888888888 0.026041666666666668 0.046296296296296294
4 0.5958333333333333 0.6351851851851852 0.026041666666666668 0.046296296296296294
2 0.22864583333333333 0.6666666666666666 0.026041666666666668 0.046296296296296294
4 0.5546875 0.6657407407407407 0.026041666666666668 0.046296296296296294
3 0.775 0.6666666666666666 0.026041666666666668 0.046296296296296294
1 0.5203125 0.6787037037037037 0.026041666666666668 0.046296296296296294
1 0.3984375 0.6907407407407408 0.026041666666666668 0.046296296296296294
1 0.778125 0.7194444444444444 0.026041666666666668 0.046296296296296294
1 0.19427083333333334 0.7212962962962963 0.026041666666666668 0.046296296296296294
1 0.65 0.7314814814814815 0.026041666666666668 0.046296296296296294
1 0.38697916666666665 0.737037037037037 0.026041666666666668 0.046296296296296294
1 0.678125 0.7342592592592593 0.026041666666666668 0.046296296296296294
1 0.8817708333333333 0.7518518518518519 0.026041666666666668 0.046296296296296294
1 0.8234375 0.7537037037037037 0.026041666666666668 0.046296296296296294
1 0.8286458333333333 0.7583333333333333 0.026041666666666668 0.046296296296296294
1 0.9640625 0.7675925925925926 0.026041666666666668 0.046296296296296294
1 0.7421875 0.8064814814814815 0.026041666666666668 0.046296296296296294
1 0.29791666666666666 0.8157407407407408 0.026041666666666668 0.046296296296296294
1 0.3619791666666667 0.8342592592592593 0.026041666666666668 0.046296296296296294
1 0.8744791666666667 0.8361111111111111 0.026041666666666668 0.046296296296296294
1 0.7979166666666667 0.850925925925926 0.026041666666666668 0.046296296296296294
1 0.16979166666666667 0.8740740740740741 0.026041666666666668 0.046296296296296294
1 0.46979166666666666 0.8805555555555555 0.026041666666666668 0.046296296296296294
1 0.42552083333333335 0.8861111111111111 0.026041666666666668 0.046296296296296294
1 0.8921875 0.9166666666666666 0.026041666666666668 0.046296296296296294
1 0.5692708333333333 0.9194444444444444 0.026041666666666668 0.046296296296296294
1 0.5369791666666667 0.9296296296296296 0.026041666666666668 0.046296296296296294
1 0.8859375 0.9407407407407408 0.026041666666666668 0.046296296296296294
1 0.09010416666666667 0.9407407407407408 0.026041666666666668 0.046296296296296294
1 0.6067708333333334 0.9444444444444444 0.026041666666666668 0.046296296296296294
1 0.9682291666666667 0.9388888888888889 0.026041666666666668 0.046296296296296294
1 0.15 0.9527777777777777 0.026041666666666668 0.046296296296296294
1 0.628125 0.9453703703703704 0.026041666666666668 0.046296296296296294
1 0.921875 0.9555555555555556 0.026041666666666668 0.046296296296296294
1 0.3223958333333333 0.9537037037037037 0.026041666666666668 0.046296296296296294
1 0.5088541666666667 0.9583333333333334 0.026041666666666668 0.046296296296296294
1 0.9416666666666667 0.9796296296296296 0.026041666666666668 0.046296296296296294
1 0.1375 0.8055555555555556 0.026041666666666668 0.046296296296296294
1 0.39375 0.9277777777777778 0.026041666666666668 0.046296296296296294
1 0.8270833333333333 0.8629629629629629 0.026041666666666668 0.046296296296296294
1 0.825 0.8333333333333334 0.026041666666666668 0.046296296296296294
1 0.5385416666666667 0.6833333333333333 0.026041666666666668 0.046296296296296294
4 0.5333333333333333 0.6277777777777778 0.026041666666666668 0.046296296296296294
4 0.41875 0.6370370370370371 0.026041666666666668 0.046296296296296294
4 0.39895833333333336 0.40925925925925927 0.026041666666666668 0.046296296296296294
3 0.7177083333333333 0.5981481481481481 0.026041666666666668 0.046296296296296294
3 0.7458333333333333 0.5648148148148148 0.026041666666666668 0.046296296296296294
0 0.6885416666666667 0.29444444444444445 0.026041666666666668 0.046296296296296294
0 0.6802083333333333 0.31851851851851853 0.026041666666666668 0.046296296296296294
4 0.63125 0.5092592592592593 0.026041666666666668 0.046296296296296294
4 0.525 0.5018518518518519 0.026041666666666668 0.046296296296296294
4 0.521875 0.44074074074074077 0.026041666666666668 0.046296296296296294
