0 0.4708333333333333 0.0962962962962963 0.026041666666666668 0.046296296296296294
0 0.4901041666666667 0.10648148148148148 0.026041666666666668 0.046296296296296294
0 0.4703125 0.11574074074074074 0.026041666666666668 0.046296296296296294
0 0.4583333333333333 0.12037037037037036 0.026041666666666668 0.046296296296296294
0 0.4703125 0.12962962962962962 0.026041666666666668 0.046296296296296294
0 0.490625 0.1287037037037037 0.026041666666666668 0.046296296296296294
0 0.44947916666666665 0.13703703703703704 0.026041666666666668 0.046296296296296294
0 0.4578125 0.13425925925925927 0.026041666666666668 0.046296296296296294
0 0.46510416666666665 0.1398148148148148 0.026041666666666668 0.046296296296296294
0 0.44114583333333335 0.14537037037037037 0.026041666666666668 0.046296296296296294
0 0.475 0.14629629629629629 0.026041666666666668 0.046296296296296294
0 0.48333333333333334 0.14444444444444443 0.026041666666666668 0.046296296296296294
0 0.43645833333333334 0.16111111111111112 0.026041666666666668 0.046296296296296294
0 0.4479166666666667 0.16111111111111112 0.026041666666666668 0.046296296296296294
0 0.4671875 0.16111111111111112 0.026041666666666668 0.046296296296296294
0 0.490625 0.15925925925925927 0.026041666666666668 0.046296296296296294
0 0.4671875 0.16944444444444445 0.026041666666666668 0.046296296296296294
0 0.4322916666666667 0.175 0.026041666666666668 0.046296296296296294
0 0.4609375 0.18611111111111112 0.026041666666666668 0.046296296296296294
0 0.44479166666666664 0.2212962962962963 0.026041666666666668 0.046296296296296294
0 0.4791666666666667 0.2212962962962963 0.026041666666666668 0.046296296296296294
0 0.4875 0.22870370370370371 0.026041666666666668 0.046296296296296294
0 0.5119791666666667 0.2324074074074074 0.026041666666666668 0.046296296296296294
0 0.4947916666666667 0.2388888888888889 0.026041666666666668 0.046296296296296294
0 0.5041666666666667 0.2388888888888889 0.026041666666666668 0.046296296296296294
0 0.5067708333333333 0.24814814814814815 0.026041666666666668 0.046296296296296294
0 0.4734375 0.2518518518518518 0.026041666666666668 0.046296296296296294
0 0.4869791666666667 0.2518518518518518 0.026041666666666668 0.046296296296296294
0 0.49114583333333334 0.262037037037037 0.026041666666666668 0.046296296296296294
0 0.4625 0.2657407407407407 0.026041666666666668 0.046296296296296294
0 0.5 0.26851851851851855 0.026041666666666668 0.046296296296296294
0 0.5119791666666667 0.26851851851851855 0.026041666666666668 0.046296296296296294
0 0.5078125 0.2777777777777778 0.026041666666666668 0.046296296296296294
0 0.5369791666666667 0.2759259259259259 0.026041666666666668 0.046296296296296294
0 0.4947916666666667 0.28425925925925927 0.026041666666666668 0.046296296296296294
0 0.54375 0.2861111111111111 0.026041666666666668 0.046296296296296294
0 0.6869791666666667 0.2916666666666667 0.026041666666666668 0.046296296296296294
0 0.4401041666666667 0.30092592592592593 0.026041666666666668 0.046296296296296294
0 0.48802083333333335 0.30462962962962964 0.026041666666666668 0.046296296296296294
0 0.4171875 0.3055555555555556 0.026041666666666668 0.046296296296296294
0 0.4270833333333333 0.30462962962962964 0.026041666666666668 0.046296296296296294
0 0.4354166666666667 0.30925925925925923 0.026041666666666668 0.046296296296296294
0 0.42135416666666664 0.31574074074074077 0.026041666666666668 0.046296296296296294
0 0.4375 0.31666666666666665 0.026041666666666668 0.046296296296296294
0 0.4479166666666667 0.3175925925925926 0.026041666666666668 0.046296296296296294
0 0.4864583333333333 0.31666666666666665 0.026041666666666668 0.046296296296296294
0 0.5109375 0.31666666666666665 0.026041666666666668 0.046296296296296294
0 0.5302083333333333 0.31851851851851853 0.026041666666666668 0.046296296296296294
0 0.42083333333333334 0.325 0.026041666666666668 0.046296296296296294
0 0.4786458333333333 0.32314814814814813 0.026041666666666668 0.046296296296296294
0 0.45729166666666665 0.33240740740740743 0.026041666666666668 0.046296296296296294
0 0.5104166666666666 0.3314814814814815 0.026041666666666668 0.046296296296296294
4 0.5239583333333333 0.3351851851851852 0.026041666666666668 0.046296296296296294
4 0.415625 0.3435185185185185 0.026041666666666668 0.046296296296296294
4 0.4869791666666667 0.3388888888888889 0.026041666666666668 0.046296296296296294
4 0.4328125 0.34814814814814815 0.026041666666666668 0.046296296296296294
4 0.515625 0.35 0.026041666666666668 0.046296296296296294
4 0.3953125 0.35462962962962963 0.026041666666666668 0.046296296296296294
4 0.41458333333333336 0.35833333333333334 0.026041666666666668 0.046296296296296294
4 0.44947916666666665 0.35462962962962963 0.026041666666666668 0.046296296296296294
4 0.4552083333333333 0.3537037037037037 0.026041666666666668 0.046296296296296294
4 0.4817708333333333 0.35833333333333334 0.026041666666666668 0.046296296296296294
4 0.49895833333333334 0.35555555555555557 0.026041666666666668 0.046296296296296294
4 0.5072916666666667 0.35648148148148145 0.026041666666666668 0.046296296296296294
4 0.375 0.3638888888888889 0.026041666666666668 0.046296296296296294
4 0.4041666666666667 0.362962962962963 0.026041666666666668 0.046296296296296294
4 0.475 0.36203703703703705 0.026041666666666668 0.046296296296296294
4 0.3921875 0.3712962962962963 0.026041666666666668 0.046296296296296294
4 0.39895833333333336 0.3731481481481482 0.026041666666666668 0.046296296296296294
4 0.4171875 0.3731481481481482 0.026041666666666668 0.046296296296296294
4 0.46822916666666664 0.37222222222222223 0.026041666666666668 0.046296296296296294
4 0.5072916666666667 0.37222222222222223 0.026041666666666668 0.046296296296296294
3 0.6765625 0.36666666666666664 0.026041666666666668 0.046296296296296294
4 0.4515625 0.3824074074074074 0.026041666666666668 0.046296296296296294
4 0.6505208333333333 0.37777777777777777 0.026041666666666668 0.046296296296296294
4 0.440625 0.387037037037037 0.026041666666666668 0.046296296296296294
4 0.4869791666666667 0.3861111111111111 0.026041666666666668 0.046296296296296294
4 0.49947916666666664 0.3888888888888889 0.026041666666666668 0.046296296296296294
4 0.51875 0.38796296296296295 0.026041666666666668 0.046296296296296294
4 0.39427083333333335 0.3907407407407407 0.026041666666666668 0.046296296296296294
4 0.4125 0.39537037037037037 0.026041666666666668 0.046296296296296294
2 0.2078125 0.4 0.026041666666666668 0.046296296296296294
4 0.4203125 0.4027777777777778 0.026041666666666668 0.046296296296296294
4 0.46979166666666666 0.4 0.026041666666666668 0.046296296296296294
3 0.7609375 0.4 0.026041666666666668 0.046296296296296294
2 0.19114583333333332 0.4148148148148148 0.026041666666666668 0.046296296296296294
4 0.6588541666666666 0.4222222222222222 0.026041666666666668 0.046296296296296294
4 0.428125 0.425 0.026041666666666668 0.046296296296296294
4 0.6505208333333333 0.42407407407407405 0.026041666666666668 0.046296296296296294
4 0.6536458333333334 0.42685185185185187 0.026041666666666668 0.046296296296296294
4 0.48802083333333335 0.42962962962962964 0.026041666666666668 0.046296296296296294
4 0.49895833333333334 0.43333333333333335 0.026041666666666668 0.046296296296296294
4 0.44583333333333336 0.43796296296296294 0.026041666666666668 0.046296296296296294
4 0.5072916666666667 0.4444444444444444 0.026041666666666668 0.046296296296296294
4 0.6494791666666667 0.44166666666666665 0.026041666666666668 0.046296296296296294
3 0.7067708333333333 0.43796296296296294 0.026041666666666668 0.046296296296296294
4 0.6661458333333333 0.44907407407407407 0.026041666666666668 0.046296296296296294
4 0.49895833333333334 0.462037037037037 0.026041666666666668 0.046296296296296294
4 0.6609375 0.46296296296296297 0.026041666666666668 0.046296296296296294
3 0.6864583333333333 0.4638888888888889 0.026041666666666668 0.046296296296296294
4 0.4635416666666667 0.47129629629629627 0.026041666666666668 0.046296296296296294
4 0.5119791666666667 0.47129629629629627 0.026041666666666668 0.046296296296296294
4 0.5291666666666667 0.4722222222222222 0.026041666666666668 0.046296296296296294
4 0.6458333333333334 0.48148148148148145 0.026041666666666668 0.046296296296296294
4 0.5755208333333334 0.48703703703703705 0.026041666666666668 0.046296296296296294
4 0.5947916666666667 0.4898148148148148 0.026041666666666668 0.046296296296296294
4 0.5239583333333333 0.4962962962962963 0.026041666666666668 0.046296296296296294
3 0.6734375 0.49444444444444446 0.026041666666666668 0.046296296296296294
3 0.6828125 0.49537037037037035 0.026041666666666668 0.046296296296296294
4 0.6 0.5046296296296297 0.026041666666666668 0.046296296296296294
4 0.3776041666666667 0.512962962962963 0.026041666666666668 0.046296296296296294
4 0.6354166666666666 0.5074074074074074 0.026041666666666668 0.046296296296296294
3 0.690625 0.512962962962963 0.026041666666666668 0.046296296296296294
4 0.3958333333333333 0.5120370370370371 0.026041666666666668 0.046296296296296294
4 0.4703125 0.5185185185185185 0.026041666666666668 0.046296296296296294
4 0.6067708333333334 0.5231481481481481 0.026041666666666668 0.046296296296296294
4 0.5786458333333333 0.5259259259259259 0.026041666666666668 0.046296296296296294
4 0.5203125 0.5324074074074074 0.026041666666666668 0.046296296296296294
4 0.528125 0.5342592592592592 0.026041666666666668 0.046296296296296294
4 0.5661458333333333 0.5324074074074074 0.026041666666666668 0.046296296296296294
4 0.6661458333333333 0.5361111111111111 0.026041666666666668 0.046296296296296294
4 0.5989583333333334 0.5444444444444444 0.026041666666666668 0.046296296296296294
4 0.6291666666666667 0.5407407407407407 0.026041666666666668 0.046296296296296294
3 0.7208333333333333 0.537962962962963 0.026041666666666668 0.046296296296296294
4 0.546875 0.5453703703703704 0.026041666666666668 0.046296296296296294
4 0.5875 0.5472222222222223 0.026041666666666668 0.046296296296296294
3 0.7307291666666667 0.5694444444444444 0.026041666666666668 0.046296296296296294
3 0.7625 0.5777777777777777 0.026041666666666668 0.046296296296296294
4 0.6354166666666666 0.5833333333333334 0.026041666666666668 0.046296296296296294
3 0.7583333333333333 0.6194444444444445 0.026041666666666668 0.046296296296296294
3 0.6916666666666667 0.6351851851851852 0.026041666666666668 0.046296296296296294
4 0.45677083333333335 0.6509259259259259 0.026041666666666668 0.046296296296296294
1 0.7723958333333333 0.6777777777777778 0.026041666666666668 0.046296296296296294
1 0.18802083333333333 0.6851851851851852 0.026041666666666668 0.046296296296296294
1 0.6578125 0.7046296296296296 0.026041666666666668 0.046296296296296294
1 0.478125 0.7425925925925926 0.026041666666666668 0.046296296296296294
1 0.8833333333333333 0.7444444444444445 0.026041666666666668 0.046296296296296294
1 0.5895833333333333 0.7935185185185185 0.026041666666666668 0.046296296296296294
1 0.8244791666666667 0.8398148148148148 0.026041666666666668 0.046296296296296294
1 0.7619791666666667 0.8435185185185186 0.026041666666666668 0.046296296296296294
1 0.9755208333333333 0.8444444444444444 0.026041666666666668 0.046296296296296294
1 0.9942708333333333 0.8564814814814815 0.026041666666666668 0.046296296296296294
1 0.8286458333333333 0.8666666666666667 0.026041666666666668 0.046296296296296294
1 0.725 0.9018518518518519 0.026041666666666668 0.046296296296296294
1 0.8161458333333333 0.912962962962963 0.026041666666666668 0.046296296296296294
1 0.20052083333333334 0.9157407407407407 0.026041666666666668 0.046296296296296294
1 0.9713541666666666 0.9462962962962963 0.026041666666666668 0.046296296296296294
1 0.090625 0.9537037037037037 0.026041666666666668 0.046296296296296294
1 0.290625 0.9842592592592593 0.026041666666666668 0.046296296296296294
2 0.09791666666666667 0.6537037037037037 0.026041666666666668 0.046296296296296294
1 0.8677083333333333 0.8222222222222222 0.026041666666666668 0.046296296296296294
1 0.7822916666666667 0.6981481481481482 0.026041666666666668 0.046296296296296294
4 0.64375 0.6666666666666666 0.026041666666666668 0.046296296296296294
3 0.7541666666666667 0.5148148148148148 0.026041666666666668 0.046296296296296294
4 0.42291666666666666 0.5166666666666667 0.026041666666666668 0.046296296296296294
4 0.40729166666666666 0.5703703703703704 0.026041666666666668 0.046296296296296294
