0 0.4822916666666667 0.12037037037037036 0.026041666666666668 0.046296296296296294
0 0.4708333333333333 0.1287037037037037 0.026041666666666668 0.046296296296296294
0 0.4901041666666667 0.12962962962962962 0.026041666666666668 0.046296296296296294
0 0.44895833333333335 0.13333333333333333 0.026041666666666668 0.046296296296296294
0 0.45364583333333336 0.13333333333333333 0.026041666666666668 0.046296296296296294
0 0.4609375 0.13703703703703704 0.026041666666666668 0.046296296296296294
0 0.4875 0.14166666666666666 0.026041666666666668 0.046296296296296294
0 0.4401041666666667 0.14444444444444443 0.026041666666666668 0.046296296296296294
0 0.475 0.14444444444444443 0.026041666666666668 0.046296296296296294
0 0.4625 0.15462962962962962 0.026041666666666668 0.046296296296296294
0 0.4322916666666667 0.16944444444444445 0.026041666666666668 0.046296296296296294
0 0.4578125 0.1685185185185185 0.026041666666666668 0.046296296296296294
0 0.49895833333333334 0.1648148148148148 0.026041666666666668 0.046296296296296294
0 0.4317708333333333 0.17685185185185184 0.026041666666666668 0.046296296296296294
0 0.4869791666666667 0.17592592592592593 0.026041666666666668 0.046296296296296294
0 0.5125 0.17407407407407408 0.026041666666666668 0.046296296296296294
0 0.4317708333333333 0.18425925925925926 0.026041666666666668 0.046296296296296294
0 0.4578125 0.18425925925925926 0.026041666666666668 0.046296296296296294
0 0.49895833333333334 0.18333333333333332 0.026041666666666668 0.046296296296296294
0 0.44947916666666665 0.1925925925925926 0.026041666666666668 0.046296296296296294
0 0.46979166666666666 0.19166666666666668 0.026041666666666668 0.046296296296296294
0 0.4869791666666667 0.19074074074074074 0.026041666666666668 0.046296296296296294
0 0.5114583333333333 0.20925925925925926 0.026041666666666668 0.046296296296296294
0 0.42864583333333334 0.24537037037037038 0.026041666666666668 0.046296296296296294
0 0.4901041666666667 0.24444444444444444 0.026041666666666668 0.046296296296296294
0 0.503125 0.2518518518518518 0.026041666666666668 0.046296296296296294
0 0.44895833333333335 0.2638888888888889 0.026041666666666668 0.046296296296296294
0 0.4895833333333333 0.2601851851851852 0.026041666666666668 0.046296296296296294
0 0.5135416666666667 0.262037037037037 0.026041666666666668 0.046296296296296294
0 0.4713541666666667 0.26944444444444443 0.026041666666666668 0.046296296296296294
0 0.47708333333333336 0.2712962962962963 0.026041666666666668 0.046296296296296294
0 0.4901041666666667 0.27685185185185185 0.026041666666666668 0.046296296296296294
0 0.5432291666666667 0.2759259259259259 0.026041666666666668 0.046296296296296294
0 0.42083333333333334 0.2824074074074074 0.026041666666666668 0.046296296296296294
0 0.43697916666666664 0.2824074074074074 0.026041666666666668 0.046296296296296294
0 0.4588541666666667 0.2833333333333333 0.026041666666666668 0.046296296296296294
0 0.5333333333333333 0.2851851851851852 0.026041666666666668 0.046296296296296294
0 0.4947916666666667 0.29259259259259257 0.026041666666666668 0.046296296296296294
0 0.5135416666666667 0.29074074074074074 0.026041666666666668 0.046296296296296294
0 0.4708333333333333 0.30185185185185187 0.026041666666666668 0.046296296296296294
0 0.5078125 0.30092592592592593 0.026041666666666668 0.046296296296296294
0 0.515625 0.3 0.026041666666666668 0.046296296296296294
0 0.4875 0.3101851851851852 0.026041666666666668 0.046296296296296294
0 0.425 0.31666666666666665 0.026041666666666668 0.046296296296296294
0 0.4828125 0.3175925925925926 0.026041666666666668 0.046296296296296294
0 0.503125 0.3175925925925926 0.026041666666666668 0.046296296296296294
0 0.7067708333333333 0.3138888888888889 0.026041666666666668 0.046296296296296294
0 0.4432291666666667 0.33055555555555555 0.026041666666666668 0.046296296296296294
0 0.45729166666666665 0.33055555555555555 0.026041666666666668 0.046296296296296294
0 0.5114583333333333 0.3314814814814815 0.026041666666666668 0.046296296296296294
4 0.4171875 0.3398148148148148 0.026041666666666668 0.046296296296296294
4 0.425 0.3398148148148148 0.026041666666666668 0.046296296296296294
4 0.4427083333333333 0.35 0.026041666666666668 0.046296296296296294
4 0.45 0.34629629629629627 0.026041666666666668 0.046296296296296294
4 0.4703125 0.3472222222222222 0.026041666666666668 0.046296296296296294
4 0.5036458333333333 0.35555555555555557 0.026041666666666668 0.046296296296296294
4 0.5203125 0.3574074074074074 0.026041666666666668 0.046296296296296294
4 0.38697916666666665 0.362962962962963 0.026041666666666668 0.046296296296296294
4 0.4744791666666667 0.36944444444444446 0.026041666666666668 0.046296296296296294
4 0.5078125 0.37037037037037035 0.026041666666666668 0.046296296296296294
4 0.51875 0.3712962962962963 0.026041666666666668 0.046296296296296294
4 0.5234375 0.36944444444444446 0.026041666666666668 0.046296296296296294
4 0.4947916666666667 0.3861111111111111 0.026041666666666668 0.046296296296296294
4 0.5328125 0.387037037037037 0.026041666666666668 0.046296296296296294
4 0.65 0.3861111111111111 0.026041666666666668 0.046296296296296294
4 0.475 0.39444444444444443 0.026041666666666668 0.046296296296296294
4 0.5072916666666667 0.39444444444444443 0.026041666666666668 0.046296296296296294
4 0.4947916666666667 0.4 0.026041666666666668 0.046296296296296294
4 0.5166666666666667 0.4009259259259259 0.026041666666666668 0.046296296296296294
4 0.5265625 0.4046296296296296 0.026041666666666668 0.046296296296296294
2 0.19583333333333333 0.40925925925925927 0.026041666666666668 0.046296296296296294
2 0.203125 0.4101851851851852 0.026041666666666668 0.046296296296296294
2 0.21979166666666666 0.40925925925925927 0.026041666666666668 0.046296296296296294
2 0.17708333333333334 0.41574074074074074 0.026041666666666668 0.046296296296296294
4 0.45677083333333335 0.4185185185185185 0.026041666666666668 0.046296296296296294
4 0.6578125 0.41388888888888886 0.026041666666666668 0.046296296296296294
3 0.703125 0.41759259259259257 0.026041666666666668 0.046296296296296294
4 0.5192708333333333 0.42685185185185187 0.026041666666666668 0.046296296296296294
3 0.675 0.42592592592592593 0.026041666666666668 0.046296296296296294
3 0.6677083333333333 0.4324074074074074 0.026041666666666668 0.046296296296296294
4 0.4296875 0.44074074074074077 0.026041666666666668 0.046296296296296294
4 0.5078125 0.4425925925925926 0.026041666666666668 0.046296296296296294
4 0.6578125 0.44907407407407407 0.026041666666666668 0.046296296296296294
3 0.6791666666666667 0.44814814814814813 0.026041666666666668 0.046296296296296294
3 0.6739583333333333 0.4583333333333333 0.026041666666666668 0.046296296296296294
4 0.4203125 0.462037037037037 0.026041666666666668 0.046296296296296294
4 0.5192708333333333 0.4666666666666667 0.026041666666666668 0.046296296296296294
3 0.6671875 0.4648148148148148 0.026041666666666668 0.046296296296296294
4 0.390625 0.4703703703703704 0.026041666666666668 0.046296296296296294
4 0.6536458333333334 0.475 0.026041666666666668 0.046296296296296294
4 0.4005208333333333 0.48055555555555557 0.026041666666666668 0.046296296296296294
4 0.5036458333333333 0.4777777777777778 0.026041666666666668 0.046296296296296294
4 0.6125 0.487962962962963 0.026041666666666668 0.046296296296296294
3 0.6703125 0.4888888888888889 0.026041666666666668 0.046296296296296294
4 0.5130208333333334 0.49907407407407406 0.026041666666666668 0.046296296296296294
4 0.6244791666666667 0.49537037037037035 0.026041666666666668 0.046296296296296294
4 0.65 0.4962962962962963 0.026041666666666668 0.046296296296296294
4 0.40260416666666665 0.5009259259259259 0.026041666666666668 0.046296296296296294
3 0.6744791666666666 0.5055555555555555 0.026041666666666668 0.046296296296296294
4 0.4244791666666667 0.5055555555555555 0.026041666666666668 0.046296296296296294
3 0.7104166666666667 0.5101851851851852 0.026041666666666668 0.046296296296296294
4 0.503125 0.5175925925925926 0.026041666666666668 0.046296296296296294
4 0.6333333333333333 0.5175925925925926 0.026041666666666668 0.046296296296296294
4 0.6458333333333334 0.5203703703703704 0.026041666666666668 0.046296296296296294
3 0.7041666666666667 0.5296296296296297 0.026041666666666668 0.046296296296296294
4 0.4625 0.5342592592592592 0.026041666666666668 0.046296296296296294
4 0.5166666666666667 0.5361111111111111 0.026041666666666668 0.046296296296296294
4 0.665625 0.5342592592592592 0.026041666666666668 0.046296296296296294
3 0.7223958333333333 0.5305555555555556 0.026041666666666668 0.046296296296296294
4 0.6041666666666666 0.5370370370370371 0.026041666666666668 0.046296296296296294
4 0.6229166666666667 0.5444444444444444 0.026041666666666668 0.046296296296296294
4 0.5244791666666667 0.5574074074074075 0.026041666666666668 0.046296296296296294
4 0.5682291666666667 0.5509259259259259 0.026041666666666668 0.046296296296296294
4 0.45208333333333334 0.5611111111111111 0.026041666666666668 0.046296296296296294
4 0.5557291666666667 0.562962962962963 0.026041666666666668 0.046296296296296294
4 0.6166666666666667 0.5638888888888889 0.026041666666666668 0.046296296296296294
3 0.734375 0.5601851851851852 0.026041666666666668 0.046296296296296294
3 0.7614583333333333 0.5694444444444444 0.026041666666666668 0.046296296296296294
4 0.6265625 0.5833333333333334 0.026041666666666668 0.046296296296296294
4 0.4078125 0.5898148148148148 0.026041666666666668 0.046296296296296294
4 0.6557291666666667 0.5907407407407408 0.026041666666666668 0.046296296296296294
3 0.7484375 0.6027777777777777 0.026041666666666668 0.046296296296296294
3 0.7625 0.6129629629629629 0.026041666666666668 0.046296296296296294
4 0.4161458333333333 0.6361111111111111 0.026041666666666668 0.046296296296296294
4 0.49166666666666664 0.6444444444444445 0.026041666666666668 0.046296296296296294
4 0.6286458333333333 0.6564814814814814 0.026041666666666668 0.046296296296296294
4 0.5041666666666667 0.6657407407407407 0.026041666666666668 0.046296296296296294
1 0.703125 0.6712962962962963 0.026041666666666668 0.046296296296296294
1 0.5390625 0.6833333333333333 0.026041666666666668 0.046296296296296294
1 0.5958333333333333 0.6787037037037037 0.026041666666666668 0.046296296296296294
1 0.7583333333333333 0.6842592592592592 0.026041666666666668 0.046296296296296294
1 0.1703125 0.6898148148148148 0.026041666666666668 0.046296296296296294
1 0.5244791666666667 0.6972222222222222 0.026041666666666668 0.046296296296296294
1 0.5697916666666667 0.7083333333333334 0.026041666666666668 0.046296296296296294
1 0.22447916666666667 0.7157407407407408 0.026041666666666668 0.046296296296296294
1 0.646875 0.7231481481481481 0.026041666666666668 0.046296296296296294
1 0.578125 0.7462962962962963 0.026041666666666668 0.046296296296296294
1 0.534375 0.7601851851851852 0.026041666666666668 0.046296296296296294
1 0.884375 0.7481481481481481 0.026041666666666668 0.046296296296296294
1 0.4953125 0.7777777777777778 0.026041666666666668 0.046296296296296294
1 0.19583333333333333 0.7842592592592592 0.026041666666666668 0.046296296296296294
1 0.5010416666666667 0.8064814814814815 0.026041666666666668 0.046296296296296294
1 0.7583333333333333 0.8083333333333333 0.026041666666666668 0.046296296296296294
1 0.16197916666666667 0.8185185185185185 0.026041666666666668 0.046296296296296294
1 0.3177083333333333 0.8305555555555556 0.026041666666666668 0.046296296296296294
1 0.4395833333333333 0.8407407407407408 0.026041666666666668 0.046296296296296294
1 0.5 0.8574074074074074 0.026041666666666668 0.046296296296296294
1 0.8140625 0.8712962962962963 0.026041666666666668 0.046296296296296294
1 0.14427083333333332 0.8824074074074074 0.026041666666666668 0.046296296296296294
1 0.5682291666666667 0.8833333333333333 0.026041666666666668 0.046296296296296294
1 0.2864583333333333 0.8972222222222223 0.026041666666666668 0.046296296296296294
1 0.696875 0.9018518518518519 0.026041666666666668 0.046296296296296294
1 0.7463541666666667 0.9287037037037037 0.026041666666666668 0.046296296296296294
1 0.07916666666666666 0.937962962962963 0.026041666666666668 0.046296296296296294
1 0.6229166666666667 0.937962962962963 0.026041666666666668 0.046296296296296294
1 0.9645833333333333 0.9490740740740741 0.026041666666666668 0.046296296296296294
1 0.946875 0.9629629629629629 0.026041666666666668 0.046296296296296294
1 0.4953125 0.9694444444444444 0.026041666666666668 0.046296296296296294
2 0.21458333333333332 0.6611111111111111 0.026041666666666668 0.046296296296296294
2 0.22604166666666667 0.6185185185185185 0.026041666666666668 0.046296296296296294
4 0.3885416666666667 0.6407407407407407 0.026041666666666668 0.046296296296296294
4 0.37395833333333334 0.5203703703703704 0.026041666666666668 0.046296296296296294
2 0.221875 0.4722222222222222 0.026041666666666668 0.046296296296296294
0 0.6864583333333333 0.2962962962962963 0.026041666666666668 0.046296296296296294
1 0.7885416666666667 0.687037037037037 0.026041666666666668 0.046296296296296294
3 0.740625 0.6351851851851852 0.026041666666666668 0.046296296296296294
3 0.7791666666666667 0.5611111111111111 0.026041666666666668 0.046296296296296294
1 0.9458333333333333 0.7685185185185185 0.026041666666666668 0.046296296296296294
1 0.9177083333333333 0.912962962962963 0.026041666666666668 0.046296296296296294
1 0.9 0.8092592592592592 0.026041666666666668 0.046296296296296294
1 0.8697916666666666 0.8166666666666667 0.026041666666666668 0.046296296296296294
1 0.81875 0.9388888888888889 0.026041666666666668 0.046296296296296294
1 0.8333333333333334 0.8703703703703703 0.026041666666666668 0.046296296296296294
3 0.6833333333333333 0.6611111111111111 0.026041666666666668 0.046296296296296294
1 0.6760416666666667 0.687037037037037 0.026041666666666668 0.046296296296296294
1 0.42083333333333334 0.9277777777777778 0.026041666666666668 0.046296296296296294
4 0.509375 0.5777777777777777 0.026041666666666668 0.046296296296296294
