0 0.4713541666666667 0.0962962962962963 0.026041666666666668 0.046296296296296294
0 0.4791666666666667 0.09722222222222222 0.026041666666666668 0.046296296296296294
0 0.49114583333333334 0.12222222222222222 0.026041666666666668 0.046296296296296294
0 0.4432291666666667 0.13148148148148148 0.026041666666666668 0.046296296296296294
0 0.4546875 0.13333333333333333 0.026041666666666668 0.046296296296296294
0 0.4625 0.1361111111111111 0.026041666666666668 0.046296296296296294
0 0.4703125 0.1361111111111111 0.026041666666666668 0.046296296296296294
0 0.475 0.14629629629629629 0.026041666666666668 0.046296296296296294
0 0.44427083333333334 0.1675925925925926 0.026041666666666668 0.046296296296296294
0 0.4317708333333333 0.17314814814814813 0.026041666666666668 0.046296296296296294
0 0.5 0.17592592592592593 0.026041666666666668 0.046296296296296294
0 0.5083333333333333 0.18333333333333332 0.026041666666666668 0.046296296296296294
0 0.4791666666666667 0.18981481481481483 0.026041666666666668 0.046296296296296294
0 0.5010416666666667 0.2064814814814815 0.026041666666666668 0.046296296296296294
0 0.5010416666666667 0.22407407407407406 0.026041666666666668 0.046296296296296294
0 0.428125 0.23703703703703705 0.026041666666666668 0.046296296296296294
0 0.45677083333333335 0.2361111111111111 0.026041666666666668 0.046296296296296294
0 0.46197916666666666 0.24537037037037038 0.026041666666666668 0.046296296296296294
0 0.503125 0.2462962962962963 0.026041666666666668 0.046296296296296294
0 0.5145833333333333 0.2462962962962963 0.026041666666666668 0.046296296296296294
0 0.44635416666666666 0.2537037037037037 0.026041666666666668 0.046296296296296294
0 0.46927083333333336 0.2537037037037037 0.026041666666666668 0.046296296296296294
0 0.49114583333333334 0.2675925925925926 0.026041666666666668 0.046296296296296294
0 0.5026041666666666 0.2712962962962963 0.026041666666666668 0.046296296296296294
0 0.5203125 0.2777777777777778 0.026041666666666668 0.046296296296296294
0 0.44895833333333335 0.2833333333333333 0.026041666666666668 0.046296296296296294
0 0.415625 0.2898148148148148 0.026041666666666668 0.046296296296296294
0 0.6875 0.29259259259259257 0.026041666666666668 0.046296296296296294
0 0.415625 0.2962962962962963 0.026041666666666668 0.046296296296296294
0 0.43645833333333334 0.30277777777777776 0.026041666666666668 0.046296296296296294
0 0.4666666666666667 0.3 0.026041666666666668 0.046296296296296294
0 0.4864583333333333 0.3 0.026041666666666668 0.046296296296296294
0 0.425 0.30833333333333335 0.026041666666666668 0.046296296296296294
0 0.5072916666666667 0.3101851851851852 0.026041666666666668 0.046296296296296294
0 0.4166666666666667 0.3148148148148148 0.026041666666666668 0.046296296296296294
0 0.4869791666666667 0.31666666666666665 0.026041666666666668 0.046296296296296294
0 0.7067708333333333 0.3138888888888889 0.026041666666666668 0.046296296296296294
0 0.5411458333333333 0.33240740740740743 0.026041666666666668 0.046296296296296294
4 0.4203125 0.3398148148148148 0.026041666666666668 0.046296296296296294
4 0.4348958333333333 0.337037037037037 0.026041666666666668 0.046296296296296294
4 0.44895833333333335 0.33796296296296297 0.026041666666666668 0.046296296296296294
4 0.5161458333333333 0.3398148148148148 0.026041666666666668 0.046296296296296294
4 0.4083333333333333 0.3472222222222222 0.026041666666666668 0.046296296296296294
4 0.4244791666666667 0.34814814814814815 0.026041666666666668 0.046296296296296294
4 0.4791666666666667 0.3453703703703704 0.026041666666666668 0.046296296296296294
4 0.5364583333333334 0.3490740740740741 0.026041666666666668 0.046296296296296294
4 0.37552083333333336 0.35555555555555557 0.026041666666666668 0.046296296296296294
4 0.42083333333333334 0.35555555555555557 0.026041666666666668 0.046296296296296294
4 0.44479166666666664 0.3574074074074074 0.026041666666666668 0.046296296296296294
4 0.45416666666666666 0.3537037037037037 0.026041666666666668 0.046296296296296294
4 0.46197916666666666 0.35555555555555557 0.026041666666666668 0.046296296296296294
4 0.5114583333333333 0.35555555555555557 0.026041666666666668 0.046296296296296294
4 0.3953125 0.3648148148148148 0.026041666666666668 0.046296296296296294
4 0.4666666666666667 0.3638888888888889 0.026041666666666668 0.046296296296296294
4 0.48333333333333334 0.3611111111111111 0.026041666666666668 0.046296296296296294
4 0.5192708333333333 0.36574074074074076 0.026041666666666668 0.046296296296296294
4 0.4197916666666667 0.37222222222222223 0.026041666666666668 0.046296296296296294
4 0.4864583333333333 0.3712962962962963 0.026041666666666668 0.046296296296296294
4 0.5411458333333333 0.37222222222222223 0.026041666666666668 0.046296296296296294
2 0.21666666666666667 0.37777777777777777 0.026041666666666668 0.046296296296296294
4 0.465625 0.3768518518518518 0.026041666666666668 0.046296296296296294
4 0.4328125 0.387037037037037 0.026041666666666668 0.046296296296296294
4 0.41302083333333334 0.3962962962962963 0.026041666666666668 0.046296296296296294
4 0.4203125 0.39444444444444443 0.026041666666666668 0.046296296296296294
4 0.4822916666666667 0.39351851851851855 0.026041666666666668 0.046296296296296294
4 0.5145833333333333 0.39351851851851855 0.026041666666666668 0.046296296296296294
4 0.6614583333333334 0.39444444444444443 0.026041666666666668 0.046296296296296294
4 0.3958333333333333 0.40185185185185185 0.026041666666666668 0.046296296296296294
4 0.43802083333333336 0.4046296296296296 0.026041666666666668 0.046296296296296294
2 0.17864583333333334 0.4101851851851852 0.026041666666666668 0.046296296296296294
2 0.2046875 0.41203703703703703 0.026041666666666668 0.046296296296296294
4 0.6505208333333333 0.4074074074074074 0.026041666666666668 0.046296296296296294
3 0.7036458333333333 0.4101851851851852 0.026041666666666668 0.046296296296296294
4 0.665625 0.41759259259259257 0.026041666666666668 0.046296296296296294
2 0.20833333333333334 0.425 0.026041666666666668 0.046296296296296294
4 0.403125 0.42592592592592593 0.026041666666666668 0.046296296296296294
4 0.4197916666666667 0.4222222222222222 0.026041666666666668 0.046296296296296294
4 0.5161458333333333 0.42407407407407405 0.026041666666666668 0.046296296296296294
3 0.6802083333333333 0.42314814814814816 0.026041666666666668 0.046296296296296294
3 0.6864583333333333 0.42592592592592593 0.026041666666666668 0.046296296296296294
4 0.4328125 0.43333333333333335 0.026041666666666668 0.046296296296296294
4 0.4630208333333333 0.43425925925925923 0.026041666666666668 0.046296296296296294
4 0.5026041666666666 0.43333333333333335 0.026041666666666668 0.046296296296296294
4 0.4552083333333333 0.44166666666666665 0.026041666666666668 0.046296296296296294
4 0.6619791666666667 0.44166666666666665 0.026041666666666668 0.046296296296296294
3 0.6744791666666666 0.4444444444444444 0.026041666666666668 0.046296296296296294
3 0.6817708333333333 0.44166666666666665 0.026041666666666668 0.046296296296296294
4 0.39427083333333335 0.4564814814814815 0.026041666666666668 0.046296296296296294
4 0.5119791666666667 0.45555555555555555 0.026041666666666668 0.046296296296296294
4 0.6578125 0.4601851851851852 0.026041666666666668 0.046296296296296294
4 0.3796875 0.46296296296296297 0.026041666666666668 0.046296296296296294
4 0.440625 0.4740740740740741 0.026041666666666668 0.046296296296296294
4 0.4953125 0.4722222222222222 0.026041666666666668 0.046296296296296294
3 0.6708333333333333 0.47129629629629627 0.026041666666666668 0.046296296296296294
4 0.653125 0.4842592592592593 0.026041666666666668 0.046296296296296294
4 0.3953125 0.4935185185185185 0.026041666666666668 0.046296296296296294
4 0.6276041666666666 0.49537037037037035 0.026041666666666668 0.046296296296296294
4 0.6416666666666667 0.4981481481481482 0.026041666666666668 0.046296296296296294
3 0.6739583333333333 0.49537037037037035 0.026041666666666668 0.046296296296296294
4 0.5083333333333333 0.5037037037037037 0.026041666666666668 0.046296296296296294
4 0.6489583333333333 0.5046296296296297 0.026041666666666668 0.046296296296296294
4 0.44166666666666665 0.5111111111111111 0.026041666666666668 0.046296296296296294
4 0.45416666666666666 0.5120370370370371 0.026041666666666668 0.046296296296296294
4 0.4708333333333333 0.512962962962963 0.026041666666666668 0.046296296296296294
4 0.4875 0.512962962962963 0.026041666666666668 0.046296296296296294
4 0.6177083333333333 0.5148148148148148 0.026041666666666668 0.046296296296296294
4 0.6338541666666667 0.5083333333333333 0.026041666666666668 0.046296296296296294
3 0.7119791666666667 0.5101851851851852 0.026041666666666668 0.046296296296296294
3 0.6947916666666667 0.5212962962962963 0.026041666666666668 0.046296296296296294
4 0.4635416666666667 0.5287037037037037 0.026041666666666668 0.046296296296296294
4 0.5114583333333333 0.5259259259259259 0.026041666666666668 0.046296296296296294
3 0.6692708333333334 0.525 0.026041666666666668 0.046296296296296294
3 0.7208333333333333 0.5296296296296297 0.026041666666666668 0.046296296296296294
4 0.4036458333333333 0.5333333333333333 0.026041666666666668 0.046296296296296294
4 0.4901041666666667 0.5342592592592592 0.026041666666666668 0.046296296296296294
4 0.5953125 0.5305555555555556 0.026041666666666668 0.046296296296296294
4 0.6130208333333333 0.5351851851851852 0.026041666666666668 0.046296296296296294
3 0.6953125 0.5324074074074074 0.026041666666666668 0.046296296296296294
4 0.5114583333333333 0.5416666666666666 0.026041666666666668 0.046296296296296294
4 0.6041666666666666 0.5453703703703704 0.026041666666666668 0.046296296296296294
4 0.39791666666666664 0.5472222222222223 0.026041666666666668 0.046296296296296294
4 0.42916666666666664 0.5481481481481482 0.026041666666666668 0.046296296296296294
4 0.475 0.5601851851851852 0.026041666666666668 0.046296296296296294
3 0.6708333333333333 0.5592592592592592 0.026041666666666668 0.046296296296296294
4 0.4114583333333333 0.5601851851851852 0.026041666666666668 0.046296296296296294
4 0.5151041666666667 0.5666666666666667 0.026041666666666668 0.046296296296296294
3 0.7354166666666667 0.5648148148148148 0.026041666666666668 0.046296296296296294
4 0.4984375 0.5731481481481482 0.026041666666666668 0.046296296296296294
3 0.7619791666666667 0.5703703703703704 0.026041666666666668 0.046296296296296294
4 0.528125 0.5907407407407408 0.026041666666666668 0.046296296296296294
4 0.5875 0.5879629629629629 0.026041666666666668 0.046296296296296294
4 0.5661458333333333 0.5962962962962963 0.026041666666666668 0.046296296296296294
4 0.55 0.6046296296296296 0.026041666666666668 0.046296296296296294
4 0.6234375 0.6064814814814815 0.026041666666666668 0.046296296296296294
4 0.6614583333333334 0.600925925925926 0.026041666666666668 0.046296296296296294
3 0.6880208333333333 0.6092592592592593 0.026041666666666668 0.046296296296296294
3 0.7109375 0.6277777777777778 0.026041666666666668 0.046296296296296294
4 0.5651041666666666 0.6574074074074074 0.026041666666666668 0.046296296296296294
1 0.5197916666666667 0.6694444444444444 0.026041666666666668 0.046296296296296294
1 0.5552083333333333 0.6787037037037037 0.026041666666666668 0.046296296296296294
1 0.6729166666666667 0.712037037037037 0.026041666666666668 0.046296296296296294
1 0.778125 0.7212962962962963 0.026041666666666668 0.046296296296296294
1 0.8880208333333334 0.7148148148148148 0.026041666666666668 0.046296296296296294
1 0.48802083333333335 0.7583333333333333 0.026041666666666668 0.046296296296296294
1 0.8354166666666667 0.7611111111111111 0.026041666666666668 0.046296296296296294
1 0.5921875 0.775 0.026041666666666668 0.046296296296296294
1 0.9822916666666667 0.7722222222222223 0.026041666666666668 0.046296296296296294
1 0.8625 0.8018518518518518 0.026041666666666668 0.046296296296296294
1 0.7536458333333333 0.812962962962963 0.026041666666666668 0.046296296296296294
1 0.8645833333333334 0.825925925925926 0.026041666666666668 0.046296296296296294
1 0.2557291666666667 0.837037037037037 0.026041666666666668 0.046296296296296294
1 0.3171875 0.850925925925926 0.026041666666666668 0.046296296296296294
1 0.790625 0.8481481481481481 0.026041666666666668 0.046296296296296294
1 0.45364583333333336 0.8898148148148148 0.026041666666666668 0.046296296296296294
1 0.33697916666666666 0.899074074074074 0.026041666666666668 0.046296296296296294
1 0.39895833333333336 0.8925925925925926 0.026041666666666668 0.046296296296296294
1 0.9109375 0.9194444444444444 0.026041666666666668 0.046296296296296294
1 0.9651041666666667 0.9472222222222222 0.026041666666666668 0.046296296296296294
1 0.6333333333333333 0.9398148148148148 0.026041666666666668 0.046296296296296294
1 0.4796875 0.9583333333333334 0.026041666666666668 0.046296296296296294
1 0.9375 0.9592592592592593 0.026041666666666668 0.046296296296296294
1 0.5255208333333333 0.987037037037037 0.026041666666666668 0.046296296296296294
1 0.775 0.6703703703703704 0.026041666666666668 0.046296296296296294
3 0.7572916666666667 0.6240740740740741 0.026041666666666668 0.046296296296296294
3 0.76875 0.5777777777777777 0.026041666666666668 0.046296296296296294
1 0.8333333333333334 0.8648148148148148 0.026041666666666668 0.046296296296296294
1 0.83125 0.8314814814814815 0.026041666666666668 0.046296296296296294
1 0.5145833333333333 0.8055555555555556 0.026041666666666668 0.046296296296296294
2 0.225 0.6518518518518519 0.026041666666666668 0.046296296296296294
4 0.609375 0.5796296296296296 0.026041666666666668 0.046296296296296294
4 0.421875 0.6203703703703703 0.026041666666666668 0.046296296296296294
1 0.6114583333333333 0.6888888888888889 0.026041666666666668 0.046296296296296294
4 0.6177083333333333 0.6407407407407407 0.026041666666666668 0.046296296296296294
4 0.471875 0.4722222222222222 0.026041666666666668 0.046296296296296294
