0 0.4713541666666667 0.09537037037037037 0.026041666666666668 0.046296296296296294
0 0.478125 0.09722222222222222 0.026041666666666668 0.046296296296296294
0 0.4703125 0.10462962962962963 0.026041666666666668 0.046296296296296294
0 0.4822916666666667 0.1037037037037037 0.026041666666666668 0.046296296296296294
0 0.4875 0.10555555555555556 0.026041666666666668 0.046296296296296294
0 0.48541666666666666 0.12407407407407407 0.026041666666666668 0.046296296296296294
0 0.49166666666666664 0.12129629629629629 0.026041666666666668 0.046296296296296294
0 0.46979166666666666 0.1287037037037037 0.026041666666666668 0.046296296296296294
0 0.475 0.13055555555555556 0.026041666666666668 0.046296296296296294
0 0.4421875 0.13240740740740742 0.026041666666666668 0.046296296296296294
0 0.4552083333333333 0.13333333333333333 0.026041666666666668 0.046296296296296294
0 0.46145833333333336 0.13703703703703704 0.026041666666666668 0.046296296296296294
0 0.4828125 0.1388888888888889 0.026041666666666668 0.046296296296296294
0 0.4739583333333333 0.14814814814814814 0.026041666666666668 0.046296296296296294
0 0.46197916666666666 0.1527777777777778 0.026041666666666668 0.046296296296296294
0 0.4942708333333333 0.1527777777777778 0.026041666666666668 0.046296296296296294
0 0.44947916666666665 0.15833333333333333 0.026041666666666668 0.046296296296296294
0 0.43125 0.17314814814814813 0.026041666666666668 0.046296296296296294
0 0.5 0.1824074074074074 0.026041666666666668 0.046296296296296294
0 0.5088541666666667 0.18703703703703703 0.026041666666666668 0.046296296296296294
0 0.5010416666666667 0.19907407407407407 0.026041666666666668 0.046296296296296294
0 0.4583333333333333 0.2212962962962963 0.026041666666666668 0.046296296296296294
0 0.4328125 0.2388888888888889 0.026041666666666668 0.046296296296296294
0 0.5161458333333333 0.2462962962962963 0.026041666666666668 0.046296296296296294
0 0.43333333333333335 0.25277777777777777 0.026041666666666668 0.046296296296296294
0 0.4375 0.26944444444444443 0.026041666666666668 0.046296296296296294
0 0.48802083333333335 0.2712962962962963 0.026041666666666668 0.046296296296296294
0 0.49166666666666664 0.26851851851851855 0.026041666666666668 0.046296296296296294
0 0.4953125 0.26851851851851855 0.026041666666666668 0.046296296296296294
0 0.5453125 0.2777777777777778 0.026041666666666668 0.046296296296296294
0 0.4578125 0.2833333333333333 0.026041666666666668 0.046296296296296294
0 0.41302083333333334 0.2916666666666667 0.026041666666666668 0.046296296296296294
0 0.43802083333333336 0.2935185185185185 0.026041666666666668 0.046296296296296294
0 0.44583333333333336 0.29259259259259257 0.026041666666666668 0.046296296296296294
0 0.5046875 0.2935185185185185 0.026041666666666668 0.046296296296296294
0 0.6875 0.2916666666666667 0.026041666666666668 0.046296296296296294
0 0.5078125 0.30185185185185187 0.026041666666666668 0.046296296296296294
0 0.43333333333333335 0.3101851851851852 0.026041666666666668 0.046296296296296294
0 0.4244791666666667 0.31666666666666665 0.026041666666666668 0.046296296296296294
0 0.4875 0.31574074074074077 0.026041666666666668 0.046296296296296294
0 0.5078125 0.3148148148148148 0.026041666666666668 0.046296296296296294
0 0.70625 0.31296296296296294 0.026041666666666668 0.046296296296296294
4 0.43125 0.3388888888888889 0.026041666666666668 0.046296296296296294
4 0.4479166666666667 0.33611111111111114 0.026041666666666668 0.046296296296296294
4 0.4703125 0.33796296296296297 0.026041666666666668 0.046296296296296294
4 0.5020833333333333 0.3388888888888889 0.026041666666666668 0.046296296296296294
4 0.5151041666666667 0.3490740740740741 0.026041666666666668 0.046296296296296294
4 0.3875 0.35462962962962963 0.026041666666666668 0.046296296296296294
4 0.4328125 0.3537037037037037 0.026041666666666668 0.046296296296296294
4 0.4546875 0.35462962962962963 0.026041666666666668 0.046296296296296294
4 0.5026041666666666 0.3527777777777778 0.026041666666666668 0.046296296296296294
4 0.3796875 0.3648148148148148 0.026041666666666668 0.046296296296296294
4 0.396875 0.3648148148148148 0.026041666666666668 0.046296296296296294
4 0.5119791666666667 0.37037037037037035 0.026041666666666668 0.046296296296296294
2 0.22083333333333333 0.3768518518518518 0.026041666666666668 0.046296296296296294
4 0.371875 0.37962962962962965 0.026041666666666668 0.046296296296296294
4 0.3963541666666667 0.38425925925925924 0.026041666666666668 0.046296296296296294
4 0.40677083333333336 0.3851851851851852 0.026041666666666668 0.046296296296296294
4 0.4744791666666667 0.3861111111111111 0.026041666666666668 0.046296296296296294
4 0.5109375 0.3851851851851852 0.026041666666666668 0.046296296296296294
4 0.5140625 0.3861111111111111 0.026041666666666668 0.046296296296296294
4 0.6666666666666666 0.39351851851851855 0.026041666666666668 0.046296296296296294
2 0.21145833333333333 0.4009259259259259 0.026041666666666668 0.046296296296296294
4 0.4375 0.4027777777777778 0.026041666666666668 0.046296296296296294
4 0.4546875 0.40185185185185185 0.026041666666666668 0.046296296296296294
4 0.4244791666666667 0.4083333333333333 0.026041666666666668 0.046296296296296294
4 0.4473958333333333 0.4101851851851852 0.026041666666666668 0.046296296296296294
4 0.5234375 0.41203703703703703 0.026041666666666668 0.046296296296296294
4 0.6505208333333333 0.40555555555555556 0.026041666666666668 0.046296296296296294
3 0.703125 0.4074074074074074 0.026041666666666668 0.046296296296296294
4 0.4708333333333333 0.4185185185185185 0.026041666666666668 0.046296296296296294
4 0.5026041666666666 0.41759259259259257 0.026041666666666668 0.046296296296296294
4 0.5494791666666666 0.41944444444444445 0.026041666666666668 0.046296296296296294
4 0.3885416666666667 0.42592592592592593 0.026041666666666668 0.046296296296296294
4 0.659375 0.42777777777777776 0.026041666666666668 0.046296296296296294
4 0.6651041666666667 0.42407407407407405 0.026041666666666668 0.046296296296296294
3 0.68125 0.42592592592592593 0.026041666666666668 0.046296296296296294
4 0.4828125 0.43148148148148147 0.026041666666666668 0.046296296296296294
4 0.5192708333333333 0.4351851851851852 0.026041666666666668 0.046296296296296294
3 0.675 0.4361111111111111 0.026041666666666668 0.046296296296296294
4 0.4270833333333333 0.4425925925925926 0.026041666666666668 0.046296296296296294
3 0.6828125 0.4388888888888889 0.026041666666666668 0.046296296296296294
4 0.4708333333333333 0.44722222222222224 0.026041666666666668 0.046296296296296294
4 0.4947916666666667 0.44907407407407407 0.026041666666666668 0.046296296296296294
4 0.5036458333333333 0.44814814814814813 0.026041666666666668 0.046296296296296294
4 0.5369791666666667 0.4462962962962963 0.026041666666666668 0.046296296296296294
3 0.6880208333333333 0.45 0.026041666666666668 0.046296296296296294
4 0.4078125 0.4564814814814815 0.026041666666666668 0.046296296296296294
4 0.48125 0.4527777777777778 0.026041666666666668 0.046296296296296294
4 0.665625 0.45925925925925926 0.026041666666666668 0.046296296296296294
4 0.45208333333333334 0.46574074074074073 0.026041666666666668 0.046296296296296294
4 0.37395833333333334 0.47314814814814815 0.026041666666666668 0.046296296296296294
4 0.4703125 0.4722222222222222 0.026041666666666668 0.046296296296296294
4 0.39479166666666665 0.48148148148148145 0.026041666666666668 0.046296296296296294
4 0.44114583333333335 0.47962962962962963 0.026041666666666668 0.046296296296296294
4 0.653125 0.48055555555555557 0.026041666666666668 0.046296296296296294
4 0.5072916666666667 0.4898148148148148 0.026041666666666668 0.046296296296296294
4 0.6255208333333333 0.48703703703703705 0.026041666666666668 0.046296296296296294
4 0.6661458333333333 0.48703703703703705 0.026041666666666668 0.046296296296296294
3 0.7020833333333333 0.48703703703703705 0.026041666666666668 0.046296296296296294
4 0.4197916666666667 0.49537037037037035 0.026041666666666668 0.046296296296296294
4 0.4703125 0.49444444444444446 0.026041666666666668 0.046296296296296294
4 0.49114583333333334 0.49537037037037035 0.026041666666666668 0.046296296296296294
3 0.6697916666666667 0.49537037037037035 0.026041666666666668 0.046296296296296294
4 0.42916666666666664 0.5 0.026041666666666668 0.046296296296296294
4 0.44895833333333335 0.5074074074074074 0.026041666666666668 0.046296296296296294
4 0.4119791666666667 0.5111111111111111 0.026041666666666668 0.046296296296296294
4 0.4359375 0.512962962962963 0.026041666666666668 0.046296296296296294
4 0.6380208333333334 0.5111111111111111 0.026041666666666668 0.046296296296296294
3 0.6989583333333333 0.512962962962963 0.026041666666666668 0.046296296296296294
4 0.6166666666666667 0.5148148148148148 0.026041666666666668 0.046296296296296294
3 0.7119791666666667 0.5166666666666667 0.026041666666666668 0.046296296296296294
4 0.4479166666666667 0.525 0.026041666666666668 0.046296296296296294
4 0.503125 0.5259259259259259 0.026041666666666668 0.046296296296296294
4 0.6651041666666667 0.5231481481481481 0.026041666666666668 0.046296296296296294
3 0.6953125 0.5259259259259259 0.026041666666666668 0.046296296296296294
3 0.7203125 0.5305555555555556 0.026041666666666668 0.046296296296296294
4 0.4869791666666667 0.537962962962963 0.026041666666666668 0.046296296296296294
4 0.5916666666666667 0.5333333333333333 0.026041666666666668 0.046296296296296294
4 0.6041666666666666 0.5444444444444444 0.026041666666666668 0.046296296296296294
4 0.4083333333333333 0.5527777777777778 0.026041666666666668 0.046296296296296294
4 0.45625 0.5592592592592592 0.026041666666666668 0.046296296296296294
4 0.5119791666666667 0.5592592592592592 0.026041666666666668 0.046296296296296294
3 0.6713541666666667 0.5583333333333333 0.026041666666666668 0.046296296296296294
4 0.5953125 0.5666666666666667 0.026041666666666668 0.046296296296296294
3 0.7354166666666667 0.5657407407407408 0.026041666666666668 0.046296296296296294
4 0.5130208333333334 0.5740740740740741 0.026041666666666668 0.046296296296296294
4 0.5484375 0.5712962962962963 0.026041666666666668 0.046296296296296294
3 0.725 0.5731481481481482 0.026041666666666668 0.046296296296296294
3 0.7651041666666667 0.5694444444444444 0.026041666666666668 0.046296296296296294
4 0.5880208333333333 0.5833333333333334 0.026041666666666668 0.046296296296296294
4 0.5489583333333333 0.5953703703703703 0.026041666666666668 0.046296296296296294
4 0.42083333333333334 0.6101851851851852 0.026041666666666668 0.046296296296296294
4 0.4354166666666667 0.6083333333333333 0.026041666666666668 0.046296296296296294
4 0.44947916666666665 0.6055555555555555 0.026041666666666668 0.046296296296296294
4 0.5953125 0.6129629629629629 0.026041666666666668 0.046296296296296294
3 0.7578125 0.6212962962962963 0.026041666666666668 0.046296296296296294
3 0.7104166666666667 0.625 0.026041666666666668 0.046296296296296294
4 0.5526041666666667 0.6444444444444445 0.026041666666666668 0.046296296296296294
4 0.5921875 0.6444444444444445 0.026041666666666668 0.046296296296296294
4 0.5791666666666667 0.6592592592592592 0.026041666666666668 0.046296296296296294
4 0.6286458333333333 0.6564814814814814 0.026041666666666668 0.046296296296296294
1 0.5125 0.6916666666666667 0.026041666666666668 0.046296296296296294
1 0.5588541666666667 0.6842592592592592 0.026041666666666668 0.046296296296296294
1 0.5052083333333334 0.7212962962962963 0.026041666666666668 0.046296296296296294
1 0.778125 0.7222222222222222 0.026041666666666668 0.046296296296296294
1 0.5125 0.7407407407407407 0.026041666666666668 0.046296296296296294
1 0.834375 0.7490740740740741 0.026041666666666668 0.046296296296296294
1 0.5671875 0.7759259259259259 0.026041666666666668 0.046296296296296294
1 0.978125 0.7777777777777778 0.026041666666666668 0.046296296296296294
1 0.16927083333333334 0.7916666666666666 0.026041666666666668 0.046296296296296294
1 0.49270833333333336 0.8064814814814815 0.026041666666666668 0.046296296296296294
1 0.4109375 0.8027777777777778 0.026041666666666668 0.046296296296296294
1 0.5682291666666667 0.8148148148148148 0.026041666666666668 0.046296296296296294
1 0.6526041666666667 0.812037037037037 0.026041666666666668 0.046296296296296294
1 0.7536458333333333 0.8101851851851852 0.026041666666666668 0.046296296296296294
1 0.6729166666666667 0.8203703703703704 0.026041666666666668 0.046296296296296294
1 0.8661458333333333 0.8287037037037037 0.026041666666666668 0.046296296296296294
1 0.24322916666666666 0.8444444444444444 0.026041666666666668 0.046296296296296294
1 0.7958333333333333 0.8462962962962963 0.026041666666666668 0.046296296296296294
1 0.45677083333333335 0.8824074074074074 0.026041666666666668 0.046296296296296294
1 0.9130208333333333 0.9138888888888889 0.026041666666666668 0.046296296296296294
1 0.965625 0.9453703703703704 0.026041666666666668 0.046296296296296294
1 0.9369791666666667 0.9601851851851851 0.026041666666666668 0.046296296296296294
1 0.7036458333333333 0.9731481481481481 0.026041666666666668 0.046296296296296294
1 0.703125 0.9805555555555555 0.026041666666666668 0.046296296296296294
1 0.5265625 0.9898148148148148 0.026041666666666668 0.046296296296296294
1 0.325 0.8851851851851852 0.026041666666666668 0.046296296296296294
1 0.41458333333333336 0.8907407407407407 0.026041666666666668 0.046296296296296294
4 0.496875 0.6018518518518519 0.026041666666666668 0.046296296296296294
1 0.6197916666666666 0.8648148148148148 0.026041666666666668 0.046296296296296294
1 0.7197916666666667 0.8722222222222222 0.026041666666666668 0.046296296296296294
1 0.7166666666666667 0.7648148148148148 0.026041666666666668 0.046296296296296294
1 0.8833333333333333 0.7407407407407407 0.026041666666666668 0.046296296296296294
1 0.88125 0.7722222222222223 0.026041666666666668 0.046296296296296294
1 0.828125 0.8722222222222222 0.026041666666666668 0.046296296296296294
1 0.8333333333333334 0.8296296296296296 0.026041666666666668 0.046296296296296294
3 0.778125 0.6611111111111111 0.026041666666666668 0.046296296296296294
3 0.753125 0.575925925925926 0.026041666666666668 0.046296296296296294
4 0.6197916666666666 0.5944444444444444 0.026041666666666668 0.046296296296296294
4 0.6291666666666667 0.5907407407407408 0.026041666666666668 0.046296296296296294
3 0.6833333333333333 0.6222222222222222 0.026041666666666668 0.046296296296296294
3 0.7135416666666666 0.5518518518518518 0.026041666666666668 0.046296296296296294
2 0.18645833333333334 0.4166666666666667 0.026041666666666668 0.046296296296296294
2 0.19583333333333333 0.4074074074074074 0.026041666666666668 0.046296296296296294
2 0.175 0.43148148148148147 0.026041666666666668 0.046296296296296294
