0 0.4822916666666667 0.12037037037037036 0.026041666666666668 0.046296296296296294
0 0.4953125 0.12407407407407407 0.026041666666666668 0.046296296296296294
0 0.46458333333333335 0.12777777777777777 0.026041666666666668 0.046296296296296294
0 0.44895833333333335 0.13148148148148148 0.026041666666666668 0.046296296296296294
0 0.4609375 0.1388888888888889 0.026041666666666668 0.046296296296296294
0 0.4869791666666667 0.1398148148148148 0.026041666666666668 0.046296296296296294
0 0.4739583333333333 0.14722222222222223 0.026041666666666668 0.046296296296296294
0 0.45729166666666665 0.1527777777777778 0.026041666666666668 0.046296296296296294
0 0.4630208333333333 0.1537037037037037 0.026041666666666668 0.046296296296296294
0 0.4744791666666667 0.1537037037037037 0.026041666666666668 0.046296296296296294
0 0.4822916666666667 0.15462962962962962 0.026041666666666668 0.046296296296296294
0 0.4578125 0.1638888888888889 0.026041666666666668 0.046296296296296294
0 0.49895833333333334 0.16666666666666666 0.026041666666666668 0.046296296296296294
0 0.4317708333333333 0.17407407407407408 0.026041666666666668 0.046296296296296294
0 0.47760416666666666 0.175 0.026041666666666668 0.046296296296296294
0 0.515625 0.17685185185185184 0.026041666666666668 0.046296296296296294
0 0.45729166666666665 0.1814814814814815 0.026041666666666668 0.046296296296296294
0 0.4921875 0.18425925925925926 0.026041666666666668 0.046296296296296294
0 0.49947916666666664 0.18333333333333332 0.026041666666666668 0.046296296296296294
0 0.46875 0.1925925925925926 0.026041666666666668 0.046296296296296294
0 0.4786458333333333 0.19074074074074074 0.026041666666666668 0.046296296296296294
0 0.509375 0.2 0.026041666666666668 0.046296296296296294
0 0.5145833333333333 0.20185185185185187 0.026041666666666668 0.046296296296296294
0 0.4359375 0.21203703703703702 0.026041666666666668 0.046296296296296294
0 0.440625 0.21296296296296297 0.026041666666666668 0.046296296296296294
0 0.5026041666666666 0.21296296296296297 0.026041666666666668 0.046296296296296294
0 0.5171875 0.21296296296296297 0.026041666666666668 0.046296296296296294
0 0.4171875 0.2222222222222222 0.026041666666666668 0.046296296296296294
0 0.43854166666666666 0.23333333333333334 0.026041666666666668 0.046296296296296294
0 0.42864583333333334 0.24537037037037038 0.026041666666666668 0.046296296296296294
0 0.475 0.2712962962962963 0.026041666666666668 0.046296296296296294
0 0.5078125 0.2722222222222222 0.026041666666666668 0.046296296296296294
0 0.4197916666666667 0.2777777777777778 0.026041666666666668 0.046296296296296294
0 0.49114583333333334 0.27314814814814814 0.026041666666666668 0.046296296296296294
0 0.4953125 0.2861111111111111 0.026041666666666668 0.046296296296296294
0 0.4625 0.287962962962963 0.026041666666666668 0.046296296296296294
0 0.4859375 0.2935185185185185 0.026041666666666668 0.046296296296296294
0 0.4984375 0.2898148148148148 0.026041666666666668 0.046296296296296294
0 0.5104166666666666 0.2935185185185185 0.026041666666666668 0.046296296296296294
0 0.6901041666666666 0.2916666666666667 0.026041666666666668 0.046296296296296294
0 0.46770833333333334 0.3037037037037037 0.026041666666666668 0.046296296296296294
0 0.4921875 0.31203703703703706 0.026041666666666668 0.046296296296296294
0 0.4796875 0.31666666666666665 0.026041666666666668 0.046296296296296294
0 0.7057291666666666 0.3138888888888889 0.026041666666666668 0.046296296296296294
0 0.43854166666666666 0.32685185185185184 0.026041666666666668 0.046296296296296294
0 0.44947916666666665 0.33240740740740743 0.026041666666666668 0.046296296296296294
0 0.4588541666666667 0.3296296296296296 0.026041666666666668 0.046296296296296294
0 0.4671875 0.33240740740740743 0.026041666666666668 0.046296296296296294
0 0.5109375 0.33240740740740743 0.026041666666666668 0.046296296296296294
4 0.4703125 0.34814814814814815 0.026041666666666668 0.046296296296296294
4 0.44479166666666664 0.35555555555555557 0.026041666666666668 0.046296296296296294
4 0.50625 0.36944444444444446 0.026041666666666668 0.046296296296296294
4 0.5192708333333333 0.37037037037037035 0.026041666666666668 0.046296296296296294
4 0.4953125 0.3851851851851852 0.026041666666666668 0.046296296296296294
4 0.5322916666666667 0.3861111111111111 0.026041666666666668 0.046296296296296294
3 0.6869791666666667 0.3861111111111111 0.026041666666666668 0.046296296296296294
4 0.42083333333333334 0.39537037037037037 0.026041666666666668 0.046296296296296294
4 0.5145833333333333 0.39351851851851855 0.026041666666666668 0.046296296296296294
2 0.21145833333333333 0.4 0.026041666666666668 0.046296296296296294
4 0.5265625 0.4 0.026041666666666668 0.046296296296296294
4 0.6505208333333333 0.4009259259259259 0.026041666666666668 0.046296296296296294
2 0.20260416666666667 0.412962962962963 0.026041666666666668 0.046296296296296294
4 0.44947916666666665 0.425 0.026041666666666668 0.046296296296296294
4 0.5161458333333333 0.425 0.026041666666666668 0.046296296296296294
4 0.4578125 0.43425925925925923 0.026041666666666668 0.046296296296296294
4 0.528125 0.4351851851851852 0.026041666666666668 0.046296296296296294
4 0.5088541666666667 0.44166666666666665 0.026041666666666668 0.046296296296296294
4 0.6661458333333333 0.4398148148148148 0.026041666666666668 0.046296296296296294
4 0.4953125 0.45 0.026041666666666668 0.046296296296296294
4 0.5166666666666667 0.44722222222222224 0.026041666666666668 0.046296296296296294
3 0.7130208333333333 0.44907407407407407 0.026041666666666668 0.046296296296296294
4 0.5244791666666667 0.4564814814814815 0.026041666666666668 0.046296296296296294
3 0.6791666666666667 0.45740740740740743 0.026041666666666668 0.046296296296296294
4 0.6619791666666667 0.4648148148148148 0.026041666666666668 0.046296296296296294
4 0.3921875 0.4722222222222222 0.026041666666666668 0.046296296296296294
4 0.42916666666666664 0.4685185185185185 0.026041666666666668 0.046296296296296294
4 0.640625 0.4740740740740741 0.026041666666666668 0.046296296296296294
4 0.5078125 0.48055555555555557 0.026041666666666668 0.046296296296296294
3 0.6739583333333333 0.4824074074074074 0.026041666666666668 0.046296296296296294
4 0.6583333333333333 0.4888888888888889 0.026041666666666668 0.046296296296296294
4 0.5130208333333334 0.49722222222222223 0.026041666666666668 0.046296296296296294
4 0.6083333333333333 0.49444444444444446 0.026041666666666668 0.046296296296296294
4 0.6619791666666667 0.4935185185185185 0.026041666666666668 0.046296296296296294
3 0.6739583333333333 0.49722222222222223 0.026041666666666668 0.046296296296296294
3 0.6901041666666666 0.4981481481481482 0.026041666666666668 0.046296296296296294
4 0.6291666666666667 0.5120370370370371 0.026041666666666668 0.046296296296296294
4 0.6661458333333333 0.5212962962962963 0.026041666666666668 0.046296296296296294
3 0.7020833333333333 0.5185185185185185 0.026041666666666668 0.046296296296296294
4 0.5046875 0.5268518518518519 0.026041666666666668 0.046296296296296294
4 0.6229166666666667 0.5259259259259259 0.026041666666666668 0.046296296296296294
3 0.7182291666666667 0.5342592592592592 0.026041666666666668 0.046296296296296294
4 0.6026041666666667 0.5416666666666666 0.026041666666666668 0.046296296296296294
3 0.7359375 0.537962962962963 0.026041666666666668 0.046296296296296294
4 0.5244791666666667 0.5574074074074075 0.026041666666666668 0.046296296296296294
4 0.5692708333333333 0.5546296296296296 0.026041666666666668 0.046296296296296294
4 0.6354166666666666 0.5546296296296296 0.026041666666666668 0.046296296296296294
3 0.7213541666666666 0.5592592592592592 0.026041666666666668 0.046296296296296294
4 0.49895833333333334 0.5648148148148148 0.026041666666666668 0.046296296296296294
4 0.5526041666666667 0.5592592592592592 0.026041666666666668 0.046296296296296294
3 0.7401041666666667 0.562037037037037 0.026041666666666668 0.046296296296296294
3 0.7536458333333333 0.5657407407407408 0.026041666666666668 0.046296296296296294
3 0.7625 0.5657407407407408 0.026041666666666668 0.046296296296296294
4 0.5953125 0.5703703703703704 0.026041666666666668 0.046296296296296294
3 0.7447916666666666 0.5805555555555556 0.026041666666666668 0.046296296296296294
4 0.40625 0.5879629629629629 0.026041666666666668 0.046296296296296294
4 0.42291666666666666 0.5935185185185186 0.026041666666666668 0.046296296296296294
4 0.4515625 0.5990740740740741 0.026041666666666668 0.046296296296296294
4 0.39479166666666665 0.6046296296296296 0.026041666666666668 0.046296296296296294
4 0.6135416666666667 0.600925925925926 0.026041666666666668 0.046296296296296294
4 0.6234375 0.600925925925926 0.026041666666666668 0.046296296296296294
4 0.4328125 0.6111111111111112 0.026041666666666668 0.046296296296296294
4 0.45 0.6092592592592593 0.026041666666666668 0.046296296296296294
4 0.6578125 0.6101851851851852 0.026041666666666668 0.046296296296296294
3 0.7463541666666667 0.6101851851851852 0.026041666666666668 0.046296296296296294
2 0.2234375 0.6203703703703703 0.026041666666666668 0.046296296296296294
3 0.7244791666666667 0.6194444444444445 0.026041666666666668 0.046296296296296294
4 0.49895833333333334 0.6472222222222223 0.026041666666666668 0.046296296296296294
4 0.4140625 0.6564814814814814 0.026041666666666668 0.046296296296296294
4 0.5161458333333333 0.6657407407407407 0.026041666666666668 0.046296296296296294
3 0.7630208333333334 0.6666666666666666 0.026041666666666668 0.046296296296296294
1 0.7041666666666667 0.674074074074074 0.026041666666666668 0.046296296296296294
1 0.7848958333333333 0.6814814814814815 0.026041666666666668 0.046296296296296294
1 0.8848958333333333 0.7472222222222222 0.026041666666666668 0.046296296296296294
1 0.9520833333333333 0.7694444444444445 0.026041666666666668 0.046296296296296294
1 0.6442708333333333 0.7657407407407407 0.026041666666666668 0.046296296296296294
1 0.1578125 0.8009259259259259 0.026041666666666668 0.046296296296296294
1 0.76875 0.8138888888888889 0.026041666666666668 0.046296296296296294
1 0.19739583333333333 0.8194444444444444 0.026041666666666668 0.046296296296296294
1 0.34791666666666665 0.837037037037037 0.026041666666666668 0.046296296296296294
1 0.12395833333333334 0.8592592592592593 0.026041666666666668 0.046296296296296294
1 0.8260416666666667 0.8611111111111112 0.026041666666666668 0.046296296296296294
1 0.7984375 0.8648148148148148 0.026041666666666668 0.046296296296296294
1 0.26614583333333336 0.8824074074074074 0.026041666666666668 0.046296296296296294
1 0.31302083333333336 0.8833333333333333 0.026041666666666668 0.046296296296296294
1 0.49635416666666665 0.887962962962963 0.026041666666666668 0.046296296296296294
1 0.8213541666666667 0.9166666666666666 0.026041666666666668 0.046296296296296294
1 0.9375 0.9175925925925926 0.026041666666666668 0.046296296296296294
1 0.12083333333333333 0.9203703703703704 0.026041666666666668 0.046296296296296294
1 0.42239583333333336 0.9314814814814815 0.026041666666666668 0.046296296296296294
1 0.8286458333333333 0.9472222222222222 0.026041666666666668 0.046296296296296294
1 0.9625 0.9425925925925925 0.026041666666666668 0.046296296296296294
1 0.5078125 0.9972222222222222 0.026041666666666668 0.046296296296296294
1 0.15520833333333334 0.8888888888888888 0.026041666666666668 0.046296296296296294
2 0.17291666666666666 0.6481481481481481 0.026041666666666668 0.046296296296296294
1 0.21354166666666666 0.7222222222222222 0.026041666666666668 0.046296296296296294
2 0.221875 0.46296296296296297 0.026041666666666668 0.046296296296296294
2 0.18541666666666667 0.4203703703703704 0.026041666666666668 0.046296296296296294
2 0.171875 0.4222222222222222 0.026041666666666668 0.046296296296296294
1 0.44583333333333336 0.8407407407407408 0.026041666666666668 0.046296296296296294
1 0.46979166666666666 0.8314814814814815 0.026041666666666668 0.046296296296296294
1 0.44479166666666664 0.7518518518518519 0.026041666666666668 0.046296296296296294
1 0.38958333333333334 0.6722222222222223 0.026041666666666668 0.046296296296296294
4 0.375 0.512962962962963 0.026041666666666668 0.046296296296296294
4 0.4791666666666667 0.5814814814814815 0.026041666666666668 0.046296296296296294
1 0.6208333333333333 0.7018518518518518 0.026041666666666668 0.046296296296296294
1 0.6739583333333333 0.6833333333333333 0.026041666666666668 0.046296296296296294
3 0.6854166666666667 0.6611111111111111 0.026041666666666668 0.046296296296296294
1 0.8677083333333333 0.8240740740740741 0.026041666666666668 0.046296296296296294
1 0.7302083333333333 0.9222222222222223 0.026041666666666668 0.046296296296296294
1 0.7208333333333333 0.8870370370370371 0.026041666666666668 0.046296296296296294
1 0.6625 0.975925925925926 0.026041666666666668 0.046296296296296294
