0 0.4953125 0.12407407407407407 0.026041666666666668 0.046296296296296294
0 0.4713541666666667 0.13055555555555556 0.026041666666666668 0.046296296296296294
0 0.47708333333333336 0.13148148148148148 0.026041666666666668 0.046296296296296294
0 0.4625 0.13518518518518519 0.026041666666666668 0.046296296296296294
0 0.43697916666666664 0.15648148148148147 0.026041666666666668 0.046296296296296294
0 0.4484375 0.15925925925925927 0.026041666666666668 0.046296296296296294
0 0.4317708333333333 0.175 0.026041666666666668 0.046296296296296294
0 0.4765625 0.1925925925925926 0.026041666666666668 0.046296296296296294
0 0.4822916666666667 0.19074074074074074 0.026041666666666668 0.046296296296296294
0 0.46458333333333335 0.23148148148148148 0.026041666666666668 0.046296296296296294
0 0.4328125 0.23703703703703705 0.026041666666666668 0.046296296296296294
0 0.4473958333333333 0.23425925925925925 0.026041666666666668 0.046296296296296294
0 0.43802083333333336 0.2518518518518518 0.026041666666666668 0.046296296296296294
0 0.5104166666666666 0.25462962962962965 0.026041666666666668 0.046296296296296294
0 0.4734375 0.2796296296296296 0.026041666666666668 0.046296296296296294
0 0.49375 0.275 0.026041666666666668 0.046296296296296294
0 0.50625 0.2851851851851852 0.026041666666666668 0.046296296296296294
0 0.6953125 0.28703703703703703 0.026041666666666668 0.046296296296296294
0 0.4666666666666667 0.2972222222222222 0.026041666666666668 0.046296296296296294
0 0.5161458333333333 0.29259259259259257 0.026041666666666668 0.046296296296296294
0 0.4354166666666667 0.30092592592592593 0.026041666666666668 0.046296296296296294
0 0.4578125 0.30185185185185187 0.026041666666666668 0.046296296296296294
0 0.4953125 0.3 0.026041666666666668 0.046296296296296294
0 0.5020833333333333 0.3 0.026041666666666668 0.046296296296296294
0 0.5104166666666666 0.3 0.026041666666666668 0.046296296296296294
0 0.5192708333333333 0.30277777777777776 0.026041666666666668 0.046296296296296294
0 0.4739583333333333 0.30925925925925923 0.026041666666666668 0.046296296296296294
0 0.5489583333333333 0.30925925925925923 0.026041666666666668 0.046296296296296294
0 0.4234375 0.3138888888888889 0.026041666666666668 0.046296296296296294
0 0.4947916666666667 0.32037037037037036 0.026041666666666668 0.046296296296296294
0 0.5109375 0.3194444444444444 0.026041666666666668 0.046296296296296294
0 0.7072916666666667 0.3138888888888889 0.026041666666666668 0.046296296296296294
0 0.46822916666666664 0.3277777777777778 0.026041666666666668 0.046296296296296294
0 0.4359375 0.3296296296296296 0.026041666666666668 0.046296296296296294
0 0.4479166666666667 0.33240740740740743 0.026041666666666668 0.046296296296296294
4 0.49583333333333335 0.3333333333333333 0.026041666666666668 0.046296296296296294
0 0.5151041666666667 0.3314814814814815 0.026041666666666668 0.046296296296296294
4 0.5239583333333333 0.33796296296296297 0.026041666666666668 0.046296296296296294
4 0.5427083333333333 0.3398148148148148 0.026041666666666668 0.046296296296296294
4 0.5484375 0.3416666666666667 0.026041666666666668 0.046296296296296294
4 0.4119791666666667 0.34814814814814815 0.026041666666666668 0.046296296296296294
4 0.5166666666666667 0.3472222222222222 0.026041666666666668 0.046296296296296294
4 0.4046875 0.35555555555555557 0.026041666666666668 0.046296296296296294
4 0.4953125 0.3527777777777778 0.026041666666666668 0.046296296296296294
4 0.5072916666666667 0.3592592592592593 0.026041666666666668 0.046296296296296294
4 0.5239583333333333 0.35648148148148145 0.026041666666666668 0.046296296296296294
4 0.38385416666666666 0.3648148148148148 0.026041666666666668 0.046296296296296294
4 0.4578125 0.3648148148148148 0.026041666666666668 0.046296296296296294
4 0.5411458333333333 0.36574074074074076 0.026041666666666668 0.046296296296296294
4 0.4984375 0.3712962962962963 0.026041666666666668 0.046296296296296294
4 0.37552083333333336 0.38055555555555554 0.026041666666666668 0.046296296296296294
4 0.4453125 0.3787037037037037 0.026041666666666668 0.046296296296296294
4 0.47760416666666666 0.37962962962962965 0.026041666666666668 0.046296296296296294
4 0.5026041666666666 0.3787037037037037 0.026041666666666668 0.046296296296296294
4 0.5151041666666667 0.37777777777777777 0.026041666666666668 0.046296296296296294
4 0.396875 0.38425925925925924 0.026041666666666668 0.046296296296296294
4 0.3875 0.39444444444444443 0.026041666666666668 0.046296296296296294
4 0.44427083333333334 0.3925925925925926 0.026041666666666668 0.046296296296296294
4 0.5161458333333333 0.39444444444444443 0.026041666666666668 0.046296296296296294
4 0.5291666666666667 0.39444444444444443 0.026041666666666668 0.046296296296296294
4 0.5369791666666667 0.39537037037037037 0.026041666666666668 0.046296296296296294
4 0.6578125 0.3972222222222222 0.026041666666666668 0.046296296296296294
4 0.49322916666666666 0.4009259259259259 0.026041666666666668 0.046296296296296294
2 0.20260416666666667 0.4074074074074074 0.026041666666666668 0.046296296296296294
4 0.375 0.4083333333333333 0.026041666666666668 0.046296296296296294
4 0.44583333333333336 0.4101851851851852 0.026041666666666668 0.046296296296296294
4 0.4942708333333333 0.4064814814814815 0.026041666666666668 0.046296296296296294
4 0.5208333333333334 0.4111111111111111 0.026041666666666668 0.046296296296296294
4 0.65 0.4083333333333333 0.026041666666666668 0.046296296296296294
3 0.703125 0.4083333333333333 0.026041666666666668 0.046296296296296294
2 0.2 0.4166666666666667 0.026041666666666668 0.046296296296296294
4 0.38697916666666665 0.41759259259259257 0.026041666666666668 0.046296296296296294
4 0.4703125 0.41944444444444445 0.026041666666666668 0.046296296296296294
4 0.5072916666666667 0.4166666666666667 0.026041666666666668 0.046296296296296294
4 0.6578125 0.41574074074074074 0.026041666666666668 0.046296296296296294
4 0.4244791666666667 0.42685185185185187 0.026041666666666668 0.046296296296296294
3 0.6703125 0.42685185185185187 0.026041666666666668 0.046296296296296294
4 0.4166666666666667 0.44166666666666665 0.026041666666666668 0.046296296296296294
4 0.5166666666666667 0.44074074074074077 0.026041666666666668 0.046296296296296294
4 0.509375 0.44907407407407407 0.026041666666666668 0.046296296296296294
4 0.653125 0.45185185185185184 0.026041666666666668 0.046296296296296294
4 0.4734375 0.4583333333333333 0.026041666666666668 0.046296296296296294
4 0.6666666666666666 0.4638888888888889 0.026041666666666668 0.046296296296296294
4 0.5119791666666667 0.47129629629629627 0.026041666666666668 0.046296296296296294
4 0.42083333333333334 0.47962962962962963 0.026041666666666668 0.046296296296296294
4 0.43072916666666666 0.48333333333333334 0.026041666666666668 0.046296296296296294
4 0.49947916666666664 0.48148148148148145 0.026041666666666668 0.046296296296296294
3 0.6703125 0.4777777777777778 0.026041666666666668 0.046296296296296294
4 0.515625 0.487962962962963 0.026041666666666668 0.046296296296296294
4 0.6255208333333333 0.48703703703703705 0.026041666666666668 0.046296296296296294
4 0.5604166666666667 0.5 0.026041666666666668 0.046296296296296294
4 0.6291666666666667 0.5037037037037037 0.026041666666666668 0.046296296296296294
4 0.6453125 0.5037037037037037 0.026041666666666668 0.046296296296296294
3 0.6703125 0.5018518518518519 0.026041666666666668 0.046296296296296294
4 0.49375 0.5064814814814815 0.026041666666666668 0.046296296296296294
4 0.5161458333333333 0.5111111111111111 0.026041666666666668 0.046296296296296294
4 0.44947916666666665 0.5194444444444445 0.026041666666666668 0.046296296296296294
4 0.515625 0.5259259259259259 0.026041666666666668 0.046296296296296294
4 0.6130208333333333 0.525 0.026041666666666668 0.046296296296296294
4 0.6333333333333333 0.524074074074074 0.026041666666666668 0.046296296296296294
3 0.6697916666666667 0.525 0.026041666666666668 0.046296296296296294
3 0.7265625 0.5212962962962963 0.026041666666666668 0.046296296296296294
4 0.40260416666666665 0.5416666666666666 0.026041666666666668 0.046296296296296294
4 0.43385416666666665 0.5416666666666666 0.026041666666666668 0.046296296296296294
4 0.453125 0.5398148148148149 0.026041666666666668 0.046296296296296294
4 0.5942708333333333 0.5425925925925926 0.026041666666666668 0.046296296296296294
4 0.60625 0.5435185185185185 0.026041666666666668 0.046296296296296294
4 0.5072916666666667 0.5518518518518518 0.026041666666666668 0.046296296296296294
4 0.5296875 0.5509259259259259 0.026041666666666668 0.046296296296296294
4 0.4901041666666667 0.5564814814814815 0.026041666666666668 0.046296296296296294
4 0.584375 0.5527777777777778 0.026041666666666668 0.046296296296296294
3 0.7572916666666667 0.5527777777777778 0.026041666666666668 0.046296296296296294
4 0.4786458333333333 0.5666666666666667 0.026041666666666668 0.046296296296296294
3 0.7385416666666667 0.5583333333333333 0.026041666666666668 0.046296296296296294
4 0.5442708333333334 0.5703703703703704 0.026041666666666668 0.046296296296296294
4 0.5645833333333333 0.5712962962962963 0.026041666666666668 0.046296296296296294
4 0.59375 0.5712962962962963 0.026041666666666668 0.046296296296296294
3 0.7661458333333333 0.575 0.026041666666666668 0.046296296296296294
4 0.421875 0.5833333333333334 0.026041666666666668 0.046296296296296294
4 0.4734375 0.5907407407407408 0.026041666666666668 0.046296296296296294
4 0.5244791666666667 0.5898148148148148 0.026041666666666668 0.046296296296296294
3 0.7369791666666666 0.6046296296296296 0.026041666666666668 0.046296296296296294
4 0.38229166666666664 0.6129629629629629 0.026041666666666668 0.046296296296296294
4 0.5927083333333333 0.6138888888888889 0.026041666666666668 0.046296296296296294
4 0.47291666666666665 0.6259259259259259 0.026041666666666668 0.046296296296296294
4 0.5192708333333333 0.6342592592592593 0.026041666666666668 0.046296296296296294
4 0.4864583333333333 0.6435185185185185 0.026041666666666668 0.046296296296296294
4 0.5901041666666667 0.6462962962962963 0.026041666666666668 0.046296296296296294
4 0.5463541666666667 0.6564814814814814 0.026041666666666668 0.046296296296296294
4 0.6302083333333334 0.6555555555555556 0.026041666666666668 0.046296296296296294
1 0.3875 0.6768518518518518 0.026041666666666668 0.046296296296296294
1 0.70625 0.6722222222222223 0.026041666666666668 0.046296296296296294
1 0.2265625 0.6768518518518518 0.026041666666666668 0.046296296296296294
1 0.6625 0.6796296296296296 0.026041666666666668 0.046296296296296294
1 0.5505208333333333 0.7018518518518518 0.026041666666666668 0.046296296296296294
1 0.20989583333333334 0.7083333333333334 0.026041666666666668 0.046296296296296294
1 0.48854166666666665 0.712037037037037 0.026041666666666668 0.046296296296296294
1 0.13645833333333332 0.7138888888888889 0.026041666666666668 0.046296296296296294
1 0.8885416666666667 0.7490740740740741 0.026041666666666668 0.046296296296296294
1 0.9536458333333333 0.7694444444444445 0.026041666666666668 0.046296296296296294
1 0.7890625 0.8138888888888889 0.026041666666666668 0.046296296296296294
1 0.5822916666666667 0.8611111111111112 0.026041666666666668 0.046296296296296294
1 0.8239583333333333 0.8685185185185185 0.026041666666666668 0.046296296296296294
1 0.1328125 0.9046296296296297 0.026041666666666668 0.046296296296296294
1 0.3182291666666667 0.9157407407407407 0.026041666666666668 0.046296296296296294
1 0.440625 0.9268518518518518 0.026041666666666668 0.046296296296296294
1 0.9322916666666666 0.924074074074074 0.026041666666666668 0.046296296296296294
1 0.5359375 0.9361111111111111 0.026041666666666668 0.046296296296296294
1 0.8244791666666667 0.9435185185185185 0.026041666666666668 0.046296296296296294
1 0.9119791666666667 0.9787037037037037 0.026041666666666668 0.046296296296296294
1 0.059375 0.9833333333333333 0.026041666666666668 0.046296296296296294
1 0.4328125 0.9814814814814815 0.026041666666666668 0.046296296296296294
1 0.5484375 0.987037037037037 0.026041666666666668 0.046296296296296294
1 0.35625 0.9925925925925926 0.026041666666666668 0.046296296296296294
1 0.5375 0.9962962962962963 0.026041666666666668 0.046296296296296294
2 0.18229166666666666 0.4648148148148148 0.026041666666666668 0.046296296296296294
2 0.17916666666666667 0.40925925925925927 0.026041666666666668 0.046296296296296294
2 0.228125 0.4777777777777778 0.026041666666666668 0.046296296296296294
1 0.578125 0.9074074074074074 0.026041666666666668 0.046296296296296294
1 0.7989583333333333 0.8481481481481481 0.026041666666666668 0.046296296296296294
1 0.96875 0.95 0.026041666666666668 0.046296296296296294
1 0.9395833333333333 0.9740740740740741 0.026041666666666668 0.046296296296296294
1 0.6833333333333333 0.6759259259259259 0.026041666666666668 0.046296296296296294
1 0.78125 0.6759259259259259 0.026041666666666668 0.046296296296296294
4 0.44375 0.5648148148148148 0.026041666666666668 0.046296296296296294
4 0.665625 0.6407407407407407 0.026041666666666668 0.046296296296296294
3 0.6958333333333333 0.5092592592592593 0.026041666666666668 0.046296296296296294
