0 0.47552083333333334 0.09814814814814815 0.026041666666666668 0.046296296296296294
0 0.4796875 0.09722222222222222 0.026041666666666668 0.046296296296296294
0 0.4869791666666667 0.09907407407407408 0.026041666666666668 0.046296296296296294
0 0.4708333333333333 0.10462962962962963 0.026041666666666668 0.046296296296296294
0 0.4828125 0.10648148148148148 0.026041666666666668 0.046296296296296294
0 0.4546875 0.11851851851851852 0.026041666666666668 0.046296296296296294
0 0.48385416666666664 0.12222222222222222 0.026041666666666668 0.046296296296296294
0 0.4901041666666667 0.12222222222222222 0.026041666666666668 0.046296296296296294
0 0.44166666666666665 0.1361111111111111 0.026041666666666668 0.046296296296296294
0 0.45416666666666666 0.13425925925925927 0.026041666666666668 0.046296296296296294
0 0.46197916666666666 0.13703703703703704 0.026041666666666668 0.046296296296296294
0 0.44947916666666665 0.14629629629629629 0.026041666666666668 0.046296296296296294
0 0.4739583333333333 0.14629629629629629 0.026041666666666668 0.046296296296296294
0 0.4859375 0.14722222222222223 0.026041666666666668 0.046296296296296294
0 0.4734375 0.16018518518518518 0.026041666666666668 0.046296296296296294
0 0.45364583333333336 0.1685185185185185 0.026041666666666668 0.046296296296296294
0 0.4609375 0.16944444444444445 0.026041666666666668 0.046296296296296294
0 0.4375 0.17314814814814813 0.026041666666666668 0.046296296296296294
0 0.4864583333333333 0.17592592592592593 0.026041666666666668 0.046296296296296294
0 0.4703125 0.18425925925925926 0.026041666666666668 0.046296296296296294
0 0.4583333333333333 0.19166666666666668 0.026041666666666668 0.046296296296296294
0 0.4869791666666667 0.19166666666666668 0.026041666666666668 0.046296296296296294
0 0.5 0.19074074074074074 0.026041666666666668 0.046296296296296294
0 0.5119791666666667 0.20092592592592592 0.026041666666666668 0.046296296296296294
0 0.4625 0.20925925925925926 0.026041666666666668 0.046296296296296294
0 0.4859375 0.2064814814814815 0.026041666666666668 0.046296296296296294
0 0.49947916666666664 0.21481481481481482 0.026041666666666668 0.046296296296296294
0 0.4661458333333333 0.2212962962962963 0.026041666666666668 0.046296296296296294
0 0.48541666666666666 0.2212962962962963 0.026041666666666668 0.046296296296296294
0 0.490625 0.24074074074074073 0.026041666666666668 0.046296296296296294
0 0.44895833333333335 0.24351851851851852 0.026041666666666668 0.046296296296296294
0 0.4239583333333333 0.2638888888888889 0.026041666666666668 0.046296296296296294
0 0.44583333333333336 0.26296296296296295 0.026041666666666668 0.046296296296296294
0 0.49947916666666664 0.275 0.026041666666666668 0.046296296296296294
0 0.5041666666666667 0.27685185185185185 0.026041666666666668 0.046296296296296294
0 0.5114583333333333 0.2759259259259259 0.026041666666666668 0.046296296296296294
0 0.5411458333333333 0.27685185185185185 0.026041666666666668 0.046296296296296294
0 0.421875 0.2824074074074074 0.026041666666666668 0.046296296296296294
0 0.4265625 0.2824074074074074 0.026041666666666668 0.046296296296296294
0 0.6947916666666667 0.2861111111111111 0.026041666666666668 0.046296296296296294
0 0.43802083333333336 0.29259259259259257 0.026041666666666668 0.046296296296296294
0 0.44427083333333334 0.2935185185185185 0.026041666666666668 0.046296296296296294
0 0.5166666666666667 0.29444444444444445 0.026041666666666668 0.046296296296296294
0 0.48854166666666665 0.29814814814814816 0.026041666666666668 0.046296296296296294
0 0.4942708333333333 0.30277777777777776 0.026041666666666668 0.046296296296296294
0 0.5109375 0.3 0.026041666666666668 0.046296296296296294
0 0.4328125 0.31666666666666665 0.026041666666666668 0.046296296296296294
0 0.47552083333333334 0.31666666666666665 0.026041666666666668 0.046296296296296294
0 0.49947916666666664 0.3175925925925926 0.026041666666666668 0.046296296296296294
0 0.5161458333333333 0.31574074074074077 0.026041666666666668 0.046296296296296294
0 0.70625 0.31203703703703706 0.026041666666666668 0.046296296296296294
0 0.44947916666666665 0.32407407407407407 0.026041666666666668 0.046296296296296294
0 0.49114583333333334 0.33240740740740743 0.026041666666666668 0.046296296296296294
4 0.5119791666666667 0.33425925925925926 0.026041666666666668 0.046296296296296294
0 0.653125 0.3296296296296296 0.026041666666666668 0.046296296296296294
4 0.44114583333333335 0.3388888888888889 0.026041666666666668 0.046296296296296294
4 0.4473958333333333 0.34074074074074073 0.026041666666666668 0.046296296296296294
4 0.5026041666666666 0.3388888888888889 0.026041666666666668 0.046296296296296294
4 0.465625 0.34814814814814815 0.026041666666666668 0.046296296296296294
4 0.5083333333333333 0.3527777777777778 0.026041666666666668 0.046296296296296294
4 0.38385416666666666 0.35648148148148145 0.026041666666666668 0.046296296296296294
4 0.4078125 0.35555555555555557 0.026041666666666668 0.046296296296296294
4 0.43385416666666665 0.35648148148148145 0.026041666666666668 0.046296296296296294
4 0.37864583333333335 0.3648148148148148 0.026041666666666668 0.046296296296296294
4 0.49114583333333334 0.362962962962963 0.026041666666666668 0.046296296296296294
4 0.5026041666666666 0.36574074074074076 0.026041666666666668 0.046296296296296294
4 0.5078125 0.3712962962962963 0.026041666666666668 0.046296296296296294
3 0.69375 0.36574074074074076 0.026041666666666668 0.046296296296296294
4 0.4109375 0.37777777777777777 0.026041666666666668 0.046296296296296294
4 0.5203125 0.37962962962962965 0.026041666666666668 0.046296296296296294
4 0.5125 0.387037037037037 0.026041666666666668 0.046296296296296294
4 0.38645833333333335 0.39444444444444443 0.026041666666666668 0.046296296296296294
4 0.49947916666666664 0.39444444444444443 0.026041666666666668 0.046296296296296294
4 0.5072916666666667 0.39444444444444443 0.026041666666666668 0.046296296296296294
2 0.20364583333333333 0.4 0.026041666666666668 0.046296296296296294
2 0.21354166666666666 0.4101851851851852 0.026041666666666668 0.046296296296296294
4 0.3921875 0.4101851851851852 0.026041666666666668 0.046296296296296294
4 0.4317708333333333 0.40925925925925927 0.026041666666666668 0.046296296296296294
4 0.45 0.4111111111111111 0.026041666666666668 0.046296296296296294
4 0.5125 0.4111111111111111 0.026041666666666668 0.046296296296296294
2 0.190625 0.41388888888888886 0.026041666666666668 0.046296296296296294
4 0.48489583333333336 0.4166666666666667 0.026041666666666668 0.046296296296296294
4 0.6583333333333333 0.4185185185185185 0.026041666666666668 0.046296296296296294
4 0.4109375 0.42592592592592593 0.026041666666666668 0.046296296296296294
4 0.39114583333333336 0.4324074074074074 0.026041666666666668 0.046296296296296294
4 0.42864583333333334 0.42962962962962964 0.026041666666666668 0.046296296296296294
4 0.4578125 0.43333333333333335 0.026041666666666668 0.046296296296296294
4 0.525 0.4361111111111111 0.026041666666666668 0.046296296296296294
4 0.43697916666666664 0.4398148148148148 0.026041666666666668 0.046296296296296294
4 0.6510416666666666 0.4398148148148148 0.026041666666666668 0.046296296296296294
4 0.5072916666666667 0.44907407407407407 0.026041666666666668 0.046296296296296294
3 0.7015625 0.44907407407407407 0.026041666666666668 0.046296296296296294
4 0.6619791666666667 0.4564814814814815 0.026041666666666668 0.046296296296296294
3 0.6776041666666667 0.45555555555555555 0.026041666666666668 0.046296296296296294
4 0.5171875 0.4648148148148148 0.026041666666666668 0.046296296296296294
3 0.6875 0.4638888888888889 0.026041666666666668 0.046296296296296294
4 0.6661458333333333 0.4787037037037037 0.026041666666666668 0.046296296296296294
3 0.6791666666666667 0.48148148148148145 0.026041666666666668 0.046296296296296294
4 0.4953125 0.4888888888888889 0.026041666666666668 0.046296296296296294
4 0.5125 0.487962962962963 0.026041666666666668 0.046296296296296294
3 0.7145833333333333 0.49166666666666664 0.026041666666666668 0.046296296296296294
4 0.6125 0.49537037037037035 0.026041666666666668 0.046296296296296294
3 0.6744791666666666 0.49907407407407406 0.026041666666666668 0.046296296296296294
4 0.615625 0.5027777777777778 0.026041666666666668 0.046296296296296294
4 0.4 0.5120370370370371 0.026041666666666668 0.046296296296296294
4 0.42864583333333334 0.5074074074074074 0.026041666666666668 0.046296296296296294
3 0.6947916666666667 0.5120370370370371 0.026041666666666668 0.046296296296296294
4 0.5208333333333334 0.5148148148148148 0.026041666666666668 0.046296296296296294
4 0.6046875 0.5185185185185185 0.026041666666666668 0.046296296296296294
4 0.6234375 0.5259259259259259 0.026041666666666668 0.046296296296296294
3 0.6734375 0.524074074074074 0.026041666666666668 0.046296296296296294
3 0.7078125 0.5259259259259259 0.026041666666666668 0.046296296296296294
4 0.3963541666666667 0.5351851851851852 0.026041666666666668 0.046296296296296294
4 0.6541666666666667 0.5351851851851852 0.026041666666666668 0.046296296296296294
3 0.7166666666666667 0.5333333333333333 0.026041666666666668 0.046296296296296294
4 0.5239583333333333 0.55 0.026041666666666668 0.046296296296296294
4 0.42864583333333334 0.5583333333333333 0.026041666666666668 0.046296296296296294
4 0.5135416666666667 0.5518518518518518 0.026041666666666668 0.046296296296296294
4 0.5208333333333334 0.5675925925925925 0.026041666666666668 0.046296296296296294
4 0.628125 0.5638888888888889 0.026041666666666668 0.046296296296296294
4 0.4083333333333333 0.5722222222222222 0.026041666666666668 0.046296296296296294
4 0.5703125 0.575 0.026041666666666668 0.046296296296296294
4 0.6114583333333333 0.5824074074074074 0.026041666666666668 0.046296296296296294
4 0.6604166666666667 0.5805555555555556 0.026041666666666668 0.046296296296296294
4 0.4083333333333333 0.600925925925926 0.026041666666666668 0.046296296296296294
4 0.5114583333333333 0.600925925925926 0.026041666666666668 0.046296296296296294
2 0.1984375 0.6074074074074074 0.026041666666666668 0.046296296296296294
4 0.6489583333333333 0.6157407407407407 0.026041666666666668 0.046296296296296294
4 0.4317708333333333 0.6240740740740741 0.026041666666666668 0.046296296296296294
4 0.540625 0.6277777777777778 0.026041666666666668 0.046296296296296294
4 0.5765625 0.6416666666666667 0.026041666666666668 0.046296296296296294
4 0.6036458333333333 0.6425925925925926 0.026041666666666668 0.046296296296296294
3 0.7432291666666667 0.6444444444444445 0.026041666666666668 0.046296296296296294
4 0.590625 0.662962962962963 0.026041666666666668 0.046296296296296294
4 0.5005208333333333 0.6592592592592592 0.026041666666666668 0.046296296296296294
1 0.4515625 0.6787037037037037 0.026041666666666668 0.046296296296296294
1 0.7276041666666667 0.712037037037037 0.026041666666666668 0.046296296296296294
1 0.5557291666666667 0.7148148148148148 0.026041666666666668 0.046296296296296294
1 0.884375 0.7481481481481481 0.026041666666666668 0.046296296296296294
1 0.8302083333333333 0.7601851851851852 0.026041666666666668 0.046296296296296294
1 0.5625 0.7805555555555556 0.026041666666666668 0.046296296296296294
1 0.18072916666666666 0.8092592592592592 0.026041666666666668 0.046296296296296294
1 0.1015625 0.825 0.026041666666666668 0.046296296296296294
1 0.7161458333333334 0.8425925925925926 0.026041666666666668 0.046296296296296294
1 0.1515625 0.8537037037037037 0.026041666666666668 0.046296296296296294
1 0.70625 0.85 0.026041666666666668 0.046296296296296294
1 0.6713541666666667 0.8629629629629629 0.026041666666666668 0.046296296296296294
1 0.5697916666666667 0.8907407407407407 0.026041666666666668 0.046296296296296294
1 0.9958333333333333 0.8972222222222223 0.026041666666666668 0.046296296296296294
1 0.011979166666666667 0.9018518518518519 0.026041666666666668 0.046296296296296294
1 0.43854166666666666 0.899074074074074 0.026041666666666668 0.046296296296296294
1 0.46145833333333336 0.9027777777777778 0.026041666666666668 0.046296296296296294
1 0.8484375 0.9046296296296297 0.026041666666666668 0.046296296296296294
1 0.07083333333333333 0.9296296296296296 0.026041666666666668 0.046296296296296294
1 0.1140625 0.9305555555555556 0.026041666666666668 0.046296296296296294
1 0.24114583333333334 0.924074074074074 0.026041666666666668 0.046296296296296294
1 0.27291666666666664 0.9231481481481482 0.026041666666666668 0.046296296296296294
1 0.61875 0.9175925925925926 0.026041666666666668 0.046296296296296294
1 0.9744791666666667 0.9444444444444444 0.026041666666666668 0.046296296296296294
1 0.8125 0.9564814814814815 0.026041666666666668 0.046296296296296294
1 0.39791666666666664 0.9472222222222222 0.026041666666666668 0.046296296296296294
1 0.9515625 0.9537037037037037 0.026041666666666668 0.046296296296296294
1 0.04114583333333333 0.9694444444444444 0.026041666666666668 0.046296296296296294
1 0.17083333333333334 0.9861111111111112 0.026041666666666668 0.046296296296296294
4 0.37916666666666665 0.5703703703703704 0.026041666666666668 0.046296296296296294
1 0.7447916666666666 0.8203703703703704 0.026041666666666668 0.046296296296296294
1 0.8572916666666667 0.9351851851851852 0.026041666666666668 0.046296296296296294
1 0.8260416666666667 0.8388888888888889 0.026041666666666668 0.046296296296296294
1 0.8322916666666667 0.8685185185185185 0.026041666666666668 0.046296296296296294
1 0.8958333333333334 0.7796296296296297 0.026041666666666668 0.046296296296296294
3 0.7322916666666667 0.5592592592592592 0.026041666666666668 0.046296296296296294
3 0.7677083333333333 0.6666666666666666 0.026041666666666668 0.046296296296296294
3 0.7666666666666667 0.5888888888888889 0.026041666666666668 0.046296296296296294
3 0.753125 0.5592592592592592 0.026041666666666668 0.046296296296296294
3 0.7666666666666667 0.5592592592592592 0.026041666666666668 0.046296296296296294
4 0.6270833333333333 0.6148148148148148 0.026041666666666668 0.046296296296296294
4 0.6354166666666666 0.5851851851851851 0.026041666666666668 0.046296296296296294
4 0.6104166666666667 0.5388888888888889 0.026041666666666668 0.046296296296296294
2 0.21770833333333334 0.3925925925925926 0.026041666666666668 0.046296296296296294
