0 0.4713541666666667 0.0962962962962963 0.026041666666666668 0.046296296296296294
0 0.484375 0.09814814814814815 0.026041666666666668 0.046296296296296294
0 0.4864583333333333 0.09907407407407408 0.026041666666666668 0.046296296296296294
0 0.4822916666666667 0.10555555555555556 0.026041666666666668 0.046296296296296294
0 0.48333333333333334 0.12037037037037036 0.026041666666666668 0.046296296296296294
0 0.490625 0.12037037037037036 0.026041666666666668 0.046296296296296294
0 0.459375 0.1259259259259259 0.026041666666666668 0.046296296296296294
0 0.46458333333333335 0.12777777777777777 0.026041666666666668 0.046296296296296294
0 0.4703125 0.12777777777777777 0.026041666666666668 0.046296296296296294
0 0.4822916666666667 0.12685185185185185 0.026041666666666668 0.046296296296296294
0 0.4890625 0.12962962962962962 0.026041666666666668 0.046296296296296294
0 0.44583333333333336 0.13425925925925927 0.026041666666666668 0.046296296296296294
0 0.475 0.14722222222222223 0.026041666666666668 0.046296296296296294
0 0.4828125 0.14444444444444443 0.026041666666666668 0.046296296296296294
0 0.4901041666666667 0.14074074074074075 0.026041666666666668 0.046296296296296294
0 0.4703125 0.1527777777777778 0.026041666666666668 0.046296296296296294
0 0.4859375 0.15462962962962962 0.026041666666666668 0.046296296296296294
0 0.46510416666666665 0.16111111111111112 0.026041666666666668 0.046296296296296294
0 0.5 0.17407407407407408 0.026041666666666668 0.046296296296296294
0 0.45729166666666665 0.1824074074074074 0.026041666666666668 0.046296296296296294
0 0.44635416666666666 0.19074074074074074 0.026041666666666668 0.046296296296296294
0 0.4666666666666667 0.18796296296296297 0.026041666666666668 0.046296296296296294
0 0.4734375 0.19166666666666668 0.026041666666666668 0.046296296296296294
0 0.47760416666666666 0.2 0.026041666666666668 0.046296296296296294
0 0.4895833333333333 0.19907407407407407 0.026041666666666668 0.046296296296296294
0 0.5072916666666667 0.19814814814814816 0.026041666666666668 0.046296296296296294
0 0.4786458333333333 0.21481481481481482 0.026041666666666668 0.046296296296296294
0 0.46979166666666666 0.2222222222222222 0.026041666666666668 0.046296296296296294
0 0.5036458333333333 0.2462962962962963 0.026041666666666668 0.046296296296296294
0 0.5151041666666667 0.24722222222222223 0.026041666666666668 0.046296296296296294
0 0.44947916666666665 0.262037037037037 0.026041666666666668 0.046296296296296294
0 0.49114583333333334 0.26851851851851855 0.026041666666666668 0.046296296296296294
0 0.540625 0.2675925925925926 0.026041666666666668 0.046296296296296294
0 0.4239583333333333 0.2740740740740741 0.026041666666666668 0.046296296296296294
0 0.5078125 0.2759259259259259 0.026041666666666668 0.046296296296296294
0 0.6947916666666667 0.2861111111111111 0.026041666666666668 0.046296296296296294
0 0.4401041666666667 0.29259259259259257 0.026041666666666668 0.046296296296296294
0 0.503125 0.29444444444444445 0.026041666666666668 0.046296296296296294
0 0.4864583333333333 0.29907407407407405 0.026041666666666668 0.046296296296296294
0 0.4979166666666667 0.30185185185185187 0.026041666666666668 0.046296296296296294
0 0.4270833333333333 0.31666666666666665 0.026041666666666668 0.046296296296296294
0 0.49947916666666664 0.3148148148148148 0.026041666666666668 0.046296296296296294
0 0.7010416666666667 0.31203703703703706 0.026041666666666668 0.046296296296296294
0 0.4625 0.32314814814814813 0.026041666666666668 0.046296296296296294
0 0.515625 0.32407407407407407 0.026041666666666668 0.046296296296296294
4 0.4786458333333333 0.33425925925925926 0.026041666666666668 0.046296296296296294
0 0.4947916666666667 0.33240740740740743 0.026041666666666668 0.046296296296296294
4 0.5109375 0.33425925925925926 0.026041666666666668 0.046296296296296294
4 0.5453125 0.33425925925925926 0.026041666666666668 0.046296296296296294
0 0.6546875 0.33240740740740743 0.026041666666666668 0.046296296296296294
4 0.42083333333333334 0.3388888888888889 0.026041666666666668 0.046296296296296294
4 0.5067708333333333 0.34444444444444444 0.026041666666666668 0.046296296296296294
4 0.4088541666666667 0.34814814814814815 0.026041666666666668 0.046296296296296294
4 0.38697916666666665 0.35555555555555557 0.026041666666666668 0.046296296296296294
4 0.5072916666666667 0.35833333333333334 0.026041666666666668 0.046296296296296294
4 0.653125 0.35555555555555557 0.026041666666666668 0.046296296296296294
4 0.4119791666666667 0.36666666666666664 0.026041666666666668 0.046296296296296294
4 0.46145833333333336 0.3648148148148148 0.026041666666666668 0.046296296296296294
4 0.5135416666666667 0.3712962962962963 0.026041666666666668 0.046296296296296294
2 0.21979166666666666 0.37777777777777777 0.026041666666666668 0.046296296296296294
4 0.4203125 0.37962962962962965 0.026041666666666668 0.046296296296296294
4 0.5197916666666667 0.3787037037037037 0.026041666666666668 0.046296296296296294
4 0.4036458333333333 0.3888888888888889 0.026041666666666668 0.046296296296296294
4 0.4942708333333333 0.3851851851851852 0.026041666666666668 0.046296296296296294
3 0.6869791666666667 0.3861111111111111 0.026041666666666668 0.046296296296296294
4 0.5072916666666667 0.3925925925925926 0.026041666666666668 0.046296296296296294
2 0.2078125 0.4009259259259259 0.026041666666666668 0.046296296296296294
4 0.3958333333333333 0.40370370370370373 0.026041666666666668 0.046296296296296294
4 0.653125 0.3972222222222222 0.026041666666666668 0.046296296296296294
4 0.6619791666666667 0.40370370370370373 0.026041666666666668 0.046296296296296294
4 0.40729166666666666 0.4074074074074074 0.026041666666666668 0.046296296296296294
4 0.4203125 0.41203703703703703 0.026041666666666668 0.046296296296296294
4 0.5072916666666667 0.4111111111111111 0.026041666666666668 0.046296296296296294
2 0.20260416666666667 0.41944444444444445 0.026041666666666668 0.046296296296296294
4 0.4864583333333333 0.41759259259259257 0.026041666666666668 0.046296296296296294
4 0.6541666666666667 0.4166666666666667 0.026041666666666668 0.046296296296296294
4 0.4171875 0.44074074074074077 0.026041666666666668 0.046296296296296294
4 0.6505208333333333 0.44074074074074077 0.026041666666666668 0.046296296296296294
4 0.5072916666666667 0.44814814814814813 0.026041666666666668 0.046296296296296294
3 0.7026041666666667 0.4462962962962963 0.026041666666666668 0.046296296296296294
3 0.6770833333333334 0.45555555555555555 0.026041666666666668 0.046296296296296294
4 0.5166666666666667 0.4648148148148148 0.026041666666666668 0.046296296296296294
4 0.6614583333333334 0.47314814814814815 0.026041666666666668 0.046296296296296294
3 0.6869791666666667 0.4722222222222222 0.026041666666666668 0.046296296296296294
4 0.49947916666666664 0.47962962962962963 0.026041666666666668 0.046296296296296294
4 0.6276041666666666 0.47962962962962963 0.026041666666666668 0.046296296296296294
3 0.6776041666666667 0.487962962962963 0.026041666666666668 0.046296296296296294
4 0.6166666666666667 0.5027777777777778 0.026041666666666668 0.046296296296296294
3 0.6890625 0.5037037037037037 0.026041666666666668 0.046296296296296294
4 0.4109375 0.5175925925925926 0.026041666666666668 0.046296296296296294
4 0.5083333333333333 0.5175925925925926 0.026041666666666668 0.046296296296296294
4 0.5192708333333333 0.5157407407407407 0.026041666666666668 0.046296296296296294
4 0.6041666666666666 0.5175925925925926 0.026041666666666668 0.046296296296296294
4 0.6234375 0.524074074074074 0.026041666666666668 0.046296296296296294
3 0.6697916666666667 0.5259259259259259 0.026041666666666668 0.046296296296296294
3 0.7192708333333333 0.5333333333333333 0.026041666666666668 0.046296296296296294
4 0.525 0.5425925925925926 0.026041666666666668 0.046296296296296294
3 0.703125 0.5425925925925926 0.026041666666666668 0.046296296296296294
4 0.5171875 0.5574074074074075 0.026041666666666668 0.046296296296296294
4 0.6651041666666667 0.5592592592592592 0.026041666666666668 0.046296296296296294
4 0.428125 0.5611111111111111 0.026041666666666668 0.046296296296296294
4 0.6588541666666666 0.575 0.026041666666666668 0.046296296296296294
4 0.5119791666666667 0.6037037037037037 0.026041666666666668 0.046296296296296294
4 0.6171875 0.6037037037037037 0.026041666666666668 0.046296296296296294
4 0.5291666666666667 0.6259259259259259 0.026041666666666668 0.046296296296296294
4 0.5432291666666667 0.6296296296296297 0.026041666666666668 0.046296296296296294
4 0.40572916666666664 0.6444444444444445 0.026041666666666668 0.046296296296296294
4 0.5776041666666667 0.6435185185185185 0.026041666666666668 0.046296296296296294
4 0.6171875 0.6453703703703704 0.026041666666666668 0.046296296296296294
1 0.5697916666666667 0.6675925925925926 0.026041666666666668 0.046296296296296294
1 0.49895833333333334 0.6694444444444444 0.026041666666666668 0.046296296296296294
1 0.43854166666666666 0.6916666666666667 0.026041666666666668 0.046296296296296294
1 0.40729166666666666 0.6962962962962963 0.026041666666666668 0.046296296296296294
1 0.4609375 0.7185185185185186 0.026041666666666668 0.046296296296296294
1 0.4348958333333333 0.7222222222222222 0.026041666666666668 0.046296296296296294
1 0.6088541666666667 0.737037037037037 0.026041666666666668 0.046296296296296294
1 0.6734375 0.7333333333333333 0.026041666666666668 0.046296296296296294
1 0.17395833333333333 0.7425925925925926 0.026041666666666668 0.046296296296296294
1 0.47708333333333336 0.7342592592592593 0.026041666666666668 0.046296296296296294
1 0.8854166666666666 0.7425925925925926 0.026041666666666668 0.046296296296296294
1 0.8302083333333333 0.7574074074074074 0.026041666666666668 0.046296296296296294
1 0.565625 0.7712962962962963 0.026041666666666668 0.046296296296296294
1 0.24947916666666667 0.8009259259259259 0.026041666666666668 0.046296296296296294
1 0.8776041666666666 0.8324074074074074 0.026041666666666668 0.046296296296296294
1 0.10052083333333334 0.8537037037037037 0.026041666666666668 0.046296296296296294
1 0.13802083333333334 0.8657407407407407 0.026041666666666668 0.046296296296296294
1 0.828125 0.8685185185185185 0.026041666666666668 0.046296296296296294
1 0.8119791666666667 0.8842592592592593 0.026041666666666668 0.046296296296296294
1 0.4395833333333333 0.8972222222222223 0.026041666666666668 0.046296296296296294
1 0.565625 0.8953703703703704 0.026041666666666668 0.046296296296296294
1 0.05625 0.9027777777777778 0.026041666666666668 0.046296296296296294
1 0.8671875 0.9175925925925926 0.026041666666666668 0.046296296296296294
1 0.275 0.9212962962962963 0.026041666666666668 0.046296296296296294
1 0.7114583333333333 0.912962962962963 0.026041666666666668 0.046296296296296294
1 0.049479166666666664 0.9481481481481482 0.026041666666666668 0.046296296296296294
1 0.275 0.962037037037037 0.026041666666666668 0.046296296296296294
1 0.9708333333333333 0.9518518518518518 0.026041666666666668 0.046296296296296294
1 0.035416666666666666 0.987037037037037 0.026041666666666668 0.046296296296296294
1 0.1109375 0.9861111111111112 0.026041666666666668 0.046296296296296294
1 0.1875 0.8407407407407408 0.026041666666666668 0.046296296296296294
1 0.24166666666666667 0.9203703703703704 0.026041666666666668 0.046296296296296294
1 0.20416666666666666 0.6907407407407408 0.026041666666666668 0.046296296296296294
2 0.175 0.4203703703703704 0.026041666666666668 0.046296296296296294
2 0.22083333333333333 0.4148148148148148 0.026041666666666668 0.046296296296296294
1 0.4739583333333333 0.9018518518518519 0.026041666666666668 0.046296296296296294
1 0.3770833333333333 0.7296296296296296 0.026041666666666668 0.046296296296296294
1 0.728125 0.7166666666666667 0.026041666666666668 0.046296296296296294
1 0.703125 0.6777777777777778 0.026041666666666668 0.046296296296296294
4 0.653125 0.6240740740740741 0.026041666666666668 0.046296296296296294
4 0.634375 0.5907407407407408 0.026041666666666668 0.046296296296296294
4 0.6364583333333333 0.5462962962962963 0.026041666666666668 0.046296296296296294
4 0.6072916666666667 0.5796296296296296 0.026041666666666668 0.046296296296296294
4 0.6072916666666667 0.5462962962962963 0.026041666666666668 0.046296296296296294
1 0.76875 0.6722222222222223 0.026041666666666668 0.046296296296296294
3 0.7520833333333333 0.6388888888888888 0.026041666666666668 0.046296296296296294
3 0.75 0.5574074074074075 0.026041666666666668 0.046296296296296294
3 0.728125 0.5611111111111111 0.026041666666666668 0.046296296296296294
3 0.7635416666666667 0.5833333333333334 0.026041666666666668 0.046296296296296294
1 0.9072916666666667 0.7888888888888889 0.026041666666666668 0.046296296296296294
1 0.7979166666666667 0.9203703703703704 0.026041666666666668 0.046296296296296294
1 0.8708333333333333 0.9462962962962963 0.026041666666666668 0.046296296296296294
1 0.6666666666666666 0.9111111111111111 0.026041666666666668 0.046296296296296294
4 0.41875 0.49074074074074076 0.026041666666666668 0.046296296296296294
4 0.38958333333333334 0.4166666666666667 0.026041666666666668 0.046296296296296294
