0 0.4703125 0.09444444444444444 0.026041666666666668 0.046296296296296294
0 0.4786458333333333 0.09907407407407408 0.026041666666666668 0.046296296296296294
0 0.4921875 0.12129629629629629 0.026041666666666668 0.046296296296296294
0 0.44895833333333335 0.13518518518518519 0.026041666666666668 0.046296296296296294
0 0.45416666666666666 0.13425925925925927 0.026041666666666668 0.046296296296296294
0 0.4588541666666667 0.13240740740740742 0.026041666666666668 0.046296296296296294
0 0.46197916666666666 0.13518518518518519 0.026041666666666668 0.046296296296296294
0 0.4703125 0.13796296296296295 0.026041666666666668 0.046296296296296294
0 0.490625 0.1388888888888889 0.026041666666666668 0.046296296296296294
0 0.44114583333333335 0.14444444444444443 0.026041666666666668 0.046296296296296294
0 0.4953125 0.14629629629629629 0.026041666666666668 0.046296296296296294
0 0.4359375 0.15648148148148147 0.026041666666666668 0.046296296296296294
0 0.490625 0.15462962962962962 0.026041666666666668 0.046296296296296294
0 0.4661458333333333 0.15925925925925927 0.026041666666666668 0.046296296296296294
0 0.4828125 0.16018518518518518 0.026041666666666668 0.046296296296296294
0 0.4505208333333333 0.16666666666666666 0.026041666666666668 0.046296296296296294
0 0.4708333333333333 0.1685185185185185 0.026041666666666668 0.046296296296296294
0 0.43333333333333335 0.17407407407407408 0.026041666666666668 0.046296296296296294
0 0.4661458333333333 0.175 0.026041666666666668 0.046296296296296294
0 0.478125 0.17685185185185184 0.026041666666666668 0.046296296296296294
0 0.45416666666666666 0.18518518518518517 0.026041666666666668 0.046296296296296294
0 0.5088541666666667 0.18518518518518517 0.026041666666666668 0.046296296296296294
0 0.5166666666666667 0.19166666666666668 0.026041666666666668 0.046296296296296294
0 0.46979166666666666 0.19907407407407407 0.026041666666666668 0.046296296296296294
0 0.45208333333333334 0.2101851851851852 0.026041666666666668 0.046296296296296294
0 0.4822916666666667 0.2222222222222222 0.026041666666666668 0.046296296296296294
0 0.4479166666666667 0.2324074074074074 0.026041666666666668 0.046296296296296294
0 0.5119791666666667 0.23055555555555557 0.026041666666666668 0.046296296296296294
0 0.41302083333333334 0.2361111111111111 0.026041666666666668 0.046296296296296294
0 0.4661458333333333 0.23703703703703705 0.026041666666666668 0.046296296296296294
0 0.5036458333333333 0.2388888888888889 0.026041666666666668 0.046296296296296294
0 0.4864583333333333 0.24537037037037038 0.026041666666666668 0.046296296296296294
0 0.5078125 0.2490740740740741 0.026041666666666668 0.046296296296296294
0 0.4666666666666667 0.2537037037037037 0.026041666666666668 0.046296296296296294
0 0.490625 0.26296296296296295 0.026041666666666668 0.046296296296296294
0 0.4708333333333333 0.26944444444444443 0.026041666666666668 0.046296296296296294
0 0.5119791666666667 0.26944444444444443 0.026041666666666668 0.046296296296296294
0 0.5229166666666667 0.26944444444444443 0.026041666666666668 0.046296296296296294
0 0.46197916666666666 0.287962962962963 0.026041666666666668 0.046296296296296294
0 0.5078125 0.28703703703703703 0.026041666666666668 0.046296296296296294
0 0.7078125 0.2833333333333333 0.026041666666666668 0.046296296296296294
0 0.453125 0.3037037037037037 0.026041666666666668 0.046296296296296294
0 0.49895833333333334 0.30092592592592593 0.026041666666666668 0.046296296296296294
0 0.5286458333333334 0.30185185185185187 0.026041666666666668 0.046296296296296294
0 0.440625 0.3055555555555556 0.026041666666666668 0.046296296296296294
0 0.47708333333333336 0.30925925925925923 0.026041666666666668 0.046296296296296294
0 0.5114583333333333 0.30833333333333335 0.026041666666666668 0.046296296296296294
0 0.4244791666666667 0.31574074074074077 0.026041666666666668 0.046296296296296294
0 0.4203125 0.32685185185185184 0.026041666666666668 0.046296296296296294
0 0.4786458333333333 0.32407407407407407 0.026041666666666668 0.046296296296296294
0 0.44375 0.3296296296296296 0.026041666666666668 0.046296296296296294
4 0.45729166666666665 0.33425925925925926 0.026041666666666668 0.046296296296296294
0 0.5197916666666667 0.3314814814814815 0.026041666666666668 0.046296296296296294
4 0.453125 0.3490740740740741 0.026041666666666668 0.046296296296296294
4 0.49166666666666664 0.34814814814814815 0.026041666666666668 0.046296296296296294
4 0.5161458333333333 0.35 0.026041666666666668 0.046296296296296294
4 0.38645833333333335 0.3537037037037037 0.026041666666666668 0.046296296296296294
4 0.39114583333333336 0.35462962962962963 0.026041666666666668 0.046296296296296294
4 0.40260416666666665 0.35648148148148145 0.026041666666666668 0.046296296296296294
4 0.4161458333333333 0.35648148148148145 0.026041666666666668 0.046296296296296294
4 0.4453125 0.3537037037037037 0.026041666666666668 0.046296296296296294
4 0.4828125 0.3537037037037037 0.026041666666666668 0.046296296296296294
4 0.38645833333333335 0.36574074074074076 0.026041666666666668 0.046296296296296294
4 0.5119791666666667 0.362962962962963 0.026041666666666668 0.046296296296296294
3 0.6786458333333333 0.3685185185185185 0.026041666666666668 0.046296296296296294
4 0.39947916666666666 0.38055555555555554 0.026041666666666668 0.046296296296296294
4 0.47760416666666666 0.38055555555555554 0.026041666666666668 0.046296296296296294
4 0.503125 0.3787037037037037 0.026041666666666668 0.046296296296296294
4 0.515625 0.3787037037037037 0.026041666666666668 0.046296296296296294
4 0.65 0.37777777777777777 0.026041666666666668 0.046296296296296294
4 0.465625 0.3888888888888889 0.026041666666666668 0.046296296296296294
2 0.20729166666666668 0.3907407407407407 0.026041666666666668 0.046296296296296294
4 0.38229166666666664 0.3972222222222222 0.026041666666666668 0.046296296296296294
4 0.39479166666666665 0.39351851851851855 0.026041666666666668 0.046296296296296294
4 0.4328125 0.39351851851851855 0.026041666666666668 0.046296296296296294
4 0.4453125 0.39351851851851855 0.026041666666666668 0.046296296296296294
4 0.453125 0.39537037037037037 0.026041666666666668 0.046296296296296294
4 0.4864583333333333 0.4 0.026041666666666668 0.046296296296296294
2 0.18697916666666667 0.40925925925925927 0.026041666666666668 0.046296296296296294
4 0.5161458333333333 0.40925925925925927 0.026041666666666668 0.046296296296296294
2 0.1921875 0.4166666666666667 0.026041666666666668 0.046296296296296294
4 0.4078125 0.4185185185185185 0.026041666666666668 0.046296296296296294
4 0.6541666666666667 0.4185185185185185 0.026041666666666668 0.046296296296296294
4 0.4 0.42314814814814816 0.026041666666666668 0.046296296296296294
4 0.525 0.42592592592592593 0.026041666666666668 0.046296296296296294
4 0.49166666666666664 0.44166666666666665 0.026041666666666668 0.046296296296296294
4 0.5197916666666667 0.4425925925925926 0.026041666666666668 0.046296296296296294
4 0.6541666666666667 0.44166666666666665 0.026041666666666668 0.046296296296296294
3 0.7067708333333333 0.4388888888888889 0.026041666666666668 0.046296296296296294
4 0.6661458333333333 0.45092592592592595 0.026041666666666668 0.046296296296296294
4 0.43697916666666664 0.45555555555555555 0.026041666666666668 0.046296296296296294
4 0.40677083333333336 0.4638888888888889 0.026041666666666668 0.046296296296296294
4 0.528125 0.4638888888888889 0.026041666666666668 0.046296296296296294
4 0.6661458333333333 0.46296296296296297 0.026041666666666668 0.046296296296296294
3 0.678125 0.46111111111111114 0.026041666666666668 0.046296296296296294
4 0.49166666666666664 0.4703703703703704 0.026041666666666668 0.046296296296296294
4 0.5041666666666667 0.4722222222222222 0.026041666666666668 0.046296296296296294
4 0.4453125 0.48055555555555557 0.026041666666666668 0.046296296296296294
3 0.6869791666666667 0.4777777777777778 0.026041666666666668 0.046296296296296294
4 0.5140625 0.487962962962963 0.026041666666666668 0.046296296296296294
4 0.628125 0.48703703703703705 0.026041666666666668 0.046296296296296294
4 0.5364583333333334 0.4981481481481482 0.026041666666666668 0.046296296296296294
3 0.690625 0.4981481481481482 0.026041666666666668 0.046296296296296294
3 0.6911458333333333 0.5101851851851852 0.026041666666666668 0.046296296296296294
4 0.6057291666666667 0.5138888888888888 0.026041666666666668 0.046296296296296294
4 0.5375 0.5268518518518519 0.026041666666666668 0.046296296296296294
3 0.6671875 0.5351851851851852 0.026041666666666668 0.046296296296296294
2 0.1453125 0.5296296296296297 0.026041666666666668 0.046296296296296294
3 0.7182291666666667 0.5287037037037037 0.026041666666666668 0.046296296296296294
4 0.5291666666666667 0.5481481481481482 0.026041666666666668 0.046296296296296294
4 0.5927083333333333 0.5481481481481482 0.026041666666666668 0.046296296296296294
4 0.5369791666666667 0.5555555555555556 0.026041666666666668 0.046296296296296294
4 0.5489583333333333 0.5555555555555556 0.026041666666666668 0.046296296296296294
4 0.634375 0.5703703703703704 0.026041666666666668 0.046296296296296294
3 0.7296875 0.5694444444444444 0.026041666666666668 0.046296296296296294
3 0.7583333333333333 0.5731481481481482 0.026041666666666668 0.046296296296296294
4 0.3963541666666667 0.5953703703703703 0.026041666666666668 0.046296296296296294
3 0.7411458333333333 0.5953703703703703 0.026041666666666668 0.046296296296296294
3 0.7260416666666667 0.6046296296296296 0.026041666666666668 0.046296296296296294
4 0.5947916666666667 0.6148148148148148 0.026041666666666668 0.046296296296296294
3 0.7255208333333333 0.6185185185185185 0.026041666666666668 0.046296296296296294
2 0.21041666666666667 0.6157407407407407 0.026041666666666668 0.046296296296296294
4 0.5619791666666667 0.6268518518518519 0.026041666666666668 0.046296296296296294
3 0.7625 0.6259259259259259 0.026041666666666668 0.046296296296296294
4 0.4427083333333333 0.6481481481481481 0.026041666666666668 0.046296296296296294
3 0.7697916666666667 0.6666666666666666 0.026041666666666668 0.046296296296296294
1 0.7791666666666667 0.6981481481481482 0.026041666666666668 0.046296296296296294
1 0.6625 0.7083333333333334 0.026041666666666668 0.046296296296296294
1 0.17760416666666667 0.7083333333333334 0.026041666666666668 0.046296296296296294
1 0.5364583333333334 0.7129629629629629 0.026041666666666668 0.046296296296296294
1 0.8901041666666667 0.7453703703703703 0.026041666666666668 0.046296296296296294
1 0.48020833333333335 0.7564814814814815 0.026041666666666668 0.046296296296296294
1 0.7026041666666667 0.7592592592592593 0.026041666666666668 0.046296296296296294
1 0.8192708333333333 0.8453703703703703 0.026041666666666668 0.046296296296296294
1 0.975 0.8453703703703703 0.026041666666666668 0.046296296296296294
1 0.6151041666666667 0.8379629629629629 0.026041666666666668 0.046296296296296294
1 0.828125 0.8657407407407407 0.026041666666666668 0.046296296296296294
1 0.8166666666666667 0.9212962962962963 0.026041666666666668 0.046296296296296294
1 0.9708333333333333 0.9462962962962963 0.026041666666666668 0.046296296296296294
1 0.6479166666666667 0.6703703703703704 0.026041666666666668 0.046296296296296294
3 0.690625 0.6296296296296297 0.026041666666666668 0.046296296296296294
1 0.8697916666666666 0.8314814814814815 0.026041666666666668 0.046296296296296294
1 0.9916666666666667 0.8629629629629629 0.026041666666666668 0.046296296296296294
3 0.7885416666666667 0.5166666666666667 0.026041666666666668 0.046296296296296294
0 0.6864583333333333 0.29259259259259257 0.026041666666666668 0.046296296296296294
4 0.428125 0.512962962962963 0.026041666666666668 0.046296296296296294
4 0.45729166666666665 0.4759259259259259 0.026041666666666668 0.046296296296296294
