0 0.4828125 0.12314814814814815 0.026041666666666668 0.046296296296296294
0 0.49166666666666664 0.12222222222222222 0.026041666666666668 0.046296296296296294
0 0.4708333333333333 0.1287037037037037 0.026041666666666668 0.046296296296296294
0 0.47760416666666666 0.13148148148148148 0.026041666666666668 0.046296296296296294
0 0.46145833333333336 0.13518518518518519 0.026041666666666668 0.046296296296296294
0 0.4869791666666667 0.14074074074074075 0.026041666666666668 0.046296296296296294
0 0.4796875 0.14629629629629629 0.026041666666666668 0.046296296296296294
0 0.4625 0.1527777777777778 0.026041666666666668 0.046296296296296294
0 0.4630208333333333 0.1648148148148148 0.026041666666666668 0.046296296296296294
0 0.48333333333333334 0.1685185185185185 0.026041666666666668 0.046296296296296294
0 0.49114583333333334 0.1675925925925926 0.026041666666666668 0.046296296296296294
0 0.5 0.16666666666666666 0.026041666666666668 0.046296296296296294
0 0.43125 0.175 0.026041666666666668 0.046296296296296294
0 0.4875 0.18333333333333332 0.026041666666666668 0.046296296296296294
0 0.5 0.19074074074074074 0.026041666666666668 0.046296296296296294
0 0.5046875 0.19166666666666668 0.026041666666666668 0.046296296296296294
0 0.5166666666666667 0.1925925925925926 0.026041666666666668 0.046296296296296294
0 0.48072916666666665 0.20092592592592592 0.026041666666666668 0.046296296296296294
0 0.44479166666666664 0.2064814814814815 0.026041666666666668 0.046296296296296294
0 0.4708333333333333 0.2064814814814815 0.026041666666666668 0.046296296296296294
0 0.440625 0.26944444444444443 0.026041666666666668 0.046296296296296294
0 0.4739583333333333 0.2722222222222222 0.026041666666666668 0.046296296296296294
0 0.5145833333333333 0.26944444444444443 0.026041666666666668 0.046296296296296294
0 0.42864583333333334 0.2740740740740741 0.026041666666666668 0.046296296296296294
0 0.4671875 0.2777777777777778 0.026041666666666668 0.046296296296296294
0 0.49583333333333335 0.2740740740740741 0.026041666666666668 0.046296296296296294
0 0.5010416666666667 0.27314814814814814 0.026041666666666668 0.046296296296296294
0 0.5072916666666667 0.275 0.026041666666666668 0.046296296296296294
0 0.525 0.2777777777777778 0.026041666666666668 0.046296296296296294
0 0.534375 0.2796296296296296 0.026041666666666668 0.046296296296296294
0 0.5463541666666667 0.2777777777777778 0.026041666666666668 0.046296296296296294
0 0.49895833333333334 0.28703703703703703 0.026041666666666668 0.046296296296296294
0 0.5119791666666667 0.2935185185185185 0.026041666666666668 0.046296296296296294
0 0.6911458333333333 0.29259259259259257 0.026041666666666668 0.046296296296296294
0 0.43697916666666664 0.3 0.026041666666666668 0.046296296296296294
0 0.46927083333333336 0.29907407407407405 0.026041666666666668 0.046296296296296294
0 0.42604166666666665 0.31851851851851853 0.026041666666666668 0.046296296296296294
0 0.4947916666666667 0.31574074074074077 0.026041666666666668 0.046296296296296294
0 0.5109375 0.31574074074074077 0.026041666666666668 0.046296296296296294
0 0.7072916666666667 0.3138888888888889 0.026041666666666668 0.046296296296296294
0 0.4161458333333333 0.325 0.026041666666666668 0.046296296296296294
0 0.4864583333333333 0.32407407407407407 0.026041666666666668 0.046296296296296294
0 0.4578125 0.3314814814814815 0.026041666666666668 0.046296296296296294
4 0.4453125 0.3388888888888889 0.026041666666666668 0.046296296296296294
4 0.503125 0.34074074074074073 0.026041666666666668 0.046296296296296294
4 0.5125 0.3398148148148148 0.026041666666666668 0.046296296296296294
4 0.5192708333333333 0.3416666666666667 0.026041666666666668 0.046296296296296294
4 0.38697916666666665 0.35555555555555557 0.026041666666666668 0.046296296296296294
4 0.5114583333333333 0.3648148148148148 0.026041666666666668 0.046296296296296294
4 0.5234375 0.37962962962962965 0.026041666666666668 0.046296296296296294
4 0.5317708333333333 0.38796296296296295 0.026041666666666668 0.046296296296296294
2 0.2171875 0.39444444444444443 0.026041666666666668 0.046296296296296294
4 0.4947916666666667 0.39537037037037037 0.026041666666666668 0.046296296296296294
4 0.5114583333333333 0.3888888888888889 0.026041666666666668 0.046296296296296294
3 0.6833333333333333 0.39351851851851855 0.026041666666666668 0.046296296296296294
2 0.21302083333333333 0.40370370370370373 0.026041666666666668 0.046296296296296294
4 0.46770833333333334 0.40185185185185185 0.026041666666666668 0.046296296296296294
4 0.5244791666666667 0.4046296296296296 0.026041666666666668 0.046296296296296294
4 0.65 0.40185185185185185 0.026041666666666668 0.046296296296296294
2 0.20520833333333333 0.40925925925925927 0.026041666666666668 0.046296296296296294
2 0.17916666666666667 0.41759259259259257 0.026041666666666668 0.046296296296296294
3 0.6692708333333334 0.4212962962962963 0.026041666666666668 0.046296296296296294
4 0.5036458333333333 0.4222222222222222 0.026041666666666668 0.046296296296296294
4 0.5338541666666666 0.42685185185185187 0.026041666666666668 0.046296296296296294
4 0.6651041666666667 0.42685185185185187 0.026041666666666668 0.046296296296296294
4 0.5203125 0.4361111111111111 0.026041666666666668 0.046296296296296294
3 0.6791666666666667 0.4351851851851852 0.026041666666666668 0.046296296296296294
4 0.45729166666666665 0.44166666666666665 0.026041666666666668 0.046296296296296294
4 0.5078125 0.44074074074074077 0.026041666666666668 0.046296296296296294
3 0.70625 0.4398148148148148 0.026041666666666668 0.046296296296296294
4 0.6619791666666667 0.45 0.026041666666666668 0.046296296296296294
3 0.6770833333333334 0.4527777777777778 0.026041666666666668 0.046296296296296294
3 0.6703125 0.45925925925925926 0.026041666666666668 0.046296296296296294
4 0.45416666666666666 0.4666666666666667 0.026041666666666668 0.046296296296296294
4 0.5151041666666667 0.4648148148148148 0.026041666666666668 0.046296296296296294
4 0.5296875 0.4638888888888889 0.026041666666666668 0.046296296296296294
2 0.2078125 0.4703703703703704 0.026041666666666668 0.046296296296296294
4 0.5 0.4787037037037037 0.026041666666666668 0.046296296296296294
4 0.625 0.4888888888888889 0.026041666666666668 0.046296296296296294
4 0.6526041666666667 0.48518518518518516 0.026041666666666668 0.046296296296296294
4 0.45729166666666665 0.5027777777777778 0.026041666666666668 0.046296296296296294
4 0.5078125 0.5037037037037037 0.026041666666666668 0.046296296296296294
4 0.6119791666666666 0.5027777777777778 0.026041666666666668 0.046296296296296294
3 0.6708333333333333 0.5027777777777778 0.026041666666666668 0.046296296296296294
3 0.6916666666666667 0.49907407407407406 0.026041666666666668 0.046296296296296294
4 0.5010416666666667 0.5083333333333333 0.026041666666666668 0.046296296296296294
4 0.6328125 0.5120370370370371 0.026041666666666668 0.046296296296296294
3 0.6744791666666666 0.5101851851851852 0.026041666666666668 0.046296296296296294
3 0.703125 0.5111111111111111 0.026041666666666668 0.046296296296296294
4 0.37552083333333336 0.5185185185185185 0.026041666666666668 0.046296296296296294
4 0.46979166666666666 0.5185185185185185 0.026041666666666668 0.046296296296296294
4 0.5166666666666667 0.5203703703703704 0.026041666666666668 0.046296296296296294
4 0.42916666666666664 0.5259259259259259 0.026041666666666668 0.046296296296296294
4 0.5166666666666667 0.5333333333333333 0.026041666666666668 0.046296296296296294
3 0.7192708333333333 0.5324074074074074 0.026041666666666668 0.046296296296296294
3 0.7333333333333333 0.5342592592592592 0.026041666666666668 0.046296296296296294
4 0.37864583333333335 0.5453703703703704 0.026041666666666668 0.046296296296296294
4 0.39947916666666666 0.5407407407407407 0.026041666666666668 0.046296296296296294
4 0.43645833333333334 0.5407407407407407 0.026041666666666668 0.046296296296296294
4 0.45416666666666666 0.5416666666666666 0.026041666666666668 0.046296296296296294
4 0.5692708333333333 0.5537037037037037 0.026041666666666668 0.046296296296296294
4 0.628125 0.5546296296296296 0.026041666666666668 0.046296296296296294
4 0.4864583333333333 0.5638888888888889 0.026041666666666668 0.046296296296296294
4 0.6411458333333333 0.562962962962963 0.026041666666666668 0.046296296296296294
3 0.7395833333333334 0.562037037037037 0.026041666666666668 0.046296296296296294
3 0.7614583333333333 0.5712962962962963 0.026041666666666668 0.046296296296296294
4 0.40729166666666666 0.5925925925925926 0.026041666666666668 0.046296296296296294
4 0.425 0.6027777777777777 0.026041666666666668 0.046296296296296294
4 0.5072916666666667 0.6111111111111112 0.026041666666666668 0.046296296296296294
4 0.4583333333333333 0.6194444444444445 0.026041666666666668 0.046296296296296294
3 0.7041666666666667 0.6287037037037037 0.026041666666666668 0.046296296296296294
4 0.4119791666666667 0.6425925925925926 0.026041666666666668 0.046296296296296294
4 0.5854166666666667 0.637962962962963 0.026041666666666668 0.046296296296296294
4 0.4984375 0.6472222222222223 0.026041666666666668 0.046296296296296294
3 0.7041666666666667 0.6518518518518519 0.026041666666666668 0.046296296296296294
2 0.20364583333333333 0.6620370370370371 0.026041666666666668 0.046296296296296294
4 0.39166666666666666 0.6592592592592592 0.026041666666666668 0.046296296296296294
1 0.22708333333333333 0.6722222222222223 0.026041666666666668 0.046296296296296294
1 0.675 0.6759259259259259 0.026041666666666668 0.046296296296296294
1 0.7041666666666667 0.6731481481481482 0.026041666666666668 0.046296296296296294
1 0.7666666666666667 0.6694444444444444 0.026041666666666668 0.046296296296296294
1 0.39895833333333336 0.6814814814814815 0.026041666666666668 0.046296296296296294
1 0.7880208333333333 0.6898148148148148 0.026041666666666668 0.046296296296296294
1 0.6239583333333333 0.700925925925926 0.026041666666666668 0.046296296296296294
1 0.18229166666666666 0.7129629629629629 0.026041666666666668 0.046296296296296294
1 0.2078125 0.7435185185185185 0.026041666666666668 0.046296296296296294
1 0.884375 0.7462962962962963 0.026041666666666668 0.046296296296296294
1 0.396875 0.7620370370370371 0.026041666666666668 0.046296296296296294
1 0.165625 0.7703703703703704 0.026041666666666668 0.046296296296296294
1 0.9520833333333333 0.7703703703703704 0.026041666666666668 0.046296296296296294
1 0.35052083333333334 0.8138888888888889 0.026041666666666668 0.046296296296296294
1 0.7661458333333333 0.8268518518518518 0.026041666666666668 0.046296296296296294
1 0.9182291666666667 0.8240740740740741 0.026041666666666668 0.046296296296296294
1 0.7880208333333333 0.8601851851851852 0.026041666666666668 0.046296296296296294
1 0.8260416666666667 0.8611111111111112 0.026041666666666668 0.046296296296296294
1 0.47239583333333335 0.8629629629629629 0.026041666666666668 0.046296296296296294
1 0.5130208333333334 0.8953703703703704 0.026041666666666668 0.046296296296296294
1 0.7270833333333333 0.9166666666666666 0.026041666666666668 0.046296296296296294
1 0.9395833333333333 0.925 0.026041666666666668 0.046296296296296294
1 0.671875 0.9305555555555556 0.026041666666666668 0.046296296296296294
1 0.8302083333333333 0.9388888888888889 0.026041666666666668 0.046296296296296294
1 0.9661458333333334 0.9435185185185185 0.026041666666666668 0.046296296296296294
1 0.16510416666666666 0.9731481481481481 0.026041666666666668 0.046296296296296294
1 0.340625 0.9861111111111112 0.026041666666666668 0.046296296296296294
1 0.14270833333333333 0.8240740740740741 0.026041666666666668 0.046296296296296294
1 0.4083333333333333 0.8111111111111111 0.026041666666666668 0.046296296296296294
1 0.3145833333333333 0.8074074074074075 0.026041666666666668 0.046296296296296294
1 0.3229166666666667 0.75 0.026041666666666668 0.046296296296296294
1 0.8697916666666666 0.8203703703703704 0.026041666666666668 0.046296296296296294
3 0.7604166666666666 0.6185185185185185 0.026041666666666668 0.046296296296296294
4 0.475 0.3648148148148148 0.026041666666666668 0.046296296296296294
2 0.17708333333333334 0.4648148148148148 0.026041666666666668 0.046296296296296294
1 0.5104166666666666 0.6777777777777778 0.026041666666666668 0.046296296296296294
1 0.490625 0.7907407407407407 0.026041666666666668 0.046296296296296294
1 0.44375 0.8462962962962963 0.026041666666666668 0.046296296296296294
4 0.6052083333333333 0.5740740740740741 0.026041666666666668 0.046296296296296294
4 0.6052083333333333 0.5481481481481482 0.026041666666666668 0.046296296296296294
4 0.5489583333333333 0.5555555555555556 0.026041666666666668 0.046296296296296294
4 0.5114583333333333 0.5537037037037037 0.026041666666666668 0.046296296296296294
