0 0.4901041666666667 0.12962962962962962 0.026041666666666668 0.046296296296296294
0 0.44166666666666665 0.13055555555555556 0.026041666666666668 0.046296296296296294
0 0.44947916666666665 0.13333333333333333 0.026041666666666668 0.046296296296296294
0 0.4708333333333333 0.13796296296296295 0.026041666666666668 0.046296296296296294
0 0.46145833333333336 0.14351851851851852 0.026041666666666668 0.046296296296296294
0 0.475 0.14444444444444443 0.026041666666666668 0.046296296296296294
0 0.49895833333333334 0.14629629629629629 0.026041666666666668 0.046296296296296294
0 0.48020833333333335 0.1537037037037037 0.026041666666666668 0.046296296296296294
0 0.45416666666666666 0.1685185185185185 0.026041666666666668 0.046296296296296294
0 0.4744791666666667 0.16574074074074074 0.026041666666666668 0.046296296296296294
0 0.4864583333333333 0.16666666666666666 0.026041666666666668 0.046296296296296294
0 0.4984375 0.16574074074074074 0.026041666666666668 0.046296296296296294
0 0.434375 0.17222222222222222 0.026041666666666668 0.046296296296296294
0 0.4421875 0.175 0.026041666666666668 0.046296296296296294
0 0.5083333333333333 0.17685185185185184 0.026041666666666668 0.046296296296296294
0 0.4875 0.1824074074074074 0.026041666666666668 0.046296296296296294
0 0.4984375 0.1824074074074074 0.026041666666666668 0.046296296296296294
0 0.5 0.19907407407407407 0.026041666666666668 0.046296296296296294
0 0.4484375 0.21851851851851853 0.026041666666666668 0.046296296296296294
0 0.45364583333333336 0.23148148148148148 0.026041666666666668 0.046296296296296294
0 0.49947916666666664 0.23703703703703705 0.026041666666666668 0.046296296296296294
0 0.4739583333333333 0.25092592592592594 0.026041666666666668 0.046296296296296294
0 0.4864583333333333 0.25092592592592594 0.026041666666666668 0.046296296296296294
0 0.5036458333333333 0.2537037037037037 0.026041666666666668 0.046296296296296294
0 0.4317708333333333 0.25833333333333336 0.026041666666666668 0.046296296296296294
0 0.49166666666666664 0.2638888888888889 0.026041666666666668 0.046296296296296294
0 0.45208333333333334 0.2712962962962963 0.026041666666666668 0.046296296296296294
0 0.46979166666666666 0.26944444444444443 0.026041666666666668 0.046296296296296294
0 0.49895833333333334 0.26851851851851855 0.026041666666666668 0.046296296296296294
0 0.490625 0.27685185185185185 0.026041666666666668 0.046296296296296294
0 0.5119791666666667 0.2796296296296296 0.026041666666666668 0.046296296296296294
0 0.45260416666666664 0.2824074074074074 0.026041666666666668 0.046296296296296294
0 0.46458333333333335 0.2851851851851852 0.026041666666666668 0.046296296296296294
0 0.5067708333333333 0.2851851851851852 0.026041666666666668 0.046296296296296294
0 0.5338541666666666 0.28703703703703703 0.026041666666666668 0.046296296296296294
0 0.6953125 0.28425925925925927 0.026041666666666668 0.046296296296296294
0 0.7072916666666667 0.2814814814814815 0.026041666666666668 0.046296296296296294
0 0.5020833333333333 0.2953703703703704 0.026041666666666668 0.046296296296296294
0 0.453125 0.30925925925925923 0.026041666666666668 0.046296296296296294
0 0.5078125 0.30648148148148147 0.026041666666666668 0.046296296296296294
0 0.5380208333333333 0.30925925925925923 0.026041666666666668 0.046296296296296294
0 0.5104166666666666 0.31574074074074077 0.026041666666666668 0.046296296296296294
0 0.5255208333333333 0.32407407407407407 0.026041666666666668 0.046296296296296294
4 0.44427083333333334 0.33425925925925926 0.026041666666666668 0.046296296296296294
0 0.45625 0.33055555555555555 0.026041666666666668 0.046296296296296294
4 0.50625 0.3398148148148148 0.026041666666666668 0.046296296296296294
4 0.5244791666666667 0.34074074074074073 0.026041666666666668 0.046296296296296294
4 0.4109375 0.3453703703703704 0.026041666666666668 0.046296296296296294
4 0.43333333333333335 0.3453703703703704 0.026041666666666668 0.046296296296296294
4 0.45677083333333335 0.3472222222222222 0.026041666666666668 0.046296296296296294
4 0.5 0.3472222222222222 0.026041666666666668 0.046296296296296294
4 0.378125 0.35555555555555557 0.026041666666666668 0.046296296296296294
4 0.39166666666666666 0.3527777777777778 0.026041666666666668 0.046296296296296294
4 0.39895833333333336 0.35555555555555557 0.026041666666666668 0.046296296296296294
4 0.4453125 0.35555555555555557 0.026041666666666668 0.046296296296296294
4 0.37447916666666664 0.3648148148148148 0.026041666666666668 0.046296296296296294
4 0.4041666666666667 0.3648148148148148 0.026041666666666668 0.046296296296296294
4 0.42135416666666664 0.3638888888888889 0.026041666666666668 0.046296296296296294
4 0.46979166666666666 0.3638888888888889 0.026041666666666668 0.046296296296296294
4 0.5046875 0.36203703703703705 0.026041666666666668 0.046296296296296294
4 0.37552083333333336 0.37222222222222223 0.026041666666666668 0.046296296296296294
4 0.3828125 0.37037037037037035 0.026041666666666668 0.046296296296296294
4 0.4078125 0.3712962962962963 0.026041666666666668 0.046296296296296294
4 0.42864583333333334 0.37037037037037035 0.026041666666666668 0.046296296296296294
4 0.4578125 0.3685185185185185 0.026041666666666668 0.046296296296296294
3 0.6776041666666667 0.36574074074074076 0.026041666666666668 0.046296296296296294
4 0.41302083333333334 0.3814814814814815 0.026041666666666668 0.046296296296296294
4 0.5041666666666667 0.37777777777777777 0.026041666666666668 0.046296296296296294
4 0.6536458333333334 0.37777777777777777 0.026041666666666668 0.046296296296296294
4 0.39427083333333335 0.3851851851851852 0.026041666666666668 0.046296296296296294
4 0.5088541666666667 0.39537037037037037 0.026041666666666668 0.046296296296296294
2 0.2109375 0.39814814814814814 0.026041666666666668 0.046296296296296294
4 0.440625 0.4009259259259259 0.026041666666666668 0.046296296296296294
4 0.6541666666666667 0.40185185185185185 0.026041666666666668 0.046296296296296294
2 0.19635416666666666 0.4111111111111111 0.026041666666666668 0.046296296296296294
4 0.5119791666666667 0.4064814814814815 0.026041666666666668 0.046296296296296294
4 0.47760416666666666 0.41944444444444445 0.026041666666666668 0.046296296296296294
4 0.425 0.425 0.026041666666666668 0.046296296296296294
4 0.45416666666666666 0.42592592592592593 0.026041666666666668 0.046296296296296294
4 0.5203125 0.42592592592592593 0.026041666666666668 0.046296296296296294
4 0.6578125 0.42592592592592593 0.026041666666666668 0.046296296296296294
4 0.6505208333333333 0.43333333333333335 0.026041666666666668 0.046296296296296294
4 0.49895833333333334 0.44074074074074077 0.026041666666666668 0.046296296296296294
4 0.5161458333333333 0.44351851851851853 0.026041666666666668 0.046296296296296294
3 0.7083333333333334 0.4388888888888889 0.026041666666666668 0.046296296296296294
4 0.6572916666666667 0.44722222222222224 0.026041666666666668 0.046296296296296294
2 0.22395833333333334 0.4583333333333333 0.026041666666666668 0.046296296296296294
4 0.525 0.4583333333333333 0.026041666666666668 0.046296296296296294
4 0.6661458333333333 0.4722222222222222 0.026041666666666668 0.046296296296296294
3 0.6890625 0.4759259259259259 0.026041666666666668 0.046296296296296294
4 0.5182291666666666 0.4787037037037037 0.026041666666666668 0.046296296296296294
4 0.5125 0.487962962962963 0.026041666666666668 0.046296296296296294
3 0.6817708333333333 0.48703703703703705 0.026041666666666668 0.046296296296296294
4 0.5255208333333333 0.5027777777777778 0.026041666666666668 0.046296296296296294
4 0.628125 0.5018518518518519 0.026041666666666668 0.046296296296296294
3 0.6942708333333333 0.5055555555555555 0.026041666666666668 0.046296296296296294
2 0.14479166666666668 0.5092592592592593 0.026041666666666668 0.046296296296296294
4 0.49583333333333335 0.5074074074074074 0.026041666666666668 0.046296296296296294
4 0.4328125 0.5185185185185185 0.026041666666666668 0.046296296296296294
4 0.51875 0.5166666666666667 0.026041666666666668 0.046296296296296294
4 0.6369791666666667 0.5175925925925926 0.026041666666666668 0.046296296296296294
4 0.665625 0.5277777777777778 0.026041666666666668 0.046296296296296294
4 0.5296875 0.5342592592592592 0.026041666666666668 0.046296296296296294
3 0.71875 0.5333333333333333 0.026041666666666668 0.046296296296296294
4 0.5588541666666667 0.5509259259259259 0.026041666666666668 0.046296296296296294
4 0.5916666666666667 0.5555555555555556 0.026041666666666668 0.046296296296296294
3 0.7578125 0.5564814814814815 0.026041666666666668 0.046296296296296294
4 0.5364583333333334 0.5638888888888889 0.026041666666666668 0.046296296296296294
3 0.7302083333333333 0.562037037037037 0.026041666666666668 0.046296296296296294
4 0.5802083333333333 0.575 0.026041666666666668 0.046296296296296294
4 0.6484375 0.5842592592592593 0.026041666666666668 0.046296296296296294
3 0.690625 0.6092592592592593 0.026041666666666668 0.046296296296296294
2 0.190625 0.6222222222222222 0.026041666666666668 0.046296296296296294
4 0.4984375 0.6240740740740741 0.026041666666666668 0.046296296296296294
2 0.203125 0.6435185185185185 0.026041666666666668 0.046296296296296294
3 0.7671875 0.6425925925925926 0.026041666666666668 0.046296296296296294
4 0.5822916666666667 0.6509259259259259 0.026041666666666668 0.046296296296296294
2 0.1828125 0.6592592592592592 0.026041666666666668 0.046296296296296294
4 0.6369791666666667 0.6666666666666666 0.026041666666666668 0.046296296296296294
3 0.7401041666666667 0.6583333333333333 0.026041666666666668 0.046296296296296294
1 0.21041666666666667 0.675 0.026041666666666668 0.046296296296296294
1 0.5994791666666667 0.6787037037037037 0.026041666666666668 0.046296296296296294
1 0.4046875 0.6787037037037037 0.026041666666666668 0.046296296296296294
1 0.5166666666666667 0.7092592592592593 0.026041666666666668 0.046296296296296294
1 0.4817708333333333 0.7185185185185186 0.026041666666666668 0.046296296296296294
1 0.16979166666666667 0.7231481481481481 0.026041666666666668 0.046296296296296294
1 0.8838541666666667 0.75 0.026041666666666668 0.046296296296296294
1 0.4713541666666667 0.7611111111111111 0.026041666666666668 0.046296296296296294
1 0.975 0.8527777777777777 0.026041666666666668 0.046296296296296294
1 0.7265625 0.9305555555555556 0.026041666666666668 0.046296296296296294
1 0.9760416666666667 0.9351851851851852 0.026041666666666668 0.046296296296296294
2 0.23020833333333332 0.6462962962962963 0.026041666666666668 0.046296296296296294
2 0.21875 0.5944444444444444 0.026041666666666668 0.046296296296296294
2 0.16354166666666667 0.4148148148148148 0.026041666666666668 0.046296296296296294
2 0.18645833333333334 0.39444444444444443 0.026041666666666668 0.046296296296296294
1 0.7708333333333334 0.85 0.026041666666666668 0.046296296296296294
1 0.7885416666666667 0.8851851851851852 0.026041666666666668 0.046296296296296294
1 0.825 0.8722222222222222 0.026041666666666668 0.046296296296296294
1 0.8145833333333333 0.837037037037037 0.026041666666666668 0.046296296296296294
1 0.86875 0.8203703703703704 0.026041666666666668 0.046296296296296294
1 0.990625 0.8574074074074074 0.026041666666666668 0.046296296296296294
1 0.7739583333333333 0.687037037037037 0.026041666666666668 0.046296296296296294
1 0.66875 0.6703703703703704 0.026041666666666668 0.046296296296296294
0 0.4125 0.21666666666666667 0.026041666666666668 0.046296296296296294
4 0.44166666666666665 0.6518518518518519 0.026041666666666668 0.046296296296296294
4 0.509375 0.6203703703703703 0.026041666666666668 0.046296296296296294
4 0.5260416666666666 0.5740740740740741 0.026041666666666668 0.046296296296296294
3 0.7760416666666666 0.5925925925925926 0.026041666666666668 0.046296296296296294
4 0.625 0.5518518518518518 0.026041666666666668 0.046296296296296294
4 0.6145833333333334 0.5111111111111111 0.026041666666666668 0.046296296296296294
4 0.6364583333333333 0.5425925925925926 0.026041666666666668 0.046296296296296294
