0 0.49114583333333334 0.12222222222222222 0.026041666666666668 0.046296296296296294
0 0.4546875 0.13333333333333333 0.026041666666666668 0.046296296296296294
0 0.46145833333333336 0.13425925925925927 0.026041666666666668 0.046296296296296294
0 0.4401041666666667 0.14351851851851852 0.026041666666666668 0.046296296296296294
0 0.4625 0.15185185185185185 0.026041666666666668 0.046296296296296294
0 0.47760416666666666 0.1537037037037037 0.026041666666666668 0.046296296296296294
0 0.475 0.16111111111111112 0.026041666666666668 0.046296296296296294
0 0.48333333333333334 0.16111111111111112 0.026041666666666668 0.046296296296296294
0 0.44895833333333335 0.16574074074074074 0.026041666666666668 0.046296296296296294
0 0.4317708333333333 0.175 0.026041666666666668 0.046296296296296294
0 0.46822916666666664 0.175 0.026041666666666668 0.046296296296296294
0 0.48333333333333334 0.17685185185185184 0.026041666666666668 0.046296296296296294
0 0.440625 0.2462962962962963 0.026041666666666668 0.046296296296296294
0 0.5098958333333333 0.2518518518518518 0.026041666666666668 0.046296296296296294
0 0.4947916666666667 0.27685185185185185 0.026041666666666668 0.046296296296296294
0 0.46979166666666666 0.28425925925925927 0.026041666666666668 0.046296296296296294
0 0.5052083333333334 0.28703703703703703 0.026041666666666668 0.046296296296296294
0 0.546875 0.28703703703703703 0.026041666666666668 0.046296296296296294
0 0.425 0.29074074074074074 0.026041666666666668 0.046296296296296294
0 0.4578125 0.2935185185185185 0.026041666666666668 0.046296296296296294
0 0.490625 0.29444444444444445 0.026041666666666668 0.046296296296296294
0 0.6911458333333333 0.2935185185185185 0.026041666666666668 0.046296296296296294
0 0.43697916666666664 0.29814814814814816 0.026041666666666668 0.046296296296296294
0 0.5 0.3 0.026041666666666668 0.046296296296296294
0 0.5057291666666667 0.29907407407407405 0.026041666666666668 0.046296296296296294
0 0.4708333333333333 0.3074074074074074 0.026041666666666668 0.046296296296296294
0 0.5489583333333333 0.3101851851851852 0.026041666666666668 0.046296296296296294
0 0.42083333333333334 0.3175925925925926 0.026041666666666668 0.046296296296296294
0 0.5276041666666667 0.3148148148148148 0.026041666666666668 0.046296296296296294
0 0.70625 0.31296296296296294 0.026041666666666668 0.046296296296296294
0 0.4791666666666667 0.32222222222222224 0.026041666666666668 0.046296296296296294
0 0.49166666666666664 0.32314814814814813 0.026041666666666668 0.046296296296296294
0 0.5036458333333333 0.32592592592592595 0.026041666666666668 0.046296296296296294
0 0.4359375 0.33055555555555555 0.026041666666666668 0.046296296296296294
4 0.44895833333333335 0.33796296296296297 0.026041666666666668 0.046296296296296294
4 0.5166666666666667 0.3416666666666667 0.026041666666666668 0.046296296296296294
4 0.46822916666666664 0.3472222222222222 0.026041666666666668 0.046296296296296294
4 0.4739583333333333 0.3509259259259259 0.026041666666666668 0.046296296296296294
4 0.3828125 0.3527777777777778 0.026041666666666668 0.046296296296296294
4 0.39010416666666664 0.3527777777777778 0.026041666666666668 0.046296296296296294
4 0.39947916666666666 0.35462962962962963 0.026041666666666668 0.046296296296296294
4 0.5114583333333333 0.3574074074074074 0.026041666666666668 0.046296296296296294
4 0.3697916666666667 0.3611111111111111 0.026041666666666668 0.046296296296296294
4 0.4088541666666667 0.36203703703703705 0.026041666666666668 0.046296296296296294
4 0.44114583333333335 0.36574074074074076 0.026041666666666668 0.046296296296296294
4 0.45416666666666666 0.3638888888888889 0.026041666666666668 0.046296296296296294
4 0.3953125 0.36944444444444446 0.026041666666666668 0.046296296296296294
4 0.4161458333333333 0.3712962962962963 0.026041666666666668 0.046296296296296294
4 0.5359375 0.3685185185185185 0.026041666666666668 0.046296296296296294
4 0.3828125 0.3861111111111111 0.026041666666666668 0.046296296296296294
4 0.5114583333333333 0.3861111111111111 0.026041666666666668 0.046296296296296294
4 0.44947916666666665 0.39351851851851855 0.026041666666666668 0.046296296296296294
4 0.6515625 0.39351851851851855 0.026041666666666668 0.046296296296296294
4 0.6619791666666667 0.39537037037037037 0.026041666666666668 0.046296296296296294
4 0.5286458333333334 0.4074074074074074 0.026041666666666668 0.046296296296296294
2 0.19947916666666668 0.4074074074074074 0.026041666666666668 0.046296296296296294
2 0.2078125 0.4083333333333333 0.026041666666666668 0.046296296296296294
4 0.39895833333333336 0.4101851851851852 0.026041666666666668 0.046296296296296294
4 0.5203125 0.4074074074074074 0.026041666666666668 0.046296296296296294
4 0.6505208333333333 0.4083333333333333 0.026041666666666668 0.046296296296296294
3 0.7046875 0.4101851851851852 0.026041666666666668 0.046296296296296294
2 0.19114583333333332 0.4166666666666667 0.026041666666666668 0.046296296296296294
4 0.42135416666666664 0.41759259259259257 0.026041666666666668 0.046296296296296294
4 0.4744791666666667 0.4185185185185185 0.026041666666666668 0.046296296296296294
4 0.49947916666666664 0.41574074074074074 0.026041666666666668 0.046296296296296294
4 0.6572916666666667 0.4166666666666667 0.026041666666666668 0.046296296296296294
4 0.5197916666666667 0.42592592592592593 0.026041666666666668 0.046296296296296294
3 0.6713541666666667 0.42592592592592593 0.026041666666666668 0.046296296296296294
3 0.6734375 0.4361111111111111 0.026041666666666668 0.046296296296296294
4 0.475 0.4398148148148148 0.026041666666666668 0.046296296296296294
4 0.6536458333333334 0.44907407407407407 0.026041666666666668 0.046296296296296294
4 0.4453125 0.4638888888888889 0.026041666666666668 0.046296296296296294
4 0.665625 0.4648148148148148 0.026041666666666668 0.046296296296296294
4 0.39114583333333336 0.47314814814814815 0.026041666666666668 0.046296296296296294
4 0.428125 0.4703703703703704 0.026041666666666668 0.046296296296296294
4 0.5125 0.4722222222222222 0.026041666666666668 0.046296296296296294
4 0.39947916666666666 0.487962962962963 0.026041666666666668 0.046296296296296294
4 0.5166666666666667 0.48703703703703705 0.026041666666666668 0.046296296296296294
4 0.6286458333333333 0.49074074074074076 0.026041666666666668 0.046296296296296294
4 0.5244791666666667 0.49444444444444446 0.026041666666666668 0.046296296296296294
4 0.4583333333333333 0.5027777777777778 0.026041666666666668 0.046296296296296294
4 0.6536458333333334 0.5018518518518519 0.026041666666666668 0.046296296296296294
4 0.4515625 0.5120370370370371 0.026041666666666668 0.046296296296296294
4 0.4979166666666667 0.5101851851851852 0.026041666666666668 0.046296296296296294
4 0.5166666666666667 0.512962962962963 0.026041666666666668 0.046296296296296294
3 0.6989583333333333 0.5120370370370371 0.026041666666666668 0.046296296296296294
4 0.44583333333333336 0.5203703703703704 0.026041666666666668 0.046296296296296294
4 0.6286458333333333 0.5185185185185185 0.026041666666666668 0.046296296296296294
4 0.6166666666666667 0.5277777777777778 0.026041666666666668 0.046296296296296294
3 0.6697916666666667 0.5268518518518519 0.026041666666666668 0.046296296296296294
3 0.7197916666666667 0.5277777777777778 0.026041666666666668 0.046296296296296294
4 0.403125 0.5398148148148149 0.026041666666666668 0.046296296296296294
4 0.44427083333333334 0.5416666666666666 0.026041666666666668 0.046296296296296294
4 0.4739583333333333 0.5444444444444444 0.026041666666666668 0.046296296296296294
4 0.6 0.5444444444444444 0.026041666666666668 0.046296296296296294
3 0.6869791666666667 0.5398148148148149 0.026041666666666668 0.046296296296296294
4 0.5291666666666667 0.55 0.026041666666666668 0.046296296296296294
4 0.6119791666666666 0.55 0.026041666666666668 0.046296296296296294
4 0.5489583333333333 0.5546296296296296 0.026041666666666668 0.046296296296296294
4 0.5911458333333334 0.5592592592592592 0.026041666666666668 0.046296296296296294
3 0.7479166666666667 0.5564814814814815 0.026041666666666668 0.046296296296296294
3 0.7354166666666667 0.562037037037037 0.026041666666666668 0.046296296296296294
3 0.7411458333333333 0.5712962962962963 0.026041666666666668 0.046296296296296294
3 0.7625 0.575 0.026041666666666668 0.046296296296296294
4 0.39947916666666666 0.5796296296296296 0.026041666666666668 0.046296296296296294
4 0.44375 0.5879629629629629 0.026041666666666668 0.046296296296296294
4 0.5526041666666667 0.587037037037037 0.026041666666666668 0.046296296296296294
4 0.5947916666666667 0.587037037037037 0.026041666666666668 0.046296296296296294
4 0.5661458333333333 0.6083333333333333 0.026041666666666668 0.046296296296296294
4 0.6505208333333333 0.612037037037037 0.026041666666666668 0.046296296296296294
3 0.7364583333333333 0.6148148148148148 0.026041666666666668 0.046296296296296294
4 0.4432291666666667 0.6203703703703703 0.026041666666666668 0.046296296296296294
4 0.3859375 0.6268518518518519 0.026041666666666668 0.046296296296296294
4 0.4244791666666667 0.6259259259259259 0.026041666666666668 0.046296296296296294
4 0.5755208333333334 0.6351851851851852 0.026041666666666668 0.046296296296296294
3 0.7375 0.6472222222222223 0.026041666666666668 0.046296296296296294
4 0.6244791666666667 0.6555555555555556 0.026041666666666668 0.046296296296296294
4 0.6526041666666667 0.6638888888888889 0.026041666666666668 0.046296296296296294
3 0.7833333333333333 0.6638888888888889 0.026041666666666668 0.046296296296296294
1 0.7072916666666667 0.6824074074074075 0.026041666666666668 0.046296296296296294
1 0.2760416666666667 0.762962962962963 0.026041666666666668 0.046296296296296294
1 0.475 0.7592592592592593 0.026041666666666668 0.046296296296296294
1 0.8296875 0.7555555555555555 0.026041666666666668 0.046296296296296294
1 0.6020833333333333 0.8157407407407408 0.026041666666666668 0.046296296296296294
1 0.5567708333333333 0.8111111111111111 0.026041666666666668 0.046296296296296294
1 0.6166666666666667 0.8574074074074074 0.026041666666666668 0.046296296296296294
1 0.8125 0.8537037037037037 0.026041666666666668 0.046296296296296294
1 0.6473958333333333 0.8546296296296296 0.026041666666666668 0.046296296296296294
1 0.43854166666666666 0.862037037037037 0.026041666666666668 0.046296296296296294
1 0.8338541666666667 0.8694444444444445 0.026041666666666668 0.046296296296296294
1 0.4119791666666667 0.875 0.026041666666666668 0.046296296296296294
1 0.9130208333333333 0.924074074074074 0.026041666666666668 0.046296296296296294
1 0.3265625 0.9472222222222222 0.026041666666666668 0.046296296296296294
1 0.36302083333333335 0.9518518518518518 0.026041666666666668 0.046296296296296294
1 0.5317708333333333 0.9537037037037037 0.026041666666666668 0.046296296296296294
1 0.9421875 0.9703703703703703 0.026041666666666668 0.046296296296296294
1 0.4354166666666667 0.9972222222222222 0.026041666666666668 0.046296296296296294
1 0.5140625 0.9944444444444445 0.026041666666666668 0.046296296296296294
1 0.22395833333333334 0.7074074074074074 0.026041666666666668 0.046296296296296294
1 0.3458333333333333 0.7833333333333333 0.026041666666666668 0.046296296296296294
1 0.39895833333333336 0.7666666666666667 0.026041666666666668 0.046296296296296294
1 0.5479166666666667 0.8740740740740741 0.026041666666666668 0.046296296296296294
1 0.775 0.8074074074074075 0.026041666666666668 0.046296296296296294
1 0.9114583333333334 0.7833333333333333 0.026041666666666668 0.046296296296296294
1 0.896875 0.7148148148148148 0.026041666666666668 0.046296296296296294
1 0.9635416666666666 0.9388888888888889 0.026041666666666668 0.046296296296296294
1 0.8302083333333333 0.9444444444444444 0.026041666666666668 0.046296296296296294
1 0.7197916666666667 0.7611111111111111 0.026041666666666668 0.046296296296296294
1 0.690625 0.6703703703703704 0.026041666666666668 0.046296296296296294
3 0.6708333333333333 0.6277777777777778 0.026041666666666668 0.046296296296296294
4 0.5729166666666666 0.4925925925925926 0.026041666666666668 0.046296296296296294
4 0.496875 0.5888888888888889 0.026041666666666668 0.046296296296296294
4 0.4625 0.5703703703703704 0.026041666666666668 0.046296296296296294
2 0.16770833333333332 0.4166666666666667 0.026041666666666668 0.046296296296296294
3 0.6708333333333333 0.48148148148148145 0.026041666666666668 0.046296296296296294
1 0.7791666666666667 0.7185185185185186 0.026041666666666668 0.046296296296296294
