0 0.4703125 0.11388888888888889 0.026041666666666668 0.046296296296296294
0 0.48385416666666664 0.12129629629629629 0.026041666666666668 0.046296296296296294
0 0.49114583333333334 0.12037037037037036 0.026041666666666668 0.046296296296296294
0 0.4713541666666667 0.13148148148148148 0.026041666666666668 0.046296296296296294
0 0.46197916666666666 0.13703703703703704 0.026041666666666668 0.046296296296296294
0 0.46145833333333336 0.15648148148148147 0.026041666666666668 0.046296296296296294
0 0.44947916666666665 0.15925925925925927 0.026041666666666668 0.046296296296296294
0 0.4317708333333333 0.175 0.026041666666666668 0.046296296296296294
0 0.49947916666666664 0.17407407407407408 0.026041666666666668 0.046296296296296294
0 0.509375 0.18333333333333332 0.026041666666666668 0.046296296296296294
0 0.4791666666666667 0.19166666666666668 0.026041666666666668 0.046296296296296294
0 0.5041666666666667 0.18888888888888888 0.026041666666666668 0.046296296296296294
0 0.48333333333333334 0.19907407407407407 0.026041666666666668 0.046296296296296294
0 0.46145833333333336 0.2222222222222222 0.026041666666666668 0.046296296296296294
0 0.47291666666666665 0.22314814814814815 0.026041666666666668 0.046296296296296294
0 0.44375 0.23055555555555557 0.026041666666666668 0.046296296296296294
0 0.4328125 0.2351851851851852 0.026041666666666668 0.046296296296296294
0 0.44427083333333334 0.24351851851851852 0.026041666666666668 0.046296296296296294
0 0.43697916666666664 0.262037037037037 0.026041666666666668 0.046296296296296294
0 0.46510416666666665 0.2675925925925926 0.026041666666666668 0.046296296296296294
0 0.47760416666666666 0.27870370370370373 0.026041666666666668 0.046296296296296294
0 0.49114583333333334 0.2722222222222222 0.026041666666666668 0.046296296296296294
0 0.49270833333333336 0.28425925925925927 0.026041666666666668 0.046296296296296294
0 0.6953125 0.287962962962963 0.026041666666666668 0.046296296296296294
0 0.4588541666666667 0.2935185185185185 0.026041666666666668 0.046296296296296294
0 0.465625 0.2935185185185185 0.026041666666666668 0.046296296296296294
0 0.50625 0.29074074074074074 0.026041666666666668 0.046296296296296294
0 0.4359375 0.3037037037037037 0.026041666666666668 0.046296296296296294
0 0.4739583333333333 0.29814814814814816 0.026041666666666668 0.046296296296296294
0 0.4859375 0.30185185185185187 0.026041666666666668 0.046296296296296294
0 0.5026041666666666 0.29907407407407405 0.026041666666666668 0.046296296296296294
0 0.5140625 0.30092592592592593 0.026041666666666668 0.046296296296296294
0 0.5192708333333333 0.3 0.026041666666666668 0.046296296296296294
0 0.5505208333333333 0.30925925925925923 0.026041666666666668 0.046296296296296294
0 0.4234375 0.31296296296296294 0.026041666666666668 0.046296296296296294
0 0.4947916666666667 0.31851851851851853 0.026041666666666668 0.046296296296296294
0 0.7067708333333333 0.3138888888888889 0.026041666666666668 0.046296296296296294
0 0.4734375 0.32037037037037036 0.026041666666666668 0.046296296296296294
0 0.4859375 0.325 0.026041666666666668 0.046296296296296294
0 0.4953125 0.33240740740740743 0.026041666666666668 0.046296296296296294
4 0.5098958333333333 0.3333333333333333 0.026041666666666668 0.046296296296296294
4 0.4322916666666667 0.33796296296296297 0.026041666666666668 0.046296296296296294
4 0.453125 0.3398148148148148 0.026041666666666668 0.046296296296296294
4 0.528125 0.3388888888888889 0.026041666666666668 0.046296296296296294
4 0.5421875 0.3388888888888889 0.026041666666666668 0.046296296296296294
4 0.5494791666666666 0.3416666666666667 0.026041666666666668 0.046296296296296294
4 0.44166666666666665 0.34814814814814815 0.026041666666666668 0.046296296296296294
4 0.5166666666666667 0.3472222222222222 0.026041666666666668 0.046296296296296294
4 0.3848958333333333 0.35648148148148145 0.026041666666666668 0.046296296296296294
4 0.4046875 0.3537037037037037 0.026041666666666668 0.046296296296296294
4 0.415625 0.3537037037037037 0.026041666666666668 0.046296296296296294
4 0.4822916666666667 0.35462962962962963 0.026041666666666668 0.046296296296296294
4 0.39114583333333336 0.3638888888888889 0.026041666666666668 0.046296296296296294
4 0.4401041666666667 0.362962962962963 0.026041666666666668 0.046296296296296294
4 0.5416666666666666 0.3675925925925926 0.026041666666666668 0.046296296296296294
4 0.37864583333333335 0.37407407407407406 0.026041666666666668 0.046296296296296294
4 0.44583333333333336 0.3787037037037037 0.026041666666666668 0.046296296296296294
4 0.5151041666666667 0.3787037037037037 0.026041666666666668 0.046296296296296294
4 0.39791666666666664 0.39537037037037037 0.026041666666666668 0.046296296296296294
4 0.45364583333333336 0.39351851851851855 0.026041666666666668 0.046296296296296294
4 0.5291666666666667 0.39537037037037037 0.026041666666666668 0.046296296296296294
4 0.5375 0.3962962962962963 0.026041666666666668 0.046296296296296294
4 0.6578125 0.3962962962962963 0.026041666666666668 0.046296296296296294
4 0.37864583333333335 0.40185185185185185 0.026041666666666668 0.046296296296296294
4 0.453125 0.4027777777777778 0.026041666666666668 0.046296296296296294
4 0.4661458333333333 0.4027777777777778 0.026041666666666668 0.046296296296296294
4 0.4942708333333333 0.4027777777777778 0.026041666666666668 0.046296296296296294
4 0.515625 0.4009259259259259 0.026041666666666668 0.046296296296296294
2 0.20625 0.4064814814814815 0.026041666666666668 0.046296296296296294
4 0.44114583333333335 0.4083333333333333 0.026041666666666668 0.046296296296296294
4 0.65 0.40555555555555556 0.026041666666666668 0.046296296296296294
3 0.7041666666666667 0.4083333333333333 0.026041666666666668 0.046296296296296294
2 0.19635416666666666 0.4166666666666667 0.026041666666666668 0.046296296296296294
4 0.5197916666666667 0.4203703703703704 0.026041666666666668 0.046296296296296294
4 0.5375 0.41388888888888886 0.026041666666666668 0.046296296296296294
4 0.4244791666666667 0.425 0.026041666666666668 0.046296296296296294
4 0.6614583333333334 0.42407407407407405 0.026041666666666668 0.046296296296296294
3 0.68125 0.42407407407407405 0.026041666666666668 0.046296296296296294
3 0.671875 0.4305555555555556 0.026041666666666668 0.046296296296296294
3 0.6770833333333334 0.43425925925925923 0.026041666666666668 0.046296296296296294
4 0.46875 0.4425925925925926 0.026041666666666668 0.046296296296296294
4 0.5083333333333333 0.44907407407407407 0.026041666666666668 0.046296296296296294
4 0.653125 0.45092592592592595 0.026041666666666668 0.046296296296296294
4 0.6651041666666667 0.44907407407407407 0.026041666666666668 0.046296296296296294
3 0.6921875 0.44814814814814813 0.026041666666666668 0.046296296296296294
4 0.6666666666666666 0.4648148148148148 0.026041666666666668 0.046296296296296294
4 0.37395833333333334 0.48148148148148145 0.026041666666666668 0.046296296296296294
4 0.44635416666666666 0.4787037037037037 0.026041666666666668 0.046296296296296294
4 0.5015625 0.48055555555555557 0.026041666666666668 0.046296296296296294
3 0.6708333333333333 0.48055555555555557 0.026041666666666668 0.046296296296296294
4 0.4588541666666667 0.4898148148148148 0.026041666666666668 0.046296296296296294
4 0.5182291666666666 0.4861111111111111 0.026041666666666668 0.046296296296296294
4 0.6447916666666667 0.48703703703703705 0.026041666666666668 0.046296296296296294
4 0.4244791666666667 0.49537037037037035 0.026041666666666668 0.046296296296296294
4 0.6244791666666667 0.5027777777777778 0.026041666666666668 0.046296296296296294
4 0.6453125 0.5037037037037037 0.026041666666666668 0.046296296296296294
3 0.6708333333333333 0.4981481481481482 0.026041666666666668 0.046296296296296294
4 0.49635416666666665 0.5111111111111111 0.026041666666666668 0.046296296296296294
4 0.5109375 0.5194444444444445 0.026041666666666668 0.046296296296296294
4 0.5614583333333333 0.5194444444444445 0.026041666666666668 0.046296296296296294
4 0.42864583333333334 0.5277777777777778 0.026041666666666668 0.046296296296296294
4 0.6130208333333333 0.5268518518518519 0.026041666666666668 0.046296296296296294
4 0.6333333333333333 0.5259259259259259 0.026041666666666668 0.046296296296296294
3 0.6708333333333333 0.5231481481481481 0.026041666666666668 0.046296296296296294
4 0.446875 0.5342592592592592 0.026041666666666668 0.046296296296296294
4 0.5609375 0.5342592592592592 0.026041666666666668 0.046296296296296294
3 0.7260416666666667 0.5259259259259259 0.026041666666666668 0.046296296296296294
4 0.6067708333333334 0.5435185185185185 0.026041666666666668 0.046296296296296294
4 0.39947916666666666 0.5444444444444444 0.026041666666666668 0.046296296296296294
4 0.44947916666666665 0.5509259259259259 0.026041666666666668 0.046296296296296294
4 0.5989583333333334 0.5527777777777778 0.026041666666666668 0.046296296296296294
4 0.4328125 0.5564814814814815 0.026041666666666668 0.046296296296296294
4 0.4786458333333333 0.5583333333333333 0.026041666666666668 0.046296296296296294
4 0.584375 0.5527777777777778 0.026041666666666668 0.046296296296296294
4 0.46510416666666665 0.5657407407407408 0.026041666666666668 0.046296296296296294
4 0.5036458333333333 0.5675925925925925 0.026041666666666668 0.046296296296296294
3 0.7385416666666667 0.5574074074074075 0.026041666666666668 0.046296296296296294
3 0.7625 0.5657407407407408 0.026041666666666668 0.046296296296296294
4 0.5479166666666667 0.5731481481481482 0.026041666666666668 0.046296296296296294
4 0.5776041666666667 0.5842592592592593 0.026041666666666668 0.046296296296296294
4 0.5942708333333333 0.5787037037037037 0.026041666666666668 0.046296296296296294
3 0.7645833333333333 0.5777777777777777 0.026041666666666668 0.046296296296296294
4 0.44947916666666665 0.5861111111111111 0.026041666666666668 0.046296296296296294
4 0.5229166666666667 0.5888888888888889 0.026041666666666668 0.046296296296296294
4 0.4791666666666667 0.5962962962962963 0.026041666666666668 0.046296296296296294
4 0.428125 0.6037037037037037 0.026041666666666668 0.046296296296296294
4 0.6302083333333334 0.6037037037037037 0.026041666666666668 0.046296296296296294
4 0.5921875 0.6129629629629629 0.026041666666666668 0.046296296296296294
4 0.578125 0.6194444444444445 0.026041666666666668 0.046296296296296294
4 0.5244791666666667 0.6351851851851852 0.026041666666666668 0.046296296296296294
4 0.5916666666666667 0.65 0.026041666666666668 0.046296296296296294
4 0.39114583333333336 0.6583333333333333 0.026041666666666668 0.046296296296296294
4 0.6328125 0.6574074074074074 0.026041666666666668 0.046296296296296294
1 0.45729166666666665 0.6675925925925926 0.026041666666666668 0.046296296296296294
1 0.7072916666666667 0.6796296296296296 0.026041666666666668 0.046296296296296294
1 0.15 0.687962962962963 0.026041666666666668 0.046296296296296294
1 0.440625 0.6916666666666667 0.026041666666666668 0.046296296296296294
1 0.39427083333333335 0.6916666666666667 0.026041666666666668 0.046296296296296294
1 0.5651041666666666 0.7342592592592593 0.026041666666666668 0.046296296296296294
1 0.4708333333333333 0.7435185185185185 0.026041666666666668 0.046296296296296294
1 0.5036458333333333 0.7453703703703703 0.026041666666666668 0.046296296296296294
1 0.7244791666666667 0.7416666666666667 0.026041666666666668 0.046296296296296294
1 0.95625 0.7611111111111111 0.026041666666666668 0.046296296296296294
1 0.7921875 0.8074074074074075 0.026041666666666668 0.046296296296296294
1 0.821875 0.8324074074074074 0.026041666666666668 0.046296296296296294
1 0.15625 0.837037037037037 0.026041666666666668 0.046296296296296294
1 0.821875 0.8481481481481481 0.026041666666666668 0.046296296296296294
1 0.09427083333333333 0.9101851851851852 0.026041666666666668 0.046296296296296294
1 0.9333333333333333 0.9185185185185185 0.026041666666666668 0.046296296296296294
1 0.6161458333333333 0.9277777777777778 0.026041666666666668 0.046296296296296294
1 0.44479166666666664 0.9388888888888889 0.026041666666666668 0.046296296296296294
1 0.5322916666666667 0.9388888888888889 0.026041666666666668 0.046296296296296294
1 0.30625 0.9583333333333334 0.026041666666666668 0.046296296296296294
1 0.9625 0.9490740740740741 0.026041666666666668 0.046296296296296294
1 0.5494791666666666 0.9972222222222222 0.026041666666666668 0.046296296296296294
1 0.5713541666666667 0.9888888888888889 0.026041666666666668 0.046296296296296294
1 0.23125 0.674074074074074 0.026041666666666668 0.046296296296296294
2 0.18020833333333333 0.4703703703703704 0.026041666666666668 0.046296296296296294
1 0.34270833333333334 0.8296296296296296 0.026041666666666668 0.046296296296296294
1 0.7989583333333333 0.85 0.026041666666666668 0.046296296296296294
1 0.6822916666666666 0.7222222222222222 0.026041666666666668 0.046296296296296294
1 0.6635416666666667 0.6814814814814815 0.026041666666666668 0.046296296296296294
3 0.675 0.6425925925925926 0.026041666666666668 0.046296296296296294
3 0.7322916666666667 0.6018518518518519 0.026041666666666668 0.046296296296296294
1 0.7802083333333333 0.674074074074074 0.026041666666666668 0.046296296296296294
4 0.4197916666666667 0.46296296296296297 0.026041666666666668 0.046296296296296294
4 0.6635416666666667 0.6296296296296297 0.026041666666666668 0.046296296296296294
3 0.6947916666666667 0.5185185185185185 0.026041666666666668 0.046296296296296294
0 0.41770833333333335 0.21296296296296297 0.026041666666666668 0.046296296296296294
4 0.48854166666666665 0.6314814814814815 0.026041666666666668 0.046296296296296294
4 0.5364583333333334 0.6666666666666666 0.026041666666666668 0.046296296296296294
4 0.540625 0.6388888888888888 0.026041666666666668 0.046296296296296294
1 0.8822916666666667 0.737037037037037 0.026041666666666668 0.046296296296296294
1 0.8927083333333333 0.7518518518518519 0.026041666666666668 0.046296296296296294
2 0.17916666666666667 0.4222222222222222 0.026041666666666668 0.046296296296296294
