0 0.4703125 0.1037037037037037 0.026041666666666668 0.046296296296296294
0 0.4828125 0.10462962962962963 0.026041666666666668 0.046296296296296294
0 0.49166666666666664 0.12222222222222222 0.026041666666666668 0.046296296296296294
0 0.4708333333333333 0.1287037037037037 0.026041666666666668 0.046296296296296294
0 0.4786458333333333 0.13055555555555556 0.026041666666666668 0.046296296296296294
0 0.4427083333333333 0.13055555555555556 0.026041666666666668 0.046296296296296294
0 0.4546875 0.13333333333333333 0.026041666666666668 0.046296296296296294
0 0.46197916666666666 0.13518518518518519 0.026041666666666668 0.046296296296296294
0 0.4744791666666667 0.14722222222222223 0.026041666666666668 0.046296296296296294
0 0.43802083333333336 0.15555555555555556 0.026041666666666668 0.046296296296296294
0 0.44947916666666665 0.15925925925925927 0.026041666666666668 0.046296296296296294
0 0.4317708333333333 0.1712962962962963 0.026041666666666668 0.046296296296296294
0 0.4984375 0.17222222222222222 0.026041666666666668 0.046296296296296294
0 0.5072916666666667 0.1925925925925926 0.026041666666666668 0.046296296296296294
0 0.4114583333333333 0.2064814814814815 0.026041666666666668 0.046296296296296294
0 0.4739583333333333 0.20833333333333334 0.026041666666666668 0.046296296296296294
0 0.475 0.2351851851851852 0.026041666666666668 0.046296296296296294
0 0.4869791666666667 0.2361111111111111 0.026041666666666668 0.046296296296296294
0 0.503125 0.2361111111111111 0.026041666666666668 0.046296296296296294
0 0.4234375 0.24722222222222223 0.026041666666666668 0.046296296296296294
0 0.45260416666666664 0.24259259259259258 0.026041666666666668 0.046296296296296294
0 0.5083333333333333 0.25277777777777777 0.026041666666666668 0.046296296296296294
0 0.5119791666666667 0.25555555555555554 0.026041666666666668 0.046296296296296294
0 0.4244791666666667 0.2601851851851852 0.026041666666666668 0.046296296296296294
0 0.4739583333333333 0.2601851851851852 0.026041666666666668 0.046296296296296294
0 0.49947916666666664 0.2638888888888889 0.026041666666666668 0.046296296296296294
0 0.490625 0.26851851851851855 0.026041666666666668 0.046296296296296294
0 0.5489583333333333 0.26944444444444443 0.026041666666666668 0.046296296296296294
0 0.428125 0.28425925925925927 0.026041666666666668 0.046296296296296294
0 0.5453125 0.287962962962963 0.026041666666666668 0.046296296296296294
0 0.4166666666666667 0.28888888888888886 0.026041666666666668 0.046296296296296294
0 0.4505208333333333 0.29259259259259257 0.026041666666666668 0.046296296296296294
0 0.4859375 0.29259259259259257 0.026041666666666668 0.046296296296296294
0 0.5041666666666667 0.29259259259259257 0.026041666666666668 0.046296296296296294
0 0.42916666666666664 0.2972222222222222 0.026041666666666668 0.046296296296296294
0 0.43697916666666664 0.3 0.026041666666666668 0.046296296296296294
0 0.5067708333333333 0.30277777777777776 0.026041666666666668 0.046296296296296294
0 0.4203125 0.31203703703703706 0.026041666666666668 0.046296296296296294
0 0.4921875 0.30833333333333335 0.026041666666666668 0.046296296296296294
0 0.49947916666666664 0.3074074074074074 0.026041666666666668 0.046296296296296294
0 0.5197916666666667 0.3074074074074074 0.026041666666666668 0.046296296296296294
0 0.53125 0.30648148148148147 0.026041666666666668 0.046296296296296294
0 0.4234375 0.3175925925925926 0.026041666666666668 0.046296296296296294
0 0.4864583333333333 0.31574074074074077 0.026041666666666668 0.046296296296296294
0 0.5078125 0.31574074074074077 0.026041666666666668 0.046296296296296294
0 0.703125 0.3148148148148148 0.026041666666666668 0.046296296296296294
0 0.4947916666666667 0.3277777777777778 0.026041666666666668 0.046296296296296294
0 0.5213541666666667 0.325 0.026041666666666668 0.046296296296296294
4 0.44947916666666665 0.3333333333333333 0.026041666666666668 0.046296296296296294
0 0.475 0.3287037037037037 0.026041666666666668 0.046296296296296294
0 0.48541666666666666 0.33240740740740743 0.026041666666666668 0.046296296296296294
0 0.5125 0.33240740740740743 0.026041666666666668 0.046296296296296294
4 0.4354166666666667 0.3388888888888889 0.026041666666666668 0.046296296296296294
4 0.5369791666666667 0.3398148148148148 0.026041666666666668 0.046296296296296294
4 0.4239583333333333 0.34629629629629627 0.026041666666666668 0.046296296296296294
4 0.46875 0.34629629629629627 0.026041666666666668 0.046296296296296294
4 0.49166666666666664 0.34629629629629627 0.026041666666666668 0.046296296296296294
4 0.50625 0.34629629629629627 0.026041666666666668 0.046296296296296294
4 0.38645833333333335 0.3574074074074074 0.026041666666666668 0.046296296296296294
4 0.428125 0.36018518518518516 0.026041666666666668 0.046296296296296294
4 0.44479166666666664 0.35462962962962963 0.026041666666666668 0.046296296296296294
4 0.4578125 0.35462962962962963 0.026041666666666668 0.046296296296296294
4 0.4953125 0.35555555555555557 0.026041666666666668 0.046296296296296294
4 0.5151041666666667 0.35555555555555557 0.026041666666666668 0.046296296296296294
4 0.375 0.3638888888888889 0.026041666666666668 0.046296296296296294
4 0.38333333333333336 0.3648148148148148 0.026041666666666668 0.046296296296296294
4 0.440625 0.362962962962963 0.026041666666666668 0.046296296296296294
4 0.475 0.36018518518518516 0.026041666666666668 0.046296296296296294
4 0.5166666666666667 0.37037037037037035 0.026041666666666668 0.046296296296296294
4 0.5203125 0.3731481481481482 0.026041666666666668 0.046296296296296294
2 0.22083333333333333 0.3787037037037037 0.026041666666666668 0.046296296296296294
4 0.4234375 0.38796296296296295 0.026041666666666668 0.046296296296296294
4 0.6609375 0.40185185185185185 0.026041666666666668 0.046296296296296294
2 0.20208333333333334 0.4074074074074074 0.026041666666666668 0.046296296296296294
4 0.5046875 0.40925925925925927 0.026041666666666668 0.046296296296296294
4 0.515625 0.40925925925925927 0.026041666666666668 0.046296296296296294
4 0.6505208333333333 0.40925925925925927 0.026041666666666668 0.046296296296296294
4 0.4010416666666667 0.41203703703703703 0.026041666666666668 0.046296296296296294
3 0.6989583333333333 0.4148148148148148 0.026041666666666668 0.046296296296296294
4 0.4239583333333333 0.41944444444444445 0.026041666666666668 0.046296296296296294
4 0.665625 0.42314814814814816 0.026041666666666668 0.046296296296296294
4 0.4635416666666667 0.43425925925925923 0.026041666666666668 0.046296296296296294
4 0.5416666666666666 0.4324074074074074 0.026041666666666668 0.046296296296296294
3 0.68125 0.4324074074074074 0.026041666666666668 0.046296296296296294
3 0.675 0.44537037037037036 0.026041666666666668 0.046296296296296294
4 0.49583333333333335 0.44537037037037036 0.026041666666666668 0.046296296296296294
4 0.5197916666666667 0.44907407407407407 0.026041666666666668 0.046296296296296294
3 0.6880208333333333 0.45 0.026041666666666668 0.046296296296296294
4 0.49895833333333334 0.46296296296296297 0.026041666666666668 0.046296296296296294
4 0.5208333333333334 0.47129629629629627 0.026041666666666668 0.046296296296296294
3 0.6713541666666667 0.4703703703703704 0.026041666666666668 0.046296296296296294
4 0.6333333333333333 0.48055555555555557 0.026041666666666668 0.046296296296296294
4 0.4609375 0.4861111111111111 0.026041666666666668 0.046296296296296294
4 0.3953125 0.4925925925925926 0.026041666666666668 0.046296296296296294
4 0.540625 0.49444444444444446 0.026041666666666668 0.046296296296296294
4 0.628125 0.4962962962962963 0.026041666666666668 0.046296296296296294
3 0.6739583333333333 0.49722222222222223 0.026041666666666668 0.046296296296296294
4 0.4432291666666667 0.5027777777777778 0.026041666666666668 0.046296296296296294
4 0.5203125 0.5037037037037037 0.026041666666666668 0.046296296296296294
3 0.6901041666666666 0.5027777777777778 0.026041666666666668 0.046296296296296294
3 0.7114583333333333 0.5037037037037037 0.026041666666666668 0.046296296296296294
4 0.6171875 0.5120370370370371 0.026041666666666668 0.046296296296296294
4 0.378125 0.5157407407407407 0.026041666666666668 0.046296296296296294
4 0.403125 0.5157407407407407 0.026041666666666668 0.046296296296296294
4 0.5041666666666667 0.5203703703703704 0.026041666666666668 0.046296296296296294
4 0.6333333333333333 0.5185185185185185 0.026041666666666668 0.046296296296296294
3 0.7 0.5175925925925926 0.026041666666666668 0.046296296296296294
3 0.7104166666666667 0.5166666666666667 0.026041666666666668 0.046296296296296294
4 0.3848958333333333 0.524074074074074 0.026041666666666668 0.046296296296296294
4 0.4401041666666667 0.5287037037037037 0.026041666666666668 0.046296296296296294
3 0.6703125 0.525 0.026041666666666668 0.046296296296296294
4 0.45364583333333336 0.5351851851851852 0.026041666666666668 0.046296296296296294
4 0.48333333333333334 0.5305555555555556 0.026041666666666668 0.046296296296296294
4 0.5286458333333334 0.5342592592592592 0.026041666666666668 0.046296296296296294
4 0.5958333333333333 0.5333333333333333 0.026041666666666668 0.046296296296296294
4 0.615625 0.5342592592592592 0.026041666666666668 0.046296296296296294
3 0.7197916666666667 0.5351851851851852 0.026041666666666668 0.046296296296296294
3 0.6791666666666667 0.5407407407407407 0.026041666666666668 0.046296296296296294
4 0.41822916666666665 0.5481481481481482 0.026041666666666668 0.046296296296296294
4 0.43697916666666664 0.5518518518518518 0.026041666666666668 0.046296296296296294
4 0.49114583333333334 0.5481481481481482 0.026041666666666668 0.046296296296296294
4 0.6078125 0.5611111111111111 0.026041666666666668 0.046296296296296294
4 0.6244791666666667 0.5574074074074075 0.026041666666666668 0.046296296296296294
4 0.4625 0.5666666666666667 0.026041666666666668 0.046296296296296294
3 0.7338541666666667 0.562962962962963 0.026041666666666668 0.046296296296296294
3 0.7515625 0.5611111111111111 0.026041666666666668 0.046296296296296294
4 0.5067708333333333 0.5796296296296296 0.026041666666666668 0.046296296296296294
4 0.590625 0.5796296296296296 0.026041666666666668 0.046296296296296294
3 0.765625 0.5833333333333334 0.026041666666666668 0.046296296296296294
4 0.5171875 0.5879629629629629 0.026041666666666668 0.046296296296296294
4 0.5682291666666667 0.5972222222222222 0.026041666666666668 0.046296296296296294
3 0.6697916666666667 0.5953703703703703 0.026041666666666668 0.046296296296296294
4 0.5572916666666666 0.6027777777777777 0.026041666666666668 0.046296296296296294
3 0.7109375 0.6037037037037037 0.026041666666666668 0.046296296296296294
4 0.5453125 0.6111111111111112 0.026041666666666668 0.046296296296296294
4 0.590625 0.6175925925925926 0.026041666666666668 0.046296296296296294
3 0.6875 0.6185185185185185 0.026041666666666668 0.046296296296296294
3 0.7130208333333333 0.6175925925925926 0.026041666666666668 0.046296296296296294
3 0.7578125 0.6194444444444445 0.026041666666666668 0.046296296296296294
4 0.5338541666666666 0.6259259259259259 0.026041666666666668 0.046296296296296294
4 0.6244791666666667 0.6425925925925926 0.026041666666666668 0.046296296296296294
4 0.5203125 0.6648148148148149 0.026041666666666668 0.046296296296296294
3 0.7791666666666667 0.6648148148148149 0.026041666666666668 0.046296296296296294
1 0.5473958333333333 0.6814814814814815 0.026041666666666668 0.046296296296296294
1 0.7776041666666667 0.7203703703703703 0.026041666666666668 0.046296296296296294
1 0.2125 0.7287037037037037 0.026041666666666668 0.046296296296296294
1 0.8916666666666667 0.7333333333333333 0.026041666666666668 0.046296296296296294
1 0.8322916666666667 0.7509259259259259 0.026041666666666668 0.046296296296296294
1 0.3697916666666667 0.7583333333333333 0.026041666666666668 0.046296296296296294
1 0.9807291666666667 0.7777777777777778 0.026041666666666668 0.046296296296296294
1 0.45260416666666664 0.7935185185185185 0.026041666666666668 0.046296296296296294
1 0.7541666666666667 0.8074074074074075 0.026041666666666668 0.046296296296296294
1 0.2604166666666667 0.8148148148148148 0.026041666666666668 0.046296296296296294
1 0.8651041666666667 0.8305555555555556 0.026041666666666668 0.046296296296296294
1 0.7973958333333333 0.8527777777777777 0.026041666666666668 0.046296296296296294
1 0.5677083333333334 0.8555555555555555 0.026041666666666668 0.046296296296296294
1 0.33645833333333336 0.8935185185185185 0.026041666666666668 0.046296296296296294
1 0.6067708333333334 0.8861111111111111 0.026041666666666668 0.046296296296296294
1 0.4140625 0.8898148148148148 0.026041666666666668 0.046296296296296294
1 0.49635416666666665 0.8935185185185185 0.026041666666666668 0.046296296296296294
1 0.7005208333333334 0.9074074074074074 0.026041666666666668 0.046296296296296294
1 0.9 0.9074074074074074 0.026041666666666668 0.046296296296296294
1 0.8953125 0.925 0.026041666666666668 0.046296296296296294
1 0.9385416666666667 0.9592592592592593 0.026041666666666668 0.046296296296296294
1 0.9869791666666666 0.9648148148148148 0.026041666666666668 0.046296296296296294
1 0.5302083333333333 0.9907407407407407 0.026041666666666668 0.046296296296296294
1 0.36354166666666665 0.8722222222222222 0.026041666666666668 0.046296296296296294
1 0.6895833333333333 0.7907407407407407 0.026041666666666668 0.046296296296296294
1 0.625 0.8296296296296296 0.026041666666666668 0.046296296296296294
0 0.6895833333333333 0.2962962962962963 0.026041666666666668 0.046296296296296294
2 0.18125 0.40925925925925927 0.026041666666666668 0.046296296296296294
2 0.165625 0.4351851851851852 0.026041666666666668 0.046296296296296294
4 0.44895833333333335 0.6222222222222222 0.026041666666666668 0.046296296296296294
4 0.559375 0.6592592592592592 0.026041666666666668 0.046296296296296294
4 0.634375 0.6388888888888888 0.026041666666666668 0.046296296296296294
4 0.6572916666666667 0.6407407407407407 0.026041666666666668 0.046296296296296294
