0 0.4817708333333333 0.12037037037037036 0.026041666666666668 0.046296296296296294
0 0.4947916666666667 0.12407407407407407 0.026041666666666668 0.046296296296296294
0 0.44114583333333335 0.1361111111111111 0.026041666666666668 0.046296296296296294
0 0.44479166666666664 0.13148148148148148 0.026041666666666668 0.046296296296296294
0 0.45364583333333336 0.13240740740740742 0.026041666666666668 0.046296296296296294
0 0.4609375 0.13333333333333333 0.026041666666666668 0.046296296296296294
0 0.46979166666666666 0.1361111111111111 0.026041666666666668 0.046296296296296294
0 0.4744791666666667 0.13703703703703704 0.026041666666666668 0.046296296296296294
0 0.4822916666666667 0.13518518518518519 0.026041666666666668 0.046296296296296294
0 0.4869791666666667 0.13796296296296295 0.026041666666666668 0.046296296296296294
0 0.4895833333333333 0.1388888888888889 0.026041666666666668 0.046296296296296294
0 0.4635416666666667 0.1537037037037037 0.026041666666666668 0.046296296296296294
0 0.46927083333333336 0.1527777777777778 0.026041666666666668 0.046296296296296294
0 0.48333333333333334 0.15462962962962962 0.026041666666666668 0.046296296296296294
0 0.44895833333333335 0.1574074074074074 0.026041666666666668 0.046296296296296294
0 0.4317708333333333 0.17222222222222222 0.026041666666666668 0.046296296296296294
0 0.5 0.175 0.026041666666666668 0.046296296296296294
0 0.48802083333333335 0.19074074074074074 0.026041666666666668 0.046296296296296294
0 0.5 0.19074074074074074 0.026041666666666668 0.046296296296296294
0 0.46458333333333335 0.1962962962962963 0.026041666666666668 0.046296296296296294
0 0.4375 0.24722222222222223 0.026041666666666668 0.046296296296296294
0 0.46979166666666666 0.26944444444444443 0.026041666666666668 0.046296296296296294
0 0.49322916666666666 0.26481481481481484 0.026041666666666668 0.046296296296296294
0 0.55 0.2657407407407407 0.026041666666666668 0.046296296296296294
0 0.49114583333333334 0.2861111111111111 0.026041666666666668 0.046296296296296294
0 0.5078125 0.2861111111111111 0.026041666666666668 0.046296296296296294
0 0.4197916666666667 0.2898148148148148 0.026041666666666668 0.046296296296296294
0 0.4708333333333333 0.2916666666666667 0.026041666666666668 0.046296296296296294
0 0.5234375 0.2916666666666667 0.026041666666666668 0.046296296296296294
0 0.5072916666666667 0.29907407407407405 0.026041666666666668 0.046296296296296294
0 0.43645833333333334 0.3101851851851852 0.026041666666666668 0.046296296296296294
0 0.49114583333333334 0.3074074074074074 0.026041666666666668 0.046296296296296294
0 0.5072916666666667 0.3074074074074074 0.026041666666666668 0.046296296296296294
0 0.44947916666666665 0.3175925925925926 0.026041666666666668 0.046296296296296294
0 0.70625 0.3138888888888889 0.026041666666666668 0.046296296296296294
0 0.490625 0.32314814814814813 0.026041666666666668 0.046296296296296294
0 0.4354166666666667 0.3314814814814815 0.026041666666666668 0.046296296296296294
4 0.4354166666666667 0.33796296296296297 0.026041666666666668 0.046296296296296294
4 0.4473958333333333 0.33796296296296297 0.026041666666666668 0.046296296296296294
4 0.503125 0.3416666666666667 0.026041666666666668 0.046296296296296294
4 0.5203125 0.3398148148148148 0.026041666666666668 0.046296296296296294
4 0.3875 0.3453703703703704 0.026041666666666668 0.046296296296296294
4 0.42083333333333334 0.3453703703703704 0.026041666666666668 0.046296296296296294
4 0.4822916666666667 0.3472222222222222 0.026041666666666668 0.046296296296296294
4 0.37447916666666664 0.35555555555555557 0.026041666666666668 0.046296296296296294
4 0.37864583333333335 0.35555555555555557 0.026041666666666668 0.046296296296296294
4 0.3953125 0.35555555555555557 0.026041666666666668 0.046296296296296294
4 0.465625 0.3527777777777778 0.026041666666666668 0.046296296296296294
4 0.3875 0.362962962962963 0.026041666666666668 0.046296296296296294
4 0.440625 0.3648148148148148 0.026041666666666668 0.046296296296296294
4 0.5041666666666667 0.36203703703703705 0.026041666666666668 0.046296296296296294
4 0.5130208333333334 0.3648148148148148 0.026041666666666668 0.046296296296296294
4 0.5208333333333334 0.3638888888888889 0.026041666666666668 0.046296296296296294
4 0.37395833333333334 0.3731481481481482 0.026041666666666668 0.046296296296296294
4 0.4036458333333333 0.36944444444444446 0.026041666666666668 0.046296296296296294
4 0.4609375 0.3731481481481482 0.026041666666666668 0.046296296296296294
4 0.4901041666666667 0.3685185185185185 0.026041666666666668 0.046296296296296294
4 0.453125 0.37962962962962965 0.026041666666666668 0.046296296296296294
4 0.4828125 0.3888888888888889 0.026041666666666668 0.046296296296296294
4 0.5119791666666667 0.387037037037037 0.026041666666666668 0.046296296296296294
4 0.5197916666666667 0.38425925925925924 0.026041666666666668 0.046296296296296294
4 0.45677083333333335 0.39537037037037037 0.026041666666666668 0.046296296296296294
4 0.4739583333333333 0.3962962962962963 0.026041666666666668 0.046296296296296294
4 0.6625 0.39351851851851855 0.026041666666666668 0.046296296296296294
2 0.17395833333333333 0.40370370370370373 0.026041666666666668 0.046296296296296294
4 0.42916666666666664 0.40370370370370373 0.026041666666666668 0.046296296296296294
4 0.44947916666666665 0.40185185185185185 0.026041666666666668 0.046296296296296294
4 0.49895833333333334 0.40370370370370373 0.026041666666666668 0.046296296296296294
4 0.528125 0.4027777777777778 0.026041666666666668 0.046296296296296294
4 0.5203125 0.41203703703703703 0.026041666666666668 0.046296296296296294
4 0.6505208333333333 0.4083333333333333 0.026041666666666668 0.046296296296296294
3 0.7067708333333333 0.4074074074074074 0.026041666666666668 0.046296296296296294
2 0.17291666666666666 0.4148148148148148 0.026041666666666668 0.046296296296296294
2 0.19427083333333334 0.41574074074074074 0.026041666666666668 0.046296296296296294
4 0.6609375 0.4148148148148148 0.026041666666666668 0.046296296296296294
4 0.425 0.42592592592592593 0.026041666666666668 0.046296296296296294
4 0.4635416666666667 0.43425925925925923 0.026041666666666668 0.046296296296296294
3 0.6739583333333333 0.43333333333333335 0.026041666666666668 0.046296296296296294
4 0.4125 0.44907407407407407 0.026041666666666668 0.046296296296296294
4 0.528125 0.44907407407407407 0.026041666666666668 0.046296296296296294
4 0.4671875 0.4564814814814815 0.026041666666666668 0.046296296296296294
4 0.5041666666666667 0.4564814814814815 0.026041666666666668 0.046296296296296294
4 0.5119791666666667 0.45925925925925926 0.026041666666666668 0.046296296296296294
4 0.5197916666666667 0.46944444444444444 0.026041666666666668 0.046296296296296294
4 0.5125 0.4740740740740741 0.026041666666666668 0.046296296296296294
3 0.6739583333333333 0.47314814814814815 0.026041666666666668 0.046296296296296294
4 0.4661458333333333 0.48055555555555557 0.026041666666666668 0.046296296296296294
4 0.49947916666666664 0.47962962962962963 0.026041666666666668 0.046296296296296294
4 0.665625 0.48055555555555557 0.026041666666666668 0.046296296296296294
4 0.39427083333333335 0.487962962962963 0.026041666666666668 0.046296296296296294
4 0.41770833333333335 0.48518518518518516 0.026041666666666668 0.046296296296296294
4 0.6536458333333334 0.4861111111111111 0.026041666666666668 0.046296296296296294
3 0.690625 0.49166666666666664 0.026041666666666668 0.046296296296296294
4 0.525 0.4981481481481482 0.026041666666666668 0.046296296296296294
3 0.6828125 0.4981481481481482 0.026041666666666668 0.046296296296296294
4 0.49895833333333334 0.5037037037037037 0.026041666666666668 0.046296296296296294
3 0.6755208333333333 0.5018518518518519 0.026041666666666668 0.046296296296296294
4 0.38697916666666665 0.5111111111111111 0.026041666666666668 0.046296296296296294
4 0.5151041666666667 0.5111111111111111 0.026041666666666668 0.046296296296296294
4 0.5640625 0.5111111111111111 0.026041666666666668 0.046296296296296294
3 0.6989583333333333 0.512962962962963 0.026041666666666668 0.046296296296296294
4 0.6203125 0.5175925925925926 0.026041666666666668 0.046296296296296294
3 0.6692708333333334 0.5194444444444445 0.026041666666666668 0.046296296296296294
3 0.7192708333333333 0.5259259259259259 0.026041666666666668 0.046296296296296294
4 0.546875 0.5324074074074074 0.026041666666666668 0.046296296296296294
4 0.6088541666666667 0.5370370370370371 0.026041666666666668 0.046296296296296294
4 0.5041666666666667 0.5416666666666666 0.026041666666666668 0.046296296296296294
4 0.5994791666666667 0.5518518518518518 0.026041666666666668 0.046296296296296294
4 0.37916666666666665 0.5601851851851852 0.026041666666666668 0.046296296296296294
4 0.5354166666666667 0.5546296296296296 0.026041666666666668 0.046296296296296294
3 0.7208333333333333 0.5527777777777778 0.026041666666666668 0.046296296296296294
4 0.5661458333333333 0.5675925925925925 0.026041666666666668 0.046296296296296294
3 0.753125 0.5638888888888889 0.026041666666666668 0.046296296296296294
3 0.7661458333333333 0.5657407407407408 0.026041666666666668 0.046296296296296294
3 0.734375 0.5712962962962963 0.026041666666666668 0.046296296296296294
4 0.5921875 0.5796296296296296 0.026041666666666668 0.046296296296296294
4 0.6166666666666667 0.5805555555555556 0.026041666666666668 0.046296296296296294
4 0.3953125 0.5879629629629629 0.026041666666666668 0.046296296296296294
4 0.5572916666666666 0.5898148148148148 0.026041666666666668 0.046296296296296294
4 0.5322916666666667 0.5953703703703703 0.026041666666666668 0.046296296296296294
4 0.5953125 0.5953703703703703 0.026041666666666668 0.046296296296296294
4 0.6416666666666667 0.5935185185185186 0.026041666666666668 0.046296296296296294
4 0.4953125 0.6046296296296296 0.026041666666666668 0.046296296296296294
3 0.7651041666666667 0.6064814814814815 0.026041666666666668 0.046296296296296294
4 0.6291666666666667 0.6101851851851852 0.026041666666666668 0.046296296296296294
3 0.7583333333333333 0.6222222222222222 0.026041666666666668 0.046296296296296294
4 0.578125 0.6268518518518519 0.026041666666666668 0.046296296296296294
4 0.45208333333333334 0.6324074074074074 0.026041666666666668 0.046296296296296294
4 0.553125 0.6333333333333333 0.026041666666666668 0.046296296296296294
3 0.7328125 0.6333333333333333 0.026041666666666668 0.046296296296296294
4 0.4203125 0.6425925925925926 0.026041666666666668 0.046296296296296294
4 0.4901041666666667 0.6555555555555556 0.026041666666666668 0.046296296296296294
4 0.6234375 0.6574074074074074 0.026041666666666668 0.046296296296296294
1 0.6578125 0.675 0.026041666666666668 0.046296296296296294
1 0.47760416666666666 0.700925925925926 0.026041666666666668 0.046296296296296294
1 0.7776041666666667 0.7129629629629629 0.026041666666666668 0.046296296296296294
1 0.8885416666666667 0.7435185185185185 0.026041666666666668 0.046296296296296294
1 0.43125 0.7861111111111111 0.026041666666666668 0.046296296296296294
1 0.7729166666666667 0.8 0.026041666666666668 0.046296296296296294
1 0.5958333333333333 0.8 0.026041666666666668 0.046296296296296294
1 0.32916666666666666 0.8425925925925926 0.026041666666666668 0.046296296296296294
1 0.24479166666666666 0.8462962962962963 0.026041666666666668 0.046296296296296294
1 0.559375 0.8490740740740741 0.026041666666666668 0.046296296296296294
1 0.790625 0.8481481481481481 0.026041666666666668 0.046296296296296294
1 0.8333333333333334 0.8685185185185185 0.026041666666666668 0.046296296296296294
1 0.9182291666666667 0.9138888888888889 0.026041666666666668 0.046296296296296294
1 0.41770833333333335 0.9611111111111111 0.026041666666666668 0.046296296296296294
1 0.9625 0.9481481481481482 0.026041666666666668 0.046296296296296294
1 0.39375 0.9935185185185185 0.026041666666666668 0.046296296296296294
1 0.4401041666666667 0.9953703703703703 0.026041666666666668 0.046296296296296294
1 0.9083333333333333 0.774074074074074 0.026041666666666668 0.046296296296296294
1 0.8354166666666667 0.7481481481481481 0.026041666666666668 0.046296296296296294
1 0.8135416666666667 0.9259259259259259 0.026041666666666668 0.046296296296296294
3 0.778125 0.6648148148148149 0.026041666666666668 0.046296296296296294
1 0.7145833333333333 0.762962962962963 0.026041666666666668 0.046296296296296294
1 0.7072916666666667 0.6907407407407408 0.026041666666666668 0.046296296296296294
3 0.6854166666666667 0.6666666666666666 0.026041666666666668 0.046296296296296294
3 0.6697916666666667 0.6222222222222222 0.026041666666666668 0.046296296296296294
0 0.6895833333333333 0.29814814814814816 0.026041666666666668 0.046296296296296294
4 0.4010416666666667 0.6611111111111111 0.026041666666666668 0.046296296296296294
4 0.41041666666666665 0.5370370370370371 0.026041666666666668 0.046296296296296294
2 0.209375 0.5277777777777778 0.026041666666666668 0.046296296296296294
2 0.21979166666666666 0.39814814814814814 0.026041666666666668 0.046296296296296294
1 0.5458333333333333 0.6981481481481482 0.026041666666666668 0.046296296296296294
4 0.5104166666666666 0.5648148148148148 0.026041666666666668 0.046296296296296294
4 0.6322916666666667 0.4962962962962963 0.026041666666666668 0.046296296296296294
