0 0.484375 0.11851851851851852 0.026041666666666668 0.046296296296296294
0 0.490625 0.12222222222222222 0.026041666666666668 0.046296296296296294
0 0.459375 0.1259259259259259 0.026041666666666668 0.046296296296296294
0 0.478125 0.12962962962962962 0.026041666666666668 0.046296296296296294
0 0.43072916666666666 0.13333333333333333 0.026041666666666668 0.046296296296296294
0 0.43854166666666666 0.13333333333333333 0.026041666666666668 0.046296296296296294
0 0.4427083333333333 0.13148148148148148 0.026041666666666668 0.046296296296296294
0 0.4505208333333333 0.13425925925925927 0.026041666666666668 0.046296296296296294
0 0.453125 0.13518518518518519 0.026041666666666668 0.046296296296296294
0 0.4625 0.1361111111111111 0.026041666666666668 0.046296296296296294
0 0.4713541666666667 0.13796296296296295 0.026041666666666668 0.046296296296296294
0 0.43072916666666666 0.1537037037037037 0.026041666666666668 0.046296296296296294
0 0.4375 0.1537037037037037 0.026041666666666668 0.046296296296296294
0 0.4328125 0.175 0.026041666666666668 0.046296296296296294
0 0.4822916666666667 0.17685185185185184 0.026041666666666668 0.046296296296296294
0 0.49947916666666664 0.17407407407407408 0.026041666666666668 0.046296296296296294
0 0.4421875 0.1824074074074074 0.026041666666666668 0.046296296296296294
0 0.4708333333333333 0.1814814814814815 0.026041666666666668 0.046296296296296294
0 0.42864583333333334 0.19074074074074074 0.026041666666666668 0.046296296296296294
0 0.49895833333333334 0.21481481481481482 0.026041666666666668 0.046296296296296294
0 0.5171875 0.21666666666666667 0.026041666666666668 0.046296296296296294
0 0.5114583333333333 0.2324074074074074 0.026041666666666668 0.046296296296296294
0 0.47708333333333336 0.2351851851851852 0.026041666666666668 0.046296296296296294
0 0.4661458333333333 0.24259259259259258 0.026041666666666668 0.046296296296296294
0 0.4713541666666667 0.25277777777777777 0.026041666666666668 0.046296296296296294
0 0.5161458333333333 0.2611111111111111 0.026041666666666668 0.046296296296296294
0 0.503125 0.27037037037037037 0.026041666666666668 0.046296296296296294
0 0.5197916666666667 0.2777777777777778 0.026041666666666668 0.046296296296296294
0 0.5411458333333333 0.27870370370370373 0.026041666666666668 0.046296296296296294
0 0.415625 0.2814814814814815 0.026041666666666668 0.046296296296296294
0 0.4822916666666667 0.2824074074074074 0.026041666666666668 0.046296296296296294
0 0.49895833333333334 0.28425925925925927 0.026041666666666668 0.046296296296296294
0 0.43802083333333336 0.2935185185185185 0.026041666666666668 0.046296296296296294
0 0.6916666666666667 0.2916666666666667 0.026041666666666668 0.046296296296296294
0 0.428125 0.31203703703703706 0.026041666666666668 0.046296296296296294
0 0.515625 0.3101851851851852 0.026041666666666668 0.046296296296296294
0 0.540625 0.30925925925925923 0.026041666666666668 0.046296296296296294
0 0.6994791666666667 0.3101851851851852 0.026041666666666668 0.046296296296296294
0 0.4192708333333333 0.3138888888888889 0.026041666666666668 0.046296296296296294
0 0.440625 0.3175925925925926 0.026041666666666668 0.046296296296296294
0 0.5026041666666666 0.31574074074074077 0.026041666666666668 0.046296296296296294
0 0.465625 0.32222222222222224 0.026041666666666668 0.046296296296296294
0 0.4953125 0.32407407407407407 0.026041666666666668 0.046296296296296294
0 0.503125 0.3314814814814815 0.026041666666666668 0.046296296296296294
4 0.4401041666666667 0.33796296296296297 0.026041666666666668 0.046296296296296294
4 0.4515625 0.337037037037037 0.026041666666666668 0.046296296296296294
4 0.4791666666666667 0.3398148148148148 0.026041666666666668 0.046296296296296294
4 0.4078125 0.34814814814814815 0.026041666666666668 0.046296296296296294
4 0.42864583333333334 0.3453703703703704 0.026041666666666668 0.046296296296296294
4 0.45 0.3472222222222222 0.026041666666666668 0.046296296296296294
4 0.5026041666666666 0.34814814814814815 0.026041666666666668 0.046296296296296294
4 0.37916666666666665 0.35648148148148145 0.026041666666666668 0.046296296296296294
4 0.3875 0.35555555555555557 0.026041666666666668 0.046296296296296294
4 0.4005208333333333 0.35555555555555557 0.026041666666666668 0.046296296296296294
4 0.4161458333333333 0.35555555555555557 0.026041666666666668 0.046296296296296294
4 0.440625 0.35648148148148145 0.026041666666666668 0.046296296296296294
4 0.46145833333333336 0.35462962962962963 0.026041666666666668 0.046296296296296294
4 0.49166666666666664 0.362962962962963 0.026041666666666668 0.046296296296296294
4 0.5020833333333333 0.3611111111111111 0.026041666666666668 0.046296296296296294
4 0.378125 0.3712962962962963 0.026041666666666668 0.046296296296296294
4 0.440625 0.37222222222222223 0.026041666666666668 0.046296296296296294
4 0.4505208333333333 0.36944444444444446 0.026041666666666668 0.046296296296296294
4 0.5145833333333333 0.37222222222222223 0.026041666666666668 0.046296296296296294
4 0.4296875 0.3787037037037037 0.026041666666666668 0.046296296296296294
4 0.503125 0.37592592592592594 0.026041666666666668 0.046296296296296294
4 0.3875 0.3861111111111111 0.026041666666666668 0.046296296296296294
4 0.44166666666666665 0.38796296296296295 0.026041666666666668 0.046296296296296294
4 0.453125 0.3888888888888889 0.026041666666666668 0.046296296296296294
4 0.478125 0.3861111111111111 0.026041666666666668 0.046296296296296294
4 0.5276041666666667 0.3861111111111111 0.026041666666666668 0.046296296296296294
4 0.65625 0.38981481481481484 0.026041666666666668 0.046296296296296294
4 0.3796875 0.39351851851851855 0.026041666666666668 0.046296296296296294
4 0.4979166666666667 0.3925925925925926 0.026041666666666668 0.046296296296296294
4 0.5109375 0.39444444444444443 0.026041666666666668 0.046296296296296294
4 0.4421875 0.40370370370370373 0.026041666666666668 0.046296296296296294
4 0.50625 0.4074074074074074 0.026041666666666668 0.046296296296296294
4 0.6510416666666666 0.40185185185185185 0.026041666666666668 0.046296296296296294
4 0.6588541666666666 0.4027777777777778 0.026041666666666668 0.046296296296296294
2 0.19479166666666667 0.40925925925925927 0.026041666666666668 0.046296296296296294
4 0.425 0.40925925925925927 0.026041666666666668 0.046296296296296294
4 0.49947916666666664 0.4101851851851852 0.026041666666666668 0.046296296296296294
3 0.6671875 0.412962962962963 0.026041666666666668 0.046296296296296294
4 0.43645833333333334 0.41944444444444445 0.026041666666666668 0.046296296296296294
4 0.6588541666666666 0.41759259259259257 0.026041666666666668 0.046296296296296294
4 0.65 0.4222222222222222 0.026041666666666668 0.046296296296296294
2 0.171875 0.43148148148148147 0.026041666666666668 0.046296296296296294
2 0.17916666666666667 0.4324074074074074 0.026041666666666668 0.046296296296296294
4 0.39114583333333336 0.43148148148148147 0.026041666666666668 0.046296296296296294
4 0.425 0.43425925925925923 0.026041666666666668 0.046296296296296294
4 0.6614583333333334 0.4361111111111111 0.026041666666666668 0.046296296296296294
3 0.6890625 0.43148148148148147 0.026041666666666668 0.046296296296296294
4 0.46145833333333336 0.4388888888888889 0.026041666666666668 0.046296296296296294
4 0.478125 0.44166666666666665 0.026041666666666668 0.046296296296296294
4 0.5119791666666667 0.4398148148148148 0.026041666666666668 0.046296296296296294
4 0.51875 0.4444444444444444 0.026041666666666668 0.046296296296296294
3 0.6692708333333334 0.4398148148148148 0.026041666666666668 0.046296296296296294
3 0.6979166666666666 0.44166666666666665 0.026041666666666668 0.046296296296296294
4 0.39895833333333336 0.45 0.026041666666666668 0.046296296296296294
4 0.4942708333333333 0.44814814814814813 0.026041666666666668 0.046296296296296294
4 0.51875 0.45555555555555555 0.026041666666666668 0.046296296296296294
4 0.5369791666666667 0.45740740740740743 0.026041666666666668 0.046296296296296294
4 0.6572916666666667 0.4564814814814815 0.026041666666666668 0.046296296296296294
3 0.6880208333333333 0.4564814814814815 0.026041666666666668 0.046296296296296294
4 0.42604166666666665 0.46111111111111114 0.026041666666666668 0.046296296296296294
4 0.4635416666666667 0.4648148148148148 0.026041666666666668 0.046296296296296294
4 0.39895833333333336 0.4703703703703704 0.026041666666666668 0.046296296296296294
4 0.5114583333333333 0.4759259259259259 0.026041666666666668 0.046296296296296294
3 0.6755208333333333 0.47314814814814815 0.026041666666666668 0.046296296296296294
4 0.4505208333333333 0.475 0.026041666666666668 0.046296296296296294
4 0.4953125 0.48703703703703705 0.026041666666666668 0.046296296296296294
4 0.6119791666666666 0.4935185185185185 0.026041666666666668 0.046296296296296294
3 0.6989583333333333 0.4962962962962963 0.026041666666666668 0.046296296296296294
4 0.4578125 0.5037037037037037 0.026041666666666668 0.046296296296296294
4 0.6625 0.5064814814814815 0.026041666666666668 0.046296296296296294
4 0.5109375 0.5101851851851852 0.026041666666666668 0.046296296296296294
3 0.68125 0.5101851851851852 0.026041666666666668 0.046296296296296294
4 0.5953125 0.5185185185185185 0.026041666666666668 0.046296296296296294
4 0.5333333333333333 0.5259259259259259 0.026041666666666668 0.046296296296296294
3 0.6703125 0.5268518518518519 0.026041666666666668 0.046296296296296294
4 0.5192708333333333 0.5592592592592592 0.026041666666666668 0.046296296296296294
3 0.7364583333333333 0.5555555555555556 0.026041666666666668 0.046296296296296294
3 0.759375 0.5712962962962963 0.026041666666666668 0.046296296296296294
4 0.3828125 0.5796296296296296 0.026041666666666668 0.046296296296296294
4 0.4317708333333333 0.5796296296296296 0.026041666666666668 0.046296296296296294
4 0.5088541666666667 0.5814814814814815 0.026041666666666668 0.046296296296296294
4 0.6036458333333333 0.575925925925926 0.026041666666666668 0.046296296296296294
4 0.6661458333333333 0.5842592592592593 0.026041666666666668 0.046296296296296294
4 0.6427083333333333 0.5962962962962963 0.026041666666666668 0.046296296296296294
4 0.4276041666666667 0.6037037037037037 0.026041666666666668 0.046296296296296294
4 0.5119791666666667 0.6037037037037037 0.026041666666666668 0.046296296296296294
4 0.6067708333333334 0.6037037037037037 0.026041666666666668 0.046296296296296294
4 0.6458333333333334 0.612037037037037 0.026041666666666668 0.046296296296296294
4 0.5364583333333334 0.6342592592592593 0.026041666666666668 0.046296296296296294
4 0.5963541666666666 0.6351851851851852 0.026041666666666668 0.046296296296296294
2 0.21822916666666667 0.6546296296296297 0.026041666666666668 0.046296296296296294
1 0.19947916666666668 0.687037037037037 0.026041666666666668 0.046296296296296294
1 0.6567708333333333 0.7092592592592593 0.026041666666666668 0.046296296296296294
1 0.7166666666666667 0.7129629629629629 0.026041666666666668 0.046296296296296294
1 0.2046875 0.7231481481481481 0.026041666666666668 0.046296296296296294
1 0.16302083333333334 0.7435185185185185 0.026041666666666668 0.046296296296296294
1 0.8822916666666667 0.7490740740740741 0.026041666666666668 0.046296296296296294
1 0.9182291666666667 0.7611111111111111 0.026041666666666668 0.046296296296296294
1 0.8380208333333333 0.7777777777777778 0.026041666666666668 0.046296296296296294
1 0.7458333333333333 0.7962962962962963 0.026041666666666668 0.046296296296296294
1 0.8239583333333333 0.8351851851851851 0.026041666666666668 0.046296296296296294
1 0.8734375 0.8324074074074074 0.026041666666666668 0.046296296296296294
1 0.7791666666666667 0.8342592592592593 0.026041666666666668 0.046296296296296294
1 0.4395833333333333 0.8888888888888888 0.026041666666666668 0.046296296296296294
1 0.4708333333333333 0.9055555555555556 0.026041666666666668 0.046296296296296294
1 0.8255208333333334 0.9537037037037037 0.026041666666666668 0.046296296296296294
1 0.9807291666666667 0.9629629629629629 0.026041666666666668 0.046296296296296294
1 0.5859375 0.9740740740740741 0.026041666666666668 0.046296296296296294
1 0.221875 0.8944444444444445 0.026041666666666668 0.046296296296296294
4 0.378125 0.6666666666666666 0.026041666666666668 0.046296296296296294
1 0.5270833333333333 0.6888888888888889 0.026041666666666668 0.046296296296296294
4 0.39479166666666665 0.5333333333333333 0.026041666666666668 0.046296296296296294
4 0.4041666666666667 0.524074074074074 0.026041666666666668 0.046296296296296294
4 0.6208333333333333 0.6185185185185185 0.026041666666666668 0.046296296296296294
4 0.5739583333333333 0.6240740740740741 0.026041666666666668 0.046296296296296294
1 0.8458333333333333 0.9055555555555556 0.026041666666666668 0.046296296296296294
1 0.88125 0.95 0.026041666666666668 0.046296296296296294
1 0.8395833333333333 0.8629629629629629 0.026041666666666668 0.046296296296296294
1 0.7270833333333333 0.8907407407407407 0.026041666666666668 0.046296296296296294
3 0.7229166666666667 0.5703703703703704 0.026041666666666668 0.046296296296296294
3 0.7729166666666667 0.6648148148148149 0.026041666666666668 0.046296296296296294
3 0.7510416666666667 0.6388888888888888 0.026041666666666668 0.046296296296296294
3 0.7375 0.6555555555555556 0.026041666666666668 0.046296296296296294
4 0.6322916666666667 0.5537037037037037 0.026041666666666668 0.046296296296296294
4 0.61875 0.5481481481481482 0.026041666666666668 0.046296296296296294
4 0.6239583333333333 0.5296296296296297 0.026041666666666668 0.046296296296296294
