0 0.4708333333333333 0.09444444444444444 0.026041666666666668 0.046296296296296294
0 0.484375 0.11944444444444445 0.026041666666666668 0.046296296296296294
0 0.49114583333333334 0.12129629629629629 0.026041666666666668 0.046296296296296294
0 0.42604166666666665 0.12685185185185185 0.026041666666666668 0.046296296296296294
0 0.4588541666666667 0.12685185185185185 0.026041666666666668 0.046296296296296294
0 0.46979166666666666 0.12777777777777777 0.026041666666666668 0.046296296296296294
0 0.478125 0.12962962962962962 0.026041666666666668 0.046296296296296294
0 0.4953125 0.1287037037037037 0.026041666666666668 0.046296296296296294
0 0.4427083333333333 0.13240740740740742 0.026041666666666668 0.046296296296296294
0 0.453125 0.13703703703703704 0.026041666666666668 0.046296296296296294
0 0.45677083333333335 0.13425925925925927 0.026041666666666668 0.046296296296296294
0 0.49166666666666664 0.13703703703703704 0.026041666666666668 0.046296296296296294
0 0.4296875 0.14074074074074075 0.026041666666666668 0.046296296296296294
0 0.43385416666666665 0.14537037037037037 0.026041666666666668 0.046296296296296294
0 0.4713541666666667 0.14444444444444443 0.026041666666666668 0.046296296296296294
0 0.475 0.14814814814814814 0.026041666666666668 0.046296296296296294
0 0.48333333333333334 0.14629629629629629 0.026041666666666668 0.046296296296296294
0 0.4953125 0.1648148148148148 0.026041666666666668 0.046296296296296294
0 0.43333333333333335 0.17592592592592593 0.026041666666666668 0.046296296296296294
0 0.4822916666666667 0.17592592592592593 0.026041666666666668 0.046296296296296294
0 0.5125 0.17685185185185184 0.026041666666666668 0.046296296296296294
0 0.4375 0.18425925925925926 0.026041666666666668 0.046296296296296294
0 0.47552083333333334 0.1824074074074074 0.026041666666666668 0.046296296296296294
0 0.4296875 0.19074074074074074 0.026041666666666668 0.046296296296296294
0 0.4953125 0.2 0.026041666666666668 0.046296296296296294
0 0.43645833333333334 0.21574074074074073 0.026041666666666668 0.046296296296296294
0 0.5177083333333333 0.21666666666666667 0.026041666666666668 0.046296296296296294
0 0.5114583333333333 0.23148148148148148 0.026041666666666668 0.046296296296296294
0 0.46510416666666665 0.23333333333333334 0.026041666666666668 0.046296296296296294
0 0.4765625 0.2361111111111111 0.026041666666666668 0.046296296296296294
0 0.5151041666666667 0.2638888888888889 0.026041666666666668 0.046296296296296294
0 0.503125 0.26851851851851855 0.026041666666666668 0.046296296296296294
0 0.49895833333333334 0.28425925925925927 0.026041666666666668 0.046296296296296294
0 0.4119791666666667 0.28888888888888886 0.026041666666666668 0.046296296296296294
0 0.5114583333333333 0.29444444444444445 0.026041666666666668 0.046296296296296294
0 0.6916666666666667 0.2916666666666667 0.026041666666666668 0.046296296296296294
0 0.43697916666666664 0.3 0.026041666666666668 0.046296296296296294
0 0.4322916666666667 0.3101851851851852 0.026041666666666668 0.046296296296296294
0 0.503125 0.3101851851851852 0.026041666666666668 0.046296296296296294
0 0.515625 0.3111111111111111 0.026041666666666668 0.046296296296296294
0 0.7 0.3111111111111111 0.026041666666666668 0.046296296296296294
0 0.4244791666666667 0.31666666666666665 0.026041666666666668 0.046296296296296294
0 0.440625 0.31574074074074077 0.026041666666666668 0.046296296296296294
0 0.5072916666666667 0.3175925925925926 0.026041666666666668 0.046296296296296294
0 0.4661458333333333 0.3212962962962963 0.026041666666666668 0.046296296296296294
0 0.4953125 0.32314814814814813 0.026041666666666668 0.046296296296296294
0 0.4453125 0.33055555555555555 0.026041666666666668 0.046296296296296294
4 0.45364583333333336 0.3388888888888889 0.026041666666666668 0.046296296296296294
4 0.475 0.3388888888888889 0.026041666666666668 0.046296296296296294
4 0.4125 0.3490740740740741 0.026041666666666668 0.046296296296296294
4 0.44427083333333334 0.34814814814814815 0.026041666666666668 0.046296296296296294
4 0.5026041666666666 0.34814814814814815 0.026041666666666668 0.046296296296296294
4 0.39114583333333336 0.35648148148148145 0.026041666666666668 0.046296296296296294
4 0.4203125 0.3537037037037037 0.026041666666666668 0.046296296296296294
4 0.4583333333333333 0.35462962962962963 0.026041666666666668 0.046296296296296294
4 0.5026041666666666 0.3611111111111111 0.026041666666666668 0.046296296296296294
4 0.4401041666666667 0.37222222222222223 0.026041666666666668 0.046296296296296294
4 0.5151041666666667 0.3731481481481482 0.026041666666666668 0.046296296296296294
4 0.478125 0.37962962962962965 0.026041666666666668 0.046296296296296294
4 0.5114583333333333 0.387037037037037 0.026041666666666668 0.046296296296296294
4 0.5270833333333333 0.38796296296296295 0.026041666666666668 0.046296296296296294
4 0.42135416666666664 0.3962962962962963 0.026041666666666668 0.046296296296296294
4 0.440625 0.39351851851851855 0.026041666666666668 0.046296296296296294
4 0.45625 0.39444444444444443 0.026041666666666668 0.046296296296296294
4 0.6505208333333333 0.39351851851851855 0.026041666666666668 0.046296296296296294
4 0.4947916666666667 0.4009259259259259 0.026041666666666668 0.046296296296296294
4 0.5078125 0.40370370370370373 0.026041666666666668 0.046296296296296294
4 0.5145833333333333 0.40185185185185185 0.026041666666666668 0.046296296296296294
2 0.19895833333333332 0.4166666666666667 0.026041666666666668 0.046296296296296294
4 0.4197916666666667 0.41574074074074074 0.026041666666666668 0.046296296296296294
4 0.6614583333333334 0.41944444444444445 0.026041666666666668 0.046296296296296294
2 0.175 0.42407407407407405 0.026041666666666668 0.046296296296296294
4 0.4328125 0.42685185185185187 0.026041666666666668 0.046296296296296294
4 0.4864583333333333 0.42777777777777776 0.026041666666666668 0.046296296296296294
4 0.5197916666666667 0.42685185185185187 0.026041666666666668 0.046296296296296294
4 0.6505208333333333 0.4305555555555556 0.026041666666666668 0.046296296296296294
3 0.6901041666666666 0.4324074074074074 0.026041666666666668 0.046296296296296294
4 0.4 0.44074074074074077 0.026041666666666668 0.046296296296296294
4 0.4317708333333333 0.4388888888888889 0.026041666666666668 0.046296296296296294
4 0.46197916666666666 0.4388888888888889 0.026041666666666668 0.046296296296296294
4 0.6661458333333333 0.4425925925925926 0.026041666666666668 0.046296296296296294
3 0.6979166666666666 0.4398148148148148 0.026041666666666668 0.046296296296296294
4 0.4828125 0.44907407407407407 0.026041666666666668 0.046296296296296294
4 0.490625 0.45 0.026041666666666668 0.046296296296296294
4 0.5203125 0.45740740740740743 0.026041666666666668 0.046296296296296294
4 0.6536458333333334 0.4546296296296296 0.026041666666666668 0.046296296296296294
4 0.5364583333333334 0.4638888888888889 0.026041666666666668 0.046296296296296294
3 0.6869791666666667 0.4666666666666667 0.026041666666666668 0.046296296296296294
4 0.4328125 0.47129629629629627 0.026041666666666668 0.046296296296296294
4 0.503125 0.4740740740740741 0.026041666666666668 0.046296296296296294
4 0.5151041666666667 0.47314814814814815 0.026041666666666668 0.046296296296296294
3 0.675 0.47314814814814815 0.026041666666666668 0.046296296296296294
4 0.403125 0.47962962962962963 0.026041666666666668 0.046296296296296294
4 0.46510416666666665 0.4777777777777778 0.026041666666666668 0.046296296296296294
4 0.6578125 0.48703703703703705 0.026041666666666668 0.046296296296296294
3 0.6697916666666667 0.4888888888888889 0.026041666666666668 0.046296296296296294
4 0.6125 0.49537037037037035 0.026041666666666668 0.046296296296296294
4 0.5953125 0.5018518518518519 0.026041666666666668 0.046296296296296294
4 0.6458333333333334 0.5046296296296297 0.026041666666666668 0.046296296296296294
4 0.6619791666666667 0.5064814814814815 0.026041666666666668 0.046296296296296294
3 0.6989583333333333 0.5009259259259259 0.026041666666666668 0.046296296296296294
4 0.4036458333333333 0.5111111111111111 0.026041666666666668 0.046296296296296294
4 0.45729166666666665 0.5083333333333333 0.026041666666666668 0.046296296296296294
4 0.5109375 0.5111111111111111 0.026041666666666668 0.046296296296296294
4 0.6203125 0.5138888888888888 0.026041666666666668 0.046296296296296294
3 0.6817708333333333 0.5064814814814815 0.026041666666666668 0.046296296296296294
4 0.528125 0.5194444444444445 0.026041666666666668 0.046296296296296294
4 0.5963541666666666 0.5166666666666667 0.026041666666666668 0.046296296296296294
4 0.603125 0.5203703703703704 0.026041666666666668 0.046296296296296294
4 0.6255208333333333 0.5268518518518519 0.026041666666666668 0.046296296296296294
4 0.6578125 0.5259259259259259 0.026041666666666668 0.046296296296296294
3 0.6703125 0.5287037037037037 0.026041666666666668 0.046296296296296294
4 0.396875 0.5388888888888889 0.026041666666666668 0.046296296296296294
4 0.3880208333333333 0.5425925925925926 0.026041666666666668 0.046296296296296294
4 0.6322916666666667 0.549074074074074 0.026041666666666668 0.046296296296296294
3 0.7354166666666667 0.5537037037037037 0.026041666666666668 0.046296296296296294
4 0.5203125 0.5666666666666667 0.026041666666666668 0.046296296296296294
4 0.6 0.5722222222222222 0.026041666666666668 0.046296296296296294
4 0.5135416666666667 0.5833333333333334 0.026041666666666668 0.046296296296296294
4 0.3802083333333333 0.5898148148148148 0.026041666666666668 0.046296296296296294
4 0.640625 0.587037037037037 0.026041666666666668 0.046296296296296294
4 0.6619791666666667 0.587037037037037 0.026041666666666668 0.046296296296296294
4 0.4322916666666667 0.5935185185185186 0.026041666666666668 0.046296296296296294
4 0.44427083333333334 0.600925925925926 0.026041666666666668 0.046296296296296294
4 0.5171875 0.600925925925926 0.026041666666666668 0.046296296296296294
4 0.6421875 0.6092592592592593 0.026041666666666668 0.046296296296296294
4 0.575 0.6287037037037037 0.026041666666666668 0.046296296296296294
4 0.5364583333333334 0.6342592592592593 0.026041666666666668 0.046296296296296294
4 0.5963541666666666 0.6342592592592593 0.026041666666666668 0.046296296296296294
2 0.228125 0.6425925925925926 0.026041666666666668 0.046296296296296294
3 0.7411458333333333 0.6574074074074074 0.026041666666666668 0.046296296296296294
2 0.2125 0.6620370370370371 0.026041666666666668 0.046296296296296294
1 0.22552083333333334 0.7064814814814815 0.026041666666666668 0.046296296296296294
1 0.715625 0.7083333333333334 0.026041666666666668 0.046296296296296294
1 0.178125 0.7138888888888889 0.026041666666666668 0.046296296296296294
1 0.8817708333333333 0.7462962962962963 0.026041666666666668 0.046296296296296294
1 0.9177083333333333 0.7601851851851852 0.026041666666666668 0.046296296296296294
1 0.8296875 0.7648148148148148 0.026041666666666668 0.046296296296296294
1 0.7416666666666667 0.799074074074074 0.026041666666666668 0.046296296296296294
1 0.8265625 0.8305555555555556 0.026041666666666668 0.046296296296296294
1 0.8734375 0.8361111111111111 0.026041666666666668 0.046296296296296294
1 0.7776041666666667 0.8287037037037037 0.026041666666666668 0.046296296296296294
1 0.8411458333333334 0.8601851851851852 0.026041666666666668 0.046296296296296294
1 0.2234375 0.8944444444444445 0.026041666666666668 0.046296296296296294
1 0.4395833333333333 0.887962962962963 0.026041666666666668 0.046296296296296294
1 0.8265625 0.9425925925925925 0.026041666666666668 0.046296296296296294
1 0.365625 0.9629629629629629 0.026041666666666668 0.046296296296296294
1 0.975 0.9592592592592593 0.026041666666666668 0.046296296296296294
1 0.5869791666666667 0.9611111111111111 0.026041666666666668 0.046296296296296294
1 0.9953125 0.9675925925925926 0.026041666666666668 0.046296296296296294
1 0.0578125 0.9777777777777777 0.026041666666666668 0.046296296296296294
1 0.7614583333333333 0.9731481481481481 0.026041666666666668 0.046296296296296294
1 0.4708333333333333 0.9018518518518519 0.026041666666666668 0.046296296296296294
1 0.6635416666666667 0.7074074074074074 0.026041666666666668 0.046296296296296294
1 0.5291666666666667 0.7092592592592593 0.026041666666666668 0.046296296296296294
1 0.85 0.8981481481481481 0.026041666666666668 0.046296296296296294
1 0.875 0.9555555555555556 0.026041666666666668 0.046296296296296294
3 0.7302083333333333 0.5611111111111111 0.026041666666666668 0.046296296296296294
1 0.7739583333333333 0.6685185185185185 0.026041666666666668 0.046296296296296294
4 0.6208333333333333 0.6166666666666667 0.026041666666666668 0.046296296296296294
3 0.7604166666666666 0.5777777777777777 0.026041666666666668 0.046296296296296294
4 0.3770833333333333 0.6481481481481481 0.026041666666666668 0.046296296296296294
4 0.490625 0.48333333333333334 0.026041666666666668 0.046296296296296294
4 0.44375 0.5092592592592593 0.026041666666666668 0.046296296296296294
