0 0.4703125 0.09537037037037037 0.026041666666666668 0.046296296296296294
0 0.4859375 0.1037037037037037 0.026041666666666668 0.046296296296296294
0 0.4625 0.12129629629629629 0.026041666666666668 0.046296296296296294
0 0.46822916666666664 0.12129629629629629 0.026041666666666668 0.046296296296296294
0 0.4828125 0.12129629629629629 0.026041666666666668 0.046296296296296294
0 0.490625 0.11944444444444445 0.026041666666666668 0.046296296296296294
0 0.425 0.1287037037037037 0.026041666666666668 0.046296296296296294
0 0.4557291666666667 0.1287037037037037 0.026041666666666668 0.046296296296296294
0 0.4895833333333333 0.13055555555555556 0.026041666666666668 0.046296296296296294
0 0.44166666666666665 0.13333333333333333 0.026041666666666668 0.046296296296296294
0 0.46197916666666666 0.13518518518518519 0.026041666666666668 0.046296296296296294
0 0.46979166666666666 0.13518518518518519 0.026041666666666668 0.046296296296296294
0 0.44947916666666665 0.14444444444444443 0.026041666666666668 0.046296296296296294
0 0.4578125 0.1425925925925926 0.026041666666666668 0.046296296296296294
0 0.4661458333333333 0.14537037037037037 0.026041666666666668 0.046296296296296294
0 0.475 0.14629629629629629 0.026041666666666668 0.046296296296296294
0 0.4625 0.15092592592592594 0.026041666666666668 0.046296296296296294
0 0.4578125 0.15925925925925927 0.026041666666666668 0.046296296296296294
0 0.4505208333333333 0.1685185185185185 0.026041666666666668 0.046296296296296294
0 0.4864583333333333 0.18333333333333332 0.026041666666666668 0.046296296296296294
0 0.44375 0.19722222222222222 0.026041666666666668 0.046296296296296294
0 0.4744791666666667 0.19814814814814816 0.026041666666666668 0.046296296296296294
0 0.4708333333333333 0.2222222222222222 0.026041666666666668 0.046296296296296294
0 0.4786458333333333 0.24444444444444444 0.026041666666666668 0.046296296296296294
0 0.5010416666666667 0.24537037037037038 0.026041666666666668 0.046296296296296294
0 0.5026041666666666 0.27685185185185185 0.026041666666666668 0.046296296296296294
0 0.6958333333333333 0.2861111111111111 0.026041666666666668 0.046296296296296294
0 0.475 0.29259259259259257 0.026041666666666668 0.046296296296296294
0 0.5125 0.2953703703703704 0.026041666666666668 0.046296296296296294
0 0.4197916666666667 0.30092592592592593 0.026041666666666668 0.046296296296296294
0 0.4947916666666667 0.30092592592592593 0.026041666666666668 0.046296296296296294
0 0.4557291666666667 0.3074074074074074 0.026041666666666668 0.046296296296296294
0 0.46875 0.30833333333333335 0.026041666666666668 0.046296296296296294
0 0.49895833333333334 0.3101851851851852 0.026041666666666668 0.046296296296296294
0 0.4171875 0.31574074074074077 0.026041666666666668 0.046296296296296294
0 0.425 0.31574074074074077 0.026041666666666668 0.046296296296296294
0 0.4276041666666667 0.3148148148148148 0.026041666666666668 0.046296296296296294
0 0.44583333333333336 0.3148148148148148 0.026041666666666668 0.046296296296296294
0 0.7072916666666667 0.3138888888888889 0.026041666666666668 0.046296296296296294
0 0.4744791666666667 0.32407407407407407 0.026041666666666668 0.046296296296296294
0 0.5161458333333333 0.32407407407407407 0.026041666666666668 0.046296296296296294
0 0.6828125 0.325 0.026041666666666668 0.046296296296296294
0 0.4375 0.33240740740740743 0.026041666666666668 0.046296296296296294
4 0.45416666666666666 0.33425925925925926 0.026041666666666668 0.046296296296296294
0 0.4947916666666667 0.3314814814814815 0.026041666666666668 0.046296296296296294
4 0.5114583333333333 0.3425925925925926 0.026041666666666668 0.046296296296296294
4 0.43125 0.35 0.026041666666666668 0.046296296296296294
4 0.45260416666666664 0.3472222222222222 0.026041666666666668 0.046296296296296294
4 0.390625 0.3537037037037037 0.026041666666666668 0.046296296296296294
4 0.425 0.35648148148148145 0.026041666666666668 0.046296296296296294
4 0.503125 0.35648148148148145 0.026041666666666668 0.046296296296296294
4 0.4036458333333333 0.3648148148148148 0.026041666666666668 0.046296296296296294
4 0.46197916666666666 0.3648148148148148 0.026041666666666668 0.046296296296296294
4 0.4859375 0.36574074074074076 0.026041666666666668 0.046296296296296294
4 0.4708333333333333 0.3712962962962963 0.026041666666666668 0.046296296296296294
4 0.5026041666666666 0.37037037037037035 0.026041666666666668 0.046296296296296294
4 0.37395833333333334 0.3768518518518518 0.026041666666666668 0.046296296296296294
4 0.42864583333333334 0.387037037037037 0.026041666666666668 0.046296296296296294
4 0.45364583333333336 0.38981481481481484 0.026041666666666668 0.046296296296296294
4 0.4791666666666667 0.3888888888888889 0.026041666666666668 0.046296296296296294
4 0.375 0.39351851851851855 0.026041666666666668 0.046296296296296294
4 0.4 0.39537037037037037 0.026041666666666668 0.046296296296296294
4 0.4234375 0.39444444444444443 0.026041666666666668 0.046296296296296294
2 0.19479166666666667 0.4 0.026041666666666668 0.046296296296296294
2 0.2125 0.4 0.026041666666666668 0.046296296296296294
4 0.475 0.40185185185185185 0.026041666666666668 0.046296296296296294
4 0.5104166666666666 0.4046296296296296 0.026041666666666668 0.046296296296296294
2 0.1734375 0.40925925925925927 0.026041666666666668 0.046296296296296294
4 0.6572916666666667 0.4101851851851852 0.026041666666666668 0.046296296296296294
4 0.6614583333333334 0.40925925925925927 0.026041666666666668 0.046296296296296294
4 0.49895833333333334 0.4166666666666667 0.026041666666666668 0.046296296296296294
4 0.528125 0.4148148148148148 0.026041666666666668 0.046296296296296294
4 0.46145833333333336 0.43425925925925923 0.026041666666666668 0.046296296296296294
4 0.51875 0.4361111111111111 0.026041666666666668 0.046296296296296294
4 0.44427083333333334 0.44074074074074077 0.026041666666666668 0.046296296296296294
4 0.6536458333333334 0.44166666666666665 0.026041666666666668 0.046296296296296294
4 0.4125 0.4462962962962963 0.026041666666666668 0.046296296296296294
4 0.503125 0.44907407407407407 0.026041666666666668 0.046296296296296294
4 0.5197916666666667 0.44907407407407407 0.026041666666666668 0.046296296296296294
4 0.659375 0.45555555555555555 0.026041666666666668 0.046296296296296294
3 0.6786458333333333 0.45555555555555555 0.026041666666666668 0.046296296296296294
3 0.7078125 0.45740740740740743 0.026041666666666668 0.046296296296296294
4 0.4661458333333333 0.462037037037037 0.026041666666666668 0.046296296296296294
4 0.5203125 0.462037037037037 0.026041666666666668 0.046296296296296294
3 0.6880208333333333 0.4648148148148148 0.026041666666666668 0.046296296296296294
4 0.3828125 0.47962962962962963 0.026041666666666668 0.046296296296296294
4 0.4109375 0.47962962962962963 0.026041666666666668 0.046296296296296294
4 0.6385416666666667 0.47962962962962963 0.026041666666666668 0.046296296296296294
4 0.5192708333333333 0.4861111111111111 0.026041666666666668 0.046296296296296294
4 0.6088541666666667 0.4861111111111111 0.026041666666666668 0.046296296296296294
4 0.6666666666666666 0.487962962962963 0.026041666666666668 0.046296296296296294
4 0.5953125 0.5092592592592593 0.026041666666666668 0.046296296296296294
3 0.6864583333333333 0.5101851851851852 0.026041666666666668 0.046296296296296294
4 0.5041666666666667 0.5212962962962963 0.026041666666666668 0.046296296296296294
4 0.6223958333333334 0.5259259259259259 0.026041666666666668 0.046296296296296294
4 0.6661458333333333 0.5259259259259259 0.026041666666666668 0.046296296296296294
4 0.5088541666666667 0.5342592592592592 0.026041666666666668 0.046296296296296294
3 0.7348958333333333 0.5305555555555556 0.026041666666666668 0.046296296296296294
4 0.6333333333333333 0.5462962962962963 0.026041666666666668 0.046296296296296294
4 0.5333333333333333 0.5555555555555556 0.026041666666666668 0.046296296296296294
4 0.6166666666666667 0.5564814814814815 0.026041666666666668 0.046296296296296294
4 0.5161458333333333 0.5648148148148148 0.026041666666666668 0.046296296296296294
4 0.625 0.5675925925925925 0.026041666666666668 0.046296296296296294
4 0.6088541666666667 0.5814814814814815 0.026041666666666668 0.046296296296296294
4 0.6307291666666667 0.5824074074074074 0.026041666666666668 0.046296296296296294
4 0.6536458333333334 0.5805555555555556 0.026041666666666668 0.046296296296296294
4 0.515625 0.5851851851851851 0.026041666666666668 0.046296296296296294
3 0.7708333333333334 0.5879629629629629 0.026041666666666668 0.046296296296296294
4 0.6125 0.5916666666666667 0.026041666666666668 0.046296296296296294
4 0.4630208333333333 0.6046296296296296 0.026041666666666668 0.046296296296296294
4 0.6578125 0.6194444444444445 0.026041666666666668 0.046296296296296294
4 0.5145833333333333 0.625 0.026041666666666668 0.046296296296296294
4 0.5484375 0.6333333333333333 0.026041666666666668 0.046296296296296294
4 0.5875 0.637962962962963 0.026041666666666668 0.046296296296296294
4 0.4239583333333333 0.6546296296296297 0.026041666666666668 0.046296296296296294
4 0.5833333333333334 0.6666666666666666 0.026041666666666668 0.046296296296296294
1 0.4453125 0.6861111111111111 0.026041666666666668 0.046296296296296294
1 0.48333333333333334 0.6898148148148148 0.026041666666666668 0.046296296296296294
1 0.6197916666666666 0.7064814814814815 0.026041666666666668 0.046296296296296294
1 0.5770833333333333 0.7111111111111111 0.026041666666666668 0.046296296296296294
1 0.7265625 0.7175925925925926 0.026041666666666668 0.046296296296296294
1 0.5494791666666666 0.7185185185185186 0.026041666666666668 0.046296296296296294
1 0.8901041666666667 0.7509259259259259 0.026041666666666668 0.046296296296296294
1 0.6911458333333333 0.7759259259259259 0.026041666666666668 0.046296296296296294
1 0.178125 0.8101851851851852 0.026041666666666668 0.046296296296296294
1 0.8578125 0.8277777777777777 0.026041666666666668 0.046296296296296294
1 0.8234375 0.8379629629629629 0.026041666666666668 0.046296296296296294
1 0.1203125 0.8416666666666667 0.026041666666666668 0.046296296296296294
1 0.058333333333333334 0.8592592592592593 0.026041666666666668 0.046296296296296294
1 0.8296875 0.8638888888888889 0.026041666666666668 0.046296296296296294
1 0.32083333333333336 0.8666666666666667 0.026041666666666668 0.046296296296296294
1 0.01875 0.8944444444444445 0.026041666666666668 0.046296296296296294
1 0.196875 0.899074074074074 0.026041666666666668 0.046296296296296294
1 0.12552083333333333 0.9231481481481482 0.026041666666666668 0.046296296296296294
1 0.2546875 0.9203703703703704 0.026041666666666668 0.046296296296296294
1 0.790625 0.9314814814814815 0.026041666666666668 0.046296296296296294
1 0.29322916666666665 0.9314814814814815 0.026041666666666668 0.046296296296296294
1 0.08125 0.8703703703703703 0.026041666666666668 0.046296296296296294
1 0.06770833333333333 0.9092592592592592 0.026041666666666668 0.046296296296296294
1 0.06145833333333333 0.9444444444444444 0.026041666666666668 0.046296296296296294
1 0.17291666666666666 0.975925925925926 0.026041666666666668 0.046296296296296294
1 0.46875 0.9074074074074074 0.026041666666666668 0.046296296296296294
1 0.4395833333333333 0.8925925925925926 0.026041666666666668 0.046296296296296294
1 0.44583333333333336 0.7462962962962963 0.026041666666666668 0.046296296296296294
1 0.6489583333333333 0.7240740740740741 0.026041666666666668 0.046296296296296294
1 0.7260416666666667 0.8074074074074075 0.026041666666666668 0.046296296296296294
1 0.84375 0.9018518518518519 0.026041666666666668 0.046296296296296294
1 0.8364583333333333 0.9462962962962963 0.026041666666666668 0.046296296296296294
1 0.996875 0.924074074074074 0.026041666666666668 0.046296296296296294
1 0.7677083333333333 0.6685185185185185 0.026041666666666668 0.046296296296296294
3 0.75625 0.6351851851851852 0.026041666666666668 0.046296296296296294
3 0.7510416666666667 0.5611111111111111 0.026041666666666668 0.046296296296296294
3 0.7229166666666667 0.6222222222222222 0.026041666666666668 0.046296296296296294
3 0.7052083333333333 0.37037037037037035 0.026041666666666668 0.046296296296296294
4 0.6239583333333333 0.6444444444444445 0.026041666666666668 0.046296296296296294
4 0.6302083333333334 0.6111111111111112 0.026041666666666668 0.046296296296296294
4 0.421875 0.5981481481481481 0.026041666666666668 0.046296296296296294
4 0.390625 0.5611111111111111 0.026041666666666668 0.046296296296296294
2 0.13854166666666667 0.6092592592592593 0.026041666666666668 0.046296296296296294
2 0.22083333333333333 0.4388888888888889 0.026041666666666668 0.046296296296296294
1 0.28020833333333334 0.9666666666666667 0.026041666666666668 0.046296296296296294
1 0.9708333333333333 0.9444444444444444 0.026041666666666668 0.046296296296296294
