0 0.4864583333333333 0.10555555555555556 0.026041666666666668 0.046296296296296294
0 0.4708333333333333 0.12129629629629629 0.026041666666666668 0.046296296296296294
0 0.4828125 0.12314814814814815 0.026041666666666668 0.046296296296296294
0 0.49114583333333334 0.12222222222222222 0.026041666666666668 0.046296296296296294
0 0.4625 0.13055555555555556 0.026041666666666668 0.046296296296296294
0 0.4421875 0.13333333333333333 0.026041666666666668 0.046296296296296294
0 0.44895833333333335 0.13425925925925927 0.026041666666666668 0.046296296296296294
0 0.453125 0.13518518518518519 0.026041666666666668 0.046296296296296294
0 0.45729166666666665 0.13703703703703704 0.026041666666666668 0.046296296296296294
0 0.4713541666666667 0.13333333333333333 0.026041666666666668 0.046296296296296294
0 0.48385416666666664 0.1388888888888889 0.026041666666666668 0.046296296296296294
0 0.446875 0.1537037037037037 0.026041666666666668 0.046296296296296294
0 0.4552083333333333 0.1537037037037037 0.026041666666666668 0.046296296296296294
0 0.4453125 0.18055555555555555 0.026041666666666668 0.046296296296296294
0 0.4666666666666667 0.18703703703703703 0.026041666666666668 0.046296296296296294
0 0.46979166666666666 0.22962962962962963 0.026041666666666668 0.046296296296296294
0 0.5026041666666666 0.22870370370370371 0.026041666666666668 0.046296296296296294
0 0.4895833333333333 0.2361111111111111 0.026041666666666668 0.046296296296296294
0 0.5083333333333333 0.2537037037037037 0.026041666666666668 0.046296296296296294
0 0.5036458333333333 0.2759259259259259 0.026041666666666668 0.046296296296296294
0 0.5067708333333333 0.287962962962963 0.026041666666666668 0.046296296296296294
0 0.6526041666666667 0.2833333333333333 0.026041666666666668 0.046296296296296294
0 0.6953125 0.2861111111111111 0.026041666666666668 0.046296296296296294
0 0.478125 0.2935185185185185 0.026041666666666668 0.046296296296296294
0 0.4359375 0.29907407407407405 0.026041666666666668 0.046296296296296294
0 0.45260416666666664 0.2972222222222222 0.026041666666666668 0.046296296296296294
0 0.46458333333333335 0.2972222222222222 0.026041666666666668 0.046296296296296294
0 0.4947916666666667 0.30092592592592593 0.026041666666666668 0.046296296296296294
0 0.50625 0.29907407407407405 0.026041666666666668 0.046296296296296294
0 0.41770833333333335 0.3148148148148148 0.026041666666666668 0.046296296296296294
0 0.428125 0.3175925925925926 0.026041666666666668 0.046296296296296294
0 0.44583333333333336 0.3175925925925926 0.026041666666666668 0.046296296296296294
0 0.4734375 0.31851851851851853 0.026041666666666668 0.046296296296296294
0 0.7020833333333333 0.3148148148148148 0.026041666666666668 0.046296296296296294
0 0.4203125 0.32685185185185184 0.026041666666666668 0.046296296296296294
0 0.515625 0.325 0.026041666666666668 0.046296296296296294
0 0.43333333333333335 0.33240740740740743 0.026041666666666668 0.046296296296296294
4 0.453125 0.3416666666666667 0.026041666666666668 0.046296296296296294
4 0.503125 0.3398148148148148 0.026041666666666668 0.046296296296296294
4 0.4114583333333333 0.3490740740740741 0.026041666666666668 0.046296296296296294
4 0.46510416666666665 0.34814814814814815 0.026041666666666668 0.046296296296296294
4 0.47708333333333336 0.3472222222222222 0.026041666666666668 0.046296296296296294
4 0.38229166666666664 0.3537037037037037 0.026041666666666668 0.046296296296296294
4 0.39375 0.35462962962962963 0.026041666666666668 0.046296296296296294
4 0.4197916666666667 0.3527777777777778 0.026041666666666668 0.046296296296296294
4 0.4421875 0.35462962962962963 0.026041666666666668 0.046296296296296294
4 0.4953125 0.3537037037037037 0.026041666666666668 0.046296296296296294
3 0.6828125 0.3537037037037037 0.026041666666666668 0.046296296296296294
4 0.4078125 0.3648148148148148 0.026041666666666668 0.046296296296296294
4 0.4546875 0.3648148148148148 0.026041666666666668 0.046296296296296294
4 0.4791666666666667 0.36203703703703705 0.026041666666666668 0.046296296296296294
4 0.5041666666666667 0.3638888888888889 0.026041666666666668 0.046296296296296294
4 0.375 0.37407407407407406 0.026041666666666668 0.046296296296296294
2 0.21927083333333333 0.37777777777777777 0.026041666666666668 0.046296296296296294
4 0.44583333333333336 0.37962962962962965 0.026041666666666668 0.046296296296296294
4 0.5078125 0.37777777777777777 0.026041666666666668 0.046296296296296294
4 0.45416666666666666 0.3861111111111111 0.026041666666666668 0.046296296296296294
4 0.37552083333333336 0.39444444444444443 0.026041666666666668 0.046296296296296294
4 0.5026041666666666 0.39351851851851855 0.026041666666666668 0.046296296296296294
2 0.17447916666666666 0.40185185185185185 0.026041666666666668 0.046296296296296294
2 0.19375 0.4009259259259259 0.026041666666666668 0.046296296296296294
2 0.21197916666666666 0.3990740740740741 0.026041666666666668 0.046296296296296294
4 0.39427083333333335 0.39814814814814814 0.026041666666666668 0.046296296296296294
4 0.4166666666666667 0.40370370370370373 0.026041666666666668 0.046296296296296294
4 0.44947916666666665 0.4046296296296296 0.026041666666666668 0.046296296296296294
4 0.5151041666666667 0.40370370370370373 0.026041666666666668 0.046296296296296294
4 0.4744791666666667 0.4101851851851852 0.026041666666666668 0.046296296296296294
4 0.5083333333333333 0.40925925925925927 0.026041666666666668 0.046296296296296294
4 0.6609375 0.40925925925925927 0.026041666666666668 0.046296296296296294
4 0.43697916666666664 0.41944444444444445 0.026041666666666668 0.046296296296296294
4 0.4578125 0.4166666666666667 0.026041666666666668 0.046296296296296294
4 0.6536458333333334 0.42777777777777776 0.026041666666666668 0.046296296296296294
4 0.4953125 0.4324074074074074 0.026041666666666668 0.046296296296296294
4 0.65 0.44166666666666665 0.026041666666666668 0.046296296296296294
4 0.5005208333333333 0.44814814814814813 0.026041666666666668 0.046296296296296294
4 0.5229166666666667 0.45092592592592595 0.026041666666666668 0.046296296296296294
4 0.6552083333333333 0.45925925925925926 0.026041666666666668 0.046296296296296294
4 0.6604166666666667 0.45740740740740743 0.026041666666666668 0.046296296296296294
3 0.7072916666666667 0.45740740740740743 0.026041666666666668 0.046296296296296294
4 0.5260416666666666 0.4638888888888889 0.026041666666666668 0.046296296296296294
3 0.6864583333333333 0.46574074074074073 0.026041666666666668 0.046296296296296294
4 0.6541666666666667 0.47314814814814815 0.026041666666666668 0.046296296296296294
3 0.6791666666666667 0.47314814814814815 0.026041666666666668 0.046296296296296294
4 0.6291666666666667 0.4787037037037037 0.026041666666666668 0.046296296296296294
3 0.7046875 0.48148148148148145 0.026041666666666668 0.046296296296296294
4 0.4192708333333333 0.48703703703703705 0.026041666666666668 0.046296296296296294
4 0.5239583333333333 0.48518518518518516 0.026041666666666668 0.046296296296296294
4 0.6083333333333333 0.4898148148148148 0.026041666666666668 0.046296296296296294
4 0.5036458333333333 0.49444444444444446 0.026041666666666668 0.046296296296296294
4 0.665625 0.49722222222222223 0.026041666666666668 0.046296296296296294
4 0.5921875 0.5092592592592593 0.026041666666666668 0.046296296296296294
4 0.6036458333333333 0.512962962962963 0.026041666666666668 0.046296296296296294
3 0.6822916666666666 0.5120370370370371 0.026041666666666668 0.046296296296296294
4 0.38177083333333334 0.5157407407407407 0.026041666666666668 0.046296296296296294
4 0.5026041666666666 0.5175925925925926 0.026041666666666668 0.046296296296296294
4 0.6239583333333333 0.5259259259259259 0.026041666666666668 0.046296296296296294
4 0.6614583333333334 0.525 0.026041666666666668 0.046296296296296294
3 0.7328125 0.5351851851851852 0.026041666666666668 0.046296296296296294
4 0.6296875 0.5444444444444444 0.026041666666666668 0.046296296296296294
4 0.6166666666666667 0.55 0.026041666666666668 0.046296296296296294
4 0.6255208333333333 0.5638888888888889 0.026041666666666668 0.046296296296296294
3 0.75 0.5638888888888889 0.026041666666666668 0.046296296296296294
4 0.525 0.5833333333333334 0.026041666666666668 0.046296296296296294
4 0.6291666666666667 0.5805555555555556 0.026041666666666668 0.046296296296296294
4 0.6614583333333334 0.5805555555555556 0.026041666666666668 0.046296296296296294
3 0.76875 0.5787037037037037 0.026041666666666668 0.046296296296296294
4 0.6078125 0.5861111111111111 0.026041666666666668 0.046296296296296294
4 0.6244791666666667 0.6064814814814815 0.026041666666666668 0.046296296296296294
4 0.6645833333333333 0.6046296296296296 0.026041666666666668 0.046296296296296294
4 0.4666666666666667 0.6 0.026041666666666668 0.046296296296296294
4 0.5041666666666667 0.6111111111111112 0.026041666666666668 0.046296296296296294
4 0.5489583333333333 0.6351851851851852 0.026041666666666668 0.046296296296296294
4 0.5822916666666667 0.6453703703703704 0.026041666666666668 0.046296296296296294
1 0.48072916666666665 0.6685185185185185 0.026041666666666668 0.046296296296296294
3 0.7734375 0.6620370370370371 0.026041666666666668 0.046296296296296294
4 0.5864583333333333 0.6666666666666666 0.026041666666666668 0.046296296296296294
1 0.5979166666666667 0.6842592592592592 0.026041666666666668 0.046296296296296294
1 0.4791666666666667 0.6888888888888889 0.026041666666666668 0.046296296296296294
1 0.459375 0.7037037037037037 0.026041666666666668 0.046296296296296294
1 0.565625 0.7129629629629629 0.026041666666666668 0.046296296296296294
1 0.5953125 0.712037037037037 0.026041666666666668 0.046296296296296294
1 0.7270833333333333 0.7185185185185186 0.026041666666666668 0.046296296296296294
1 0.4390625 0.75 0.026041666666666668 0.046296296296296294
1 0.6364583333333333 0.75 0.026041666666666668 0.046296296296296294
1 0.8885416666666667 0.7453703703703703 0.026041666666666668 0.046296296296296294
1 0.6828125 0.7916666666666666 0.026041666666666668 0.046296296296296294
1 0.11770833333333333 0.825 0.026041666666666668 0.046296296296296294
1 0.8239583333333333 0.8305555555555556 0.026041666666666668 0.046296296296296294
1 0.8598958333333333 0.8287037037037037 0.026041666666666668 0.046296296296296294
1 0.052083333333333336 0.8481481481481481 0.026041666666666668 0.046296296296296294
1 0.084375 0.862037037037037 0.026041666666666668 0.046296296296296294
1 0.8291666666666667 0.8703703703703703 0.026041666666666668 0.046296296296296294
1 0.4375 0.887962962962963 0.026041666666666668 0.046296296296296294
1 0.009375 0.8944444444444445 0.026041666666666668 0.046296296296296294
1 0.19895833333333332 0.8962962962962963 0.026041666666666668 0.046296296296296294
1 0.3 0.8972222222222223 0.026041666666666668 0.046296296296296294
1 0.8541666666666666 0.9092592592592592 0.026041666666666668 0.046296296296296294
1 0.12916666666666668 0.9157407407407407 0.026041666666666668 0.046296296296296294
1 0.9927083333333333 0.9092592592592592 0.026041666666666668 0.046296296296296294
1 0.0828125 0.9222222222222223 0.026041666666666668 0.046296296296296294
1 0.2916666666666667 0.9194444444444444 0.026041666666666668 0.046296296296296294
1 0.38177083333333334 0.9111111111111111 0.026041666666666668 0.046296296296296294
1 0.2640625 0.924074074074074 0.026041666666666668 0.046296296296296294
1 0.16614583333333333 0.9537037037037037 0.026041666666666668 0.046296296296296294
1 0.9734375 0.9481481481481482 0.026041666666666668 0.046296296296296294
1 0.2859375 0.9685185185185186 0.026041666666666668 0.046296296296296294
4 0.41041666666666665 0.5259259259259259 0.026041666666666668 0.046296296296296294
2 0.14895833333333333 0.5351851851851852 0.026041666666666668 0.046296296296296294
1 0.084375 0.7962962962962963 0.026041666666666668 0.046296296296296294
1 0.11354166666666667 0.95 0.026041666666666668 0.046296296296296294
1 0.057291666666666664 0.9481481481481482 0.026041666666666668 0.046296296296296294
1 0.503125 0.7185185185185186 0.026041666666666668 0.046296296296296294
1 0.571875 0.7574074074074074 0.026041666666666668 0.046296296296296294
1 0.46770833333333334 0.9055555555555556 0.026041666666666668 0.046296296296296294
4 0.41458333333333336 0.6407407407407407 0.026041666666666668 0.046296296296296294
4 0.378125 0.587037037037037 0.026041666666666668 0.046296296296296294
1 0.721875 0.7925925925925926 0.026041666666666668 0.046296296296296294
1 0.7875 0.9185185185185185 0.026041666666666668 0.046296296296296294
1 0.840625 0.9388888888888889 0.026041666666666668 0.046296296296296294
1 0.8270833333333333 0.7148148148148148 0.026041666666666668 0.046296296296296294
3 0.7583333333333333 0.6370370370370371 0.026041666666666668 0.046296296296296294
3 0.7197916666666667 0.6037037037037037 0.026041666666666668 0.046296296296296294
3 0.7072916666666667 0.3685185185185185 0.026041666666666668 0.046296296296296294
4 0.625 0.6481481481481481 0.026041666666666668 0.046296296296296294
4 0.5135416666666667 0.5333333333333333 0.026041666666666668 0.046296296296296294
4 0.5322916666666667 0.5444444444444444 0.026041666666666668 0.046296296296296294
4 0.41041666666666665 0.4222222222222222 0.026041666666666668 0.046296296296296294
4 0.5947916666666667 0.5537037037037037 0.026041666666666668 0.046296296296296294
