0 0.4869791666666667 0.10462962962962963 0.026041666666666668 0.046296296296296294
0 0.4828125 0.12129629629629629 0.026041666666666668 0.046296296296296294
0 0.4484375 0.13518518518518519 0.026041666666666668 0.046296296296296294
0 0.46145833333333336 0.13518518518518519 0.026041666666666668 0.046296296296296294
0 0.4703125 0.13796296296296295 0.026041666666666668 0.046296296296296294
0 0.4864583333333333 0.13796296296296295 0.026041666666666668 0.046296296296296294
0 0.4901041666666667 0.1398148148148148 0.026041666666666668 0.046296296296296294
0 0.440625 0.14444444444444443 0.026041666666666668 0.046296296296296294
0 0.4625 0.16203703703703703 0.026041666666666668 0.046296296296296294
0 0.4703125 0.16018518518518518 0.026041666666666668 0.046296296296296294
0 0.44895833333333335 0.1638888888888889 0.026041666666666668 0.046296296296296294
0 0.43125 0.17777777777777778 0.026041666666666668 0.046296296296296294
0 0.4744791666666667 0.17592592592592593 0.026041666666666668 0.046296296296296294
0 0.44583333333333336 0.2388888888888889 0.026041666666666668 0.046296296296296294
0 0.5192708333333333 0.23796296296296296 0.026041666666666668 0.046296296296296294
0 0.4515625 0.2657407407407407 0.026041666666666668 0.046296296296296294
0 0.45677083333333335 0.26851851851851855 0.026041666666666668 0.046296296296296294
0 0.4875 0.2712962962962963 0.026041666666666668 0.046296296296296294
0 0.49322916666666666 0.275 0.026041666666666668 0.046296296296296294
0 0.5385416666666667 0.2759259259259259 0.026041666666666668 0.046296296296296294
0 0.5453125 0.2777777777777778 0.026041666666666668 0.046296296296296294
0 0.5114583333333333 0.28425925925925927 0.026041666666666668 0.046296296296296294
0 0.6911458333333333 0.2861111111111111 0.026041666666666668 0.046296296296296294
0 0.5010416666666667 0.29074074074074074 0.026041666666666668 0.046296296296296294
0 0.4270833333333333 0.2972222222222222 0.026041666666666668 0.046296296296296294
0 0.5208333333333334 0.30092592592592593 0.026041666666666668 0.046296296296296294
0 0.4276041666666667 0.31296296296296294 0.026041666666666668 0.046296296296296294
0 0.5041666666666667 0.31666666666666665 0.026041666666666668 0.046296296296296294
0 0.5109375 0.31851851851851853 0.026041666666666668 0.046296296296296294
0 0.5244791666666667 0.31851851851851853 0.026041666666666668 0.046296296296296294
0 0.5119791666666667 0.33055555555555555 0.026041666666666668 0.046296296296296294
4 0.5072916666666667 0.3472222222222222 0.026041666666666668 0.046296296296296294
4 0.4005208333333333 0.35555555555555557 0.026041666666666668 0.046296296296296294
4 0.5197916666666667 0.35555555555555557 0.026041666666666668 0.046296296296296294
4 0.4953125 0.36203703703703705 0.026041666666666668 0.046296296296296294
4 0.5067708333333333 0.36203703703703705 0.026041666666666668 0.046296296296296294
4 0.5286458333333334 0.3731481481481482 0.026041666666666668 0.046296296296296294
4 0.49583333333333335 0.37962962962962965 0.026041666666666668 0.046296296296296294
4 0.5197916666666667 0.3787037037037037 0.026041666666666668 0.046296296296296294
3 0.7072916666666667 0.3768518518518518 0.026041666666666668 0.046296296296296294
4 0.3984375 0.39351851851851855 0.026041666666666668 0.046296296296296294
3 0.6817708333333333 0.3907407407407407 0.026041666666666668 0.046296296296296294
2 0.20677083333333332 0.4 0.026041666666666668 0.046296296296296294
4 0.39427083333333335 0.4046296296296296 0.026041666666666668 0.046296296296296294
4 0.5338541666666666 0.4027777777777778 0.026041666666666668 0.046296296296296294
4 0.6651041666666667 0.4027777777777778 0.026041666666666668 0.046296296296296294
3 0.7088541666666667 0.4 0.026041666666666668 0.046296296296296294
4 0.5078125 0.4111111111111111 0.026041666666666668 0.046296296296296294
4 0.6546875 0.4101851851851852 0.026041666666666668 0.046296296296296294
4 0.390625 0.42592592592592593 0.026041666666666668 0.046296296296296294
4 0.40677083333333336 0.4222222222222222 0.026041666666666668 0.046296296296296294
4 0.4192708333333333 0.425 0.026041666666666668 0.046296296296296294
4 0.4578125 0.42592592592592593 0.026041666666666668 0.046296296296296294
4 0.665625 0.42407407407407405 0.026041666666666668 0.046296296296296294
4 0.5151041666666667 0.4324074074074074 0.026041666666666668 0.046296296296296294
4 0.47708333333333336 0.44074074074074077 0.026041666666666668 0.046296296296296294
2 0.1734375 0.4462962962962963 0.026041666666666668 0.046296296296296294
4 0.5083333333333333 0.45555555555555555 0.026041666666666668 0.046296296296296294
4 0.5234375 0.45555555555555555 0.026041666666666668 0.046296296296296294
3 0.6697916666666667 0.4564814814814815 0.026041666666666668 0.046296296296296294
4 0.46510416666666665 0.46574074074074073 0.026041666666666668 0.046296296296296294
2 0.20364583333333333 0.4703703703703704 0.026041666666666668 0.046296296296296294
4 0.39895833333333336 0.47129629629629627 0.026041666666666668 0.046296296296296294
4 0.43697916666666664 0.47314814814814815 0.026041666666666668 0.046296296296296294
4 0.5125 0.48148148148148145 0.026041666666666668 0.046296296296296294
4 0.5994791666666667 0.48518518518518516 0.026041666666666668 0.046296296296296294
3 0.678125 0.4842592592592593 0.026041666666666668 0.046296296296296294
4 0.6255208333333333 0.49537037037037035 0.026041666666666668 0.046296296296296294
4 0.6625 0.49537037037037035 0.026041666666666668 0.046296296296296294
4 0.4322916666666667 0.5064814814814815 0.026041666666666668 0.046296296296296294
4 0.4484375 0.5 0.026041666666666668 0.046296296296296294
4 0.48541666666666666 0.5157407407407407 0.026041666666666668 0.046296296296296294
4 0.4947916666666667 0.5166666666666667 0.026041666666666668 0.046296296296296294
3 0.7125 0.5185185185185185 0.026041666666666668 0.046296296296296294
4 0.6244791666666667 0.5231481481481481 0.026041666666666668 0.046296296296296294
4 0.6666666666666666 0.5287037037037037 0.026041666666666668 0.046296296296296294
3 0.6911458333333333 0.5268518518518519 0.026041666666666668 0.046296296296296294
4 0.5203125 0.5342592592592592 0.026041666666666668 0.046296296296296294
4 0.6359375 0.5351851851851852 0.026041666666666668 0.046296296296296294
3 0.7166666666666667 0.5342592592592592 0.026041666666666668 0.046296296296296294
4 0.5369791666666667 0.5435185185185185 0.026041666666666668 0.046296296296296294
4 0.4083333333333333 0.5509259259259259 0.026041666666666668 0.046296296296296294
4 0.5083333333333333 0.549074074074074 0.026041666666666668 0.046296296296296294
4 0.5739583333333333 0.55 0.026041666666666668 0.046296296296296294
3 0.6708333333333333 0.55 0.026041666666666668 0.046296296296296294
4 0.47291666666666665 0.5555555555555556 0.026041666666666668 0.046296296296296294
4 0.6083333333333333 0.562962962962963 0.026041666666666668 0.046296296296296294
3 0.7380208333333333 0.562037037037037 0.026041666666666668 0.046296296296296294
4 0.5505208333333333 0.5666666666666667 0.026041666666666668 0.046296296296296294
3 0.759375 0.562037037037037 0.026041666666666668 0.046296296296296294
4 0.38385416666666666 0.5861111111111111 0.026041666666666668 0.046296296296296294
4 0.4864583333333333 0.5898148148148148 0.026041666666666668 0.046296296296296294
4 0.6494791666666667 0.5851851851851851 0.026041666666666668 0.046296296296296294
4 0.665625 0.5944444444444444 0.026041666666666668 0.046296296296296294
3 0.7197916666666667 0.6027777777777777 0.026041666666666668 0.046296296296296294
3 0.6822916666666666 0.6092592592592593 0.026041666666666668 0.046296296296296294
3 0.7677083333333333 0.6222222222222222 0.026041666666666668 0.046296296296296294
2 0.20260416666666667 0.6453703703703704 0.026041666666666668 0.046296296296296294
3 0.7291666666666666 0.6518518518518519 0.026041666666666668 0.046296296296296294
1 0.7786458333333334 0.6722222222222223 0.026041666666666668 0.046296296296296294
1 0.7005208333333334 0.6759259259259259 0.026041666666666668 0.046296296296296294
1 0.20364583333333333 0.6916666666666667 0.026041666666666668 0.046296296296296294
1 0.159375 0.7444444444444445 0.026041666666666668 0.046296296296296294
1 0.8854166666666666 0.7490740740740741 0.026041666666666668 0.046296296296296294
1 0.11875 0.8157407407407408 0.026041666666666668 0.046296296296296294
1 0.1953125 0.8092592592592592 0.026041666666666668 0.046296296296296294
1 0.7619791666666667 0.8231481481481482 0.026041666666666668 0.046296296296296294
1 0.9296875 0.8194444444444444 0.026041666666666668 0.046296296296296294
1 0.8296875 0.8435185185185186 0.026041666666666668 0.046296296296296294
1 0.9953125 0.8574074074074074 0.026041666666666668 0.046296296296296294
1 0.7864583333333334 0.8611111111111112 0.026041666666666668 0.046296296296296294
1 0.3645833333333333 0.8675925925925926 0.026041666666666668 0.046296296296296294
1 0.6770833333333334 0.8657407407407407 0.026041666666666668 0.046296296296296294
1 0.49947916666666664 0.8907407407407407 0.026041666666666668 0.046296296296296294
1 0.9708333333333333 0.9398148148148148 0.026041666666666668 0.046296296296296294
1 0.3984375 0.9462962962962963 0.026041666666666668 0.046296296296296294
1 0.6864583333333333 0.9657407407407408 0.026041666666666668 0.046296296296296294
1 0.6609375 0.9842592592592593 0.026041666666666668 0.046296296296296294
1 0.14583333333333334 0.8537037037037037 0.026041666666666668 0.046296296296296294
1 0.8166666666666667 0.8666666666666667 0.026041666666666668 0.046296296296296294
1 0.8666666666666667 0.8222222222222222 0.026041666666666668 0.046296296296296294
3 0.7666666666666667 0.6481481481481481 0.026041666666666668 0.046296296296296294
1 0.6770833333333334 0.6833333333333333 0.026041666666666668 0.046296296296296294
4 0.634375 0.6592592592592592 0.026041666666666668 0.046296296296296294
4 0.6041666666666666 0.6148148148148148 0.026041666666666668 0.046296296296296294
4 0.434375 0.562962962962963 0.026041666666666668 0.046296296296296294
2 0.18125 0.4166666666666667 0.026041666666666668 0.046296296296296294
