0 0.47552083333333334 0.09814814814814815 0.026041666666666668 0.046296296296296294
0 0.4817708333333333 0.09907407407407408 0.026041666666666668 0.046296296296296294
0 0.4786458333333333 0.12129629629629629 0.026041666666666668 0.046296296296296294
0 0.4359375 0.1259259259259259 0.026041666666666668 0.046296296296296294
0 0.459375 0.12777777777777777 0.026041666666666668 0.046296296296296294
0 0.4708333333333333 0.12685185185185185 0.026041666666666668 0.046296296296296294
0 0.4791666666666667 0.13055555555555556 0.026041666666666668 0.046296296296296294
0 0.43645833333333334 0.13518518518518519 0.026041666666666668 0.046296296296296294
0 0.45416666666666666 0.13518518518518519 0.026041666666666668 0.046296296296296294
0 0.4630208333333333 0.1361111111111111 0.026041666666666668 0.046296296296296294
0 0.46979166666666666 0.1361111111111111 0.026041666666666668 0.046296296296296294
0 0.4744791666666667 0.14629629629629629 0.026041666666666668 0.046296296296296294
0 0.4828125 0.1537037037037037 0.026041666666666668 0.046296296296296294
0 0.475 0.1685185185185185 0.026041666666666668 0.046296296296296294
0 0.490625 0.1685185185185185 0.026041666666666668 0.046296296296296294
0 0.4578125 0.17407407407407408 0.026041666666666668 0.046296296296296294
0 0.5005208333333333 0.17592592592592593 0.026041666666666668 0.046296296296296294
0 0.5072916666666667 0.17407407407407408 0.026041666666666668 0.046296296296296294
0 0.48385416666666664 0.18611111111111112 0.026041666666666668 0.046296296296296294
0 0.49166666666666664 0.18333333333333332 0.026041666666666668 0.046296296296296294
0 0.4796875 0.19166666666666668 0.026041666666666668 0.046296296296296294
0 0.5083333333333333 0.19907407407407407 0.026041666666666668 0.046296296296296294
0 0.4421875 0.21203703703703702 0.026041666666666668 0.046296296296296294
0 0.4666666666666667 0.21388888888888888 0.026041666666666668 0.046296296296296294
0 0.47760416666666666 0.21296296296296297 0.026041666666666668 0.046296296296296294
0 0.49114583333333334 0.21481481481481482 0.026041666666666668 0.046296296296296294
0 0.46041666666666664 0.23796296296296296 0.026041666666666668 0.046296296296296294
0 0.4125 0.2518518518518518 0.026041666666666668 0.046296296296296294
0 0.4947916666666667 0.2518518518518518 0.026041666666666668 0.046296296296296294
0 0.41354166666666664 0.25925925925925924 0.026041666666666668 0.046296296296296294
0 0.42083333333333334 0.262037037037037 0.026041666666666668 0.046296296296296294
0 0.47604166666666664 0.25833333333333336 0.026041666666666668 0.046296296296296294
0 0.48125 0.25833333333333336 0.026041666666666668 0.046296296296296294
0 0.44583333333333336 0.2722222222222222 0.026041666666666668 0.046296296296296294
0 0.4942708333333333 0.2740740740740741 0.026041666666666668 0.046296296296296294
0 0.5125 0.2759259259259259 0.026041666666666668 0.046296296296296294
0 0.45 0.2861111111111111 0.026041666666666668 0.046296296296296294
0 0.4786458333333333 0.2851851851851852 0.026041666666666668 0.046296296296296294
0 0.5114583333333333 0.28425925925925927 0.026041666666666668 0.046296296296296294
0 0.44166666666666665 0.29444444444444445 0.026041666666666668 0.046296296296296294
0 0.50625 0.2962962962962963 0.026041666666666668 0.046296296296296294
0 0.4869791666666667 0.30277777777777776 0.026041666666666668 0.046296296296296294
0 0.4979166666666667 0.29907407407407405 0.026041666666666668 0.046296296296296294
0 0.5114583333333333 0.30092592592592593 0.026041666666666668 0.046296296296296294
0 0.42083333333333334 0.3101851851851852 0.026041666666666668 0.046296296296296294
0 0.4708333333333333 0.3101851851851852 0.026041666666666668 0.046296296296296294
0 0.41458333333333336 0.3175925925925926 0.026041666666666668 0.046296296296296294
0 0.4984375 0.3111111111111111 0.026041666666666668 0.046296296296296294
0 0.5109375 0.32314814814814813 0.026041666666666668 0.046296296296296294
0 0.4161458333333333 0.3296296296296296 0.026041666666666668 0.046296296296296294
0 0.4276041666666667 0.3314814814814815 0.026041666666666668 0.046296296296296294
0 0.44427083333333334 0.33055555555555555 0.026041666666666668 0.046296296296296294
4 0.5083333333333333 0.3398148148148148 0.026041666666666668 0.046296296296296294
4 0.44583333333333336 0.34814814814814815 0.026041666666666668 0.046296296296296294
4 0.38333333333333336 0.3537037037037037 0.026041666666666668 0.046296296296296294
4 0.4171875 0.35648148148148145 0.026041666666666668 0.046296296296296294
4 0.65 0.35462962962962963 0.026041666666666668 0.046296296296296294
4 0.44947916666666665 0.3648148148148148 0.026041666666666668 0.046296296296296294
4 0.49947916666666664 0.3638888888888889 0.026041666666666668 0.046296296296296294
4 0.4036458333333333 0.37037037037037035 0.026041666666666668 0.046296296296296294
4 0.6494791666666667 0.36944444444444446 0.026041666666666668 0.046296296296296294
4 0.38697916666666665 0.3787037037037037 0.026041666666666668 0.046296296296296294
4 0.4328125 0.37777777777777777 0.026041666666666668 0.046296296296296294
4 0.42135416666666664 0.3861111111111111 0.026041666666666668 0.046296296296296294
4 0.515625 0.38425925925925924 0.026041666666666668 0.046296296296296294
4 0.4578125 0.39166666666666666 0.026041666666666668 0.046296296296296294
4 0.4942708333333333 0.3907407407407407 0.026041666666666668 0.046296296296296294
4 0.6552083333333333 0.39351851851851855 0.026041666666666668 0.046296296296296294
4 0.37864583333333335 0.40370370370370373 0.026041666666666668 0.046296296296296294
2 0.21145833333333333 0.4101851851851852 0.026041666666666668 0.046296296296296294
4 0.48385416666666664 0.4074074074074074 0.026041666666666668 0.046296296296296294
4 0.65 0.4101851851851852 0.026041666666666668 0.046296296296296294
4 0.6619791666666667 0.41203703703703703 0.026041666666666668 0.046296296296296294
2 0.178125 0.4185185185185185 0.026041666666666668 0.046296296296296294
2 0.19947916666666668 0.41574074074074074 0.026041666666666668 0.046296296296296294
4 0.4453125 0.425 0.026041666666666668 0.046296296296296294
4 0.6619791666666667 0.42685185185185187 0.026041666666666668 0.046296296296296294
3 0.6776041666666667 0.425 0.026041666666666668 0.046296296296296294
4 0.6625 0.44074074074074077 0.026041666666666668 0.046296296296296294
3 0.69375 0.4398148148148148 0.026041666666666668 0.046296296296296294
3 0.6770833333333334 0.4462962962962963 0.026041666666666668 0.046296296296296294
3 0.7052083333333333 0.45 0.026041666666666668 0.046296296296296294
3 0.7104166666666667 0.44722222222222224 0.026041666666666668 0.046296296296296294
3 0.6671875 0.4583333333333333 0.026041666666666668 0.046296296296296294
4 0.5208333333333334 0.4638888888888889 0.026041666666666668 0.046296296296296294
3 0.6875 0.4648148148148148 0.026041666666666668 0.046296296296296294
4 0.6546875 0.4759259259259259 0.026041666666666668 0.046296296296296294
4 0.5166666666666667 0.4824074074074074 0.026041666666666668 0.046296296296296294
4 0.6427083333333333 0.4824074074074074 0.026041666666666668 0.046296296296296294
4 0.5 0.4888888888888889 0.026041666666666668 0.046296296296296294
4 0.421875 0.4981481481481482 0.026041666666666668 0.046296296296296294
3 0.6786458333333333 0.49537037037037035 0.026041666666666668 0.046296296296296294
4 0.6083333333333333 0.5027777777777778 0.026041666666666668 0.046296296296296294
3 0.6994791666666667 0.5037037037037037 0.026041666666666668 0.046296296296296294
4 0.6161458333333333 0.5120370370370371 0.026041666666666668 0.046296296296296294
4 0.503125 0.5166666666666667 0.026041666666666668 0.046296296296296294
4 0.5145833333333333 0.5203703703703704 0.026041666666666668 0.046296296296296294
4 0.6083333333333333 0.5157407407407407 0.026041666666666668 0.046296296296296294
3 0.6989583333333333 0.5175925925925926 0.026041666666666668 0.046296296296296294
4 0.6234375 0.5277777777777778 0.026041666666666668 0.046296296296296294
3 0.6791666666666667 0.5222222222222223 0.026041666666666668 0.046296296296296294
3 0.71875 0.5333333333333333 0.026041666666666668 0.046296296296296294
4 0.4609375 0.5388888888888889 0.026041666666666668 0.046296296296296294
3 0.6817708333333333 0.5435185185185185 0.026041666666666668 0.046296296296296294
4 0.5208333333333334 0.5518518518518518 0.026041666666666668 0.046296296296296294
3 0.6994791666666667 0.5481481481481482 0.026041666666666668 0.046296296296296294
4 0.6161458333333333 0.5675925925925925 0.026041666666666668 0.046296296296296294
3 0.7552083333333334 0.5611111111111111 0.026041666666666668 0.046296296296296294
4 0.6661458333333333 0.5796296296296296 0.026041666666666668 0.046296296296296294
4 0.6322916666666667 0.5907407407407408 0.026041666666666668 0.046296296296296294
4 0.5177083333333333 0.5981481481481481 0.026041666666666668 0.046296296296296294
4 0.6072916666666667 0.5972222222222222 0.026041666666666668 0.046296296296296294
4 0.6572916666666667 0.6166666666666667 0.026041666666666668 0.046296296296296294
3 0.7333333333333333 0.6259259259259259 0.026041666666666668 0.046296296296296294
4 0.4078125 0.6333333333333333 0.026041666666666668 0.046296296296296294
4 0.5161458333333333 0.6351851851851852 0.026041666666666668 0.046296296296296294
4 0.3984375 0.662962962962963 0.026041666666666668 0.046296296296296294
4 0.5651041666666666 0.6611111111111111 0.026041666666666668 0.046296296296296294
3 0.7760416666666666 0.6657407407407407 0.026041666666666668 0.046296296296296294
1 0.48125 0.6722222222222223 0.026041666666666668 0.046296296296296294
1 0.5828125 0.6712962962962963 0.026041666666666668 0.046296296296296294
1 0.6333333333333333 0.674074074074074 0.026041666666666668 0.046296296296296294
1 0.43125 0.6777777777777778 0.026041666666666668 0.046296296296296294
1 0.6848958333333334 0.7287037037037037 0.026041666666666668 0.046296296296296294
1 0.9197916666666667 0.7546296296296297 0.026041666666666668 0.046296296296296294
1 0.6526041666666667 0.762962962962963 0.026041666666666668 0.046296296296296294
1 0.834375 0.7694444444444445 0.026041666666666668 0.046296296296296294
1 0.19010416666666666 0.7842592592592592 0.026041666666666668 0.046296296296296294
1 0.7130208333333333 0.8361111111111111 0.026041666666666668 0.046296296296296294
1 0.825 0.8388888888888889 0.026041666666666668 0.046296296296296294
1 0.8786458333333333 0.8333333333333334 0.026041666666666668 0.046296296296296294
1 0.159375 0.8453703703703703 0.026041666666666668 0.046296296296296294
1 0.8291666666666667 0.8592592592592593 0.026041666666666668 0.046296296296296294
1 0.43697916666666664 0.8861111111111111 0.026041666666666668 0.046296296296296294
1 0.13177083333333334 0.9120370370370371 0.026041666666666668 0.046296296296296294
1 0.271875 0.912962962962963 0.026041666666666668 0.046296296296296294
1 0.5 0.924074074074074 0.026041666666666668 0.046296296296296294
1 0.2375 0.924074074074074 0.026041666666666668 0.046296296296296294
1 0.8666666666666667 0.9555555555555556 0.026041666666666668 0.046296296296296294
1 0.04114583333333333 0.9648148148148148 0.026041666666666668 0.046296296296296294
1 0.9822916666666667 0.9675925925925926 0.026041666666666668 0.046296296296296294
1 0.5447916666666667 0.975 0.026041666666666668 0.046296296296296294
1 0.20625 0.9814814814814815 0.026041666666666668 0.046296296296296294
1 0.271875 0.9592592592592593 0.026041666666666668 0.046296296296296294
1 0.459375 0.9037037037037037 0.026041666666666668 0.046296296296296294
1 0.4791666666666667 0.8074074074074075 0.026041666666666668 0.046296296296296294
1 0.403125 0.7222222222222222 0.026041666666666668 0.046296296296296294
1 0.37083333333333335 0.7537037037037037 0.026041666666666668 0.046296296296296294
4 0.6052083333333333 0.6425925925925926 0.026041666666666668 0.046296296296296294
1 0.640625 0.8407407407407408 0.026041666666666668 0.046296296296296294
1 0.85 0.9 0.026041666666666668 0.046296296296296294
1 0.8135416666666667 0.9333333333333333 0.026041666666666668 0.046296296296296294
1 0.8864583333333333 0.7407407407407407 0.026041666666666668 0.046296296296296294
3 0.7666666666666667 0.6407407407407407 0.026041666666666668 0.046296296296296294
3 0.7572916666666667 0.6240740740740741 0.026041666666666668 0.046296296296296294
3 0.734375 0.5592592592592592 0.026041666666666668 0.046296296296296294
0 0.709375 0.32037037037037036 0.026041666666666668 0.046296296296296294
0 0.6927083333333334 0.2851851851851852 0.026041666666666668 0.046296296296296294
0 0.6989583333333333 0.30925925925925923 0.026041666666666668 0.046296296296296294
4 0.6010416666666667 0.5314814814814814 0.026041666666666668 0.046296296296296294
