0 0.475 0.08703703703703704 0.026041666666666668 0.046296296296296294
0 0.484375 0.09907407407407408 0.026041666666666668 0.046296296296296294
0 0.4869791666666667 0.10648148148148148 0.026041666666666668 0.046296296296296294
0 0.46927083333333336 0.11388888888888889 0.026041666666666668 0.046296296296296294
0 0.48333333333333334 0.12129629629629629 0.026041666666666668 0.046296296296296294
0 0.4942708333333333 0.12222222222222222 0.026041666666666668 0.046296296296296294
0 0.471875 0.12962962962962962 0.026041666666666668 0.046296296296296294
0 0.47760416666666666 0.12962962962962962 0.026041666666666668 0.046296296296296294
0 0.44947916666666665 0.13425925925925927 0.026041666666666668 0.046296296296296294
0 0.46145833333333336 0.13796296296296295 0.026041666666666668 0.046296296296296294
0 0.4875 0.13703703703703704 0.026041666666666668 0.046296296296296294
0 0.440625 0.14351851851851852 0.026041666666666668 0.046296296296296294
0 0.4713541666666667 0.14629629629629629 0.026041666666666668 0.046296296296296294
0 0.4828125 0.16203703703703703 0.026041666666666668 0.046296296296296294
0 0.45 0.1675925925925926 0.026041666666666668 0.046296296296296294
0 0.43333333333333335 0.17407407407407408 0.026041666666666668 0.046296296296296294
0 0.475 0.17685185185185184 0.026041666666666668 0.046296296296296294
0 0.43802083333333336 0.18333333333333332 0.026041666666666668 0.046296296296296294
0 0.4953125 0.18333333333333332 0.026041666666666668 0.046296296296296294
0 0.509375 0.18425925925925926 0.026041666666666668 0.046296296296296294
0 0.5010416666666667 0.1935185185185185 0.026041666666666668 0.046296296296296294
0 0.453125 0.19722222222222222 0.026041666666666668 0.046296296296296294
0 0.4822916666666667 0.1962962962962963 0.026041666666666668 0.046296296296296294
0 0.4244791666666667 0.20555555555555555 0.026041666666666668 0.046296296296296294
0 0.4744791666666667 0.2074074074074074 0.026041666666666668 0.046296296296296294
0 0.4630208333333333 0.21481481481481482 0.026041666666666668 0.046296296296296294
0 0.4869791666666667 0.22314814814814815 0.026041666666666668 0.046296296296296294
0 0.4578125 0.2324074074074074 0.026041666666666668 0.046296296296296294
0 0.50625 0.23055555555555557 0.026041666666666668 0.046296296296296294
0 0.42864583333333334 0.24722222222222223 0.026041666666666668 0.046296296296296294
0 0.5109375 0.24722222222222223 0.026041666666666668 0.046296296296296294
0 0.49895833333333334 0.26296296296296295 0.026041666666666668 0.046296296296296294
0 0.5114583333333333 0.26296296296296295 0.026041666666666668 0.046296296296296294
0 0.46197916666666666 0.26851851851851855 0.026041666666666668 0.046296296296296294
0 0.4828125 0.26944444444444443 0.026041666666666668 0.046296296296296294
0 0.49114583333333334 0.26851851851851855 0.026041666666666668 0.046296296296296294
0 0.50625 0.27314814814814814 0.026041666666666668 0.046296296296296294
0 0.5359375 0.2675925925925926 0.026041666666666668 0.046296296296296294
0 0.4703125 0.27685185185185185 0.026041666666666668 0.046296296296296294
0 0.49895833333333334 0.2777777777777778 0.026041666666666668 0.046296296296296294
0 0.5114583333333333 0.2759259259259259 0.026041666666666668 0.046296296296296294
0 0.4828125 0.2861111111111111 0.026041666666666668 0.046296296296296294
0 0.5296875 0.2861111111111111 0.026041666666666668 0.046296296296296294
0 0.425 0.29259259259259257 0.026041666666666668 0.046296296296296294
0 0.6942708333333333 0.2916666666666667 0.026041666666666668 0.046296296296296294
0 0.5072916666666667 0.3 0.026041666666666668 0.046296296296296294
0 0.5203125 0.3037037037037037 0.026041666666666668 0.046296296296296294
0 0.4192708333333333 0.3111111111111111 0.026041666666666668 0.046296296296296294
0 0.5447916666666667 0.30925925925925923 0.026041666666666668 0.046296296296296294
0 0.43125 0.31574074074074077 0.026041666666666668 0.046296296296296294
0 0.45364583333333336 0.31851851851851853 0.026041666666666668 0.046296296296296294
0 0.47291666666666665 0.31574074074074077 0.026041666666666668 0.046296296296296294
0 0.515625 0.3175925925925926 0.026041666666666668 0.046296296296296294
0 0.7026041666666667 0.3138888888888889 0.026041666666666668 0.046296296296296294
0 0.49635416666666665 0.32222222222222224 0.026041666666666668 0.046296296296296294
0 0.5026041666666666 0.325 0.026041666666666668 0.046296296296296294
0 0.44635416666666666 0.3314814814814815 0.026041666666666668 0.046296296296296294
0 0.5072916666666667 0.33240740740740743 0.026041666666666668 0.046296296296296294
0 0.5505208333333333 0.33240740740740743 0.026041666666666668 0.046296296296296294
4 0.44947916666666665 0.3425925925925926 0.026041666666666668 0.046296296296296294
4 0.453125 0.3388888888888889 0.026041666666666668 0.046296296296296294
4 0.5369791666666667 0.3416666666666667 0.026041666666666668 0.046296296296296294
4 0.39479166666666665 0.3537037037037037 0.026041666666666668 0.046296296296296294
4 0.43697916666666664 0.35833333333333334 0.026041666666666668 0.046296296296296294
4 0.4609375 0.35648148148148145 0.026041666666666668 0.046296296296296294
4 0.44947916666666665 0.3638888888888889 0.026041666666666668 0.046296296296296294
4 0.503125 0.3648148148148148 0.026041666666666668 0.046296296296296294
4 0.4192708333333333 0.37592592592592594 0.026041666666666668 0.046296296296296294
4 0.4901041666666667 0.37962962962962965 0.026041666666666668 0.046296296296296294
4 0.503125 0.3861111111111111 0.026041666666666668 0.046296296296296294
4 0.5276041666666667 0.38796296296296295 0.026041666666666668 0.046296296296296294
4 0.43697916666666664 0.3925925925925926 0.026041666666666668 0.046296296296296294
4 0.46510416666666665 0.3962962962962963 0.026041666666666668 0.046296296296296294
2 0.21197916666666666 0.4 0.026041666666666668 0.046296296296296294
4 0.4864583333333333 0.4046296296296296 0.026041666666666668 0.046296296296296294
4 0.4083333333333333 0.4101851851851852 0.026041666666666668 0.046296296296296294
4 0.4661458333333333 0.4074074074074074 0.026041666666666668 0.046296296296296294
4 0.5078125 0.4101851851851852 0.026041666666666668 0.046296296296296294
2 0.19010416666666666 0.41759259259259257 0.026041666666666668 0.046296296296296294
4 0.44479166666666664 0.4166666666666667 0.026041666666666668 0.046296296296296294
4 0.5203125 0.4203703703703704 0.026041666666666668 0.046296296296296294
4 0.6505208333333333 0.412962962962963 0.026041666666666668 0.046296296296296294
3 0.7114583333333333 0.41388888888888886 0.026041666666666668 0.046296296296296294
2 0.2015625 0.42685185185185187 0.026041666666666668 0.046296296296296294
4 0.37447916666666664 0.425 0.026041666666666668 0.046296296296296294
4 0.4005208333333333 0.42685185185185187 0.026041666666666668 0.046296296296296294
4 0.4234375 0.425 0.026041666666666668 0.046296296296296294
4 0.46979166666666666 0.42407407407407405 0.026041666666666668 0.046296296296296294
2 0.17083333333333334 0.43333333333333335 0.026041666666666668 0.046296296296296294
4 0.503125 0.4324074074074074 0.026041666666666668 0.046296296296296294
4 0.5161458333333333 0.4351851851851852 0.026041666666666668 0.046296296296296294
3 0.6734375 0.43148148148148147 0.026041666666666668 0.046296296296296294
3 0.6958333333333333 0.43148148148148147 0.026041666666666668 0.046296296296296294
4 0.3921875 0.44351851851851853 0.026041666666666668 0.046296296296296294
4 0.5114583333333333 0.44166666666666665 0.026041666666666668 0.046296296296296294
4 0.44427083333333334 0.44722222222222224 0.026041666666666668 0.046296296296296294
3 0.6828125 0.44907407407407407 0.026041666666666668 0.046296296296296294
4 0.4239583333333333 0.45555555555555555 0.026041666666666668 0.046296296296296294
4 0.5161458333333333 0.45555555555555555 0.026041666666666668 0.046296296296296294
4 0.6598958333333333 0.4722222222222222 0.026041666666666668 0.046296296296296294
3 0.6796875 0.4777777777777778 0.026041666666666668 0.046296296296296294
4 0.6166666666666667 0.49722222222222223 0.026041666666666668 0.046296296296296294
4 0.6130208333333333 0.5037037037037037 0.026041666666666668 0.046296296296296294
3 0.6776041666666667 0.5018518518518519 0.026041666666666668 0.046296296296296294
4 0.515625 0.5148148148148148 0.026041666666666668 0.046296296296296294
4 0.596875 0.5185185185185185 0.026041666666666668 0.046296296296296294
3 0.6953125 0.5203703703703704 0.026041666666666668 0.046296296296296294
4 0.6166666666666667 0.5268518518518519 0.026041666666666668 0.046296296296296294
3 0.6708333333333333 0.5287037037037037 0.026041666666666668 0.046296296296296294
3 0.7276041666666667 0.5324074074074074 0.026041666666666668 0.046296296296296294
4 0.5119791666666667 0.5398148148148149 0.026041666666666668 0.046296296296296294
4 0.6244791666666667 0.5453703703703704 0.026041666666666668 0.046296296296296294
4 0.6114583333333333 0.5453703703703704 0.026041666666666668 0.046296296296296294
4 0.5213541666666667 0.5555555555555556 0.026041666666666668 0.046296296296296294
4 0.6239583333333333 0.5583333333333333 0.026041666666666668 0.046296296296296294
3 0.6703125 0.5601851851851852 0.026041666666666668 0.046296296296296294
3 0.7369791666666666 0.5638888888888889 0.026041666666666668 0.046296296296296294
3 0.753125 0.5638888888888889 0.026041666666666668 0.046296296296296294
4 0.45208333333333334 0.5740740740740741 0.026041666666666668 0.046296296296296294
4 0.5020833333333333 0.5768518518518518 0.026041666666666668 0.046296296296296294
4 0.5942708333333333 0.5787037037037037 0.026041666666666668 0.046296296296296294
3 0.690625 0.5796296296296296 0.026041666666666668 0.046296296296296294
4 0.415625 0.5925925925925926 0.026041666666666668 0.046296296296296294
4 0.6354166666666666 0.5944444444444444 0.026041666666666668 0.046296296296296294
3 0.740625 0.5972222222222222 0.026041666666666668 0.046296296296296294
3 0.7083333333333334 0.6037037037037037 0.026041666666666668 0.046296296296296294
4 0.6145833333333334 0.6092592592592593 0.026041666666666668 0.046296296296296294
4 0.6479166666666667 0.6092592592592593 0.026041666666666668 0.046296296296296294
4 0.5333333333333333 0.6361111111111111 0.026041666666666668 0.046296296296296294
4 0.575 0.6361111111111111 0.026041666666666668 0.046296296296296294
4 0.6322916666666667 0.6435185185185185 0.026041666666666668 0.046296296296296294
4 0.39114583333333336 0.65 0.026041666666666668 0.046296296296296294
3 0.7666666666666667 0.6583333333333333 0.026041666666666668 0.046296296296296294
4 0.5958333333333333 0.6657407407407407 0.026041666666666668 0.046296296296296294
1 0.5442708333333334 0.6731481481481482 0.026041666666666668 0.046296296296296294
1 0.5276041666666667 0.712037037037037 0.026041666666666668 0.046296296296296294
1 0.5661458333333333 0.7129629629629629 0.026041666666666668 0.046296296296296294
1 0.7786458333333334 0.7203703703703703 0.026041666666666668 0.046296296296296294
1 0.5625 0.7324074074074074 0.026041666666666668 0.046296296296296294
1 0.6739583333333333 0.7518518518518519 0.026041666666666668 0.046296296296296294
1 0.5578125 0.7592592592592593 0.026041666666666668 0.046296296296296294
1 0.8822916666666667 0.75 0.026041666666666668 0.046296296296296294
1 0.8234375 0.7620370370370371 0.026041666666666668 0.046296296296296294
1 0.478125 0.7824074074074074 0.026041666666666668 0.046296296296296294
1 0.740625 0.7925925925925926 0.026041666666666668 0.046296296296296294
1 0.5151041666666667 0.7944444444444444 0.026041666666666668 0.046296296296296294
1 0.5380208333333333 0.7972222222222223 0.026041666666666668 0.046296296296296294
1 0.40260416666666665 0.8101851851851852 0.026041666666666668 0.046296296296296294
1 0.8291666666666667 0.8305555555555556 0.026041666666666668 0.046296296296296294
1 0.5796875 0.8296296296296296 0.026041666666666668 0.046296296296296294
1 0.7859375 0.8342592592592593 0.026041666666666668 0.046296296296296294
1 0.8791666666666667 0.8324074074074074 0.026041666666666668 0.046296296296296294
1 0.30364583333333334 0.85 0.026041666666666668 0.046296296296296294
1 0.35989583333333336 0.8435185185185186 0.026041666666666668 0.046296296296296294
1 0.4791666666666667 0.8842592592592593 0.026041666666666668 0.046296296296296294
1 0.69375 0.8870370370370371 0.026041666666666668 0.046296296296296294
1 0.4348958333333333 0.8935185185185185 0.026041666666666668 0.046296296296296294
1 0.159375 0.9018518518518519 0.026041666666666668 0.046296296296296294
1 0.3723958333333333 0.9074074074074074 0.026041666666666668 0.046296296296296294
1 0.11979166666666667 0.9416666666666667 0.026041666666666668 0.046296296296296294
1 0.5380208333333333 0.9490740740740741 0.026041666666666668 0.046296296296296294
1 0.18333333333333332 0.95 0.026041666666666668 0.046296296296296294
1 0.30364583333333334 0.95 0.026041666666666668 0.046296296296296294
1 0.9614583333333333 0.9388888888888889 0.026041666666666668 0.046296296296296294
1 0.8760416666666667 0.9722222222222222 0.026041666666666668 0.046296296296296294
1 0.9 0.9685185185185186 0.026041666666666668 0.046296296296296294
1 0.6229166666666667 0.8296296296296296 0.026041666666666668 0.046296296296296294
1 0.6385416666666667 0.7870370370370371 0.026041666666666668 0.046296296296296294
1 0.640625 0.7481481481481481 0.026041666666666668 0.046296296296296294
1 0.8239583333333333 0.8722222222222222 0.026041666666666668 0.046296296296296294
3 0.7666666666666667 0.6018518518518519 0.026041666666666668 0.046296296296296294
3 0.671875 0.5888888888888889 0.026041666666666668 0.046296296296296294
4 0.6572916666666667 0.5925925925925926 0.026041666666666668 0.046296296296296294
4 0.390625 0.5592592592592592 0.026041666666666668 0.046296296296296294
4 0.4 0.5018518518518519 0.026041666666666668 0.046296296296296294
4 0.3885416666666667 0.4888888888888889 0.026041666666666668 0.046296296296296294
1 0.46041666666666664 0.7037037037037037 0.026041666666666668 0.046296296296296294
