0 0.4708333333333333 0.09537037037037037 0.026041666666666668 0.046296296296296294
0 0.4822916666666667 0.09907407407407408 0.026041666666666668 0.046296296296296294
0 0.4713541666666667 0.11296296296296296 0.026041666666666668 0.046296296296296294
0 0.4661458333333333 0.12222222222222222 0.026041666666666668 0.046296296296296294
0 0.48333333333333334 0.11851851851851852 0.026041666666666668 0.046296296296296294
0 0.490625 0.12129629629629629 0.026041666666666668 0.046296296296296294
0 0.478125 0.1287037037037037 0.026041666666666668 0.046296296296296294
0 0.4432291666666667 0.13148148148148148 0.026041666666666668 0.046296296296296294
0 0.45 0.13518518518518519 0.026041666666666668 0.046296296296296294
0 0.4578125 0.13703703703703704 0.026041666666666668 0.046296296296296294
0 0.49114583333333334 0.1388888888888889 0.026041666666666668 0.046296296296296294
0 0.43072916666666666 0.1527777777777778 0.026041666666666668 0.046296296296296294
0 0.4375 0.1574074074074074 0.026041666666666668 0.046296296296296294
0 0.46197916666666666 0.1527777777777778 0.026041666666666668 0.046296296296296294
0 0.478125 0.1527777777777778 0.026041666666666668 0.046296296296296294
0 0.45364583333333336 0.1675925925925926 0.026041666666666668 0.046296296296296294
0 0.4328125 0.175 0.026041666666666668 0.046296296296296294
0 0.471875 0.17592592592592593 0.026041666666666668 0.046296296296296294
0 0.48802083333333335 0.175 0.026041666666666668 0.046296296296296294
0 0.5083333333333333 0.18333333333333332 0.026041666666666668 0.046296296296296294
0 0.49635416666666665 0.19166666666666668 0.026041666666666668 0.046296296296296294
0 0.4953125 0.20462962962962963 0.026041666666666668 0.046296296296296294
0 0.5166666666666667 0.2074074074074074 0.026041666666666668 0.046296296296296294
0 0.515625 0.23148148148148148 0.026041666666666668 0.046296296296296294
0 0.45625 0.24444444444444444 0.026041666666666668 0.046296296296296294
0 0.4744791666666667 0.24351851851851852 0.026041666666666668 0.046296296296296294
0 0.5114583333333333 0.25462962962962965 0.026041666666666668 0.046296296296296294
0 0.5328125 0.27685185185185185 0.026041666666666668 0.046296296296296294
0 0.540625 0.2777777777777778 0.026041666666666668 0.046296296296296294
0 0.5145833333333333 0.2851851851851852 0.026041666666666668 0.046296296296296294
0 0.6916666666666667 0.2851851851851852 0.026041666666666668 0.046296296296296294
0 0.5067708333333333 0.29814814814814816 0.026041666666666668 0.046296296296296294
0 0.44895833333333335 0.3 0.026041666666666668 0.046296296296296294
0 0.4828125 0.3 0.026041666666666668 0.046296296296296294
0 0.4947916666666667 0.29814814814814816 0.026041666666666668 0.046296296296296294
0 0.42083333333333334 0.3055555555555556 0.026041666666666668 0.046296296296296294
0 0.42239583333333336 0.3074074074074074 0.026041666666666668 0.046296296296296294
0 0.6984375 0.3101851851851852 0.026041666666666668 0.046296296296296294
0 0.44427083333333334 0.31851851851851853 0.026041666666666668 0.046296296296296294
0 0.47760416666666666 0.3212962962962963 0.026041666666666668 0.046296296296296294
0 0.49166666666666664 0.3175925925925926 0.026041666666666668 0.046296296296296294
0 0.49895833333333334 0.31574074074074077 0.026041666666666668 0.046296296296296294
0 0.5161458333333333 0.3148148148148148 0.026041666666666668 0.046296296296296294
0 0.5 0.33055555555555555 0.026041666666666668 0.046296296296296294
4 0.5072916666666667 0.33611111111111114 0.026041666666666668 0.046296296296296294
4 0.44427083333333334 0.3351851851851852 0.026041666666666668 0.046296296296296294
4 0.48385416666666664 0.3398148148148148 0.026041666666666668 0.046296296296296294
4 0.4239583333333333 0.34814814814814815 0.026041666666666668 0.046296296296296294
4 0.43854166666666666 0.3490740740740741 0.026041666666666668 0.046296296296296294
4 0.3807291666666667 0.35462962962962963 0.026041666666666668 0.046296296296296294
4 0.3880208333333333 0.3537037037037037 0.026041666666666668 0.046296296296296294
4 0.41302083333333334 0.35555555555555557 0.026041666666666668 0.046296296296296294
4 0.50625 0.3574074074074074 0.026041666666666668 0.046296296296296294
4 0.4703125 0.37222222222222223 0.026041666666666668 0.046296296296296294
4 0.6520833333333333 0.37037037037037035 0.026041666666666668 0.046296296296296294
4 0.390625 0.3824074074074074 0.026041666666666668 0.046296296296296294
4 0.4276041666666667 0.3861111111111111 0.026041666666666668 0.046296296296296294
4 0.5072916666666667 0.38796296296296295 0.026041666666666668 0.046296296296296294
4 0.65625 0.38796296296296295 0.026041666666666668 0.046296296296296294
4 0.4947916666666667 0.3962962962962963 0.026041666666666668 0.046296296296296294
4 0.490625 0.4027777777777778 0.026041666666666668 0.046296296296296294
4 0.6505208333333333 0.4009259259259259 0.026041666666666668 0.046296296296296294
4 0.6583333333333333 0.4027777777777778 0.026041666666666668 0.046296296296296294
3 0.7614583333333333 0.4 0.026041666666666668 0.046296296296296294
2 0.21197916666666666 0.4101851851851852 0.026041666666666668 0.046296296296296294
2 0.1734375 0.4166666666666667 0.026041666666666668 0.046296296296296294
2 0.19895833333333332 0.41574074074074074 0.026041666666666668 0.046296296296296294
4 0.4119791666666667 0.43148148148148147 0.026041666666666668 0.046296296296296294
4 0.6541666666666667 0.43333333333333335 0.026041666666666668 0.046296296296296294
3 0.690625 0.4305555555555556 0.026041666666666668 0.046296296296296294
4 0.5083333333333333 0.44074074074074077 0.026041666666666668 0.046296296296296294
3 0.6703125 0.4398148148148148 0.026041666666666668 0.046296296296296294
4 0.4203125 0.44907407407407407 0.026041666666666668 0.046296296296296294
4 0.46822916666666664 0.4462962962962963 0.026041666666666668 0.046296296296296294
4 0.37864583333333335 0.45925925925925926 0.026041666666666668 0.046296296296296294
4 0.4046875 0.4638888888888889 0.026041666666666668 0.046296296296296294
4 0.4119791666666667 0.46296296296296297 0.026041666666666668 0.046296296296296294
4 0.5151041666666667 0.4648148148148148 0.026041666666666668 0.046296296296296294
4 0.5317708333333333 0.46574074074074073 0.026041666666666668 0.046296296296296294
3 0.6776041666666667 0.4638888888888889 0.026041666666666668 0.046296296296296294
4 0.6666666666666666 0.4722222222222222 0.026041666666666668 0.046296296296296294
3 0.6880208333333333 0.47129629629629627 0.026041666666666668 0.046296296296296294
4 0.4739583333333333 0.48055555555555557 0.026041666666666668 0.046296296296296294
4 0.515625 0.4787037037037037 0.026041666666666668 0.046296296296296294
4 0.6380208333333334 0.48055555555555557 0.026041666666666668 0.046296296296296294
4 0.49947916666666664 0.4888888888888889 0.026041666666666668 0.046296296296296294
4 0.6609375 0.49074074074074076 0.026041666666666668 0.046296296296296294
3 0.6734375 0.4888888888888889 0.026041666666666668 0.046296296296296294
4 0.43125 0.49166666666666664 0.026041666666666668 0.046296296296296294
3 0.6911458333333333 0.4962962962962963 0.026041666666666668 0.046296296296296294
4 0.6619791666666667 0.5055555555555555 0.026041666666666668 0.046296296296296294
3 0.6828125 0.5037037037037037 0.026041666666666668 0.046296296296296294
4 0.39479166666666665 0.5101851851851852 0.026041666666666668 0.046296296296296294
4 0.5026041666666666 0.5083333333333333 0.026041666666666668 0.046296296296296294
4 0.515625 0.5101851851851852 0.026041666666666668 0.046296296296296294
3 0.7078125 0.5120370370370371 0.026041666666666668 0.046296296296296294
4 0.6572916666666667 0.5277777777777778 0.026041666666666668 0.046296296296296294
3 0.6744791666666666 0.5268518518518519 0.026041666666666668 0.046296296296296294
3 0.6822916666666666 0.5287037037037037 0.026041666666666668 0.046296296296296294
4 0.45729166666666665 0.5333333333333333 0.026041666666666668 0.046296296296296294
4 0.5166666666666667 0.5342592592592592 0.026041666666666668 0.046296296296296294
4 0.6203125 0.5314814814814814 0.026041666666666668 0.046296296296296294
3 0.6989583333333333 0.5370370370370371 0.026041666666666668 0.046296296296296294
4 0.4041666666666667 0.5509259259259259 0.026041666666666668 0.046296296296296294
4 0.6364583333333333 0.5574074074074075 0.026041666666666668 0.046296296296296294
4 0.6661458333333333 0.5592592592592592 0.026041666666666668 0.046296296296296294
3 0.6786458333333333 0.5611111111111111 0.026041666666666668 0.046296296296296294
3 0.7328125 0.5574074074074075 0.026041666666666668 0.046296296296296294
4 0.609375 0.5740740740740741 0.026041666666666668 0.046296296296296294
4 0.6609375 0.5805555555555556 0.026041666666666668 0.046296296296296294
4 0.5114583333333333 0.587037037037037 0.026041666666666668 0.046296296296296294
4 0.6354166666666666 0.5944444444444444 0.026041666666666668 0.046296296296296294
4 0.5333333333333333 0.6037037037037037 0.026041666666666668 0.046296296296296294
4 0.6041666666666666 0.6037037037037037 0.026041666666666668 0.046296296296296294
4 0.4828125 0.6092592592592593 0.026041666666666668 0.046296296296296294
2 0.21875 0.6138888888888889 0.026041666666666668 0.046296296296296294
4 0.6526041666666667 0.6194444444444445 0.026041666666666668 0.046296296296296294
3 0.6875 0.6370370370370371 0.026041666666666668 0.046296296296296294
4 0.5458333333333333 0.6407407407407407 0.026041666666666668 0.046296296296296294
3 0.7666666666666667 0.6527777777777778 0.026041666666666668 0.046296296296296294
4 0.6411458333333333 0.6648148148148149 0.026041666666666668 0.046296296296296294
3 0.6916666666666667 0.6620370370370371 0.026041666666666668 0.046296296296296294
4 0.4734375 0.6666666666666666 0.026041666666666668 0.046296296296296294
1 0.721875 0.7027777777777777 0.026041666666666668 0.046296296296296294
1 0.17604166666666668 0.7231481481481481 0.026041666666666668 0.046296296296296294
1 0.8833333333333333 0.7509259259259259 0.026041666666666668 0.046296296296296294
1 0.90625 0.7620370370370371 0.026041666666666668 0.046296296296296294
1 0.8416666666666667 0.7620370370370371 0.026041666666666668 0.046296296296296294
1 0.16197916666666667 0.8055555555555556 0.026041666666666668 0.046296296296296294
1 0.37864583333333335 0.8203703703703704 0.026041666666666668 0.046296296296296294
1 0.5239583333333333 0.8231481481481482 0.026041666666666668 0.046296296296296294
1 0.8296875 0.8388888888888889 0.026041666666666668 0.046296296296296294
1 0.8739583333333333 0.8351851851851851 0.026041666666666668 0.046296296296296294
1 0.7713541666666667 0.8537037037037037 0.026041666666666668 0.046296296296296294
1 0.4395833333333333 0.899074074074074 0.026041666666666668 0.046296296296296294
1 0.38697916666666665 0.9092592592592592 0.026041666666666668 0.046296296296296294
1 0.4609375 0.9083333333333333 0.026041666666666668 0.046296296296296294
1 0.7005208333333334 0.912962962962963 0.026041666666666668 0.046296296296296294
1 0.26666666666666666 0.9333333333333333 0.026041666666666668 0.046296296296296294
1 0.22916666666666666 0.937962962962963 0.026041666666666668 0.046296296296296294
1 0.6677083333333333 0.937962962962963 0.026041666666666668 0.046296296296296294
1 0.07239583333333334 0.9518518518518518 0.026041666666666668 0.046296296296296294
1 0.978125 0.9601851851851851 0.026041666666666668 0.046296296296296294
1 0.21614583333333334 0.9805555555555555 0.026041666666666668 0.046296296296296294
1 0.12916666666666668 0.9018518518518519 0.026041666666666668 0.046296296296296294
1 0.7166666666666667 0.7925925925925926 0.026041666666666668 0.046296296296296294
1 0.8125 0.9277777777777778 0.026041666666666668 0.046296296296296294
1 0.86875 0.9444444444444444 0.026041666666666668 0.046296296296296294
1 0.846875 0.8888888888888888 0.026041666666666668 0.046296296296296294
1 0.8333333333333334 0.8685185185185185 0.026041666666666668 0.046296296296296294
4 0.4114583333333333 0.5944444444444444 0.026041666666666668 0.046296296296296294
4 0.575 0.6388888888888888 0.026041666666666668 0.046296296296296294
4 0.6208333333333333 0.65 0.026041666666666668 0.046296296296296294
4 0.6166666666666667 0.6185185185185185 0.026041666666666668 0.046296296296296294
3 0.759375 0.5592592592592592 0.026041666666666668 0.046296296296296294
3 0.76875 0.587037037037037 0.026041666666666668 0.046296296296296294
3 0.7604166666666666 0.6240740740740741 0.026041666666666668 0.046296296296296294
1 0.778125 0.6722222222222223 0.026041666666666668 0.046296296296296294
1 0.178125 0.7481481481481481 0.026041666666666668 0.046296296296296294
2 0.19583333333333333 0.4666666666666667 0.026041666666666668 0.046296296296296294
0 0.7083333333333334 0.32037037037037036 0.026041666666666668 0.046296296296296294
4 0.4625 0.5018518518518519 0.026041666666666668 0.046296296296296294
