0 0.48333333333333334 0.09907407407407408 0.026041666666666668 0.046296296296296294
0 0.46979166666666666 0.12037037037037036 0.026041666666666668 0.046296296296296294
0 0.49114583333333334 0.12129629629629629 0.026041666666666668 0.046296296296296294
0 0.4786458333333333 0.12777777777777777 0.026041666666666668 0.046296296296296294
0 0.4432291666666667 0.13333333333333333 0.026041666666666668 0.046296296296296294
0 0.45 0.13425925925925927 0.026041666666666668 0.046296296296296294
0 0.45364583333333336 0.13425925925925927 0.026041666666666668 0.046296296296296294
0 0.4578125 0.13703703703703704 0.026041666666666668 0.046296296296296294
0 0.4875 0.13796296296296295 0.026041666666666668 0.046296296296296294
0 0.43072916666666666 0.1527777777777778 0.026041666666666668 0.046296296296296294
0 0.43697916666666664 0.15648148148148147 0.026041666666666668 0.046296296296296294
0 0.478125 0.15185185185185185 0.026041666666666668 0.046296296296296294
0 0.471875 0.16944444444444445 0.026041666666666668 0.046296296296296294
0 0.4322916666666667 0.17407407407407408 0.026041666666666668 0.046296296296296294
0 0.4666666666666667 0.17592592592592593 0.026041666666666668 0.046296296296296294
0 0.5005208333333333 0.17685185185185184 0.026041666666666668 0.046296296296296294
0 0.509375 0.18055555555555555 0.026041666666666668 0.046296296296296294
0 0.49635416666666665 0.1962962962962963 0.026041666666666668 0.046296296296296294
0 0.5161458333333333 0.2064814814814815 0.026041666666666668 0.046296296296296294
0 0.49375 0.21203703703703702 0.026041666666666668 0.046296296296296294
0 0.5151041666666667 0.23148148148148148 0.026041666666666668 0.046296296296296294
0 0.4557291666666667 0.2351851851851852 0.026041666666666668 0.046296296296296294
0 0.4739583333333333 0.24444444444444444 0.026041666666666668 0.046296296296296294
0 0.5104166666666666 0.25462962962962965 0.026041666666666668 0.046296296296296294
0 0.5328125 0.275 0.026041666666666668 0.046296296296296294
0 0.5447916666666667 0.2777777777777778 0.026041666666666668 0.046296296296296294
0 0.5036458333333333 0.2851851851851852 0.026041666666666668 0.046296296296296294
0 0.5145833333333333 0.2861111111111111 0.026041666666666668 0.046296296296296294
0 0.4817708333333333 0.2916666666666667 0.026041666666666668 0.046296296296296294
0 0.6911458333333333 0.29259259259259257 0.026041666666666668 0.046296296296296294
0 0.44635416666666666 0.29907407407407405 0.026041666666666668 0.046296296296296294
0 0.44895833333333335 0.3 0.026041666666666668 0.046296296296296294
0 0.4625 0.30185185185185187 0.026041666666666668 0.046296296296296294
0 0.4828125 0.3 0.026041666666666668 0.046296296296296294
0 0.49322916666666666 0.3 0.026041666666666668 0.046296296296296294
0 0.5072916666666667 0.30092592592592593 0.026041666666666668 0.046296296296296294
0 0.42083333333333334 0.3074074074074074 0.026041666666666668 0.046296296296296294
0 0.4244791666666667 0.30833333333333335 0.026041666666666668 0.046296296296296294
0 0.49114583333333334 0.3111111111111111 0.026041666666666668 0.046296296296296294
0 0.6984375 0.3101851851851852 0.026041666666666668 0.046296296296296294
0 0.44427083333333334 0.3175925925925926 0.026041666666666668 0.046296296296296294
0 0.4734375 0.3175925925925926 0.026041666666666668 0.046296296296296294
0 0.4984375 0.31666666666666665 0.026041666666666668 0.046296296296296294
0 0.5161458333333333 0.31574074074074077 0.026041666666666668 0.046296296296296294
0 0.4197916666666667 0.325 0.026041666666666668 0.046296296296296294
0 0.4427083333333333 0.3314814814814815 0.026041666666666668 0.046296296296296294
0 0.4734375 0.33055555555555555 0.026041666666666668 0.046296296296296294
4 0.5078125 0.3333333333333333 0.026041666666666668 0.046296296296296294
0 0.5463541666666667 0.3314814814814815 0.026041666666666668 0.046296296296296294
4 0.4244791666666667 0.34074074074074073 0.026041666666666668 0.046296296296296294
4 0.45416666666666666 0.3398148148148148 0.026041666666666668 0.046296296296296294
4 0.4859375 0.34074074074074073 0.026041666666666668 0.046296296296296294
4 0.5333333333333333 0.3398148148148148 0.026041666666666668 0.046296296296296294
4 0.4796875 0.3490740740740741 0.026041666666666668 0.046296296296296294
4 0.3880208333333333 0.3537037037037037 0.026041666666666668 0.046296296296296294
4 0.41770833333333335 0.35462962962962963 0.026041666666666668 0.046296296296296294
4 0.44895833333333335 0.35833333333333334 0.026041666666666668 0.046296296296296294
4 0.50625 0.35648148148148145 0.026041666666666668 0.046296296296296294
4 0.5072916666666667 0.362962962962963 0.026041666666666668 0.046296296296296294
4 0.6515625 0.3712962962962963 0.026041666666666668 0.046296296296296294
4 0.4703125 0.37777777777777777 0.026041666666666668 0.046296296296296294
4 0.5036458333333333 0.38055555555555554 0.026041666666666668 0.046296296296296294
4 0.5161458333333333 0.38055555555555554 0.026041666666666668 0.046296296296296294
2 0.20885416666666667 0.3861111111111111 0.026041666666666668 0.046296296296296294
4 0.396875 0.38425925925925924 0.026041666666666668 0.046296296296296294
4 0.6557291666666667 0.3888888888888889 0.026041666666666668 0.046296296296296294
4 0.4984375 0.39444444444444443 0.026041666666666668 0.046296296296296294
4 0.5109375 0.39537037037037037 0.026041666666666668 0.046296296296296294
3 0.7619791666666667 0.4 0.026041666666666668 0.046296296296296294
4 0.5109375 0.40925925925925927 0.026041666666666668 0.046296296296296294
4 0.6588541666666666 0.41203703703703703 0.026041666666666668 0.046296296296296294
2 0.17395833333333333 0.4166666666666667 0.026041666666666668 0.046296296296296294
4 0.403125 0.425 0.026041666666666668 0.046296296296296294
4 0.490625 0.425 0.026041666666666668 0.046296296296296294
4 0.5239583333333333 0.43703703703703706 0.026041666666666668 0.046296296296296294
4 0.6536458333333334 0.4324074074074074 0.026041666666666668 0.046296296296296294
4 0.6625 0.4351851851851852 0.026041666666666668 0.046296296296296294
3 0.6958333333333333 0.43148148148148147 0.026041666666666668 0.046296296296296294
4 0.5130208333333334 0.44166666666666665 0.026041666666666668 0.046296296296296294
4 0.5208333333333334 0.44166666666666665 0.026041666666666668 0.046296296296296294
3 0.6703125 0.4388888888888889 0.026041666666666668 0.046296296296296294
3 0.7026041666666667 0.4425925925925926 0.026041666666666668 0.046296296296296294
4 0.46875 0.44537037037037036 0.026041666666666668 0.046296296296296294
4 0.42083333333333334 0.45555555555555555 0.026041666666666668 0.046296296296296294
4 0.5166666666666667 0.4583333333333333 0.026041666666666668 0.046296296296296294
4 0.5328125 0.45925925925925926 0.026041666666666668 0.046296296296296294
4 0.6661458333333333 0.46574074074074073 0.026041666666666668 0.046296296296296294
3 0.6776041666666667 0.46574074074074073 0.026041666666666668 0.046296296296296294
4 0.4739583333333333 0.47314814814814815 0.026041666666666668 0.046296296296296294
3 0.6880208333333333 0.4722222222222222 0.026041666666666668 0.046296296296296294
4 0.5145833333333333 0.4787037037037037 0.026041666666666668 0.046296296296296294
4 0.6369791666666667 0.48055555555555557 0.026041666666666668 0.046296296296296294
3 0.696875 0.47962962962962963 0.026041666666666668 0.046296296296296294
4 0.4322916666666667 0.4898148148148148 0.026041666666666668 0.046296296296296294
4 0.46927083333333336 0.4888888888888889 0.026041666666666668 0.046296296296296294
4 0.49947916666666664 0.4898148148148148 0.026041666666666668 0.046296296296296294
4 0.6130208333333333 0.49166666666666664 0.026041666666666668 0.046296296296296294
3 0.6744791666666666 0.4898148148148148 0.026041666666666668 0.046296296296296294
4 0.6130208333333333 0.49722222222222223 0.026041666666666668 0.046296296296296294
3 0.6911458333333333 0.4962962962962963 0.026041666666666668 0.046296296296296294
3 0.678125 0.5018518518518519 0.026041666666666668 0.046296296296296294
4 0.5036458333333333 0.5083333333333333 0.026041666666666668 0.046296296296296294
4 0.515625 0.5101851851851852 0.026041666666666668 0.046296296296296294
4 0.6619791666666667 0.5092592592592593 0.026041666666666668 0.046296296296296294
4 0.45729166666666665 0.5175925925925926 0.026041666666666668 0.046296296296296294
4 0.6072916666666667 0.5175925925925926 0.026041666666666668 0.046296296296296294
3 0.671875 0.5203703703703704 0.026041666666666668 0.046296296296296294
3 0.6953125 0.5185185185185185 0.026041666666666668 0.046296296296296294
4 0.6567708333333333 0.524074074074074 0.026041666666666668 0.046296296296296294
4 0.6192708333333333 0.5296296296296297 0.026041666666666668 0.046296296296296294
3 0.7078125 0.537962962962963 0.026041666666666668 0.046296296296296294
4 0.5171875 0.5416666666666666 0.026041666666666668 0.046296296296296294
3 0.7328125 0.5518518518518518 0.026041666666666668 0.046296296296296294
4 0.6364583333333333 0.5564814814814815 0.026041666666666668 0.046296296296296294
4 0.6666666666666666 0.5583333333333333 0.026041666666666668 0.046296296296296294
4 0.5255208333333333 0.5648148148148148 0.026041666666666668 0.046296296296296294
3 0.7604166666666666 0.562037037037037 0.026041666666666668 0.046296296296296294
4 0.4036458333333333 0.5731481481481482 0.026041666666666668 0.046296296296296294
4 0.6083333333333333 0.5731481481481482 0.026041666666666668 0.046296296296296294
3 0.6791666666666667 0.5731481481481482 0.026041666666666668 0.046296296296296294
4 0.5109375 0.5898148148148148 0.026041666666666668 0.046296296296296294
4 0.6661458333333333 0.5851851851851851 0.026041666666666668 0.046296296296296294
4 0.47291666666666665 0.5898148148148148 0.026041666666666668 0.046296296296296294
4 0.6359375 0.5953703703703703 0.026041666666666668 0.046296296296296294
4 0.4088541666666667 0.6055555555555555 0.026041666666666668 0.046296296296296294
4 0.5291666666666667 0.6046296296296296 0.026041666666666668 0.046296296296296294
4 0.6041666666666666 0.6037037037037037 0.026041666666666668 0.046296296296296294
4 0.653125 0.6129629629629629 0.026041666666666668 0.046296296296296294
3 0.7708333333333334 0.6462962962962963 0.026041666666666668 0.046296296296296294
4 0.5427083333333333 0.6407407407407407 0.026041666666666668 0.046296296296296294
4 0.4739583333333333 0.65 0.026041666666666668 0.046296296296296294
1 0.6744791666666666 0.6824074074074075 0.026041666666666668 0.046296296296296294
1 0.7166666666666667 0.7055555555555556 0.026041666666666668 0.046296296296296294
1 0.17395833333333333 0.7101851851851851 0.026041666666666668 0.046296296296296294
1 0.8359375 0.7555555555555555 0.026041666666666668 0.046296296296296294
1 0.9067708333333333 0.762962962962963 0.026041666666666668 0.046296296296296294
1 0.7276041666666667 0.7888888888888889 0.026041666666666668 0.046296296296296294
1 0.5182291666666666 0.8027777777777778 0.026041666666666668 0.046296296296296294
1 0.828125 0.8398148148148148 0.026041666666666668 0.046296296296296294
1 0.8786458333333333 0.8361111111111111 0.026041666666666668 0.046296296296296294
1 0.7713541666666667 0.8398148148148148 0.026041666666666668 0.046296296296296294
1 0.37916666666666665 0.8555555555555555 0.026041666666666668 0.046296296296296294
1 0.14375 0.8759259259259259 0.026041666666666668 0.046296296296296294
1 0.4395833333333333 0.8972222222222223 0.026041666666666668 0.046296296296296294
1 0.4671875 0.9009259259259259 0.026041666666666668 0.046296296296296294
1 0.2640625 0.912962962962963 0.026041666666666668 0.046296296296296294
1 0.08541666666666667 0.9203703703703704 0.026041666666666668 0.046296296296296294
1 0.7130208333333333 0.9296296296296296 0.026041666666666668 0.046296296296296294
1 0.22447916666666667 0.9342592592592592 0.026041666666666668 0.046296296296296294
1 0.3958333333333333 0.9425925925925925 0.026041666666666668 0.046296296296296294
1 0.6770833333333334 0.9388888888888889 0.026041666666666668 0.046296296296296294
1 0.875 0.9481481481481482 0.026041666666666668 0.046296296296296294
1 0.9776041666666667 0.9583333333333334 0.026041666666666668 0.046296296296296294
1 0.16770833333333332 0.7944444444444444 0.026041666666666668 0.046296296296296294
1 0.178125 0.7296296296296296 0.026041666666666668 0.046296296296296294
2 0.22916666666666666 0.5944444444444444 0.026041666666666668 0.046296296296296294
2 0.21875 0.42407407407407405 0.026041666666666668 0.046296296296296294
2 0.19270833333333334 0.4148148148148148 0.026041666666666668 0.046296296296296294
1 0.8145833333333333 0.9425925925925925 0.026041666666666668 0.046296296296296294
3 0.778125 0.662962962962963 0.026041666666666668 0.046296296296296294
3 0.7666666666666667 0.5740740740740741 0.026041666666666668 0.046296296296296294
3 0.6958333333333333 0.6185185185185185 0.026041666666666668 0.046296296296296294
1 0.634375 0.6685185185185185 0.026041666666666668 0.046296296296296294
4 0.615625 0.6388888888888888 0.026041666666666668 0.046296296296296294
4 0.5760416666666667 0.6370370370370371 0.026041666666666668 0.046296296296296294
0 0.7072916666666667 0.31851851851851853 0.026041666666666668 0.046296296296296294
3 0.7645833333333333 0.6277777777777778 0.026041666666666668 0.046296296296296294
1 0.8791666666666667 0.7444444444444445 0.026041666666666668 0.046296296296296294
1 0.8322916666666667 0.8666666666666667 0.026041666666666668 0.046296296296296294
1 0.8479166666666667 0.8962962962962963 0.026041666666666668 0.046296296296296294
4 0.3885416666666667 0.44814814814814813 0.026041666666666668 0.046296296296296294
4 0.39375 0.524074074074074 0.026041666666666668 0.046296296296296294
