0 0.4703125 0.0962962962962963 0.026041666666666668 0.046296296296296294
0 0.46979166666666666 0.11296296296296296 0.026041666666666668 0.046296296296296294
0 0.440625 0.11851851851851852 0.026041666666666668 0.046296296296296294
0 0.4703125 0.1287037037037037 0.026041666666666668 0.046296296296296294
0 0.48385416666666664 0.13055555555555556 0.026041666666666668 0.046296296296296294
0 0.4901041666666667 0.13055555555555556 0.026041666666666668 0.046296296296296294
0 0.45416666666666666 0.13240740740740742 0.026041666666666668 0.046296296296296294
0 0.4609375 0.13796296296296295 0.026041666666666668 0.046296296296296294
0 0.44947916666666665 0.14444444444444443 0.026041666666666668 0.046296296296296294
0 0.475 0.14537037037037037 0.026041666666666668 0.046296296296296294
0 0.4786458333333333 0.14629629629629629 0.026041666666666668 0.046296296296296294
0 0.4625 0.1527777777777778 0.026041666666666668 0.046296296296296294
0 0.4864583333333333 0.1537037037037037 0.026041666666666668 0.046296296296296294
0 0.44947916666666665 0.15925925925925927 0.026041666666666668 0.046296296296296294
0 0.465625 0.16203703703703703 0.026041666666666668 0.046296296296296294
0 0.49114583333333334 0.16203703703703703 0.026041666666666668 0.046296296296296294
0 0.45416666666666666 0.1685185185185185 0.026041666666666668 0.046296296296296294
0 0.4322916666666667 0.17407407407407408 0.026041666666666668 0.046296296296296294
0 0.46197916666666666 0.17314814814814813 0.026041666666666668 0.046296296296296294
0 0.4666666666666667 0.17314814814814813 0.026041666666666668 0.046296296296296294
0 0.4744791666666667 0.1787037037037037 0.026041666666666668 0.046296296296296294
0 0.4859375 0.17592592592592593 0.026041666666666668 0.046296296296296294
0 0.49947916666666664 0.17685185185185184 0.026041666666666668 0.046296296296296294
0 0.44895833333333335 0.1814814814814815 0.026041666666666668 0.046296296296296294
0 0.4317708333333333 0.18888888888888888 0.026041666666666668 0.046296296296296294
0 0.46197916666666666 0.18888888888888888 0.026041666666666668 0.046296296296296294
0 0.49375 0.19166666666666668 0.026041666666666668 0.046296296296296294
0 0.4119791666666667 0.21388888888888888 0.026041666666666668 0.046296296296296294
0 0.4979166666666667 0.2222222222222222 0.026041666666666668 0.046296296296296294
0 0.5140625 0.23981481481481481 0.026041666666666668 0.046296296296296294
0 0.46979166666666666 0.24722222222222223 0.026041666666666668 0.046296296296296294
0 0.47708333333333336 0.24537037037037038 0.026041666666666668 0.046296296296296294
0 0.4973958333333333 0.2462962962962963 0.026041666666666668 0.046296296296296294
0 0.4578125 0.25277777777777777 0.026041666666666668 0.046296296296296294
0 0.4817708333333333 0.25277777777777777 0.026041666666666668 0.046296296296296294
0 0.4921875 0.25462962962962965 0.026041666666666668 0.046296296296296294
0 0.42239583333333336 0.2675925925925926 0.026041666666666668 0.046296296296296294
0 0.5109375 0.2675925925925926 0.026041666666666668 0.046296296296296294
0 0.41875 0.27870370370370373 0.026041666666666668 0.046296296296296294
0 0.4578125 0.2759259259259259 0.026041666666666668 0.046296296296296294
0 0.49375 0.2777777777777778 0.026041666666666668 0.046296296296296294
0 0.4328125 0.2851851851851852 0.026041666666666668 0.046296296296296294
0 0.515625 0.287962962962963 0.026041666666666668 0.046296296296296294
0 0.6947916666666667 0.2861111111111111 0.026041666666666668 0.046296296296296294
0 0.5109375 0.3037037037037037 0.026041666666666668 0.046296296296296294
0 0.43645833333333334 0.3055555555555556 0.026041666666666668 0.046296296296296294
0 0.44427083333333334 0.31203703703703706 0.026041666666666668 0.046296296296296294
0 0.465625 0.30833333333333335 0.026041666666666668 0.046296296296296294
0 0.4869791666666667 0.30833333333333335 0.026041666666666668 0.046296296296296294
0 0.4552083333333333 0.3175925925925926 0.026041666666666668 0.046296296296296294
0 0.46197916666666666 0.3175925925925926 0.026041666666666668 0.046296296296296294
0 0.4197916666666667 0.32407407407407407 0.026041666666666668 0.046296296296296294
0 0.4317708333333333 0.32314814814814813 0.026041666666666668 0.046296296296296294
0 0.43697916666666664 0.325 0.026041666666666668 0.046296296296296294
0 0.44427083333333334 0.32407407407407407 0.026041666666666668 0.046296296296296294
0 0.4796875 0.32685185185185184 0.026041666666666668 0.046296296296296294
0 0.49114583333333334 0.32407407407407407 0.026041666666666668 0.046296296296296294
0 0.5072916666666667 0.325 0.026041666666666668 0.046296296296296294
0 0.528125 0.325 0.026041666666666668 0.046296296296296294
4 0.41510416666666666 0.3351851851851852 0.026041666666666668 0.046296296296296294
4 0.4557291666666667 0.33425925925925926 0.026041666666666668 0.046296296296296294
4 0.4192708333333333 0.34074074074074073 0.026041666666666668 0.046296296296296294
4 0.43697916666666664 0.34074074074074073 0.026041666666666668 0.046296296296296294
4 0.46927083333333336 0.3416666666666667 0.026041666666666668 0.046296296296296294
4 0.5197916666666667 0.3398148148148148 0.026041666666666668 0.046296296296296294
4 0.403125 0.35555555555555557 0.026041666666666668 0.046296296296296294
4 0.4119791666666667 0.35648148148148145 0.026041666666666668 0.046296296296296294
4 0.42083333333333334 0.35555555555555557 0.026041666666666668 0.046296296296296294
4 0.44947916666666665 0.35555555555555557 0.026041666666666668 0.046296296296296294
4 0.38385416666666666 0.3648148148148148 0.026041666666666668 0.046296296296296294
4 0.390625 0.3638888888888889 0.026041666666666668 0.046296296296296294
4 0.46145833333333336 0.3638888888888889 0.026041666666666668 0.046296296296296294
4 0.5119791666666667 0.3638888888888889 0.026041666666666668 0.046296296296296294
4 0.5229166666666667 0.362962962962963 0.026041666666666668 0.046296296296296294
3 0.6776041666666667 0.3638888888888889 0.026041666666666668 0.046296296296296294
4 0.3796875 0.3731481481481482 0.026041666666666668 0.046296296296296294
4 0.39947916666666666 0.3712962962962963 0.026041666666666668 0.046296296296296294
4 0.4083333333333333 0.3731481481481482 0.026041666666666668 0.046296296296296294
4 0.49583333333333335 0.3787037037037037 0.026041666666666668 0.046296296296296294
4 0.5067708333333333 0.3787037037037037 0.026041666666666668 0.046296296296296294
4 0.3729166666666667 0.38981481481481484 0.026041666666666668 0.046296296296296294
4 0.4036458333333333 0.387037037037037 0.026041666666666668 0.046296296296296294
4 0.5166666666666667 0.387037037037037 0.026041666666666668 0.046296296296296294
4 0.65 0.38796296296296295 0.026041666666666668 0.046296296296296294
2 0.21145833333333333 0.3907407407407407 0.026041666666666668 0.046296296296296294
4 0.5192708333333333 0.40925925925925927 0.026041666666666668 0.046296296296296294
2 0.1890625 0.4185185185185185 0.026041666666666668 0.046296296296296294
4 0.4166666666666667 0.4185185185185185 0.026041666666666668 0.046296296296296294
4 0.5083333333333333 0.42777777777777776 0.026041666666666668 0.046296296296296294
4 0.653125 0.4361111111111111 0.026041666666666668 0.046296296296296294
4 0.4171875 0.4425925925925926 0.026041666666666668 0.046296296296296294
4 0.4661458333333333 0.44166666666666665 0.026041666666666668 0.046296296296296294
4 0.503125 0.44351851851851853 0.026041666666666668 0.046296296296296294
4 0.48333333333333334 0.45092592592592595 0.026041666666666668 0.046296296296296294
4 0.5192708333333333 0.44907407407407407 0.026041666666666668 0.046296296296296294
4 0.4005208333333333 0.4564814814814815 0.026041666666666668 0.046296296296296294
4 0.48385416666666664 0.45740740740740743 0.026041666666666668 0.046296296296296294
3 0.7026041666666667 0.4546296296296296 0.026041666666666668 0.046296296296296294
4 0.5197916666666667 0.462037037037037 0.026041666666666668 0.046296296296296294
4 0.5354166666666667 0.4638888888888889 0.026041666666666668 0.046296296296296294
4 0.4666666666666667 0.4703703703703704 0.026041666666666668 0.046296296296296294
4 0.503125 0.47129629629629627 0.026041666666666668 0.046296296296296294
4 0.6614583333333334 0.46944444444444444 0.026041666666666668 0.046296296296296294
3 0.690625 0.4759259259259259 0.026041666666666668 0.046296296296296294
4 0.6078125 0.48148148148148145 0.026041666666666668 0.046296296296296294
4 0.5244791666666667 0.48703703703703705 0.026041666666666668 0.046296296296296294
4 0.6322916666666667 0.4888888888888889 0.026041666666666668 0.046296296296296294
3 0.6828125 0.487962962962963 0.026041666666666668 0.046296296296296294
4 0.46927083333333336 0.5037037037037037 0.026041666666666668 0.046296296296296294
4 0.5244791666666667 0.5037037037037037 0.026041666666666668 0.046296296296296294
2 0.14375 0.5074074074074074 0.026041666666666668 0.046296296296296294
4 0.6114583333333333 0.5101851851851852 0.026041666666666668 0.046296296296296294
3 0.6911458333333333 0.5111111111111111 0.026041666666666668 0.046296296296296294
4 0.5291666666666667 0.5194444444444445 0.026041666666666668 0.046296296296296294
4 0.6364583333333333 0.5203703703703704 0.026041666666666668 0.046296296296296294
4 0.625 0.5351851851851852 0.026041666666666668 0.046296296296296294
3 0.6697916666666667 0.5324074074074074 0.026041666666666668 0.046296296296296294
2 0.22447916666666667 0.5444444444444444 0.026041666666666668 0.046296296296296294
3 0.7213541666666666 0.5370370370370371 0.026041666666666668 0.046296296296296294
4 0.5296875 0.5509259259259259 0.026041666666666668 0.046296296296296294
4 0.615625 0.55 0.026041666666666668 0.046296296296296294
4 0.5369791666666667 0.5574074074074075 0.026041666666666668 0.046296296296296294
4 0.5479166666666667 0.5537037037037037 0.026041666666666668 0.046296296296296294
4 0.5932291666666667 0.562962962962963 0.026041666666666668 0.046296296296296294
3 0.73125 0.5638888888888889 0.026041666666666668 0.046296296296296294
3 0.753125 0.5638888888888889 0.026041666666666668 0.046296296296296294
2 0.215625 0.5731481481481482 0.026041666666666668 0.046296296296296294
4 0.5760416666666667 0.5666666666666667 0.026041666666666668 0.046296296296296294
4 0.6453125 0.5777777777777777 0.026041666666666668 0.046296296296296294
2 0.16510416666666666 0.5814814814814815 0.026041666666666668 0.046296296296296294
2 0.19427083333333334 0.587037037037037 0.026041666666666668 0.046296296296296294
3 0.7703125 0.5898148148148148 0.026041666666666668 0.046296296296296294
2 0.2296875 0.5981481481481481 0.026041666666666668 0.046296296296296294
3 0.7614583333333333 0.6185185185185185 0.026041666666666668 0.046296296296296294
3 0.7333333333333333 0.6277777777777778 0.026041666666666668 0.046296296296296294
3 0.6677083333333333 0.6342592592592593 0.026041666666666668 0.046296296296296294
4 0.6427083333333333 0.6509259259259259 0.026041666666666668 0.046296296296296294
3 0.7083333333333334 0.6574074074074074 0.026041666666666668 0.046296296296296294
3 0.765625 0.662962962962963 0.026041666666666668 0.046296296296296294
1 0.6578125 0.7212962962962963 0.026041666666666668 0.046296296296296294
1 0.15625 0.7388888888888889 0.026041666666666668 0.046296296296296294
1 0.5270833333333333 0.7546296296296297 0.026041666666666668 0.046296296296296294
1 0.8833333333333333 0.7472222222222222 0.026041666666666668 0.046296296296296294
1 0.4734375 0.7490740740740741 0.026041666666666668 0.046296296296296294
1 0.5723958333333333 0.7722222222222223 0.026041666666666668 0.046296296296296294
1 0.5958333333333333 0.7861111111111111 0.026041666666666668 0.046296296296296294
1 0.6796875 0.799074074074074 0.026041666666666668 0.046296296296296294
1 0.7661458333333333 0.8425925925925926 0.026041666666666668 0.046296296296296294
1 0.9786458333333333 0.8472222222222222 0.026041666666666668 0.046296296296296294
1 0.8286458333333333 0.8648148148148148 0.026041666666666668 0.046296296296296294
1 0.78125 0.8694444444444445 0.026041666666666668 0.046296296296296294
1 0.603125 0.8805555555555555 0.026041666666666668 0.046296296296296294
1 0.6364583333333333 0.8842592592592593 0.026041666666666668 0.046296296296296294
1 0.35625 0.8925925925925926 0.026041666666666668 0.046296296296296294
1 0.3921875 0.9185185185185185 0.026041666666666668 0.046296296296296294
1 0.43697916666666664 0.9231481481481482 0.026041666666666668 0.046296296296296294
1 0.9588541666666667 0.9472222222222222 0.026041666666666668 0.046296296296296294
1 0.33697916666666666 0.9675925925925926 0.026041666666666668 0.046296296296296294
1 0.8666666666666667 0.8166666666666667 0.026041666666666668 0.046296296296296294
1 0.9947916666666666 0.8518518518518519 0.026041666666666668 0.046296296296296294
0 0.7104166666666667 0.30185185185185187 0.026041666666666668 0.046296296296296294
4 0.5479166666666667 0.38333333333333336 0.026041666666666668 0.046296296296296294
2 0.22604166666666667 0.45925925925925926 0.026041666666666668 0.046296296296296294
1 0.6145833333333334 0.6814814814814815 0.026041666666666668 0.046296296296296294
