0 0.475 0.12222222222222222 0.026041666666666668 0.046296296296296294
0 0.4828125 0.12037037037037036 0.026041666666666668 0.046296296296296294
0 0.49166666666666664 0.12222222222222222 0.026041666666666668 0.046296296296296294
0 0.4546875 0.1287037037037037 0.026041666666666668 0.046296296296296294
0 0.4609375 0.12685185185185185 0.026041666666666668 0.046296296296296294
0 0.46927083333333336 0.12962962962962962 0.026041666666666668 0.046296296296296294
0 0.4432291666666667 0.13425925925925927 0.026041666666666668 0.046296296296296294
0 0.4708333333333333 0.14629629629629629 0.026041666666666668 0.046296296296296294
0 0.4864583333333333 0.15462962962962962 0.026041666666666668 0.046296296296296294
0 0.44583333333333336 0.15833333333333333 0.026041666666666668 0.046296296296296294
0 0.4588541666666667 0.15833333333333333 0.026041666666666668 0.046296296296296294
0 0.46458333333333335 0.15925925925925927 0.026041666666666668 0.046296296296296294
0 0.4317708333333333 0.17314814814814813 0.026041666666666668 0.046296296296296294
0 0.44479166666666664 0.1824074074074074 0.026041666666666668 0.046296296296296294
0 0.5026041666666666 0.1824074074074074 0.026041666666666668 0.046296296296296294
0 0.5119791666666667 0.1935185185185185 0.026041666666666668 0.046296296296296294
0 0.5125 0.2212962962962963 0.026041666666666668 0.046296296296296294
0 0.4401041666666667 0.23796296296296296 0.026041666666666668 0.046296296296296294
0 0.45625 0.23333333333333334 0.026041666666666668 0.046296296296296294
0 0.4739583333333333 0.2388888888888889 0.026041666666666668 0.046296296296296294
0 0.5036458333333333 0.27037037037037037 0.026041666666666668 0.046296296296296294
0 0.5401041666666667 0.2675925925925926 0.026041666666666668 0.046296296296296294
0 0.5145833333333333 0.2777777777777778 0.026041666666666668 0.046296296296296294
0 0.5328125 0.27870370370370373 0.026041666666666668 0.046296296296296294
0 0.5260416666666666 0.2851851851851852 0.026041666666666668 0.046296296296296294
0 0.49114583333333334 0.2916666666666667 0.026041666666666668 0.046296296296296294
0 0.5072916666666667 0.2916666666666667 0.026041666666666668 0.046296296296296294
0 0.515625 0.2935185185185185 0.026041666666666668 0.046296296296296294
0 0.6869791666666667 0.29259259259259257 0.026041666666666668 0.046296296296296294
0 0.5026041666666666 0.30092592592592593 0.026041666666666668 0.046296296296296294
0 0.42135416666666664 0.3055555555555556 0.026041666666666668 0.046296296296296294
0 0.42604166666666665 0.30648148148148147 0.026041666666666668 0.046296296296296294
0 0.4322916666666667 0.3074074074074074 0.026041666666666668 0.046296296296296294
0 0.46510416666666665 0.30462962962962964 0.026041666666666668 0.046296296296296294
0 0.4744791666666667 0.3101851851851852 0.026041666666666668 0.046296296296296294
0 0.7005208333333334 0.3111111111111111 0.026041666666666668 0.046296296296296294
0 0.49947916666666664 0.31666666666666665 0.026041666666666668 0.046296296296296294
0 0.5114583333333333 0.31851851851851853 0.026041666666666668 0.046296296296296294
0 0.5208333333333334 0.31574074074074077 0.026041666666666668 0.046296296296296294
0 0.5401041666666667 0.31666666666666665 0.026041666666666668 0.046296296296296294
0 0.7088541666666667 0.31574074074074077 0.026041666666666668 0.046296296296296294
0 0.4734375 0.32222222222222224 0.026041666666666668 0.046296296296296294
0 0.44114583333333335 0.33055555555555555 0.026041666666666668 0.046296296296296294
0 0.4953125 0.3314814814814815 0.026041666666666668 0.046296296296296294
4 0.5125 0.3333333333333333 0.026041666666666668 0.046296296296296294
4 0.4239583333333333 0.34074074074074073 0.026041666666666668 0.046296296296296294
4 0.4515625 0.34074074074074073 0.026041666666666668 0.046296296296296294
4 0.5067708333333333 0.3425925925925926 0.026041666666666668 0.046296296296296294
4 0.4401041666666667 0.34629629629629627 0.026041666666666668 0.046296296296296294
4 0.44427083333333334 0.3472222222222222 0.026041666666666668 0.046296296296296294
4 0.375 0.35555555555555557 0.026041666666666668 0.046296296296296294
4 0.37916666666666665 0.36574074074074076 0.026041666666666668 0.046296296296296294
4 0.4192708333333333 0.3611111111111111 0.026041666666666668 0.046296296296296294
4 0.4317708333333333 0.362962962962963 0.026041666666666668 0.046296296296296294
4 0.4125 0.3712962962962963 0.026041666666666668 0.046296296296296294
4 0.44947916666666665 0.3685185185185185 0.026041666666666668 0.046296296296296294
4 0.4578125 0.36944444444444446 0.026041666666666668 0.046296296296296294
4 0.5151041666666667 0.3731481481481482 0.026041666666666668 0.046296296296296294
4 0.5041666666666667 0.37777777777777777 0.026041666666666668 0.046296296296296294
4 0.3880208333333333 0.387037037037037 0.026041666666666668 0.046296296296296294
4 0.5270833333333333 0.3888888888888889 0.026041666666666668 0.046296296296296294
4 0.5109375 0.39351851851851855 0.026041666666666668 0.046296296296296294
4 0.6546875 0.39537037037037037 0.026041666666666668 0.046296296296296294
2 0.1703125 0.40185185185185185 0.026041666666666668 0.046296296296296294
4 0.4869791666666667 0.40185185185185185 0.026041666666666668 0.046296296296296294
4 0.503125 0.40185185185185185 0.026041666666666668 0.046296296296296294
4 0.5145833333333333 0.4027777777777778 0.026041666666666668 0.046296296296296294
4 0.6505208333333333 0.40370370370370373 0.026041666666666668 0.046296296296296294
2 0.178125 0.41388888888888886 0.026041666666666668 0.046296296296296294
4 0.37864583333333335 0.412962962962963 0.026041666666666668 0.046296296296296294
4 0.6598958333333333 0.4101851851851852 0.026041666666666668 0.046296296296296294
2 0.19375 0.41759259259259257 0.026041666666666668 0.046296296296296294
4 0.528125 0.4166666666666667 0.026041666666666668 0.046296296296296294
4 0.665625 0.41759259259259257 0.026041666666666668 0.046296296296296294
2 0.16979166666666667 0.42685185185185187 0.026041666666666668 0.046296296296296294
4 0.4453125 0.425 0.026041666666666668 0.046296296296296294
4 0.47760416666666666 0.4287037037037037 0.026041666666666668 0.046296296296296294
4 0.4953125 0.425 0.026041666666666668 0.046296296296296294
4 0.5203125 0.42777777777777776 0.026041666666666668 0.046296296296296294
4 0.5411458333333333 0.42777777777777776 0.026041666666666668 0.046296296296296294
4 0.653125 0.4287037037037037 0.026041666666666668 0.046296296296296294
2 0.19322916666666667 0.43148148148148147 0.026041666666666668 0.046296296296296294
4 0.4609375 0.43333333333333335 0.026041666666666668 0.046296296296296294
3 0.6901041666666666 0.43148148148148147 0.026041666666666668 0.046296296296296294
4 0.5072916666666667 0.44166666666666665 0.026041666666666668 0.046296296296296294
4 0.46979166666666666 0.44907407407407407 0.026041666666666668 0.046296296296296294
4 0.525 0.45 0.026041666666666668 0.046296296296296294
3 0.6677083333333333 0.45 0.026041666666666668 0.046296296296296294
3 0.6739583333333333 0.44907407407407407 0.026041666666666668 0.046296296296296294
4 0.48333333333333334 0.4583333333333333 0.026041666666666668 0.046296296296296294
4 0.5182291666666666 0.45740740740740743 0.026041666666666668 0.046296296296296294
4 0.5364583333333334 0.45555555555555555 0.026041666666666668 0.046296296296296294
3 0.6671875 0.46574074074074073 0.026041666666666668 0.046296296296296294
3 0.6869791666666667 0.4638888888888889 0.026041666666666668 0.046296296296296294
4 0.5119791666666667 0.475 0.026041666666666668 0.046296296296296294
4 0.3880208333333333 0.48055555555555557 0.026041666666666668 0.046296296296296294
4 0.628125 0.48148148148148145 0.026041666666666668 0.046296296296296294
4 0.428125 0.4861111111111111 0.026041666666666668 0.046296296296296294
4 0.49947916666666664 0.4888888888888889 0.026041666666666668 0.046296296296296294
4 0.40729166666666666 0.49537037037037035 0.026041666666666668 0.046296296296296294
4 0.6130208333333333 0.49537037037037035 0.026041666666666668 0.046296296296296294
4 0.4276041666666667 0.5074074074074074 0.026041666666666668 0.046296296296296294
4 0.5161458333333333 0.5120370370370371 0.026041666666666668 0.046296296296296294
4 0.6609375 0.5074074074074074 0.026041666666666668 0.046296296296296294
3 0.6776041666666667 0.5092592592592593 0.026041666666666668 0.046296296296296294
3 0.6916666666666667 0.5101851851851852 0.026041666666666668 0.046296296296296294
4 0.38645833333333335 0.5166666666666667 0.026041666666666668 0.046296296296296294
4 0.5953125 0.5175925925925926 0.026041666666666668 0.046296296296296294
3 0.6697916666666667 0.5296296296296297 0.026041666666666668 0.046296296296296294
4 0.6208333333333333 0.5324074074074074 0.026041666666666668 0.046296296296296294
4 0.6328125 0.5361111111111111 0.026041666666666668 0.046296296296296294
4 0.46197916666666666 0.5509259259259259 0.026041666666666668 0.046296296296296294
3 0.7307291666666667 0.5416666666666666 0.026041666666666668 0.046296296296296294
4 0.6322916666666667 0.5546296296296296 0.026041666666666668 0.046296296296296294
4 0.5255208333333333 0.5666666666666667 0.026041666666666668 0.046296296296296294
3 0.7609375 0.5703703703703704 0.026041666666666668 0.046296296296296294
4 0.6041666666666666 0.5814814814814815 0.026041666666666668 0.046296296296296294
4 0.6598958333333333 0.5842592592592593 0.026041666666666668 0.046296296296296294
4 0.6411458333333333 0.5935185185185186 0.026041666666666668 0.046296296296296294
4 0.5104166666666666 0.6064814814814815 0.026041666666666668 0.046296296296296294
2 0.221875 0.6259259259259259 0.026041666666666668 0.046296296296296294
2 0.21145833333333333 0.6388888888888888 0.026041666666666668 0.046296296296296294
4 0.5354166666666667 0.6305555555555555 0.026041666666666668 0.046296296296296294
4 0.575 0.6361111111111111 0.026041666666666668 0.046296296296296294
4 0.4625 0.649074074074074 0.026041666666666668 0.046296296296296294
3 0.7416666666666667 0.6555555555555556 0.026041666666666668 0.046296296296296294
1 0.7161458333333334 0.712037037037037 0.026041666666666668 0.046296296296296294
1 0.6484375 0.7166666666666667 0.026041666666666668 0.046296296296296294
1 0.1734375 0.7416666666666667 0.026041666666666668 0.046296296296296294
1 0.2 0.7444444444444445 0.026041666666666668 0.046296296296296294
1 0.40729166666666666 0.7435185185185185 0.026041666666666668 0.046296296296296294
1 0.8817708333333333 0.7481481481481481 0.026041666666666668 0.046296296296296294
1 0.9114583333333334 0.7611111111111111 0.026041666666666668 0.046296296296296294
1 0.7463541666666667 0.7907407407407407 0.026041666666666668 0.046296296296296294
1 0.6020833333333333 0.799074074074074 0.026041666666666668 0.046296296296296294
1 0.4005208333333333 0.8203703703703704 0.026041666666666668 0.046296296296296294
1 0.8739583333333333 0.8398148148148148 0.026041666666666668 0.046296296296296294
1 0.8239583333333333 0.8546296296296296 0.026041666666666668 0.046296296296296294
1 0.43854166666666666 0.8898148148148148 0.026041666666666668 0.046296296296296294
1 0.30625 0.8944444444444445 0.026041666666666668 0.046296296296296294
1 0.46979166666666666 0.9027777777777778 0.026041666666666668 0.046296296296296294
1 0.13125 0.925 0.026041666666666668 0.046296296296296294
1 0.21510416666666668 0.9324074074074075 0.026041666666666668 0.046296296296296294
1 0.3338541666666667 0.9592592592592593 0.026041666666666668 0.046296296296296294
1 0.8755208333333333 0.9629629629629629 0.026041666666666668 0.046296296296296294
1 0.9760416666666667 0.9546296296296296 0.026041666666666668 0.046296296296296294
1 0.17083333333333334 0.8351851851851851 0.026041666666666668 0.046296296296296294
1 0.7739583333333333 0.8407407407407408 0.026041666666666668 0.046296296296296294
1 0.796875 0.8907407407407407 0.026041666666666668 0.046296296296296294
1 0.8229166666666666 0.9666666666666667 0.026041666666666668 0.046296296296296294
1 0.8479166666666667 0.8944444444444445 0.026041666666666668 0.046296296296296294
1 0.8322916666666667 0.774074074074074 0.026041666666666668 0.046296296296296294
3 0.7729166666666667 0.662962962962963 0.026041666666666668 0.046296296296296294
3 0.7552083333333334 0.6296296296296297 0.026041666666666668 0.046296296296296294
3 0.7447916666666666 0.5648148148148148 0.026041666666666668 0.046296296296296294
4 0.6166666666666667 0.6203703703703703 0.026041666666666668 0.046296296296296294
4 0.5989583333333334 0.6444444444444445 0.026041666666666668 0.046296296296296294
4 0.603125 0.6092592592592593 0.026041666666666668 0.046296296296296294
1 0.20625 0.6907407407407408 0.026041666666666668 0.046296296296296294
2 0.18333333333333332 0.6148148148148148 0.026041666666666668 0.046296296296296294
2 0.17916666666666667 0.46111111111111114 0.026041666666666668 0.046296296296296294
2 0.21666666666666667 0.40370370370370373 0.026041666666666668 0.046296296296296294
