0 0.4744791666666667 0.09814814814814815 0.026041666666666668 0.046296296296296294
0 0.4822916666666667 0.1 0.026041666666666668 0.046296296296296294
0 0.48385416666666664 0.1175925925925926 0.026041666666666668 0.046296296296296294
0 0.490625 0.12129629629629629 0.026041666666666668 0.046296296296296294
0 0.4625 0.1287037037037037 0.026041666666666668 0.046296296296296294
0 0.4703125 0.12962962962962962 0.026041666666666668 0.046296296296296294
0 0.478125 0.1287037037037037 0.026041666666666668 0.046296296296296294
0 0.4421875 0.13148148148148148 0.026041666666666668 0.046296296296296294
0 0.4510416666666667 0.13333333333333333 0.026041666666666668 0.046296296296296294
0 0.45364583333333336 0.1361111111111111 0.026041666666666668 0.046296296296296294
0 0.45729166666666665 0.13518518518518519 0.026041666666666668 0.046296296296296294
0 0.4703125 0.13703703703703704 0.026041666666666668 0.046296296296296294
0 0.4786458333333333 0.13703703703703704 0.026041666666666668 0.046296296296296294
0 0.4901041666666667 0.1361111111111111 0.026041666666666668 0.046296296296296294
0 0.43020833333333336 0.1527777777777778 0.026041666666666668 0.046296296296296294
0 0.4630208333333333 0.16111111111111112 0.026041666666666668 0.046296296296296294
0 0.478125 0.16018518518518518 0.026041666666666668 0.046296296296296294
0 0.4895833333333333 0.16018518518518518 0.026041666666666668 0.046296296296296294
0 0.43333333333333335 0.17777777777777778 0.026041666666666668 0.046296296296296294
0 0.48385416666666664 0.17777777777777778 0.026041666666666668 0.046296296296296294
0 0.43645833333333334 0.18611111111111112 0.026041666666666668 0.046296296296296294
0 0.4708333333333333 0.1824074074074074 0.026041666666666668 0.046296296296296294
0 0.43072916666666666 0.20092592592592592 0.026041666666666668 0.046296296296296294
0 0.5166666666666667 0.2 0.026041666666666668 0.046296296296296294
0 0.46510416666666665 0.21388888888888888 0.026041666666666668 0.046296296296296294
0 0.4817708333333333 0.2111111111111111 0.026041666666666668 0.046296296296296294
0 0.4942708333333333 0.21296296296296297 0.026041666666666668 0.046296296296296294
0 0.4828125 0.23055555555555557 0.026041666666666668 0.046296296296296294
0 0.5041666666666667 0.23055555555555557 0.026041666666666668 0.046296296296296294
0 0.5145833333333333 0.2388888888888889 0.026041666666666668 0.046296296296296294
0 0.503125 0.24444444444444444 0.026041666666666668 0.046296296296296294
0 0.515625 0.2601851851851852 0.026041666666666668 0.046296296296296294
0 0.49895833333333334 0.26944444444444443 0.026041666666666668 0.046296296296296294
0 0.48333333333333334 0.27685185185185185 0.026041666666666668 0.046296296296296294
0 0.5375 0.2777777777777778 0.026041666666666668 0.046296296296296294
0 0.5447916666666667 0.2796296296296296 0.026041666666666668 0.046296296296296294
0 0.5114583333333333 0.2851851851851852 0.026041666666666668 0.046296296296296294
0 0.6958333333333333 0.2861111111111111 0.026041666666666668 0.046296296296296294
0 0.4625 0.2916666666666667 0.026041666666666668 0.046296296296296294
0 0.5166666666666667 0.3 0.026041666666666668 0.046296296296296294
0 0.5 0.3101851851851852 0.026041666666666668 0.046296296296296294
0 0.6994791666666667 0.30925925925925923 0.026041666666666668 0.046296296296296294
0 0.4234375 0.31666666666666665 0.026041666666666668 0.046296296296296294
0 0.4765625 0.31851851851851853 0.026041666666666668 0.046296296296296294
0 0.5078125 0.31666666666666665 0.026041666666666668 0.046296296296296294
0 0.4708333333333333 0.32407407407407407 0.026041666666666668 0.046296296296296294
0 0.49375 0.32222222222222224 0.026041666666666668 0.046296296296296294
4 0.5067708333333333 0.33425925925925926 0.026041666666666668 0.046296296296296294
4 0.4453125 0.3388888888888889 0.026041666666666668 0.046296296296296294
4 0.45260416666666664 0.337037037037037 0.026041666666666668 0.046296296296296294
4 0.4953125 0.3388888888888889 0.026041666666666668 0.046296296296296294
4 0.3875 0.3472222222222222 0.026041666666666668 0.046296296296296294
4 0.3958333333333333 0.3472222222222222 0.026041666666666668 0.046296296296296294
4 0.4114583333333333 0.3490740740740741 0.026041666666666668 0.046296296296296294
4 0.4328125 0.3435185185185185 0.026041666666666668 0.046296296296296294
4 0.46927083333333336 0.34629629629629627 0.026041666666666668 0.046296296296296294
4 0.37395833333333334 0.35462962962962963 0.026041666666666668 0.046296296296296294
4 0.37864583333333335 0.35648148148148145 0.026041666666666668 0.046296296296296294
4 0.49895833333333334 0.35648148148148145 0.026041666666666668 0.046296296296296294
4 0.38697916666666665 0.362962962962963 0.026041666666666668 0.046296296296296294
4 0.4046875 0.3648148148148148 0.026041666666666668 0.046296296296296294
4 0.5161458333333333 0.3712962962962963 0.026041666666666668 0.046296296296296294
2 0.22083333333333333 0.37962962962962965 0.026041666666666668 0.046296296296296294
4 0.5255208333333333 0.37962962962962965 0.026041666666666668 0.046296296296296294
4 0.43645833333333334 0.3962962962962963 0.026041666666666668 0.046296296296296294
4 0.4744791666666667 0.39537037037037037 0.026041666666666668 0.046296296296296294
4 0.4984375 0.39537037037037037 0.026041666666666668 0.046296296296296294
4 0.5203125 0.39537037037037037 0.026041666666666668 0.046296296296296294
4 0.6536458333333334 0.39537037037037037 0.026041666666666668 0.046296296296296294
4 0.49166666666666664 0.40370370370370373 0.026041666666666668 0.046296296296296294
4 0.515625 0.4064814814814815 0.026041666666666668 0.046296296296296294
2 0.22083333333333333 0.40925925925925927 0.026041666666666668 0.046296296296296294
4 0.4036458333333333 0.4111111111111111 0.026041666666666668 0.046296296296296294
4 0.6546875 0.4074074074074074 0.026041666666666668 0.046296296296296294
3 0.6671875 0.4111111111111111 0.026041666666666668 0.046296296296296294
2 0.1703125 0.4185185185185185 0.026041666666666668 0.046296296296296294
4 0.43333333333333335 0.4222222222222222 0.026041666666666668 0.046296296296296294
4 0.6546875 0.42407407407407405 0.026041666666666668 0.046296296296296294
2 0.1828125 0.4324074074074074 0.026041666666666668 0.046296296296296294
4 0.4161458333333333 0.43333333333333335 0.026041666666666668 0.046296296296296294
3 0.690625 0.43148148148148147 0.026041666666666668 0.046296296296296294
3 0.7026041666666667 0.42962962962962964 0.026041666666666668 0.046296296296296294
3 0.6692708333333334 0.4398148148148148 0.026041666666666668 0.046296296296296294
4 0.45989583333333334 0.4462962962962963 0.026041666666666668 0.046296296296296294
4 0.5015625 0.4462962962962963 0.026041666666666668 0.046296296296296294
4 0.5145833333333333 0.44814814814814813 0.026041666666666668 0.046296296296296294
4 0.4 0.45555555555555555 0.026041666666666668 0.046296296296296294
4 0.42291666666666666 0.4564814814814815 0.026041666666666668 0.046296296296296294
4 0.44166666666666665 0.4537037037037037 0.026041666666666668 0.046296296296296294
4 0.44895833333333335 0.45740740740740743 0.026041666666666668 0.046296296296296294
4 0.5276041666666667 0.45740740740740743 0.026041666666666668 0.046296296296296294
3 0.6786458333333333 0.4583333333333333 0.026041666666666668 0.046296296296296294
4 0.465625 0.46296296296296297 0.026041666666666668 0.046296296296296294
4 0.5020833333333333 0.4648148148148148 0.026041666666666668 0.046296296296296294
4 0.653125 0.46296296296296297 0.026041666666666668 0.046296296296296294
4 0.6651041666666667 0.462037037037037 0.026041666666666668 0.046296296296296294
4 0.4578125 0.4722222222222222 0.026041666666666668 0.046296296296296294
4 0.43697916666666664 0.48148148148148145 0.026041666666666668 0.046296296296296294
3 0.6739583333333333 0.48333333333333334 0.026041666666666668 0.046296296296296294
4 0.4505208333333333 0.487962962962963 0.026041666666666668 0.046296296296296294
4 0.6119791666666666 0.4888888888888889 0.026041666666666668 0.046296296296296294
4 0.46770833333333334 0.49537037037037035 0.026041666666666668 0.046296296296296294
4 0.628125 0.4962962962962963 0.026041666666666668 0.046296296296296294
3 0.6984375 0.4962962962962963 0.026041666666666668 0.046296296296296294
4 0.4171875 0.5037037037037037 0.026041666666666668 0.046296296296296294
4 0.5119791666666667 0.5046296296296297 0.026041666666666668 0.046296296296296294
4 0.6114583333333333 0.5018518518518519 0.026041666666666668 0.046296296296296294
3 0.6833333333333333 0.5046296296296297 0.026041666666666668 0.046296296296296294
4 0.5036458333333333 0.5120370370370371 0.026041666666666668 0.046296296296296294
3 0.6989583333333333 0.5101851851851852 0.026041666666666668 0.046296296296296294
4 0.43697916666666664 0.5203703703703704 0.026041666666666668 0.046296296296296294
4 0.4708333333333333 0.5157407407407407 0.026041666666666668 0.046296296296296294
3 0.6697916666666667 0.5277777777777778 0.026041666666666668 0.046296296296296294
4 0.6197916666666666 0.5342592592592592 0.026041666666666668 0.046296296296296294
4 0.4041666666666667 0.5416666666666666 0.026041666666666668 0.046296296296296294
4 0.5171875 0.5416666666666666 0.026041666666666668 0.046296296296296294
4 0.42135416666666664 0.549074074074074 0.026041666666666668 0.046296296296296294
4 0.43697916666666664 0.5509259259259259 0.026041666666666668 0.046296296296296294
4 0.6119791666666666 0.549074074074074 0.026041666666666668 0.046296296296296294
3 0.7328125 0.55 0.026041666666666668 0.046296296296296294
4 0.45364583333333336 0.5555555555555556 0.026041666666666668 0.046296296296296294
4 0.6286458333333333 0.5583333333333333 0.026041666666666668 0.046296296296296294
4 0.43385416666666665 0.5666666666666667 0.026041666666666668 0.046296296296296294
4 0.5994791666666667 0.5648148148148148 0.026041666666666668 0.046296296296296294
3 0.7567708333333333 0.562962962962963 0.026041666666666668 0.046296296296296294
4 0.5203125 0.575 0.026041666666666668 0.046296296296296294
4 0.5140625 0.5824074074074074 0.026041666666666668 0.046296296296296294
4 0.6197916666666666 0.5787037037037037 0.026041666666666668 0.046296296296296294
4 0.6375 0.5898148148148148 0.026041666666666668 0.046296296296296294
4 0.39114583333333336 0.5962962962962963 0.026041666666666668 0.046296296296296294
4 0.659375 0.5879629629629629 0.026041666666666668 0.046296296296296294
4 0.5140625 0.6037037037037037 0.026041666666666668 0.046296296296296294
4 0.6119791666666666 0.6074074074074074 0.026041666666666668 0.046296296296296294
4 0.6416666666666667 0.6129629629629629 0.026041666666666668 0.046296296296296294
4 0.44166666666666665 0.6203703703703703 0.026041666666666668 0.046296296296296294
4 0.5317708333333333 0.6185185185185185 0.026041666666666668 0.046296296296296294
3 0.7453125 0.6185185185185185 0.026041666666666668 0.046296296296296294
4 0.5395833333333333 0.6277777777777778 0.026041666666666668 0.046296296296296294
4 0.575 0.6361111111111111 0.026041666666666668 0.046296296296296294
4 0.5125 0.6601851851851852 0.026041666666666668 0.046296296296296294
3 0.7421875 0.6657407407407407 0.026041666666666668 0.046296296296296294
1 0.6739583333333333 0.7 0.026041666666666668 0.046296296296296294
1 0.7140625 0.6962962962962963 0.026041666666666668 0.046296296296296294
1 0.8755208333333333 0.7444444444444445 0.026041666666666668 0.046296296296296294
1 0.9161458333333333 0.7592592592592593 0.026041666666666668 0.046296296296296294
1 0.8380208333333333 0.7638888888888888 0.026041666666666668 0.046296296296296294
1 0.6182291666666667 0.7861111111111111 0.026041666666666668 0.046296296296296294
1 0.8734375 0.837037037037037 0.026041666666666668 0.046296296296296294
1 0.7776041666666667 0.8287037037037037 0.026041666666666668 0.046296296296296294
1 0.8114583333333333 0.8324074074074074 0.026041666666666668 0.046296296296296294
1 0.8447916666666667 0.8546296296296296 0.026041666666666668 0.046296296296296294
1 0.434375 0.8916666666666667 0.026041666666666668 0.046296296296296294
1 0.8697916666666666 0.8935185185185185 0.026041666666666668 0.046296296296296294
1 0.4666666666666667 0.9055555555555556 0.026041666666666668 0.046296296296296294
1 0.1921875 0.9148148148148149 0.026041666666666668 0.046296296296296294
1 0.5755208333333334 0.950925925925926 0.026041666666666668 0.046296296296296294
1 0.9661458333333334 0.9435185185185185 0.026041666666666668 0.046296296296296294
1 0.5083333333333333 0.950925925925926 0.026041666666666668 0.046296296296296294
1 0.5458333333333333 0.9675925925925926 0.026041666666666668 0.046296296296296294
1 0.23020833333333332 0.7537037037037037 0.026041666666666668 0.046296296296296294
2 0.20625 0.4185185185185185 0.026041666666666668 0.046296296296296294
1 0.409375 0.7296296296296296 0.026041666666666668 0.046296296296296294
1 0.43645833333333334 0.7425925925925926 0.026041666666666668 0.046296296296296294
4 0.3958333333333333 0.6351851851851852 0.026041666666666668 0.046296296296296294
4 0.48020833333333335 0.6425925925925926 0.026041666666666668 0.046296296296296294
1 0.5947916666666667 0.8648148148148148 0.026041666666666668 0.046296296296296294
1 0.7364583333333333 0.7981481481481482 0.026041666666666668 0.046296296296296294
1 0.8354166666666667 0.9481481481481482 0.026041666666666668 0.046296296296296294
1 0.878125 0.9814814814814815 0.026041666666666668 0.046296296296296294
3 0.7302083333333333 0.562962962962963 0.026041666666666668 0.046296296296296294
1 0.23333333333333334 0.6777777777777778 0.026041666666666668 0.046296296296296294
4 0.59375 0.6444444444444445 0.026041666666666668 0.046296296296296294
4 0.5927083333333333 0.5259259259259259 0.026041666666666668 0.046296296296296294
