0 0.4708333333333333 0.09444444444444444 0.026041666666666668 0.046296296296296294
0 0.47552083333333334 0.10740740740740741 0.026041666666666668 0.046296296296296294
0 0.4822916666666667 0.10648148148148148 0.026041666666666668 0.046296296296296294
0 0.4703125 0.11388888888888889 0.026041666666666668 0.046296296296296294
0 0.4822916666666667 0.12129629629629629 0.026041666666666668 0.046296296296296294
0 0.4708333333333333 0.13055555555555556 0.026041666666666668 0.046296296296296294
0 0.49375 0.12962962962962962 0.026041666666666668 0.046296296296296294
0 0.46197916666666666 0.1361111111111111 0.026041666666666668 0.046296296296296294
0 0.4864583333333333 0.1388888888888889 0.026041666666666668 0.046296296296296294
0 0.4708333333333333 0.14444444444444443 0.026041666666666668 0.046296296296296294
0 0.4630208333333333 0.15185185185185185 0.026041666666666668 0.046296296296296294
0 0.4708333333333333 0.17592592592592593 0.026041666666666668 0.046296296296296294
0 0.4296875 0.1814814814814815 0.026041666666666668 0.046296296296296294
0 0.5088541666666667 0.18425925925925926 0.026041666666666668 0.046296296296296294
0 0.5151041666666667 0.18425925925925926 0.026041666666666668 0.046296296296296294
0 0.465625 0.1925925925925926 0.026041666666666668 0.046296296296296294
0 0.49166666666666664 0.1925925925925926 0.026041666666666668 0.046296296296296294
0 0.5041666666666667 0.19166666666666668 0.026041666666666668 0.046296296296296294
0 0.4666666666666667 0.20555555555555555 0.026041666666666668 0.046296296296296294
0 0.44583333333333336 0.21203703703703702 0.026041666666666668 0.046296296296296294
0 0.484375 0.21574074074074073 0.026041666666666668 0.046296296296296294
0 0.453125 0.2222222222222222 0.026041666666666668 0.046296296296296294
0 0.503125 0.2222222222222222 0.026041666666666668 0.046296296296296294
0 0.46197916666666666 0.23055555555555557 0.026041666666666668 0.046296296296296294
0 0.421875 0.23425925925925925 0.026041666666666668 0.046296296296296294
0 0.4322916666666667 0.2351851851851852 0.026041666666666668 0.046296296296296294
0 0.4453125 0.2361111111111111 0.026041666666666668 0.046296296296296294
0 0.4546875 0.2537037037037037 0.026041666666666668 0.046296296296296294
0 0.46041666666666664 0.2537037037037037 0.026041666666666668 0.046296296296296294
0 0.46979166666666666 0.262037037037037 0.026041666666666668 0.046296296296296294
0 0.4869791666666667 0.2601851851851852 0.026041666666666668 0.046296296296296294
0 0.490625 0.2611111111111111 0.026041666666666668 0.046296296296296294
0 0.703125 0.25925925925925924 0.026041666666666668 0.046296296296296294
0 0.4984375 0.2675925925925926 0.026041666666666668 0.046296296296296294
0 0.44947916666666665 0.2953703703703704 0.026041666666666668 0.046296296296296294
0 0.5072916666666667 0.2935185185185185 0.026041666666666668 0.046296296296296294
0 0.43333333333333335 0.30092592592592593 0.026041666666666668 0.046296296296296294
0 0.4578125 0.30277777777777776 0.026041666666666668 0.046296296296296294
0 0.5145833333333333 0.30092592592592593 0.026041666666666668 0.046296296296296294
0 0.4703125 0.30648148148148147 0.026041666666666668 0.046296296296296294
0 0.47708333333333336 0.3101851851851852 0.026041666666666668 0.046296296296296294
0 0.5119791666666667 0.3101851851851852 0.026041666666666668 0.046296296296296294
0 0.44114583333333335 0.31666666666666665 0.026041666666666668 0.046296296296296294
0 0.45260416666666664 0.31851851851851853 0.026041666666666668 0.046296296296296294
0 0.4197916666666667 0.33055555555555555 0.026041666666666668 0.046296296296296294
0 0.43645833333333334 0.3314814814814815 0.026041666666666668 0.046296296296296294
4 0.4484375 0.3333333333333333 0.026041666666666668 0.046296296296296294
4 0.46145833333333336 0.3333333333333333 0.026041666666666668 0.046296296296296294
0 0.5041666666666667 0.3296296296296296 0.026041666666666668 0.046296296296296294
0 0.5109375 0.3314814814814815 0.026041666666666668 0.046296296296296294
4 0.4859375 0.3388888888888889 0.026041666666666668 0.046296296296296294
4 0.4119791666666667 0.34629629629629627 0.026041666666666668 0.046296296296296294
4 0.49895833333333334 0.34629629629629627 0.026041666666666668 0.046296296296296294
4 0.3859375 0.35648148148148145 0.026041666666666668 0.046296296296296294
4 0.4 0.35648148148148145 0.026041666666666668 0.046296296296296294
4 0.4244791666666667 0.35648148148148145 0.026041666666666668 0.046296296296296294
4 0.453125 0.3537037037037037 0.026041666666666668 0.046296296296296294
4 0.5166666666666667 0.35462962962962963 0.026041666666666668 0.046296296296296294
3 0.6864583333333333 0.3537037037037037 0.026041666666666668 0.046296296296296294
4 0.37447916666666664 0.362962962962963 0.026041666666666668 0.046296296296296294
4 0.4083333333333333 0.362962962962963 0.026041666666666668 0.046296296296296294
4 0.4197916666666667 0.3648148148148148 0.026041666666666668 0.046296296296296294
4 0.46927083333333336 0.362962962962963 0.026041666666666668 0.046296296296296294
4 0.5130208333333334 0.36203703703703705 0.026041666666666668 0.046296296296296294
3 0.7427083333333333 0.3592592592592593 0.026041666666666668 0.046296296296296294
4 0.40260416666666665 0.37777777777777777 0.026041666666666668 0.046296296296296294
4 0.5203125 0.3787037037037037 0.026041666666666668 0.046296296296296294
4 0.3859375 0.3851851851851852 0.026041666666666668 0.046296296296296294
4 0.39791666666666664 0.3907407407407407 0.026041666666666668 0.046296296296296294
4 0.415625 0.38796296296296295 0.026041666666666668 0.046296296296296294
4 0.5161458333333333 0.38796296296296295 0.026041666666666668 0.046296296296296294
4 0.41458333333333336 0.4 0.026041666666666668 0.046296296296296294
2 0.17395833333333333 0.4101851851851852 0.026041666666666668 0.046296296296296294
2 0.2 0.4101851851851852 0.026041666666666668 0.046296296296296294
4 0.38333333333333336 0.4101851851851852 0.026041666666666668 0.046296296296296294
4 0.39427083333333335 0.40925925925925927 0.026041666666666668 0.046296296296296294
4 0.5119791666666667 0.40925925925925927 0.026041666666666668 0.046296296296296294
4 0.6583333333333333 0.40925925925925927 0.026041666666666668 0.046296296296296294
4 0.6661458333333333 0.4185185185185185 0.026041666666666668 0.046296296296296294
2 0.184375 0.42685185185185187 0.026041666666666668 0.046296296296296294
2 0.22135416666666666 0.42592592592592593 0.026041666666666668 0.046296296296296294
4 0.3828125 0.42592592592592593 0.026041666666666668 0.046296296296296294
4 0.45677083333333335 0.42407407407407405 0.026041666666666668 0.046296296296296294
4 0.4744791666666667 0.42777777777777776 0.026041666666666668 0.046296296296296294
4 0.65 0.42777777777777776 0.026041666666666668 0.046296296296296294
4 0.39166666666666666 0.4351851851851852 0.026041666666666668 0.046296296296296294
4 0.39895833333333336 0.43425925925925923 0.026041666666666668 0.046296296296296294
4 0.4864583333333333 0.43148148148148147 0.026041666666666668 0.046296296296296294
4 0.49895833333333334 0.43333333333333335 0.026041666666666668 0.046296296296296294
4 0.37916666666666665 0.4425925925925926 0.026041666666666668 0.046296296296296294
4 0.5244791666666667 0.4425925925925926 0.026041666666666668 0.046296296296296294
3 0.7072916666666667 0.4398148148148148 0.026041666666666668 0.046296296296296294
4 0.490625 0.4462962962962963 0.026041666666666668 0.046296296296296294
4 0.5020833333333333 0.4462962962962963 0.026041666666666668 0.046296296296296294
4 0.659375 0.44351851851851853 0.026041666666666668 0.046296296296296294
3 0.6854166666666667 0.44814814814814813 0.026041666666666668 0.046296296296296294
4 0.46979166666666666 0.4564814814814815 0.026041666666666668 0.046296296296296294
4 0.3875 0.4648148148148148 0.026041666666666668 0.046296296296296294
4 0.425 0.4638888888888889 0.026041666666666668 0.046296296296296294
4 0.4484375 0.4666666666666667 0.026041666666666668 0.046296296296296294
4 0.5114583333333333 0.462037037037037 0.026041666666666668 0.046296296296296294
4 0.440625 0.47314814814814815 0.026041666666666668 0.046296296296296294
4 0.428125 0.4777777777777778 0.026041666666666668 0.046296296296296294
3 0.69375 0.48055555555555557 0.026041666666666668 0.046296296296296294
4 0.4036458333333333 0.4861111111111111 0.026041666666666668 0.046296296296296294
4 0.6208333333333333 0.48518518518518516 0.026041666666666668 0.046296296296296294
3 0.6875 0.4898148148148148 0.026041666666666668 0.046296296296296294
4 0.4432291666666667 0.4888888888888889 0.026041666666666668 0.046296296296296294
4 0.5197916666666667 0.4962962962962963 0.026041666666666668 0.046296296296296294
4 0.6145833333333334 0.5 0.026041666666666668 0.046296296296296294
3 0.6828125 0.5037037037037037 0.026041666666666668 0.046296296296296294
4 0.6401041666666667 0.5120370370370371 0.026041666666666668 0.046296296296296294
3 0.6953125 0.512962962962963 0.026041666666666668 0.046296296296296294
4 0.6276041666666666 0.5185185185185185 0.026041666666666668 0.046296296296296294
3 0.7890625 0.512962962962963 0.026041666666666668 0.046296296296296294
4 0.41770833333333335 0.5222222222222223 0.026041666666666668 0.046296296296296294
4 0.540625 0.5203703703703704 0.026041666666666668 0.046296296296296294
3 0.6671875 0.5259259259259259 0.026041666666666668 0.046296296296296294
3 0.7208333333333333 0.5361111111111111 0.026041666666666668 0.046296296296296294
4 0.6239583333333333 0.5398148148148149 0.026041666666666668 0.046296296296296294
4 0.6119791666666666 0.5453703703703704 0.026041666666666668 0.046296296296296294
4 0.5515625 0.5527777777777778 0.026041666666666668 0.046296296296296294
4 0.5671875 0.5555555555555556 0.026041666666666668 0.046296296296296294
3 0.7364583333333333 0.5555555555555556 0.026041666666666668 0.046296296296296294
3 0.6921875 0.5648148148148148 0.026041666666666668 0.046296296296296294
4 0.6635416666666667 0.6027777777777777 0.026041666666666668 0.046296296296296294
4 0.5546875 0.6083333333333333 0.026041666666666668 0.046296296296296294
1 0.5677083333333334 0.674074074074074 0.026041666666666668 0.046296296296296294
1 0.7708333333333334 0.6712962962962963 0.026041666666666668 0.046296296296296294
1 0.728125 0.6898148148148148 0.026041666666666668 0.046296296296296294
1 0.14895833333333333 0.7490740740740741 0.026041666666666668 0.046296296296296294
1 0.8848958333333333 0.7425925925925926 0.026041666666666668 0.046296296296296294
1 0.5453125 0.7925925925925926 0.026041666666666668 0.046296296296296294
1 0.5005208333333333 0.8009259259259259 0.026041666666666668 0.046296296296296294
1 0.4671875 0.8296296296296296 0.026041666666666668 0.046296296296296294
1 0.771875 0.8379629629629629 0.026041666666666668 0.046296296296296294
1 0.975 0.8462962962962963 0.026041666666666668 0.046296296296296294
1 0.8161458333333333 0.9148148148148149 0.026041666666666668 0.046296296296296294
1 0.9619791666666667 0.9388888888888889 0.026041666666666668 0.046296296296296294
1 0.5098958333333333 0.9944444444444445 0.026041666666666668 0.046296296296296294
1 0.9916666666666667 0.8629629629629629 0.026041666666666668 0.046296296296296294
1 0.825 0.8666666666666667 0.026041666666666668 0.046296296296296294
4 0.4635416666666667 0.5333333333333333 0.026041666666666668 0.046296296296296294
4 0.4947916666666667 0.6129629629629629 0.026041666666666668 0.046296296296296294
4 0.6 0.6462962962962963 0.026041666666666668 0.046296296296296294
4 0.596875 0.6222222222222222 0.026041666666666668 0.046296296296296294
3 0.7572916666666667 0.6259259259259259 0.026041666666666668 0.046296296296296294
3 0.7625 0.575925925925926 0.026041666666666668 0.046296296296296294
2 0.19479166666666667 0.5296296296296297 0.026041666666666668 0.046296296296296294
1 0.8760416666666667 0.8037037037037037 0.026041666666666668 0.046296296296296294
