0 0.4828125 0.08611111111111111 0.026041666666666668 0.046296296296296294
0 0.4708333333333333 0.09537037037037037 0.026041666666666668 0.046296296296296294
0 0.47760416666666666 0.09907407407407408 0.026041666666666668 0.046296296296296294
0 0.4822916666666667 0.1037037037037037 0.026041666666666668 0.046296296296296294
0 0.42604166666666665 0.12129629629629629 0.026041666666666668 0.046296296296296294
0 0.4708333333333333 0.12129629629629629 0.026041666666666668 0.046296296296296294
0 0.4822916666666667 0.12037037037037036 0.026041666666666668 0.046296296296296294
0 0.4901041666666667 0.12129629629629629 0.026041666666666668 0.046296296296296294
0 0.4588541666666667 0.12777777777777777 0.026041666666666668 0.046296296296296294
0 0.478125 0.12962962962962962 0.026041666666666668 0.046296296296296294
0 0.4432291666666667 0.13333333333333333 0.026041666666666668 0.046296296296296294
0 0.44947916666666665 0.13703703703703704 0.026041666666666668 0.046296296296296294
0 0.465625 0.16018518518518518 0.026041666666666668 0.046296296296296294
0 0.4875 0.1648148148148148 0.026041666666666668 0.046296296296296294
0 0.4317708333333333 0.17407407407407408 0.026041666666666668 0.046296296296296294
0 0.4666666666666667 0.17314814814814813 0.026041666666666668 0.046296296296296294
0 0.5161458333333333 0.17777777777777778 0.026041666666666668 0.046296296296296294
0 0.4453125 0.1824074074074074 0.026041666666666668 0.046296296296296294
0 0.5036458333333333 0.18425925925925926 0.026041666666666668 0.046296296296296294
0 0.5161458333333333 0.19907407407407407 0.026041666666666668 0.046296296296296294
0 0.465625 0.22777777777777777 0.026041666666666668 0.046296296296296294
0 0.5151041666666667 0.23055555555555557 0.026041666666666668 0.046296296296296294
0 0.4401041666666667 0.23796296296296296 0.026041666666666668 0.046296296296296294
0 0.47291666666666665 0.23981481481481481 0.026041666666666668 0.046296296296296294
0 0.49947916666666664 0.26944444444444443 0.026041666666666668 0.046296296296296294
0 0.5083333333333333 0.2777777777777778 0.026041666666666668 0.046296296296296294
0 0.5140625 0.2759259259259259 0.026041666666666668 0.046296296296296294
0 0.540625 0.27685185185185185 0.026041666666666668 0.046296296296296294
0 0.5260416666666666 0.2833333333333333 0.026041666666666668 0.046296296296296294
0 0.4942708333333333 0.29259259259259257 0.026041666666666668 0.046296296296296294
0 0.5067708333333333 0.29259259259259257 0.026041666666666668 0.046296296296296294
0 0.5145833333333333 0.2898148148148148 0.026041666666666668 0.046296296296296294
0 0.5192708333333333 0.2935185185185185 0.026041666666666668 0.046296296296296294
0 0.6869791666666667 0.2935185185185185 0.026041666666666668 0.046296296296296294
0 0.5020833333333333 0.3037037037037037 0.026041666666666668 0.046296296296296294
0 0.42552083333333335 0.3055555555555556 0.026041666666666668 0.046296296296296294
0 0.43125 0.30833333333333335 0.026041666666666668 0.046296296296296294
0 0.4578125 0.30833333333333335 0.026041666666666668 0.046296296296296294
0 0.475 0.30925925925925923 0.026041666666666668 0.046296296296296294
0 0.7005208333333334 0.30925925925925923 0.026041666666666668 0.046296296296296294
0 0.46979166666666666 0.3194444444444444 0.026041666666666668 0.046296296296296294
0 0.5 0.3175925925925926 0.026041666666666668 0.046296296296296294
0 0.5078125 0.31574074074074077 0.026041666666666668 0.046296296296296294
0 0.7083333333333334 0.31574074074074077 0.026041666666666668 0.046296296296296294
0 0.44583333333333336 0.33240740740740743 0.026041666666666668 0.046296296296296294
4 0.45208333333333334 0.337037037037037 0.026041666666666668 0.046296296296296294
0 0.49583333333333335 0.33240740740740743 0.026041666666666668 0.046296296296296294
4 0.5119791666666667 0.33425925925925926 0.026041666666666668 0.046296296296296294
4 0.42083333333333334 0.3398148148148148 0.026041666666666668 0.046296296296296294
4 0.4276041666666667 0.3398148148148148 0.026041666666666668 0.046296296296296294
4 0.4453125 0.3490740740740741 0.026041666666666668 0.046296296296296294
4 0.5057291666666667 0.35 0.026041666666666668 0.046296296296296294
4 0.37447916666666664 0.35462962962962963 0.026041666666666668 0.046296296296296294
4 0.46145833333333336 0.3574074074074074 0.026041666666666668 0.046296296296296294
4 0.4192708333333333 0.36018518518518516 0.026041666666666668 0.046296296296296294
4 0.44114583333333335 0.362962962962963 0.026041666666666668 0.046296296296296294
4 0.5067708333333333 0.362962962962963 0.026041666666666668 0.046296296296296294
4 0.4552083333333333 0.3685185185185185 0.026041666666666668 0.046296296296296294
4 0.5161458333333333 0.3712962962962963 0.026041666666666668 0.046296296296296294
4 0.65 0.37777777777777777 0.026041666666666668 0.046296296296296294
4 0.3880208333333333 0.3851851851851852 0.026041666666666668 0.046296296296296294
4 0.5036458333333333 0.38796296296296295 0.026041666666666668 0.046296296296296294
4 0.5109375 0.38796296296296295 0.026041666666666668 0.046296296296296294
4 0.49583333333333335 0.39537037037037037 0.026041666666666668 0.046296296296296294
4 0.5286458333333334 0.39444444444444443 0.026041666666666668 0.046296296296296294
4 0.6578125 0.39351851851851855 0.026041666666666668 0.046296296296296294
2 0.2125 0.40185185185185185 0.026041666666666668 0.046296296296296294
4 0.49114583333333334 0.40370370370370373 0.026041666666666668 0.046296296296296294
4 0.5067708333333333 0.4027777777777778 0.026041666666666668 0.046296296296296294
4 0.6505208333333333 0.4009259259259259 0.026041666666666668 0.046296296296296294
4 0.425 0.40925925925925927 0.026041666666666668 0.046296296296296294
4 0.4453125 0.4083333333333333 0.026041666666666668 0.046296296296296294
4 0.6583333333333333 0.40925925925925927 0.026041666666666668 0.046296296296296294
3 0.6671875 0.4111111111111111 0.026041666666666668 0.046296296296296294
2 0.17760416666666667 0.41759259259259257 0.026041666666666668 0.046296296296296294
2 0.19479166666666667 0.41759259259259257 0.026041666666666668 0.046296296296296294
4 0.4786458333333333 0.41574074074074074 0.026041666666666668 0.046296296296296294
4 0.4942708333333333 0.42777777777777776 0.026041666666666668 0.046296296296296294
4 0.6536458333333334 0.42777777777777776 0.026041666666666668 0.046296296296296294
4 0.390625 0.4351851851851852 0.026041666666666668 0.046296296296296294
4 0.4875 0.4324074074074074 0.026041666666666668 0.046296296296296294
4 0.6619791666666667 0.43425925925925923 0.026041666666666668 0.046296296296296294
3 0.6958333333333333 0.4305555555555556 0.026041666666666668 0.046296296296296294
4 0.45260416666666664 0.44166666666666665 0.026041666666666668 0.046296296296296294
4 0.5067708333333333 0.4425925925925926 0.026041666666666668 0.046296296296296294
3 0.6703125 0.44074074074074077 0.026041666666666668 0.046296296296296294
3 0.6739583333333333 0.4388888888888889 0.026041666666666668 0.046296296296296294
3 0.7026041666666667 0.4425925925925926 0.026041666666666668 0.046296296296296294
4 0.46979166666666666 0.44351851851851853 0.026041666666666668 0.046296296296296294
4 0.4161458333333333 0.45555555555555555 0.026041666666666668 0.046296296296296294
4 0.44635416666666666 0.45925925925925926 0.026041666666666668 0.046296296296296294
4 0.5197916666666667 0.4564814814814815 0.026041666666666668 0.046296296296296294
4 0.5369791666666667 0.45555555555555555 0.026041666666666668 0.046296296296296294
4 0.653125 0.4564814814814815 0.026041666666666668 0.046296296296296294
3 0.6822916666666666 0.45925925925925926 0.026041666666666668 0.046296296296296294
3 0.678125 0.4666666666666667 0.026041666666666668 0.046296296296296294
4 0.4005208333333333 0.47129629629629627 0.026041666666666668 0.046296296296296294
4 0.5140625 0.47314814814814815 0.026041666666666668 0.046296296296296294
4 0.6578125 0.4722222222222222 0.026041666666666668 0.046296296296296294
3 0.6708333333333333 0.4722222222222222 0.026041666666666668 0.046296296296296294
4 0.4276041666666667 0.47962962962962963 0.026041666666666668 0.046296296296296294
4 0.49947916666666664 0.4898148148148148 0.026041666666666668 0.046296296296296294
4 0.625 0.4888888888888889 0.026041666666666668 0.046296296296296294
3 0.6755208333333333 0.4898148148148148 0.026041666666666668 0.046296296296296294
4 0.428125 0.4935185185185185 0.026041666666666668 0.046296296296296294
4 0.6109375 0.4935185185185185 0.026041666666666668 0.046296296296296294
3 0.6953125 0.5027777777777778 0.026041666666666668 0.046296296296296294
4 0.596875 0.5111111111111111 0.026041666666666668 0.046296296296296294
4 0.6609375 0.5101851851851852 0.026041666666666668 0.046296296296296294
3 0.678125 0.5092592592592593 0.026041666666666668 0.046296296296296294
4 0.5151041666666667 0.5194444444444445 0.026041666666666668 0.046296296296296294
4 0.6036458333333333 0.5212962962962963 0.026041666666666668 0.046296296296296294
3 0.6864583333333333 0.5212962962962963 0.026041666666666668 0.046296296296296294
4 0.6536458333333334 0.5287037037037037 0.026041666666666668 0.046296296296296294
3 0.6697916666666667 0.5287037037037037 0.026041666666666668 0.046296296296296294
4 0.6192708333333333 0.5314814814814814 0.026041666666666668 0.046296296296296294
4 0.5083333333333333 0.549074074074074 0.026041666666666668 0.046296296296296294
3 0.73125 0.5407407407407407 0.026041666666666668 0.046296296296296294
4 0.5265625 0.5601851851851852 0.026041666666666668 0.046296296296296294
4 0.6328125 0.5546296296296296 0.026041666666666668 0.046296296296296294
4 0.4609375 0.5731481481481482 0.026041666666666668 0.046296296296296294
4 0.6036458333333333 0.5805555555555556 0.026041666666666668 0.046296296296296294
3 0.7661458333333333 0.5768518518518518 0.026041666666666668 0.046296296296296294
4 0.6411458333333333 0.5888888888888889 0.026041666666666668 0.046296296296296294
4 0.6645833333333333 0.5842592592592593 0.026041666666666668 0.046296296296296294
4 0.65 0.6138888888888889 0.026041666666666668 0.046296296296296294
4 0.5354166666666667 0.6324074074074074 0.026041666666666668 0.046296296296296294
2 0.21354166666666666 0.6416666666666667 0.026041666666666668 0.046296296296296294
2 0.196875 0.6592592592592592 0.026041666666666668 0.046296296296296294
4 0.465625 0.6657407407407407 0.026041666666666668 0.046296296296296294
1 0.1375 0.6712962962962963 0.026041666666666668 0.046296296296296294
1 0.20052083333333334 0.6981481481481482 0.026041666666666668 0.046296296296296294
1 0.40520833333333334 0.7064814814814815 0.026041666666666668 0.046296296296296294
1 0.715625 0.712037037037037 0.026041666666666668 0.046296296296296294
1 0.6479166666666667 0.7175925925925926 0.026041666666666668 0.046296296296296294
1 0.19583333333333333 0.7509259259259259 0.026041666666666668 0.046296296296296294
1 0.8817708333333333 0.7490740740740741 0.026041666666666668 0.046296296296296294
1 0.16979166666666667 0.762962962962963 0.026041666666666668 0.046296296296296294
1 0.9104166666666667 0.7620370370370371 0.026041666666666668 0.046296296296296294
1 0.8338541666666667 0.7675925925925926 0.026041666666666668 0.046296296296296294
1 0.596875 0.7777777777777778 0.026041666666666668 0.046296296296296294
1 0.7416666666666667 0.7972222222222223 0.026041666666666668 0.046296296296296294
1 0.828125 0.8398148148148148 0.026041666666666668 0.046296296296296294
1 0.7729166666666667 0.8425925925925926 0.026041666666666668 0.046296296296296294
1 0.8734375 0.8379629629629629 0.026041666666666668 0.046296296296296294
1 0.825 0.8722222222222222 0.026041666666666668 0.046296296296296294
1 0.4375 0.8861111111111111 0.026041666666666668 0.046296296296296294
1 0.4703125 0.8953703703703704 0.026041666666666668 0.046296296296296294
1 0.7828125 0.9 0.026041666666666668 0.046296296296296294
1 0.8453125 0.9027777777777778 0.026041666666666668 0.046296296296296294
1 0.21875 0.925 0.026041666666666668 0.046296296296296294
1 0.30885416666666665 0.925 0.026041666666666668 0.046296296296296294
1 0.115625 0.9592592592592593 0.026041666666666668 0.046296296296296294
1 0.975 0.9574074074074074 0.026041666666666668 0.046296296296296294
1 0.15625 0.8592592592592593 0.026041666666666668 0.046296296296296294
1 0.4 0.7907407407407407 0.026041666666666668 0.046296296296296294
4 0.5072916666666667 0.6055555555555555 0.026041666666666668 0.046296296296296294
4 0.5083333333333333 0.5888888888888889 0.026041666666666668 0.046296296296296294
4 0.38958333333333334 0.5092592592592593 0.026041666666666668 0.046296296296296294
4 0.38333333333333336 0.4925925925925926 0.026041666666666668 0.046296296296296294
4 0.40520833333333334 0.48518518518518516 0.026041666666666668 0.046296296296296294
3 0.7322916666666667 0.5685185185185185 0.026041666666666668 0.046296296296296294
3 0.7489583333333333 0.5648148148148148 0.026041666666666668 0.046296296296296294
1 0.778125 0.6685185185185185 0.026041666666666668 0.046296296296296294
3 0.7572916666666667 0.6314814814814815 0.026041666666666668 0.046296296296296294
3 0.7375 0.6537037037037037 0.026041666666666668 0.046296296296296294
1 0.8739583333333333 0.9518518518518518 0.026041666666666668 0.046296296296296294
1 0.8239583333333333 0.9592592592592593 0.026041666666666668 0.046296296296296294
4 0.603125 0.6351851851851852 0.026041666666666668 0.046296296296296294
4 0.5729166666666666 0.6296296296296297 0.026041666666666668 0.046296296296296294
4 0.61875 0.6129629629629629 0.026041666666666668 0.046296296296296294
