0 0.471875 0.09537037037037037 0.026041666666666668 0.046296296296296294
0 0.4786458333333333 0.09814814814814815 0.026041666666666668 0.046296296296296294
0 0.4708333333333333 0.12129629629629629 0.026041666666666668 0.046296296296296294
0 0.4786458333333333 0.12222222222222222 0.026041666666666668 0.046296296296296294
0 0.44895833333333335 0.125 0.026041666666666668 0.046296296296296294
0 0.465625 0.1287037037037037 0.026041666666666668 0.046296296296296294
0 0.4901041666666667 0.13240740740740742 0.026041666666666668 0.046296296296296294
0 0.44114583333333335 0.1361111111111111 0.026041666666666668 0.046296296296296294
0 0.4744791666666667 0.1388888888888889 0.026041666666666668 0.046296296296296294
0 0.4359375 0.17592592592592593 0.026041666666666668 0.046296296296296294
0 0.4421875 0.19814814814814816 0.026041666666666668 0.046296296296296294
0 0.45364583333333336 0.20185185185185187 0.026041666666666668 0.046296296296296294
0 0.49947916666666664 0.2 0.026041666666666668 0.046296296296296294
0 0.4166666666666667 0.225 0.026041666666666668 0.046296296296296294
0 0.44895833333333335 0.2212962962962963 0.026041666666666668 0.046296296296296294
0 0.5036458333333333 0.2222222222222222 0.026041666666666668 0.046296296296296294
0 0.4322916666666667 0.23333333333333334 0.026041666666666668 0.046296296296296294
0 0.475 0.22777777777777777 0.026041666666666668 0.046296296296296294
0 0.49166666666666664 0.22870370370370371 0.026041666666666668 0.046296296296296294
0 0.5104166666666666 0.22870370370370371 0.026041666666666668 0.046296296296296294
0 0.4640625 0.2462962962962963 0.026041666666666668 0.046296296296296294
0 0.4739583333333333 0.25277777777777777 0.026041666666666668 0.046296296296296294
0 0.48489583333333336 0.2537037037037037 0.026041666666666668 0.046296296296296294
0 0.4125 0.2601851851851852 0.026041666666666668 0.046296296296296294
0 0.4192708333333333 0.26296296296296295 0.026041666666666668 0.046296296296296294
0 0.43125 0.2601851851851852 0.026041666666666668 0.046296296296296294
0 0.5026041666666666 0.26666666666666666 0.026041666666666668 0.046296296296296294
0 0.44947916666666665 0.2675925925925926 0.026041666666666668 0.046296296296296294
0 0.46197916666666666 0.26666666666666666 0.026041666666666668 0.046296296296296294
0 0.4953125 0.26851851851851855 0.026041666666666668 0.046296296296296294
0 0.5375 0.27685185185185185 0.026041666666666668 0.046296296296296294
0 0.5447916666666667 0.27870370370370373 0.026041666666666668 0.046296296296296294
0 0.4234375 0.28425925925925927 0.026041666666666668 0.046296296296296294
0 0.4953125 0.2851851851851852 0.026041666666666668 0.046296296296296294
0 0.4473958333333333 0.2935185185185185 0.026041666666666668 0.046296296296296294
0 0.503125 0.2935185185185185 0.026041666666666668 0.046296296296296294
0 0.5453125 0.2935185185185185 0.026041666666666668 0.046296296296296294
0 0.6609375 0.2861111111111111 0.026041666666666668 0.046296296296296294
0 0.46927083333333336 0.3 0.026041666666666668 0.046296296296296294
0 0.49583333333333335 0.30277777777777776 0.026041666666666668 0.046296296296296294
0 0.44895833333333335 0.3074074074074074 0.026041666666666668 0.046296296296296294
0 0.46145833333333336 0.30833333333333335 0.026041666666666668 0.046296296296296294
0 0.49114583333333334 0.3111111111111111 0.026041666666666668 0.046296296296296294
0 0.4869791666666667 0.32314814814814813 0.026041666666666668 0.046296296296296294
4 0.4348958333333333 0.3333333333333333 0.026041666666666668 0.046296296296296294
0 0.453125 0.33240740740740743 0.026041666666666668 0.046296296296296294
0 0.4942708333333333 0.3314814814814815 0.026041666666666668 0.046296296296296294
4 0.41458333333333336 0.3490740740740741 0.026041666666666668 0.046296296296296294
4 0.43697916666666664 0.34629629629629627 0.026041666666666668 0.046296296296296294
4 0.4921875 0.3490740740740741 0.026041666666666668 0.046296296296296294
4 0.5119791666666667 0.35185185185185186 0.026041666666666668 0.046296296296296294
4 0.39947916666666666 0.3574074074074074 0.026041666666666668 0.046296296296296294
4 0.41510416666666666 0.3611111111111111 0.026041666666666668 0.046296296296296294
4 0.5078125 0.37222222222222223 0.026041666666666668 0.046296296296296294
4 0.3963541666666667 0.38055555555555554 0.026041666666666668 0.046296296296296294
4 0.4036458333333333 0.37777777777777777 0.026041666666666668 0.046296296296296294
4 0.41510416666666666 0.38425925925925924 0.026041666666666668 0.046296296296296294
4 0.4244791666666667 0.387037037037037 0.026041666666666668 0.046296296296296294
4 0.4203125 0.40370370370370373 0.026041666666666668 0.046296296296296294
4 0.4276041666666667 0.4009259259259259 0.026041666666666668 0.046296296296296294
4 0.5083333333333333 0.3990740740740741 0.026041666666666668 0.046296296296296294
4 0.5166666666666667 0.40185185185185185 0.026041666666666668 0.046296296296296294
4 0.6552083333333333 0.40555555555555556 0.026041666666666668 0.046296296296296294
2 0.18541666666666667 0.40370370370370373 0.026041666666666668 0.046296296296296294
2 0.1984375 0.4064814814814815 0.026041666666666668 0.046296296296296294
4 0.39114583333333336 0.40925925925925927 0.026041666666666668 0.046296296296296294
4 0.5026041666666666 0.41203703703703703 0.026041666666666668 0.046296296296296294
2 0.17447916666666666 0.4166666666666667 0.026041666666666668 0.046296296296296294
4 0.3958333333333333 0.4185185185185185 0.026041666666666668 0.046296296296296294
4 0.4083333333333333 0.4203703703703704 0.026041666666666668 0.046296296296296294
4 0.43385416666666665 0.41759259259259257 0.026041666666666668 0.046296296296296294
4 0.5114583333333333 0.41944444444444445 0.026041666666666668 0.046296296296296294
4 0.38333333333333336 0.42592592592592593 0.026041666666666668 0.046296296296296294
4 0.5213541666666667 0.42685185185185187 0.026041666666666668 0.046296296296296294
3 0.6708333333333333 0.42407407407407405 0.026041666666666668 0.046296296296296294
4 0.465625 0.4324074074074074 0.026041666666666668 0.046296296296296294
4 0.42552083333333335 0.4398148148148148 0.026041666666666668 0.046296296296296294
4 0.5005208333333333 0.4388888888888889 0.026041666666666668 0.046296296296296294
4 0.6645833333333333 0.4388888888888889 0.026041666666666668 0.046296296296296294
4 0.4203125 0.44907407407407407 0.026041666666666668 0.046296296296296294
3 0.6765625 0.45092592592592595 0.026041666666666668 0.046296296296296294
3 0.7119791666666667 0.44537037037037036 0.026041666666666668 0.046296296296296294
4 0.39010416666666664 0.4564814814814815 0.026041666666666668 0.046296296296296294
4 0.403125 0.4564814814814815 0.026041666666666668 0.046296296296296294
4 0.4119791666666667 0.4583333333333333 0.026041666666666668 0.046296296296296294
4 0.42916666666666664 0.4564814814814815 0.026041666666666668 0.046296296296296294
4 0.5041666666666667 0.4564814814814815 0.026041666666666668 0.046296296296296294
4 0.44895833333333335 0.46296296296296297 0.026041666666666668 0.046296296296296294
4 0.46770833333333334 0.46296296296296297 0.026041666666666668 0.046296296296296294
4 0.38645833333333335 0.4740740740740741 0.026041666666666668 0.046296296296296294
4 0.4125 0.4740740740740741 0.026041666666666668 0.046296296296296294
4 0.48020833333333335 0.4722222222222222 0.026041666666666668 0.046296296296296294
3 0.6942708333333333 0.47129629629629627 0.026041666666666668 0.046296296296296294
4 0.3729166666666667 0.47962962962962963 0.026041666666666668 0.046296296296296294
4 0.5171875 0.47962962962962963 0.026041666666666668 0.046296296296296294
4 0.540625 0.475 0.026041666666666668 0.046296296296296294
4 0.6328125 0.47962962962962963 0.026041666666666668 0.046296296296296294
3 0.6776041666666667 0.4787037037037037 0.026041666666666668 0.046296296296296294
4 0.6046875 0.48703703703703705 0.026041666666666668 0.046296296296296294
4 0.6125 0.487962962962963 0.026041666666666668 0.046296296296296294
4 0.6286458333333333 0.487962962962963 0.026041666666666668 0.046296296296296294
3 0.6864583333333333 0.4962962962962963 0.026041666666666668 0.046296296296296294
4 0.39427083333333335 0.5055555555555555 0.026041666666666668 0.046296296296296294
4 0.609375 0.5055555555555555 0.026041666666666668 0.046296296296296294
4 0.6276041666666666 0.5018518518518519 0.026041666666666668 0.046296296296296294
4 0.6369791666666667 0.5018518518518519 0.026041666666666668 0.046296296296296294
4 0.3885416666666667 0.5111111111111111 0.026041666666666668 0.046296296296296294
4 0.5026041666666666 0.5111111111111111 0.026041666666666668 0.046296296296296294
4 0.46979166666666666 0.5175925925925926 0.026041666666666668 0.046296296296296294
4 0.5244791666666667 0.5175925925925926 0.026041666666666668 0.046296296296296294
4 0.5291666666666667 0.5185185185185185 0.026041666666666668 0.046296296296296294
4 0.55 0.5277777777777778 0.026041666666666668 0.046296296296296294
4 0.6239583333333333 0.5277777777777778 0.026041666666666668 0.046296296296296294
4 0.6572916666666667 0.525 0.026041666666666668 0.046296296296296294
3 0.6984375 0.525 0.026041666666666668 0.046296296296296294
4 0.41822916666666665 0.5361111111111111 0.026041666666666668 0.046296296296296294
4 0.578125 0.5333333333333333 0.026041666666666668 0.046296296296296294
4 0.39427083333333335 0.5398148148148149 0.026041666666666668 0.046296296296296294
4 0.5947916666666667 0.5398148148148149 0.026041666666666668 0.046296296296296294
4 0.4354166666666667 0.5462962962962963 0.026041666666666668 0.046296296296296294
4 0.4119791666666667 0.562962962962963 0.026041666666666668 0.046296296296296294
3 0.7369791666666666 0.5546296296296296 0.026041666666666668 0.046296296296296294
3 0.6697916666666667 0.5657407407407408 0.026041666666666668 0.046296296296296294
4 0.559375 0.575 0.026041666666666668 0.046296296296296294
3 0.7666666666666667 0.5879629629629629 0.026041666666666668 0.046296296296296294
3 0.675 0.5962962962962963 0.026041666666666668 0.046296296296296294
4 0.5854166666666667 0.5990740740740741 0.026041666666666668 0.046296296296296294
4 0.5875 0.6509259259259259 0.026041666666666668 0.046296296296296294
1 0.6578125 0.7101851851851851 0.026041666666666668 0.046296296296296294
1 0.5828125 0.7175925925925926 0.026041666666666668 0.046296296296296294
1 0.3692708333333333 0.7435185185185185 0.026041666666666668 0.046296296296296294
1 0.8880208333333334 0.7472222222222222 0.026041666666666668 0.046296296296296294
1 0.5125 0.7768518518518519 0.026041666666666668 0.046296296296296294
1 0.3880208333333333 0.7898148148148149 0.026041666666666668 0.046296296296296294
1 0.9666666666666667 0.8101851851851852 0.026041666666666668 0.046296296296296294
1 0.8197916666666667 0.8361111111111111 0.026041666666666668 0.046296296296296294
1 0.9395833333333333 0.8546296296296296 0.026041666666666668 0.046296296296296294
1 0.7661458333333333 0.8916666666666667 0.026041666666666668 0.046296296296296294
1 0.825 0.9212962962962963 0.026041666666666668 0.046296296296296294
1 0.7057291666666666 0.9518518518518518 0.026041666666666668 0.046296296296296294
4 0.5208333333333334 0.5833333333333334 0.026041666666666668 0.046296296296296294
1 0.43854166666666666 0.7759259259259259 0.026041666666666668 0.046296296296296294
1 0.8760416666666667 0.8111111111111111 0.026041666666666668 0.046296296296296294
1 0.9604166666666667 0.9296296296296296 0.026041666666666668 0.046296296296296294
1 0.99375 0.8555555555555555 0.026041666666666668 0.046296296296296294
4 0.4708333333333333 0.3851851851851852 0.026041666666666668 0.046296296296296294
3 0.75 0.6166666666666667 0.026041666666666668 0.046296296296296294
1 0.7447916666666666 0.6814814814814815 0.026041666666666668 0.046296296296296294
3 0.7375 0.5685185185185185 0.026041666666666668 0.046296296296296294
3 0.746875 0.5648148148148148 0.026041666666666668 0.046296296296296294
1 0.6739583333333333 0.9648148148148148 0.026041666666666668 0.046296296296296294
