0 0.4708333333333333 0.09537037037037037 0.026041666666666668 0.046296296296296294
0 0.4796875 0.0962962962962963 0.026041666666666668 0.046296296296296294
0 0.4744791666666667 0.10833333333333334 0.026041666666666668 0.046296296296296294
0 0.4822916666666667 0.1037037037037037 0.026041666666666668 0.046296296296296294
0 0.4869791666666667 0.10462962962962963 0.026041666666666668 0.046296296296296294
0 0.4708333333333333 0.11481481481481481 0.026041666666666668 0.046296296296296294
0 0.47760416666666666 0.12222222222222222 0.026041666666666668 0.046296296296296294
0 0.490625 0.12037037037037036 0.026041666666666668 0.046296296296296294
0 0.465625 0.12962962962962962 0.026041666666666668 0.046296296296296294
0 0.44114583333333335 0.13148148148148148 0.026041666666666668 0.046296296296296294
0 0.44895833333333335 0.13518518518518519 0.026041666666666668 0.046296296296296294
0 0.4546875 0.13240740740740742 0.026041666666666668 0.046296296296296294
0 0.4609375 0.13796296296296295 0.026041666666666668 0.046296296296296294
0 0.475 0.14629629629629629 0.026041666666666668 0.046296296296296294
0 0.4630208333333333 0.15092592592592594 0.026041666666666668 0.046296296296296294
0 0.46979166666666666 0.15092592592592594 0.026041666666666668 0.046296296296296294
0 0.490625 0.16203703703703703 0.026041666666666668 0.046296296296296294
0 0.428125 0.16944444444444445 0.026041666666666668 0.046296296296296294
0 0.4708333333333333 0.17314814814814813 0.026041666666666668 0.046296296296296294
0 0.5130208333333334 0.18425925925925926 0.026041666666666668 0.046296296296296294
0 0.434375 0.19074074074074074 0.026041666666666668 0.046296296296296294
0 0.5046875 0.21481481481481482 0.026041666666666668 0.046296296296296294
0 0.49947916666666664 0.2212962962962963 0.026041666666666668 0.046296296296296294
0 0.46041666666666664 0.22592592592592592 0.026041666666666668 0.046296296296296294
0 0.46458333333333335 0.22685185185185186 0.026041666666666668 0.046296296296296294
0 0.47708333333333336 0.22592592592592592 0.026041666666666668 0.046296296296296294
0 0.4869791666666667 0.23055555555555557 0.026041666666666668 0.046296296296296294
0 0.42135416666666664 0.23796296296296296 0.026041666666666668 0.046296296296296294
0 0.49583333333333335 0.24074074074074073 0.026041666666666668 0.046296296296296294
0 0.5072916666666667 0.2388888888888889 0.026041666666666668 0.046296296296296294
0 0.49947916666666664 0.2462962962962963 0.026041666666666668 0.046296296296296294
0 0.4265625 0.2537037037037037 0.026041666666666668 0.046296296296296294
0 0.4875 0.25277777777777777 0.026041666666666668 0.046296296296296294
0 0.5067708333333333 0.2518518518518518 0.026041666666666668 0.046296296296296294
0 0.4984375 0.2638888888888889 0.026041666666666668 0.046296296296296294
0 0.46197916666666666 0.2712962962962963 0.026041666666666668 0.046296296296296294
0 0.5208333333333334 0.27037037037037037 0.026041666666666668 0.046296296296296294
0 0.43125 0.275 0.026041666666666668 0.046296296296296294
0 0.4739583333333333 0.2777777777777778 0.026041666666666668 0.046296296296296294
0 0.42864583333333334 0.28703703703703703 0.026041666666666668 0.046296296296296294
0 0.4421875 0.28703703703703703 0.026041666666666668 0.046296296296296294
0 0.6911458333333333 0.28425925925925927 0.026041666666666668 0.046296296296296294
0 0.44895833333333335 0.29444444444444445 0.026041666666666668 0.046296296296296294
0 0.503125 0.2916666666666667 0.026041666666666668 0.046296296296296294
0 0.4322916666666667 0.30648148148148147 0.026041666666666668 0.046296296296296294
0 0.4609375 0.3074074074074074 0.026041666666666668 0.046296296296296294
0 0.47708333333333336 0.30648148148148147 0.026041666666666668 0.046296296296296294
0 0.49947916666666664 0.31296296296296294 0.026041666666666668 0.046296296296296294
0 0.5244791666666667 0.30925925925925923 0.026041666666666668 0.046296296296296294
0 0.42135416666666664 0.31574074074074077 0.026041666666666668 0.046296296296296294
0 0.4401041666666667 0.31574074074074077 0.026041666666666668 0.046296296296296294
0 0.453125 0.31666666666666665 0.026041666666666668 0.046296296296296294
0 0.5192708333333333 0.31851851851851853 0.026041666666666668 0.046296296296296294
0 0.47760416666666666 0.3194444444444444 0.026041666666666668 0.046296296296296294
0 0.415625 0.3314814814814815 0.026041666666666668 0.046296296296296294
4 0.44583333333333336 0.3333333333333333 0.026041666666666668 0.046296296296296294
0 0.4609375 0.33055555555555555 0.026041666666666668 0.046296296296296294
0 0.5244791666666667 0.33240740740740743 0.026041666666666668 0.046296296296296294
0 0.5359375 0.3314814814814815 0.026041666666666668 0.046296296296296294
4 0.5114583333333333 0.3416666666666667 0.026041666666666668 0.046296296296296294
4 0.4140625 0.34444444444444444 0.026041666666666668 0.046296296296296294
4 0.42552083333333335 0.3435185185185185 0.026041666666666668 0.046296296296296294
4 0.440625 0.3472222222222222 0.026041666666666668 0.046296296296296294
4 0.4703125 0.3472222222222222 0.026041666666666668 0.046296296296296294
4 0.5041666666666667 0.34814814814814815 0.026041666666666668 0.046296296296296294
4 0.5463541666666667 0.34814814814814815 0.026041666666666668 0.046296296296296294
3 0.7151041666666667 0.34629629629629627 0.026041666666666668 0.046296296296296294
4 0.38229166666666664 0.35462962962962963 0.026041666666666668 0.046296296296296294
4 0.38645833333333335 0.3537037037037037 0.026041666666666668 0.046296296296296294
4 0.3984375 0.35555555555555557 0.026041666666666668 0.046296296296296294
4 0.40989583333333335 0.35833333333333334 0.026041666666666668 0.046296296296296294
4 0.45260416666666664 0.35555555555555557 0.026041666666666668 0.046296296296296294
3 0.6838541666666667 0.3527777777777778 0.026041666666666668 0.046296296296296294
4 0.37552083333333336 0.362962962962963 0.026041666666666668 0.046296296296296294
4 0.4203125 0.3638888888888889 0.026041666666666668 0.046296296296296294
4 0.4401041666666667 0.3638888888888889 0.026041666666666668 0.046296296296296294
4 0.5041666666666667 0.36203703703703705 0.026041666666666668 0.046296296296296294
4 0.3953125 0.37222222222222223 0.026041666666666668 0.046296296296296294
4 0.428125 0.37037037037037035 0.026041666666666668 0.046296296296296294
4 0.5166666666666667 0.37222222222222223 0.026041666666666668 0.046296296296296294
4 0.65 0.37037037037037035 0.026041666666666668 0.046296296296296294
4 0.6541666666666667 0.36944444444444446 0.026041666666666668 0.046296296296296294
4 0.40677083333333336 0.37962962962962965 0.026041666666666668 0.046296296296296294
4 0.425 0.38055555555555554 0.026041666666666668 0.046296296296296294
4 0.4317708333333333 0.38981481481481484 0.026041666666666668 0.046296296296296294
4 0.37552083333333336 0.40370370370370373 0.026041666666666668 0.046296296296296294
4 0.4036458333333333 0.4027777777777778 0.026041666666666668 0.046296296296296294
4 0.4328125 0.4027777777777778 0.026041666666666668 0.046296296296296294
4 0.44166666666666665 0.4027777777777778 0.026041666666666668 0.046296296296296294
4 0.5119791666666667 0.4027777777777778 0.026041666666666668 0.046296296296296294
4 0.5401041666666667 0.40185185185185185 0.026041666666666668 0.046296296296296294
2 0.19375 0.4111111111111111 0.026041666666666668 0.046296296296296294
4 0.4239583333333333 0.4101851851851852 0.026041666666666668 0.046296296296296294
4 0.45364583333333336 0.41388888888888886 0.026041666666666668 0.046296296296296294
4 0.5213541666666667 0.4111111111111111 0.026041666666666668 0.046296296296296294
4 0.6583333333333333 0.41388888888888886 0.026041666666666668 0.046296296296296294
4 0.37916666666666665 0.4222222222222222 0.026041666666666668 0.046296296296296294
4 0.39895833333333336 0.4185185185185185 0.026041666666666668 0.046296296296296294
2 0.18333333333333332 0.42592592592592593 0.026041666666666668 0.046296296296296294
4 0.4765625 0.42592592592592593 0.026041666666666668 0.046296296296296294
4 0.37395833333333334 0.4361111111111111 0.026041666666666668 0.046296296296296294
4 0.43697916666666664 0.43333333333333335 0.026041666666666668 0.046296296296296294
4 0.5244791666666667 0.43425925925925923 0.026041666666666668 0.046296296296296294
4 0.6541666666666667 0.43148148148148147 0.026041666666666668 0.046296296296296294
4 0.4125 0.44166666666666665 0.026041666666666668 0.046296296296296294
4 0.49947916666666664 0.4425925925925926 0.026041666666666668 0.046296296296296294
3 0.7078125 0.43796296296296294 0.026041666666666668 0.046296296296296294
4 0.44947916666666665 0.44907407407407407 0.026041666666666668 0.046296296296296294
2 0.190625 0.4546296296296296 0.026041666666666668 0.046296296296296294
4 0.4703125 0.4564814814814815 0.026041666666666668 0.046296296296296294
4 0.48802083333333335 0.4583333333333333 0.026041666666666668 0.046296296296296294
4 0.5078125 0.4564814814814815 0.026041666666666668 0.046296296296296294
4 0.5234375 0.45555555555555555 0.026041666666666668 0.046296296296296294
4 0.6661458333333333 0.4564814814814815 0.026041666666666668 0.046296296296296294
3 0.690625 0.4564814814814815 0.026041666666666668 0.046296296296296294
4 0.4703125 0.4722222222222222 0.026041666666666668 0.046296296296296294
4 0.5135416666666667 0.4703703703703704 0.026041666666666668 0.046296296296296294
4 0.5234375 0.47314814814814815 0.026041666666666668 0.046296296296296294
3 0.6703125 0.47129629629629627 0.026041666666666668 0.046296296296296294
3 0.6817708333333333 0.47314814814814815 0.026041666666666668 0.046296296296296294
2 0.21510416666666668 0.48055555555555557 0.026041666666666668 0.046296296296296294
4 0.4869791666666667 0.48703703703703705 0.026041666666666668 0.046296296296296294
4 0.5161458333333333 0.4888888888888889 0.026041666666666668 0.046296296296296294
3 0.6942708333333333 0.4888888888888889 0.026041666666666668 0.046296296296296294
4 0.5161458333333333 0.5074074074074074 0.026041666666666668 0.046296296296296294
2 0.2203125 0.5185185185185185 0.026041666666666668 0.046296296296296294
4 0.5291666666666667 0.5185185185185185 0.026041666666666668 0.046296296296296294
4 0.6317708333333333 0.5185185185185185 0.026041666666666668 0.046296296296296294
3 0.7005208333333334 0.5194444444444445 0.026041666666666668 0.046296296296296294
4 0.6453125 0.5296296296296297 0.026041666666666668 0.046296296296296294
4 0.665625 0.5268518518518519 0.026041666666666668 0.046296296296296294
4 0.5567708333333333 0.5305555555555556 0.026041666666666668 0.046296296296296294
3 0.728125 0.5324074074074074 0.026041666666666668 0.046296296296296294
3 0.7604166666666666 0.5333333333333333 0.026041666666666668 0.046296296296296294
4 0.49322916666666666 0.5416666666666666 0.026041666666666668 0.046296296296296294
4 0.6291666666666667 0.5435185185185185 0.026041666666666668 0.046296296296296294
4 0.6541666666666667 0.5453703703703704 0.026041666666666668 0.046296296296296294
4 0.6119791666666666 0.5509259259259259 0.026041666666666668 0.046296296296296294
4 0.6411458333333333 0.549074074074074 0.026041666666666668 0.046296296296296294
4 0.46197916666666666 0.5555555555555556 0.026041666666666668 0.046296296296296294
4 0.5864583333333333 0.5564814814814815 0.026041666666666668 0.046296296296296294
4 0.6510416666666666 0.5694444444444444 0.026041666666666668 0.046296296296296294
3 0.7348958333333333 0.5648148148148148 0.026041666666666668 0.046296296296296294
3 0.7541666666666667 0.5685185185185185 0.026041666666666668 0.046296296296296294
4 0.6484375 0.5861111111111111 0.026041666666666668 0.046296296296296294
4 0.5114583333333333 0.637962962962963 0.026041666666666668 0.046296296296296294
4 0.5494791666666666 0.6407407407407407 0.026041666666666668 0.046296296296296294
4 0.5041666666666667 0.6527777777777778 0.026041666666666668 0.046296296296296294
4 0.6109375 0.6481481481481481 0.026041666666666668 0.046296296296296294
3 0.7739583333333333 0.6620370370370371 0.026041666666666668 0.046296296296296294
1 0.7203125 0.675 0.026041666666666668 0.046296296296296294
1 0.6859375 0.6851851851851852 0.026041666666666668 0.046296296296296294
1 0.88125 0.7407407407407407 0.026041666666666668 0.046296296296296294
1 0.471875 0.8157407407407408 0.026041666666666668 0.046296296296296294
1 0.7010416666666667 0.812962962962963 0.026041666666666668 0.046296296296296294
1 0.7713541666666667 0.8333333333333334 0.026041666666666668 0.046296296296296294
1 0.9791666666666666 0.8444444444444444 0.026041666666666668 0.046296296296296294
1 0.8286458333333333 0.8694444444444445 0.026041666666666668 0.046296296296296294
1 0.9567708333333333 0.9231481481481482 0.026041666666666668 0.046296296296296294
1 0.8729166666666667 0.8018518518518518 0.026041666666666668 0.046296296296296294
1 0.9916666666666667 0.8611111111111112 0.026041666666666668 0.046296296296296294
1 0.821875 0.8351851851851851 0.026041666666666668 0.046296296296296294
1 0.671875 0.7333333333333333 0.026041666666666668 0.046296296296296294
1 0.7583333333333333 0.7 0.026041666666666668 0.046296296296296294
3 0.75625 0.6314814814814815 0.026041666666666668 0.046296296296296294
3 0.7635416666666667 0.5796296296296296 0.026041666666666668 0.046296296296296294
3 0.6916666666666667 0.6074074074074074 0.026041666666666668 0.046296296296296294
1 0.6270833333333333 0.7018518518518518 0.026041666666666668 0.046296296296296294
1 0.5302083333333333 0.7092592592592593 0.026041666666666668 0.046296296296296294
4 0.5635416666666667 0.55 0.026041666666666668 0.046296296296296294
4 0.6229166666666667 0.4981481481481482 0.026041666666666668 0.046296296296296294
