0 0.478125 0.12037037037037036 0.026041666666666668 0.046296296296296294
0 0.49375 0.13055555555555556 0.026041666666666668 0.046296296296296294
0 0.46197916666666666 0.13518518518518519 0.026041666666666668 0.046296296296296294
0 0.4703125 0.1361111111111111 0.026041666666666668 0.046296296296296294
0 0.4875 0.1388888888888889 0.026041666666666668 0.046296296296296294
0 0.49375 0.14351851851851852 0.026041666666666668 0.046296296296296294
0 0.4625 0.1527777777777778 0.026041666666666668 0.046296296296296294
0 0.4817708333333333 0.15462962962962962 0.026041666666666668 0.046296296296296294
0 0.49947916666666664 0.15925925925925927 0.026041666666666668 0.046296296296296294
0 0.4635416666666667 0.16666666666666666 0.026041666666666668 0.046296296296296294
0 0.4953125 0.1685185185185185 0.026041666666666668 0.046296296296296294
0 0.4328125 0.17407407407407408 0.026041666666666668 0.046296296296296294
0 0.5005208333333333 0.19074074074074074 0.026041666666666668 0.046296296296296294
0 0.5119791666666667 0.20092592592592592 0.026041666666666668 0.046296296296296294
0 0.4578125 0.21481481481481482 0.026041666666666668 0.046296296296296294
0 0.4744791666666667 0.21296296296296297 0.026041666666666668 0.046296296296296294
0 0.45677083333333335 0.22777777777777777 0.026041666666666668 0.046296296296296294
0 0.5 0.24259259259259258 0.026041666666666668 0.046296296296296294
0 0.4744791666666667 0.24537037037037038 0.026041666666666668 0.046296296296296294
0 0.428125 0.262037037037037 0.026041666666666668 0.046296296296296294
0 0.49947916666666664 0.2601851851851852 0.026041666666666668 0.046296296296296294
0 0.4828125 0.26944444444444443 0.026041666666666668 0.046296296296296294
0 0.6911458333333333 0.28425925925925927 0.026041666666666668 0.046296296296296294
0 0.4421875 0.28888888888888886 0.026041666666666668 0.046296296296296294
0 0.5114583333333333 0.29444444444444445 0.026041666666666668 0.046296296296296294
0 0.43333333333333335 0.29907407407407405 0.026041666666666668 0.046296296296296294
0 0.4744791666666667 0.30092592592592593 0.026041666666666668 0.046296296296296294
0 0.690625 0.30185185185185187 0.026041666666666668 0.046296296296296294
0 0.45625 0.30833333333333335 0.026041666666666668 0.046296296296296294
0 0.4875 0.30925925925925923 0.026041666666666668 0.046296296296296294
0 0.43802083333333336 0.31666666666666665 0.026041666666666668 0.046296296296296294
0 0.49947916666666664 0.31666666666666665 0.026041666666666668 0.046296296296296294
0 0.5114583333333333 0.3175925925925926 0.026041666666666668 0.046296296296296294
0 0.7020833333333333 0.3138888888888889 0.026041666666666668 0.046296296296296294
0 0.5072916666666667 0.32685185185185184 0.026041666666666668 0.046296296296296294
4 0.428125 0.33425925925925926 0.026041666666666668 0.046296296296296294
4 0.5421875 0.33425925925925926 0.026041666666666668 0.046296296296296294
4 0.44427083333333334 0.337037037037037 0.026041666666666668 0.046296296296296294
4 0.45729166666666665 0.3398148148148148 0.026041666666666668 0.046296296296296294
4 0.5375 0.3398148148148148 0.026041666666666668 0.046296296296296294
4 0.478125 0.3472222222222222 0.026041666666666668 0.046296296296296294
4 0.5114583333333333 0.34814814814814815 0.026041666666666668 0.046296296296296294
4 0.375 0.35648148148148145 0.026041666666666668 0.046296296296296294
4 0.37864583333333335 0.35833333333333334 0.026041666666666668 0.046296296296296294
4 0.45260416666666664 0.35555555555555557 0.026041666666666668 0.046296296296296294
4 0.37552083333333336 0.36574074074074076 0.026041666666666668 0.046296296296296294
4 0.403125 0.3638888888888889 0.026041666666666668 0.046296296296296294
4 0.4895833333333333 0.3685185185185185 0.026041666666666668 0.046296296296296294
4 0.6494791666666667 0.36944444444444446 0.026041666666666668 0.046296296296296294
4 0.5114583333333333 0.37962962962962965 0.026041666666666668 0.046296296296296294
4 0.5234375 0.3814814814814815 0.026041666666666668 0.046296296296296294
3 0.7333333333333333 0.3768518518518518 0.026041666666666668 0.046296296296296294
4 0.37447916666666664 0.39351851851851855 0.026041666666666668 0.046296296296296294
3 0.6807291666666667 0.39166666666666666 0.026041666666666668 0.046296296296296294
4 0.37916666666666665 0.4027777777777778 0.026041666666666668 0.046296296296296294
2 0.18333333333333332 0.41203703703703703 0.026041666666666668 0.046296296296296294
2 0.203125 0.4083333333333333 0.026041666666666668 0.046296296296296294
4 0.3859375 0.4101851851851852 0.026041666666666668 0.046296296296296294
2 0.17083333333333334 0.4166666666666667 0.026041666666666668 0.046296296296296294
4 0.6588541666666666 0.4185185185185185 0.026041666666666668 0.046296296296296294
4 0.3802083333333333 0.42685185185185187 0.026041666666666668 0.046296296296296294
4 0.38697916666666665 0.425 0.026041666666666668 0.046296296296296294
4 0.5088541666666667 0.42777777777777776 0.026041666666666668 0.046296296296296294
4 0.6625 0.42592592592592593 0.026041666666666668 0.046296296296296294
3 0.7067708333333333 0.4398148148148148 0.026041666666666668 0.046296296296296294
4 0.41302083333333334 0.45 0.026041666666666668 0.046296296296296294
4 0.5161458333333333 0.44907407407407407 0.026041666666666668 0.046296296296296294
3 0.6776041666666667 0.4638888888888889 0.026041666666666668 0.046296296296296294
2 0.20885416666666667 0.46944444444444444 0.026041666666666668 0.046296296296296294
4 0.49583333333333335 0.4740740740740741 0.026041666666666668 0.046296296296296294
4 0.653125 0.4740740740740741 0.026041666666666668 0.046296296296296294
4 0.4166666666666667 0.48148148148148145 0.026041666666666668 0.046296296296296294
4 0.6088541666666667 0.4787037037037037 0.026041666666666668 0.046296296296296294
4 0.6203125 0.4898148148148148 0.026041666666666668 0.046296296296296294
4 0.6458333333333334 0.49074074074074076 0.026041666666666668 0.046296296296296294
3 0.6776041666666667 0.48703703703703705 0.026041666666666668 0.046296296296296294
4 0.4046875 0.49074074074074076 0.026041666666666668 0.046296296296296294
3 0.678125 0.4935185185185185 0.026041666666666668 0.046296296296296294
3 0.6958333333333333 0.49722222222222223 0.026041666666666668 0.046296296296296294
4 0.4947916666666667 0.5046296296296297 0.026041666666666668 0.046296296296296294
4 0.6213541666666667 0.5037037037037037 0.026041666666666668 0.046296296296296294
4 0.5041666666666667 0.5138888888888888 0.026041666666666668 0.046296296296296294
3 0.678125 0.5120370370370371 0.026041666666666668 0.046296296296296294
4 0.4484375 0.5166666666666667 0.026041666666666668 0.046296296296296294
4 0.640625 0.5185185185185185 0.026041666666666668 0.046296296296296294
3 0.7072916666666667 0.5203703703703704 0.026041666666666668 0.046296296296296294
4 0.6234375 0.525 0.026041666666666668 0.046296296296296294
4 0.6651041666666667 0.5259259259259259 0.026041666666666668 0.046296296296296294
3 0.71875 0.5333333333333333 0.026041666666666668 0.046296296296296294
3 0.7333333333333333 0.5296296296296297 0.026041666666666668 0.046296296296296294
4 0.6317708333333333 0.5453703703703704 0.026041666666666668 0.046296296296296294
4 0.4901041666666667 0.55 0.026041666666666668 0.046296296296296294
4 0.55625 0.5472222222222223 0.026041666666666668 0.046296296296296294
4 0.596875 0.549074074074074 0.026041666666666668 0.046296296296296294
4 0.4791666666666667 0.5546296296296296 0.026041666666666668 0.046296296296296294
4 0.50625 0.5546296296296296 0.026041666666666668 0.046296296296296294
4 0.5348958333333333 0.5555555555555556 0.026041666666666668 0.046296296296296294
4 0.6338541666666667 0.5555555555555556 0.026041666666666668 0.046296296296296294
3 0.7651041666666667 0.5583333333333333 0.026041666666666668 0.046296296296296294
3 0.7416666666666667 0.5648148148148148 0.026041666666666668 0.046296296296296294
4 0.5848958333333333 0.5675925925925925 0.026041666666666668 0.046296296296296294
4 0.5244791666666667 0.5824074074074074 0.026041666666666668 0.046296296296296294
4 0.6125 0.5824074074074074 0.026041666666666668 0.046296296296296294
3 0.7359375 0.5805555555555556 0.026041666666666668 0.046296296296296294
4 0.43645833333333334 0.5842592592592593 0.026041666666666668 0.046296296296296294
4 0.6369791666666667 0.5972222222222222 0.026041666666666668 0.046296296296296294
4 0.596875 0.6101851851851852 0.026041666666666668 0.046296296296296294
4 0.653125 0.6212962962962963 0.026041666666666668 0.046296296296296294
4 0.5328125 0.6425925925925926 0.026041666666666668 0.046296296296296294
4 0.41875 0.6453703703703704 0.026041666666666668 0.046296296296296294
2 0.196875 0.6666666666666666 0.026041666666666668 0.046296296296296294
4 0.3958333333333333 0.6611111111111111 0.026041666666666668 0.046296296296296294
1 0.6755208333333333 0.6824074074074075 0.026041666666666668 0.046296296296296294
1 0.7026041666666667 0.6805555555555556 0.026041666666666668 0.046296296296296294
1 0.6395833333333333 0.7212962962962963 0.026041666666666668 0.046296296296296294
1 0.16197916666666667 0.7407407407407407 0.026041666666666668 0.046296296296296294
1 0.8848958333333333 0.7490740740740741 0.026041666666666668 0.046296296296296294
1 0.5348958333333333 0.7583333333333333 0.026041666666666668 0.046296296296296294
1 0.5109375 0.775 0.026041666666666668 0.046296296296296294
1 0.21041666666666667 0.7916666666666666 0.026041666666666668 0.046296296296296294
1 0.44947916666666665 0.7888888888888889 0.026041666666666668 0.046296296296296294
1 0.16354166666666667 0.8148148148148148 0.026041666666666668 0.046296296296296294
1 0.7630208333333334 0.837037037037037 0.026041666666666668 0.046296296296296294
1 0.35104166666666664 0.8425925925925926 0.026041666666666668 0.046296296296296294
1 0.6234375 0.8388888888888889 0.026041666666666668 0.046296296296296294
1 0.1125 0.8685185185185185 0.026041666666666668 0.046296296296296294
1 0.7859375 0.850925925925926 0.026041666666666668 0.046296296296296294
1 0.3067708333333333 0.8703703703703703 0.026041666666666668 0.046296296296296294
1 0.4942708333333333 0.887962962962963 0.026041666666666668 0.046296296296296294
1 0.3958333333333333 0.9675925925925926 0.026041666666666668 0.046296296296296294
1 0.38125 0.7796296296296297 0.026041666666666668 0.046296296296296294
1 0.35625 0.7981481481481482 0.026041666666666668 0.046296296296296294
1 0.33229166666666665 0.7481481481481481 0.026041666666666668 0.046296296296296294
1 0.5708333333333333 0.8037037037037037 0.026041666666666668 0.046296296296296294
1 0.6510416666666666 0.8537037037037037 0.026041666666666668 0.046296296296296294
1 0.83125 0.8537037037037037 0.026041666666666668 0.046296296296296294
1 0.7697916666666667 0.7759259259259259 0.026041666666666668 0.046296296296296294
1 0.7625 0.9685185185185186 0.026041666666666668 0.046296296296296294
1 0.9208333333333333 0.8240740740740741 0.026041666666666668 0.046296296296296294
1 0.9583333333333334 0.8555555555555555 0.026041666666666668 0.046296296296296294
1 0.9645833333333333 0.9740740740740741 0.026041666666666668 0.046296296296296294
1 0.8760416666666667 0.8277777777777777 0.026041666666666668 0.046296296296296294
3 0.7270833333333333 0.6574074074074074 0.026041666666666668 0.046296296296296294
1 0.78125 0.674074074074074 0.026041666666666668 0.046296296296296294
3 0.7625 0.6185185185185185 0.026041666666666668 0.046296296296296294
3 0.7208333333333333 0.6092592592592593 0.026041666666666668 0.046296296296296294
