0 0.46979166666666666 0.09444444444444444 0.026041666666666668 0.046296296296296294
0 0.4822916666666667 0.10555555555555556 0.026041666666666668 0.046296296296296294
0 0.46979166666666666 0.11388888888888889 0.026041666666666668 0.046296296296296294
0 0.4822916666666667 0.12314814814814815 0.026041666666666668 0.046296296296296294
0 0.4895833333333333 0.13055555555555556 0.026041666666666668 0.046296296296296294
0 0.46197916666666666 0.1361111111111111 0.026041666666666668 0.046296296296296294
0 0.46979166666666666 0.13518518518518519 0.026041666666666668 0.046296296296296294
0 0.4739583333333333 0.1398148148148148 0.026041666666666668 0.046296296296296294
0 0.4822916666666667 0.1361111111111111 0.026041666666666668 0.046296296296296294
0 0.43645833333333334 0.14537037037037037 0.026041666666666668 0.046296296296296294
0 0.4401041666666667 0.1425925925925926 0.026041666666666668 0.046296296296296294
0 0.4546875 0.14351851851851852 0.026041666666666668 0.046296296296296294
0 0.4786458333333333 0.14444444444444443 0.026041666666666668 0.046296296296296294
0 0.4640625 0.15185185185185185 0.026041666666666668 0.046296296296296294
0 0.4875 0.1527777777777778 0.026041666666666668 0.046296296296296294
0 0.4947916666666667 0.15 0.026041666666666668 0.046296296296296294
0 0.49114583333333334 0.16666666666666666 0.026041666666666668 0.046296296296296294
0 0.503125 0.16666666666666666 0.026041666666666668 0.046296296296296294
0 0.5109375 0.175 0.026041666666666668 0.046296296296296294
0 0.5125 0.19166666666666668 0.026041666666666668 0.046296296296296294
0 0.4901041666666667 0.20555555555555555 0.026041666666666668 0.046296296296296294
0 0.48802083333333335 0.2222222222222222 0.026041666666666668 0.046296296296296294
0 0.4166666666666667 0.22777777777777777 0.026041666666666668 0.046296296296296294
0 0.4625 0.22777777777777777 0.026041666666666668 0.046296296296296294
0 0.421875 0.2388888888888889 0.026041666666666668 0.046296296296296294
0 0.44479166666666664 0.24259259259259258 0.026041666666666668 0.046296296296296294
0 0.4515625 0.24351851851851852 0.026041666666666668 0.046296296296296294
0 0.4578125 0.24444444444444444 0.026041666666666668 0.046296296296296294
0 0.4666666666666667 0.24166666666666667 0.026041666666666668 0.046296296296296294
0 0.4869791666666667 0.24351851851851852 0.026041666666666668 0.046296296296296294
0 0.49895833333333334 0.24722222222222223 0.026041666666666668 0.046296296296296294
0 0.4953125 0.25277777777777777 0.026041666666666668 0.046296296296296294
0 0.703125 0.2601851851851852 0.026041666666666668 0.046296296296296294
0 0.49583333333333335 0.275 0.026041666666666668 0.046296296296296294
0 0.503125 0.2777777777777778 0.026041666666666668 0.046296296296296294
0 0.5114583333333333 0.30092592592592593 0.026041666666666668 0.046296296296296294
0 0.440625 0.3055555555555556 0.026041666666666668 0.046296296296296294
0 0.4484375 0.30833333333333335 0.026041666666666668 0.046296296296296294
0 0.4744791666666667 0.30925925925925923 0.026041666666666668 0.046296296296296294
0 0.478125 0.3101851851851852 0.026041666666666668 0.046296296296296294
0 0.428125 0.31666666666666665 0.026041666666666668 0.046296296296296294
0 0.4625 0.31666666666666665 0.026041666666666668 0.046296296296296294
0 0.5036458333333333 0.31574074074074077 0.026041666666666668 0.046296296296296294
0 0.4791666666666667 0.32314814814814813 0.026041666666666668 0.046296296296296294
0 0.5114583333333333 0.325 0.026041666666666668 0.046296296296296294
0 0.6885416666666667 0.325 0.026041666666666668 0.046296296296296294
0 0.4276041666666667 0.33055555555555555 0.026041666666666668 0.046296296296296294
0 0.44583333333333336 0.3314814814814815 0.026041666666666668 0.046296296296296294
0 0.4666666666666667 0.3296296296296296 0.026041666666666668 0.046296296296296294
0 0.5036458333333333 0.33055555555555555 0.026041666666666668 0.046296296296296294
4 0.528125 0.3333333333333333 0.026041666666666668 0.046296296296296294
4 0.659375 0.33611111111111114 0.026041666666666668 0.046296296296296294
4 0.41041666666666665 0.3472222222222222 0.026041666666666668 0.046296296296296294
4 0.44947916666666665 0.3472222222222222 0.026041666666666668 0.046296296296296294
4 0.4984375 0.3472222222222222 0.026041666666666668 0.046296296296296294
4 0.37604166666666666 0.3537037037037037 0.026041666666666668 0.046296296296296294
4 0.38229166666666664 0.35462962962962963 0.026041666666666668 0.046296296296296294
4 0.4192708333333333 0.3648148148148148 0.026041666666666668 0.046296296296296294
4 0.5130208333333334 0.3685185185185185 0.026041666666666668 0.046296296296296294
4 0.5203125 0.37222222222222223 0.026041666666666668 0.046296296296296294
4 0.40729166666666666 0.3787037037037037 0.026041666666666668 0.046296296296296294
4 0.39791666666666664 0.38796296296296295 0.026041666666666668 0.046296296296296294
4 0.4166666666666667 0.3861111111111111 0.026041666666666668 0.046296296296296294
4 0.4239583333333333 0.3861111111111111 0.026041666666666668 0.046296296296296294
4 0.5026041666666666 0.3972222222222222 0.026041666666666668 0.046296296296296294
4 0.4005208333333333 0.4027777777777778 0.026041666666666668 0.046296296296296294
4 0.40677083333333336 0.4027777777777778 0.026041666666666668 0.046296296296296294
4 0.428125 0.4009259259259259 0.026041666666666668 0.046296296296296294
4 0.5166666666666667 0.4027777777777778 0.026041666666666668 0.046296296296296294
4 0.5364583333333334 0.40185185185185185 0.026041666666666668 0.046296296296296294
2 0.19166666666666668 0.40925925925925927 0.026041666666666668 0.046296296296296294
4 0.3921875 0.4083333333333333 0.026041666666666668 0.046296296296296294
4 0.4114583333333333 0.412962962962963 0.026041666666666668 0.046296296296296294
4 0.6515625 0.4083333333333333 0.026041666666666668 0.046296296296296294
4 0.43697916666666664 0.4166666666666667 0.026041666666666668 0.046296296296296294
4 0.3828125 0.4287037037037037 0.026041666666666668 0.046296296296296294
4 0.4734375 0.42592592592592593 0.026041666666666668 0.046296296296296294
4 0.5125 0.42685185185185187 0.026041666666666668 0.046296296296296294
4 0.5197916666666667 0.42407407407407405 0.026041666666666668 0.046296296296296294
3 0.6682291666666667 0.425 0.026041666666666668 0.046296296296296294
4 0.41458333333333336 0.43333333333333335 0.026041666666666668 0.046296296296296294
4 0.3958333333333333 0.44166666666666665 0.026041666666666668 0.046296296296296294
4 0.4015625 0.4398148148148148 0.026041666666666668 0.046296296296296294
4 0.46510416666666665 0.4388888888888889 0.026041666666666668 0.046296296296296294
4 0.5130208333333334 0.44166666666666665 0.026041666666666668 0.046296296296296294
3 0.6703125 0.43796296296296294 0.026041666666666668 0.046296296296296294
3 0.7078125 0.4388888888888889 0.026041666666666668 0.046296296296296294
4 0.37447916666666664 0.4564814814814815 0.026041666666666668 0.046296296296296294
4 0.4109375 0.45925925925925926 0.026041666666666668 0.046296296296296294
3 0.6770833333333334 0.45740740740740743 0.026041666666666668 0.046296296296296294
4 0.38333333333333336 0.46574074074074073 0.026041666666666668 0.046296296296296294
4 0.39375 0.4666666666666667 0.026041666666666668 0.046296296296296294
4 0.5072916666666667 0.4666666666666667 0.026041666666666668 0.046296296296296294
3 0.7197916666666667 0.4666666666666667 0.026041666666666668 0.046296296296296294
4 0.37447916666666664 0.4722222222222222 0.026041666666666668 0.046296296296296294
4 0.4125 0.47129629629629627 0.026041666666666668 0.046296296296296294
4 0.4947916666666667 0.47314814814814815 0.026041666666666668 0.046296296296296294
4 0.5203125 0.47314814814814815 0.026041666666666668 0.046296296296296294
3 0.7005208333333334 0.4740740740740741 0.026041666666666668 0.046296296296296294
4 0.3859375 0.4842592592592593 0.026041666666666668 0.046296296296296294
4 0.375 0.487962962962963 0.026041666666666668 0.046296296296296294
4 0.4703125 0.4888888888888889 0.026041666666666668 0.046296296296296294
4 0.4942708333333333 0.4888888888888889 0.026041666666666668 0.046296296296296294
4 0.534375 0.49166666666666664 0.026041666666666668 0.046296296296296294
4 0.6072916666666667 0.4898148148148148 0.026041666666666668 0.046296296296296294
4 0.625 0.48518518518518516 0.026041666666666668 0.046296296296296294
3 0.6869791666666667 0.487962962962963 0.026041666666666668 0.046296296296296294
4 0.38229166666666664 0.4962962962962963 0.026041666666666668 0.046296296296296294
4 0.39895833333333336 0.49722222222222223 0.026041666666666668 0.046296296296296294
4 0.5953125 0.4925925925925926 0.026041666666666668 0.046296296296296294
4 0.6088541666666667 0.5027777777777778 0.026041666666666668 0.046296296296296294
4 0.6276041666666666 0.5018518518518519 0.026041666666666668 0.046296296296296294
3 0.6953125 0.5027777777777778 0.026041666666666668 0.046296296296296294
4 0.3828125 0.5111111111111111 0.026041666666666668 0.046296296296296294
4 0.39114583333333336 0.5138888888888888 0.026041666666666668 0.046296296296296294
4 0.5302083333333333 0.5101851851851852 0.026041666666666668 0.046296296296296294
3 0.6901041666666666 0.5120370370370371 0.026041666666666668 0.046296296296296294
3 0.753125 0.5120370370370371 0.026041666666666668 0.046296296296296294
4 0.37864583333333335 0.5194444444444445 0.026041666666666668 0.046296296296296294
4 0.6286458333333333 0.5175925925925926 0.026041666666666668 0.046296296296296294
4 0.4348958333333333 0.5231481481481481 0.026041666666666668 0.046296296296296294
4 0.665625 0.5268518518518519 0.026041666666666668 0.046296296296296294
3 0.7177083333333333 0.5231481481481481 0.026041666666666668 0.046296296296296294
4 0.39010416666666664 0.5342592592592592 0.026041666666666668 0.046296296296296294
4 0.4578125 0.5407407407407407 0.026041666666666668 0.046296296296296294
4 0.5984375 0.537962962962963 0.026041666666666668 0.046296296296296294
4 0.3828125 0.5537037037037037 0.026041666666666668 0.046296296296296294
4 0.5416666666666666 0.5453703703703704 0.026041666666666668 0.046296296296296294
4 0.6192708333333333 0.5481481481481482 0.026041666666666668 0.046296296296296294
3 0.7333333333333333 0.55 0.026041666666666668 0.046296296296296294
4 0.5770833333333333 0.5537037037037037 0.026041666666666668 0.046296296296296294
3 0.7380208333333333 0.562962962962963 0.026041666666666668 0.046296296296296294
4 0.5958333333333333 0.5768518518518518 0.026041666666666668 0.046296296296296294
4 0.6234375 0.575 0.026041666666666668 0.046296296296296294
4 0.5885416666666666 0.587037037037037 0.026041666666666668 0.046296296296296294
3 0.7666666666666667 0.5898148148148148 0.026041666666666668 0.046296296296296294
4 0.4083333333333333 0.6027777777777777 0.026041666666666668 0.046296296296296294
4 0.5697916666666667 0.6064814814814815 0.026041666666666668 0.046296296296296294
4 0.5994791666666667 0.637962962962963 0.026041666666666668 0.046296296296296294
4 0.5661458333333333 0.6527777777777778 0.026041666666666668 0.046296296296296294
3 0.7208333333333333 0.6537037037037037 0.026041666666666668 0.046296296296296294
4 0.5458333333333333 0.6527777777777778 0.026041666666666668 0.046296296296296294
1 0.6640625 0.6953703703703704 0.026041666666666668 0.046296296296296294
1 0.7119791666666667 0.7296296296296296 0.026041666666666668 0.046296296296296294
1 0.8864583333333333 0.7444444444444445 0.026041666666666668 0.046296296296296294
1 0.478125 0.7638888888888888 0.026041666666666668 0.046296296296296294
1 0.19479166666666667 0.7657407407407407 0.026041666666666668 0.046296296296296294
1 0.553125 0.7907407407407407 0.026041666666666668 0.046296296296296294
1 0.521875 0.7925925925925926 0.026041666666666668 0.046296296296296294
1 0.5817708333333333 0.7916666666666666 0.026041666666666668 0.046296296296296294
1 0.8244791666666667 0.8324074074074074 0.026041666666666668 0.046296296296296294
1 0.6895833333333333 0.8342592592592593 0.026041666666666668 0.046296296296296294
1 0.978125 0.8462962962962963 0.026041666666666668 0.046296296296296294
1 0.43072916666666666 0.8759259259259259 0.026041666666666668 0.046296296296296294
1 0.7473958333333334 0.8768518518518519 0.026041666666666668 0.046296296296296294
1 0.8239583333333333 0.9194444444444444 0.026041666666666668 0.046296296296296294
1 0.9744791666666667 0.9425925925925925 0.026041666666666668 0.046296296296296294
1 0.475 0.8518518518518519 0.026041666666666668 0.046296296296296294
1 0.8697916666666666 0.8055555555555556 0.026041666666666668 0.046296296296296294
1 0.6114583333333333 0.762962962962963 0.026041666666666668 0.046296296296296294
1 0.9927083333333333 0.8685185185185185 0.026041666666666668 0.046296296296296294
3 0.753125 0.6240740740740741 0.026041666666666668 0.046296296296296294
1 0.7677083333333333 0.6759259259259259 0.026041666666666668 0.046296296296296294
4 0.44375 0.6296296296296297 0.026041666666666668 0.046296296296296294
4 0.41354166666666664 0.6462962962962963 0.026041666666666668 0.046296296296296294
4 0.4791666666666667 0.5333333333333333 0.026041666666666668 0.046296296296296294
2 0.209375 0.40925925925925927 0.026041666666666668 0.046296296296296294
2 0.22083333333333333 0.3814814814814815 0.026041666666666668 0.046296296296296294
1 0.6666666666666666 0.9592592592592593 0.026041666666666668 0.046296296296296294
