0 0.475 0.08703703703703704 0.026041666666666668 0.046296296296296294
0 0.484375 0.09907407407407408 0.026041666666666668 0.046296296296296294
0 0.4869791666666667 0.10648148148148148 0.026041666666666668 0.046296296296296294
0 0.46927083333333336 0.11388888888888889 0.026041666666666668 0.046296296296296294
0 0.49166666666666664 0.11851851851851852 0.026041666666666668 0.046296296296296294
0 0.4713541666666667 0.12962962962962962 0.026041666666666668 0.046296296296296294
0 0.47760416666666666 0.13055555555555556 0.026041666666666668 0.046296296296296294
0 0.4421875 0.13240740740740742 0.026041666666666668 0.046296296296296294
0 0.44947916666666665 0.13425925925925927 0.026041666666666668 0.046296296296296294
0 0.45364583333333336 0.13518518518518519 0.026041666666666668 0.046296296296296294
0 0.46145833333333336 0.1388888888888889 0.026041666666666668 0.046296296296296294
0 0.4869791666666667 0.1361111111111111 0.026041666666666668 0.046296296296296294
0 0.440625 0.14444444444444443 0.026041666666666668 0.046296296296296294
0 0.471875 0.14444444444444443 0.026041666666666668 0.046296296296296294
0 0.4947916666666667 0.14722222222222223 0.026041666666666668 0.046296296296296294
0 0.4625 0.1537037037037037 0.026041666666666668 0.046296296296296294
0 0.4744791666666667 0.16203703703703703 0.026041666666666668 0.046296296296296294
0 0.4322916666666667 0.16944444444444445 0.026041666666666668 0.046296296296296294
0 0.45 0.1685185185185185 0.026041666666666668 0.046296296296296294
0 0.4328125 0.17407407407407408 0.026041666666666668 0.046296296296296294
0 0.44583333333333336 0.17685185185185184 0.026041666666666668 0.046296296296296294
0 0.49270833333333336 0.175 0.026041666666666668 0.046296296296296294
0 0.5 0.17407407407407408 0.026041666666666668 0.046296296296296294
0 0.5125 0.17685185185185184 0.026041666666666668 0.046296296296296294
0 0.4375 0.1824074074074074 0.026041666666666668 0.046296296296296294
0 0.49114583333333334 0.1925925925925926 0.026041666666666668 0.046296296296296294
0 0.4822916666666667 0.19907407407407407 0.026041666666666668 0.046296296296296294
0 0.4984375 0.2 0.026041666666666668 0.046296296296296294
0 0.425 0.20555555555555555 0.026041666666666668 0.046296296296296294
0 0.4505208333333333 0.20555555555555555 0.026041666666666668 0.046296296296296294
0 0.46145833333333336 0.2037037037037037 0.026041666666666668 0.046296296296296294
0 0.46979166666666666 0.20555555555555555 0.026041666666666668 0.046296296296296294
0 0.4552083333333333 0.21388888888888888 0.026041666666666668 0.046296296296296294
0 0.4703125 0.21296296296296297 0.026041666666666668 0.046296296296296294
0 0.490625 0.21481481481481482 0.026041666666666668 0.046296296296296294
0 0.4348958333333333 0.22870370370370371 0.026041666666666668 0.046296296296296294
0 0.50625 0.22685185185185186 0.026041666666666668 0.046296296296296294
0 0.46145833333333336 0.25277777777777777 0.026041666666666668 0.046296296296296294
0 0.503125 0.262037037037037 0.026041666666666668 0.046296296296296294
0 0.5151041666666667 0.26296296296296295 0.026041666666666668 0.046296296296296294
0 0.4625 0.2712962962962963 0.026041666666666668 0.046296296296296294
0 0.4828125 0.2675925925925926 0.026041666666666668 0.046296296296296294
0 0.5416666666666666 0.26666666666666666 0.026041666666666668 0.046296296296296294
0 0.5489583333333333 0.2675925925925926 0.026041666666666668 0.046296296296296294
0 0.49583333333333335 0.2777777777777778 0.026041666666666668 0.046296296296296294
0 0.5083333333333333 0.2796296296296296 0.026041666666666668 0.046296296296296294
0 0.48333333333333334 0.28425925925925927 0.026041666666666668 0.046296296296296294
0 0.5125 0.2861111111111111 0.026041666666666668 0.046296296296296294
0 0.5255208333333333 0.28703703703703703 0.026041666666666668 0.046296296296296294
0 0.6953125 0.2861111111111111 0.026041666666666668 0.046296296296296294
0 0.4578125 0.2916666666666667 0.026041666666666668 0.046296296296296294
0 0.4239583333333333 0.29814814814814816 0.026041666666666668 0.046296296296296294
0 0.5072916666666667 0.30185185185185187 0.026041666666666668 0.046296296296296294
0 0.5197916666666667 0.30185185185185187 0.026041666666666668 0.046296296296296294
0 0.4166666666666667 0.30833333333333335 0.026041666666666668 0.046296296296296294
0 0.4322916666666667 0.3148148148148148 0.026041666666666668 0.046296296296296294
0 0.5161458333333333 0.3175925925925926 0.026041666666666668 0.046296296296296294
0 0.7026041666666667 0.3138888888888889 0.026041666666666668 0.046296296296296294
0 0.503125 0.32407407407407407 0.026041666666666668 0.046296296296296294
0 0.4401041666666667 0.3314814814814815 0.026041666666666668 0.046296296296296294
4 0.5083333333333333 0.3333333333333333 0.026041666666666668 0.046296296296296294
4 0.44166666666666665 0.33796296296296297 0.026041666666666668 0.046296296296296294
4 0.45416666666666666 0.3398148148148148 0.026041666666666668 0.046296296296296294
4 0.4421875 0.34629629629629627 0.026041666666666668 0.046296296296296294
4 0.45 0.3490740740740741 0.026041666666666668 0.046296296296296294
4 0.4942708333333333 0.3490740740740741 0.026041666666666668 0.046296296296296294
4 0.3875 0.3527777777777778 0.026041666666666668 0.046296296296296294
4 0.39427083333333335 0.3537037037037037 0.026041666666666668 0.046296296296296294
4 0.4359375 0.35555555555555557 0.026041666666666668 0.046296296296296294
4 0.37916666666666665 0.3648148148148148 0.026041666666666668 0.046296296296296294
4 0.5026041666666666 0.3638888888888889 0.026041666666666668 0.046296296296296294
4 0.5109375 0.3638888888888889 0.026041666666666668 0.046296296296296294
4 0.4625 0.3712962962962963 0.026041666666666668 0.046296296296296294
4 0.490625 0.3712962962962963 0.026041666666666668 0.046296296296296294
2 0.16770833333333332 0.37962962962962965 0.026041666666666668 0.046296296296296294
4 0.4171875 0.3787037037037037 0.026041666666666668 0.046296296296296294
4 0.4375 0.3768518518518518 0.026041666666666668 0.046296296296296294
4 0.5036458333333333 0.3787037037037037 0.026041666666666668 0.046296296296296294
4 0.528125 0.38796296296296295 0.026041666666666668 0.046296296296296294
4 0.465625 0.39444444444444443 0.026041666666666668 0.046296296296296294
4 0.5208333333333334 0.39444444444444443 0.026041666666666668 0.046296296296296294
4 0.4161458333333333 0.3990740740740741 0.026041666666666668 0.046296296296296294
4 0.48489583333333336 0.4027777777777778 0.026041666666666668 0.046296296296296294
4 0.428125 0.41203703703703703 0.026041666666666668 0.046296296296296294
4 0.6666666666666666 0.4111111111111111 0.026041666666666668 0.046296296296296294
2 0.19114583333333332 0.4166666666666667 0.026041666666666668 0.046296296296296294
4 0.4453125 0.41759259259259257 0.026041666666666668 0.046296296296296294
4 0.5130208333333334 0.4166666666666667 0.026041666666666668 0.046296296296296294
4 0.51875 0.4203703703703704 0.026041666666666668 0.046296296296296294
4 0.65 0.41388888888888886 0.026041666666666668 0.046296296296296294
3 0.70625 0.4148148148148148 0.026041666666666668 0.046296296296296294
2 0.1703125 0.425 0.026041666666666668 0.046296296296296294
4 0.4703125 0.42685185185185187 0.026041666666666668 0.046296296296296294
2 0.19635416666666666 0.43425925925925923 0.026041666666666668 0.046296296296296294
4 0.5078125 0.4324074074074074 0.026041666666666668 0.046296296296296294
4 0.6661458333333333 0.43425925925925923 0.026041666666666668 0.046296296296296294
3 0.6744791666666666 0.44074074074074077 0.026041666666666668 0.046296296296296294
4 0.5130208333333334 0.44907407407407407 0.026041666666666668 0.046296296296296294
4 0.4078125 0.46944444444444444 0.026041666666666668 0.046296296296296294
4 0.6661458333333333 0.4740740740740741 0.026041666666666668 0.046296296296296294
3 0.6958333333333333 0.4740740740740741 0.026041666666666668 0.046296296296296294
4 0.4140625 0.47962962962962963 0.026041666666666668 0.046296296296296294
3 0.6890625 0.4898148148148148 0.026041666666666668 0.046296296296296294
4 0.6171875 0.49537037037037035 0.026041666666666668 0.046296296296296294
4 0.6083333333333333 0.5037037037037037 0.026041666666666668 0.046296296296296294
3 0.6770833333333334 0.5018518518518519 0.026041666666666668 0.046296296296296294
4 0.5098958333333333 0.5111111111111111 0.026041666666666668 0.046296296296296294
3 0.6953125 0.5101851851851852 0.026041666666666668 0.046296296296296294
4 0.5140625 0.5287037037037037 0.026041666666666668 0.046296296296296294
4 0.61875 0.5268518518518519 0.026041666666666668 0.046296296296296294
3 0.6697916666666667 0.5287037037037037 0.026041666666666668 0.046296296296296294
3 0.7260416666666667 0.5351851851851852 0.026041666666666668 0.046296296296296294
4 0.6145833333333334 0.5481481481481482 0.026041666666666668 0.046296296296296294
3 0.6994791666666667 0.55 0.026041666666666668 0.046296296296296294
4 0.4239583333333333 0.5555555555555556 0.026041666666666668 0.046296296296296294
4 0.5213541666666667 0.5555555555555556 0.026041666666666668 0.046296296296296294
4 0.6328125 0.5564814814814815 0.026041666666666668 0.046296296296296294
3 0.7572916666666667 0.5564814814814815 0.026041666666666668 0.046296296296296294
4 0.378125 0.5657407407407408 0.026041666666666668 0.046296296296296294
4 0.6046875 0.575 0.026041666666666668 0.046296296296296294
4 0.5026041666666666 0.5777777777777777 0.026041666666666668 0.046296296296296294
4 0.6375 0.587037037037037 0.026041666666666668 0.046296296296296294
4 0.6046875 0.5962962962962963 0.026041666666666668 0.046296296296296294
4 0.6578125 0.5953703703703703 0.026041666666666668 0.046296296296296294
3 0.7453125 0.5953703703703703 0.026041666666666668 0.046296296296296294
4 0.37864583333333335 0.6055555555555555 0.026041666666666668 0.046296296296296294
4 0.6447916666666667 0.6111111111111112 0.026041666666666668 0.046296296296296294
4 0.39427083333333335 0.6166666666666667 0.026041666666666668 0.046296296296296294
4 0.44375 0.6148148148148148 0.026041666666666668 0.046296296296296294
3 0.7026041666666667 0.6185185185185185 0.026041666666666668 0.046296296296296294
4 0.5307291666666667 0.6324074074074074 0.026041666666666668 0.046296296296296294
4 0.5703125 0.6361111111111111 0.026041666666666668 0.046296296296296294
4 0.4822916666666667 0.6574074074074074 0.026041666666666668 0.046296296296296294
4 0.5421875 0.65 0.026041666666666668 0.046296296296296294
3 0.7677083333333333 0.6555555555555556 0.026041666666666668 0.046296296296296294
1 0.5291666666666667 0.6944444444444444 0.026041666666666668 0.046296296296296294
1 0.5776041666666667 0.7018518518518518 0.026041666666666668 0.046296296296296294
1 0.7786458333333334 0.7203703703703703 0.026041666666666668 0.046296296296296294
1 0.4546875 0.7361111111111112 0.026041666666666668 0.046296296296296294
1 0.6447916666666667 0.7453703703703703 0.026041666666666668 0.046296296296296294
1 0.490625 0.7472222222222222 0.026041666666666668 0.046296296296296294
1 0.6692708333333334 0.7611111111111111 0.026041666666666668 0.046296296296296294
1 0.8260416666666667 0.7583333333333333 0.026041666666666668 0.046296296296296294
1 0.7442708333333333 0.787962962962963 0.026041666666666668 0.046296296296296294
1 0.3640625 0.7981481481481482 0.026041666666666668 0.046296296296296294
1 0.40520833333333334 0.8027777777777778 0.026041666666666668 0.046296296296296294
1 0.5130208333333334 0.8138888888888889 0.026041666666666668 0.046296296296296294
1 0.5463541666666667 0.8222222222222222 0.026041666666666668 0.046296296296296294
1 0.6010416666666667 0.8203703703703704 0.026041666666666668 0.046296296296296294
1 0.7880208333333333 0.8287037037037037 0.026041666666666668 0.046296296296296294
1 0.8796875 0.8342592592592593 0.026041666666666668 0.046296296296296294
1 0.30104166666666665 0.8518518518518519 0.026041666666666668 0.046296296296296294
1 0.3640625 0.8796296296296297 0.026041666666666668 0.046296296296296294
1 0.43697916666666664 0.887962962962963 0.026041666666666668 0.046296296296296294
1 0.31354166666666666 0.9138888888888889 0.026041666666666668 0.046296296296296294
1 0.1578125 0.9453703703703704 0.026041666666666668 0.046296296296296294
1 0.9651041666666667 0.95 0.026041666666666668 0.046296296296296294
1 0.8723958333333334 0.9722222222222222 0.026041666666666668 0.046296296296296294
1 0.8984375 0.9685185185185186 0.026041666666666668 0.046296296296296294
1 0.1140625 0.975 0.026041666666666668 0.046296296296296294
1 0.30572916666666666 0.975925925925926 0.026041666666666668 0.046296296296296294
1 0.17291666666666666 0.9888888888888889 0.026041666666666668 0.046296296296296294
1 0.48020833333333335 0.8833333333333333 0.026041666666666668 0.046296296296296294
1 0.515625 0.7203703703703703 0.026041666666666668 0.046296296296296294
1 0.6104166666666667 0.7814814814814814 0.026041666666666668 0.046296296296296294
1 0.6145833333333334 0.7444444444444445 0.026041666666666668 0.046296296296296294
1 0.6697916666666667 0.8462962962962963 0.026041666666666668 0.046296296296296294
1 0.8302083333333333 0.8296296296296296 0.026041666666666668 0.046296296296296294
1 0.8208333333333333 0.9055555555555556 0.026041666666666668 0.046296296296296294
1 0.8802083333333334 0.7444444444444445 0.026041666666666668 0.046296296296296294
1 0.8947916666666667 0.7870370370370371 0.026041666666666668 0.046296296296296294
3 0.7635416666666667 0.5907407407407408 0.026041666666666668 0.046296296296296294
3 0.778125 0.5592592592592592 0.026041666666666668 0.046296296296296294
3 0.6770833333333334 0.5851851851851851 0.026041666666666668 0.046296296296296294
3 0.7395833333333334 0.5648148148148148 0.026041666666666668 0.046296296296296294
1 0.5802083333333333 0.7722222222222223 0.026041666666666668 0.046296296296296294
2 0.22291666666666668 0.412962962962963 0.026041666666666668 0.046296296296296294
4 0.5927083333333333 0.6314814814814815 0.026041666666666668 0.046296296296296294
4 0.615625 0.6111111111111112 0.026041666666666668 0.046296296296296294
4 0.5166666666666667 0.5962962962962963 0.026041666666666668 0.046296296296296294
1 0.4114583333333333 0.8722222222222222 0.026041666666666668 0.046296296296296294
