0 0.4703125 0.09444444444444444 0.026041666666666668 0.046296296296296294
0 0.4817708333333333 0.10648148148148148 0.026041666666666668 0.046296296296296294
0 0.46979166666666666 0.11203703703703703 0.026041666666666668 0.046296296296296294
0 0.4828125 0.12129629629629629 0.026041666666666668 0.046296296296296294
0 0.4713541666666667 0.12962962962962962 0.026041666666666668 0.046296296296296294
0 0.490625 0.13055555555555556 0.026041666666666668 0.046296296296296294
0 0.44947916666666665 0.13333333333333333 0.026041666666666668 0.046296296296296294
0 0.4583333333333333 0.13333333333333333 0.026041666666666668 0.046296296296296294
0 0.46145833333333336 0.13518518518518519 0.026041666666666668 0.046296296296296294
0 0.48333333333333334 0.1388888888888889 0.026041666666666668 0.046296296296296294
0 0.4421875 0.14629629629629629 0.026041666666666668 0.046296296296296294
0 0.4744791666666667 0.14629629629629629 0.026041666666666668 0.046296296296296294
0 0.43697916666666664 0.15462962962962962 0.026041666666666668 0.046296296296296294
0 0.48385416666666664 0.15925925925925927 0.026041666666666668 0.046296296296296294
0 0.4895833333333333 0.16018518518518518 0.026041666666666668 0.046296296296296294
0 0.43697916666666664 0.17407407407407408 0.026041666666666668 0.046296296296296294
0 0.5010416666666667 0.17592592592592593 0.026041666666666668 0.046296296296296294
0 0.5083333333333333 0.22777777777777777 0.026041666666666668 0.046296296296296294
0 0.5192708333333333 0.2324074074074074 0.026041666666666668 0.046296296296296294
0 0.4234375 0.23796296296296296 0.026041666666666668 0.046296296296296294
0 0.49635416666666665 0.2388888888888889 0.026041666666666668 0.046296296296296294
0 0.49166666666666664 0.2462962962962963 0.026041666666666668 0.046296296296296294
0 0.503125 0.24722222222222223 0.026041666666666668 0.046296296296296294
0 0.42239583333333336 0.25277777777777777 0.026041666666666668 0.046296296296296294
0 0.46197916666666666 0.25092592592592594 0.026041666666666668 0.046296296296296294
0 0.5151041666666667 0.2518518518518518 0.026041666666666668 0.046296296296296294
0 0.49166666666666664 0.262037037037037 0.026041666666666668 0.046296296296296294
0 0.4942708333333333 0.2675925925925926 0.026041666666666668 0.046296296296296294
0 0.5 0.26666666666666666 0.026041666666666668 0.046296296296296294
0 0.5078125 0.2675925925925926 0.026041666666666668 0.046296296296296294
0 0.415625 0.2796296296296296 0.026041666666666668 0.046296296296296294
0 0.42916666666666664 0.2861111111111111 0.026041666666666668 0.046296296296296294
0 0.45416666666666666 0.2861111111111111 0.026041666666666668 0.046296296296296294
0 0.5427083333333333 0.2824074074074074 0.026041666666666668 0.046296296296296294
0 0.6869791666666667 0.29259259259259257 0.026041666666666668 0.046296296296296294
0 0.48385416666666664 0.29814814814814816 0.026041666666666668 0.046296296296296294
0 0.5125 0.3037037037037037 0.026041666666666668 0.046296296296296294
0 0.4354166666666667 0.3055555555555556 0.026041666666666668 0.046296296296296294
0 0.453125 0.31296296296296294 0.026041666666666668 0.046296296296296294
0 0.5276041666666667 0.3148148148148148 0.026041666666666668 0.046296296296296294
0 0.42083333333333334 0.32592592592592595 0.026041666666666668 0.046296296296296294
0 0.4239583333333333 0.32407407407407407 0.026041666666666668 0.046296296296296294
0 0.46510416666666665 0.32222222222222224 0.026041666666666668 0.046296296296296294
0 0.46927083333333336 0.32222222222222224 0.026041666666666668 0.046296296296296294
0 0.5057291666666667 0.32592592592592595 0.026041666666666668 0.046296296296296294
0 0.5234375 0.3287037037037037 0.026041666666666668 0.046296296296296294
0 0.44947916666666665 0.33240740740740743 0.026041666666666668 0.046296296296296294
0 0.4578125 0.3296296296296296 0.026041666666666668 0.046296296296296294
4 0.46458333333333335 0.337037037037037 0.026041666666666668 0.046296296296296294
4 0.4828125 0.337037037037037 0.026041666666666668 0.046296296296296294
4 0.490625 0.3398148148148148 0.026041666666666668 0.046296296296296294
4 0.5078125 0.34074074074074073 0.026041666666666668 0.046296296296296294
4 0.41875 0.3509259259259259 0.026041666666666668 0.046296296296296294
4 0.44947916666666665 0.3472222222222222 0.026041666666666668 0.046296296296296294
4 0.3697916666666667 0.35462962962962963 0.026041666666666668 0.046296296296296294
4 0.378125 0.3592592592592593 0.026041666666666668 0.046296296296296294
4 0.40729166666666666 0.35555555555555557 0.026041666666666668 0.046296296296296294
4 0.5083333333333333 0.35648148148148145 0.026041666666666668 0.046296296296296294
4 0.3880208333333333 0.3638888888888889 0.026041666666666668 0.046296296296296294
4 0.3963541666666667 0.3638888888888889 0.026041666666666668 0.046296296296296294
4 0.4041666666666667 0.3638888888888889 0.026041666666666668 0.046296296296296294
4 0.3796875 0.3712962962962963 0.026041666666666668 0.046296296296296294
4 0.4161458333333333 0.37037037037037035 0.026041666666666668 0.046296296296296294
4 0.5130208333333334 0.36944444444444446 0.026041666666666668 0.046296296296296294
3 0.6796875 0.37222222222222223 0.026041666666666668 0.046296296296296294
4 0.5161458333333333 0.38055555555555554 0.026041666666666668 0.046296296296296294
4 0.6505208333333333 0.37777777777777777 0.026041666666666668 0.046296296296296294
3 0.675 0.3824074074074074 0.026041666666666668 0.046296296296296294
4 0.3703125 0.3888888888888889 0.026041666666666668 0.046296296296296294
4 0.421875 0.3851851851851852 0.026041666666666668 0.046296296296296294
4 0.46145833333333336 0.387037037037037 0.026041666666666668 0.046296296296296294
4 0.49895833333333334 0.387037037037037 0.026041666666666668 0.046296296296296294
4 0.6546875 0.39444444444444443 0.026041666666666668 0.046296296296296294
4 0.5161458333333333 0.40185185185185185 0.026041666666666668 0.046296296296296294
2 0.19114583333333332 0.41759259259259257 0.026041666666666668 0.046296296296296294
4 0.6588541666666666 0.4203703703703704 0.026041666666666668 0.046296296296296294
2 0.16614583333333333 0.42592592592592593 0.026041666666666668 0.046296296296296294
4 0.47552083333333334 0.425 0.026041666666666668 0.046296296296296294
4 0.515625 0.42407407407407405 0.026041666666666668 0.046296296296296294
4 0.6541666666666667 0.4287037037037037 0.026041666666666668 0.046296296296296294
4 0.45364583333333336 0.43148148148148147 0.026041666666666668 0.046296296296296294
4 0.4828125 0.4324074074074074 0.026041666666666668 0.046296296296296294
4 0.4947916666666667 0.43425925925925923 0.026041666666666668 0.046296296296296294
3 0.7067708333333333 0.4388888888888889 0.026041666666666668 0.046296296296296294
2 0.196875 0.45 0.026041666666666668 0.046296296296296294
4 0.6588541666666666 0.44722222222222224 0.026041666666666668 0.046296296296296294
4 0.403125 0.45740740740740743 0.026041666666666668 0.046296296296296294
4 0.525 0.4583333333333333 0.026041666666666668 0.046296296296296294
3 0.6859375 0.4546296296296296 0.026041666666666668 0.046296296296296294
4 0.46979166666666666 0.46296296296296297 0.026041666666666668 0.046296296296296294
4 0.5 0.4648148148148148 0.026041666666666668 0.046296296296296294
4 0.6614583333333334 0.462037037037037 0.026041666666666668 0.046296296296296294
3 0.6791666666666667 0.475 0.026041666666666668 0.046296296296296294
2 0.215625 0.48148148148148145 0.026041666666666668 0.046296296296296294
4 0.3953125 0.4787037037037037 0.026041666666666668 0.046296296296296294
4 0.5286458333333334 0.47962962962962963 0.026041666666666668 0.046296296296296294
4 0.46145833333333336 0.4888888888888889 0.026041666666666668 0.046296296296296294
4 0.6276041666666666 0.487962962962963 0.026041666666666668 0.046296296296296294
4 0.5234375 0.4962962962962963 0.026041666666666668 0.046296296296296294
3 0.6947916666666667 0.4981481481481482 0.026041666666666668 0.046296296296296294
4 0.4578125 0.5120370370370371 0.026041666666666668 0.046296296296296294
3 0.690625 0.5185185185185185 0.026041666666666668 0.046296296296296294
4 0.6645833333333333 0.5287037037037037 0.026041666666666668 0.046296296296296294
4 0.44479166666666664 0.5398148148148149 0.026041666666666668 0.046296296296296294
4 0.48385416666666664 0.5416666666666666 0.026041666666666668 0.046296296296296294
4 0.5609375 0.5398148148148149 0.026041666666666668 0.046296296296296294
3 0.7234375 0.5388888888888889 0.026041666666666668 0.046296296296296294
4 0.5041666666666667 0.549074074074074 0.026041666666666668 0.046296296296296294
4 0.5786458333333333 0.5472222222222223 0.026041666666666668 0.046296296296296294
4 0.60625 0.5527777777777778 0.026041666666666668 0.046296296296296294
4 0.625 0.5509259259259259 0.026041666666666668 0.046296296296296294
3 0.7369791666666666 0.5638888888888889 0.026041666666666668 0.046296296296296294
3 0.7578125 0.5703703703703704 0.026041666666666668 0.046296296296296294
4 0.48072916666666665 0.5796296296296296 0.026041666666666668 0.046296296296296294
4 0.6359375 0.5722222222222222 0.026041666666666668 0.046296296296296294
4 0.39739583333333334 0.5851851851851851 0.026041666666666668 0.046296296296296294
2 0.21458333333333332 0.6166666666666667 0.026041666666666668 0.046296296296296294
3 0.7395833333333334 0.6175925925925926 0.026041666666666668 0.046296296296296294
3 0.7572916666666667 0.6268518518518519 0.026041666666666668 0.046296296296296294
3 0.6901041666666666 0.6361111111111111 0.026041666666666668 0.046296296296296294
4 0.6473958333333333 0.6666666666666666 0.026041666666666668 0.046296296296296294
3 0.775 0.6666666666666666 0.026041666666666668 0.046296296296296294
1 0.8828125 0.7444444444444445 0.026041666666666668 0.046296296296296294
1 0.4765625 0.7518518518518519 0.026041666666666668 0.046296296296296294
1 0.7651041666666667 0.8324074074074074 0.026041666666666668 0.046296296296296294
1 0.8239583333333333 0.8388888888888889 0.026041666666666668 0.046296296296296294
1 0.9791666666666666 0.8453703703703703 0.026041666666666668 0.046296296296296294
1 0.021354166666666667 0.85 0.026041666666666668 0.046296296296296294
1 0.8338541666666667 0.862037037037037 0.026041666666666668 0.046296296296296294
1 0.9947916666666666 0.8564814814814815 0.026041666666666668 0.046296296296296294
1 0.8161458333333333 0.912962962962963 0.026041666666666668 0.046296296296296294
1 0.9734375 0.9416666666666667 0.026041666666666668 0.046296296296296294
1 0.7041666666666667 0.6907407407407408 0.026041666666666668 0.046296296296296294
1 0.7791666666666667 0.6962962962962963 0.026041666666666668 0.046296296296296294
3 0.765625 0.5888888888888889 0.026041666666666668 0.046296296296296294
2 0.21145833333333333 0.4111111111111111 0.026041666666666668 0.046296296296296294
4 0.4666666666666667 0.6277777777777778 0.026041666666666668 0.046296296296296294
4 0.54375 0.5259259259259259 0.026041666666666668 0.046296296296296294
4 0.55 0.43703703703703706 0.026041666666666668 0.046296296296296294
4 0.5895833333333333 0.48518518518518516 0.026041666666666668 0.046296296296296294
4 0.63125 0.5370370370370371 0.026041666666666668 0.046296296296296294
