0 0.490625 0.0962962962962963 0.026041666666666668 0.046296296296296294
0 0.475 0.10833333333333334 0.026041666666666668 0.046296296296296294
0 0.48333333333333334 0.10462962962962963 0.026041666666666668 0.046296296296296294
0 0.46927083333333336 0.11203703703703703 0.026041666666666668 0.046296296296296294
0 0.44114583333333335 0.125 0.026041666666666668 0.046296296296296294
0 0.471875 0.12685185185185185 0.026041666666666668 0.046296296296296294
0 0.47760416666666666 0.12777777777777777 0.026041666666666668 0.046296296296296294
0 0.4901041666666667 0.13055555555555556 0.026041666666666668 0.046296296296296294
0 0.45416666666666666 0.13333333333333333 0.026041666666666668 0.046296296296296294
0 0.46197916666666666 0.13796296296296295 0.026041666666666668 0.046296296296296294
0 0.48333333333333334 0.1388888888888889 0.026041666666666668 0.046296296296296294
0 0.440625 0.14351851851851852 0.026041666666666668 0.046296296296296294
0 0.4744791666666667 0.14444444444444443 0.026041666666666668 0.046296296296296294
0 0.43020833333333336 0.15185185185185185 0.026041666666666668 0.046296296296296294
0 0.43645833333333334 0.15555555555555556 0.026041666666666668 0.046296296296296294
0 0.45364583333333336 0.15185185185185185 0.026041666666666668 0.046296296296296294
0 0.475 0.15925925925925927 0.026041666666666668 0.046296296296296294
0 0.49375 0.1675925925925926 0.026041666666666668 0.046296296296296294
0 0.44114583333333335 0.18425925925925926 0.026041666666666668 0.046296296296296294
0 0.45364583333333336 0.18611111111111112 0.026041666666666668 0.046296296296296294
0 0.5161458333333333 0.18518518518518517 0.026041666666666668 0.046296296296296294
0 0.5036458333333333 0.19907407407407407 0.026041666666666668 0.046296296296296294
0 0.4427083333333333 0.21666666666666667 0.026041666666666668 0.046296296296296294
0 0.4953125 0.22592592592592592 0.026041666666666668 0.046296296296296294
0 0.5109375 0.21851851851851853 0.026041666666666668 0.046296296296296294
0 0.415625 0.23148148148148148 0.026041666666666668 0.046296296296296294
0 0.434375 0.23148148148148148 0.026041666666666668 0.046296296296296294
0 0.49166666666666664 0.23333333333333334 0.026041666666666668 0.046296296296296294
0 0.4375 0.24074074074074073 0.026041666666666668 0.046296296296296294
0 0.46041666666666664 0.23703703703703705 0.026041666666666668 0.046296296296296294
0 0.5010416666666667 0.23981481481481481 0.026041666666666668 0.046296296296296294
0 0.46145833333333336 0.24351851851851852 0.026041666666666668 0.046296296296296294
0 0.4864583333333333 0.24814814814814815 0.026041666666666668 0.046296296296296294
0 0.4953125 0.24444444444444444 0.026041666666666668 0.046296296296296294
0 0.4296875 0.2574074074074074 0.026041666666666668 0.046296296296296294
0 0.46822916666666664 0.2518518518518518 0.026041666666666668 0.046296296296296294
0 0.4739583333333333 0.2490740740740741 0.026041666666666668 0.046296296296296294
0 0.48125 0.25555555555555554 0.026041666666666668 0.046296296296296294
0 0.4953125 0.2537037037037037 0.026041666666666668 0.046296296296296294
0 0.4197916666666667 0.25925925925925924 0.026041666666666668 0.046296296296296294
0 0.478125 0.2638888888888889 0.026041666666666668 0.046296296296296294
0 0.4901041666666667 0.26296296296296295 0.026041666666666668 0.046296296296296294
0 0.503125 0.26296296296296295 0.026041666666666668 0.046296296296296294
0 0.5 0.27037037037037037 0.026041666666666668 0.046296296296296294
0 0.42864583333333334 0.27314814814814814 0.026041666666666668 0.046296296296296294
0 0.46927083333333336 0.27685185185185185 0.026041666666666668 0.046296296296296294
0 0.4583333333333333 0.2833333333333333 0.026041666666666668 0.046296296296296294
0 0.5322916666666667 0.2824074074074074 0.026041666666666668 0.046296296296296294
0 0.4859375 0.29259259259259257 0.026041666666666668 0.046296296296296294
0 0.5026041666666666 0.2935185185185185 0.026041666666666668 0.046296296296296294
0 0.5416666666666666 0.2962962962962963 0.026041666666666668 0.046296296296296294
0 0.43645833333333334 0.3 0.026041666666666668 0.046296296296296294
0 0.45625 0.30833333333333335 0.026041666666666668 0.046296296296296294
0 0.4791666666666667 0.30925925925925923 0.026041666666666668 0.046296296296296294
0 0.5083333333333333 0.30925925925925923 0.026041666666666668 0.046296296296296294
0 0.4161458333333333 0.31851851851851853 0.026041666666666668 0.046296296296296294
0 0.4869791666666667 0.31666666666666665 0.026041666666666668 0.046296296296296294
0 0.5026041666666666 0.31666666666666665 0.026041666666666668 0.046296296296296294
0 0.5114583333333333 0.32407407407407407 0.026041666666666668 0.046296296296296294
0 0.43645833333333334 0.33240740740740743 0.026041666666666668 0.046296296296296294
0 0.45260416666666664 0.33240740740740743 0.026041666666666668 0.046296296296296294
4 0.5078125 0.33425925925925926 0.026041666666666668 0.046296296296296294
0 0.5411458333333333 0.3314814814814815 0.026041666666666668 0.046296296296296294
4 0.4786458333333333 0.3398148148148148 0.026041666666666668 0.046296296296296294
4 0.41354166666666664 0.34814814814814815 0.026041666666666668 0.046296296296296294
4 0.5125 0.3490740740740741 0.026041666666666668 0.046296296296296294
4 0.4 0.35555555555555557 0.026041666666666668 0.046296296296296294
4 0.49895833333333334 0.35555555555555557 0.026041666666666668 0.046296296296296294
4 0.5197916666666667 0.35648148148148145 0.026041666666666668 0.046296296296296294
4 0.415625 0.36203703703703705 0.026041666666666668 0.046296296296296294
4 0.5078125 0.37037037037037035 0.026041666666666668 0.046296296296296294
4 0.39947916666666666 0.3861111111111111 0.026041666666666668 0.046296296296296294
4 0.4161458333333333 0.3861111111111111 0.026041666666666668 0.046296296296296294
4 0.4083333333333333 0.4046296296296296 0.026041666666666668 0.046296296296296294
4 0.428125 0.4027777777777778 0.026041666666666668 0.046296296296296294
2 0.18541666666666667 0.4064814814814815 0.026041666666666668 0.046296296296296294
4 0.4375 0.4166666666666667 0.026041666666666668 0.046296296296296294
4 0.44947916666666665 0.4166666666666667 0.026041666666666668 0.046296296296296294
4 0.5046875 0.41944444444444445 0.026041666666666668 0.046296296296296294
4 0.5135416666666667 0.425 0.026041666666666668 0.046296296296296294
4 0.653125 0.42592592592592593 0.026041666666666668 0.046296296296296294
3 0.6703125 0.42407407407407405 0.026041666666666668 0.046296296296296294
4 0.4630208333333333 0.4324074074074074 0.026041666666666668 0.046296296296296294
4 0.5197916666666667 0.43333333333333335 0.026041666666666668 0.046296296296296294
4 0.3828125 0.44351851851851853 0.026041666666666668 0.046296296296296294
4 0.4197916666666667 0.44166666666666665 0.026041666666666668 0.046296296296296294
4 0.5010416666666667 0.4425925925925926 0.026041666666666668 0.046296296296296294
3 0.6703125 0.43796296296296294 0.026041666666666668 0.046296296296296294
3 0.7119791666666667 0.43703703703703706 0.026041666666666668 0.046296296296296294
4 0.40208333333333335 0.44814814814814813 0.026041666666666668 0.046296296296296294
3 0.6776041666666667 0.45 0.026041666666666668 0.046296296296296294
4 0.3875 0.45740740740740743 0.026041666666666668 0.046296296296296294
4 0.39479166666666665 0.45925925925925926 0.026041666666666668 0.046296296296296294
4 0.4114583333333333 0.45925925925925926 0.026041666666666668 0.046296296296296294
4 0.3734375 0.46574074074074073 0.026041666666666668 0.046296296296296294
4 0.5078125 0.46111111111111114 0.026041666666666668 0.046296296296296294
4 0.3875 0.4740740740740741 0.026041666666666668 0.046296296296296294
4 0.4125 0.4703703703703704 0.026041666666666668 0.046296296296296294
3 0.6963541666666667 0.47314814814814815 0.026041666666666668 0.046296296296296294
4 0.37447916666666664 0.48055555555555557 0.026041666666666668 0.046296296296296294
4 0.5333333333333333 0.4824074074074074 0.026041666666666668 0.046296296296296294
3 0.6786458333333333 0.4787037037037037 0.026041666666666668 0.046296296296296294
4 0.4828125 0.48518518518518516 0.026041666666666668 0.046296296296296294
4 0.6088541666666667 0.48333333333333334 0.026041666666666668 0.046296296296296294
4 0.6161458333333333 0.487962962962963 0.026041666666666668 0.046296296296296294
3 0.7041666666666667 0.4898148148148148 0.026041666666666668 0.046296296296296294
4 0.525 0.49907407407407406 0.026041666666666668 0.046296296296296294
4 0.6208333333333333 0.49537037037037035 0.026041666666666668 0.046296296296296294
3 0.6953125 0.4962962962962963 0.026041666666666668 0.046296296296296294
4 0.39479166666666665 0.5055555555555555 0.026041666666666668 0.046296296296296294
4 0.6302083333333334 0.5046296296296297 0.026041666666666668 0.046296296296296294
4 0.3796875 0.5101851851851852 0.026041666666666668 0.046296296296296294
4 0.3880208333333333 0.512962962962963 0.026041666666666668 0.046296296296296294
4 0.5166666666666667 0.5194444444444445 0.026041666666666668 0.046296296296296294
4 0.5317708333333333 0.5268518518518519 0.026041666666666668 0.046296296296296294
4 0.665625 0.5259259259259259 0.026041666666666668 0.046296296296296294
3 0.6979166666666666 0.5277777777777778 0.026041666666666668 0.046296296296296294
4 0.41458333333333336 0.5370370370370371 0.026041666666666668 0.046296296296296294
4 0.553125 0.5277777777777778 0.026041666666666668 0.046296296296296294
4 0.5755208333333334 0.5305555555555556 0.026041666666666668 0.046296296296296294
3 0.7234375 0.5351851851851852 0.026041666666666668 0.046296296296296294
4 0.39427083333333335 0.5407407407407407 0.026041666666666668 0.046296296296296294
4 0.5932291666666667 0.5398148148148149 0.026041666666666668 0.046296296296296294
4 0.415625 0.5509259259259259 0.026041666666666668 0.046296296296296294
4 0.4348958333333333 0.5481481481481482 0.026041666666666668 0.046296296296296294
4 0.5625 0.5472222222222223 0.026041666666666668 0.046296296296296294
4 0.38645833333333335 0.5592592592592592 0.026041666666666668 0.046296296296296294
4 0.6458333333333334 0.5638888888888889 0.026041666666666668 0.046296296296296294
3 0.7166666666666667 0.5657407407407408 0.026041666666666668 0.046296296296296294
3 0.7364583333333333 0.562962962962963 0.026041666666666668 0.046296296296296294
4 0.5005208333333333 0.5833333333333334 0.026041666666666668 0.046296296296296294
4 0.5776041666666667 0.5796296296296296 0.026041666666666668 0.046296296296296294
4 0.5958333333333333 0.6018518518518519 0.026041666666666668 0.046296296296296294
1 0.6494791666666667 0.7027777777777777 0.026041666666666668 0.046296296296296294
1 0.8864583333333333 0.7416666666666667 0.026041666666666668 0.046296296296296294
1 0.8890625 0.799074074074074 0.026041666666666668 0.046296296296296294
1 0.9661458333333334 0.8092592592592592 0.026041666666666668 0.046296296296296294
1 0.8197916666666667 0.8398148148148148 0.026041666666666668 0.046296296296296294
1 0.37135416666666665 0.8351851851851851 0.026041666666666668 0.046296296296296294
1 0.684375 0.8601851851851852 0.026041666666666668 0.046296296296296294
1 0.5921875 0.8703703703703703 0.026041666666666668 0.046296296296296294
1 0.928125 0.8675925925925926 0.026041666666666668 0.046296296296296294
1 0.7583333333333333 0.8925925925925926 0.026041666666666668 0.046296296296296294
1 0.4234375 0.899074074074074 0.026041666666666668 0.046296296296296294
1 0.8265625 0.9212962962962963 0.026041666666666668 0.046296296296296294
1 0.5296875 0.924074074074074 0.026041666666666668 0.046296296296296294
1 0.3614583333333333 0.9092592592592592 0.026041666666666668 0.046296296296296294
1 0.9947916666666666 0.8555555555555555 0.026041666666666668 0.046296296296296294
1 0.746875 0.6703703703703704 0.026041666666666668 0.046296296296296294
3 0.7510416666666667 0.6240740740740741 0.026041666666666668 0.046296296296296294
3 0.765625 0.5814814814814815 0.026041666666666668 0.046296296296296294
3 0.753125 0.5111111111111111 0.026041666666666668 0.046296296296296294
4 0.46979166666666666 0.3851851851851852 0.026041666666666668 0.046296296296296294
4 0.45729166666666665 0.4777777777777778 0.026041666666666668 0.046296296296296294
2 0.16770833333333332 0.4185185185185185 0.026041666666666668 0.046296296296296294
0 0.6833333333333333 0.3074074074074074 0.026041666666666668 0.046296296296296294
0 0.484375 0.1685185185185185 0.026041666666666668 0.046296296296296294
