0 0.4822916666666667 0.10555555555555556 0.026041666666666668 0.046296296296296294
0 0.4817708333333333 0.12129629629629629 0.026041666666666668 0.046296296296296294
0 0.4703125 0.13055555555555556 0.026041666666666668 0.046296296296296294
0 0.4421875 0.13148148148148148 0.026041666666666668 0.046296296296296294
0 0.44895833333333335 0.13148148148148148 0.026041666666666668 0.046296296296296294
0 0.490625 0.13703703703703704 0.026041666666666668 0.046296296296296294
0 0.46145833333333336 0.14537037037037037 0.026041666666666668 0.046296296296296294
0 0.4708333333333333 0.14351851851851852 0.026041666666666668 0.046296296296296294
0 0.47760416666666666 0.14444444444444443 0.026041666666666668 0.046296296296296294
0 0.4947916666666667 0.14537037037037037 0.026041666666666668 0.046296296296296294
0 0.44947916666666665 0.15 0.026041666666666668 0.046296296296296294
0 0.4583333333333333 0.15092592592592594 0.026041666666666668 0.046296296296296294
0 0.46197916666666666 0.15925925925925927 0.026041666666666668 0.046296296296296294
0 0.4484375 0.1675925925925926 0.026041666666666668 0.046296296296296294
0 0.4942708333333333 0.1675925925925926 0.026041666666666668 0.046296296296296294
0 0.4328125 0.17592592592592593 0.026041666666666668 0.046296296296296294
0 0.4786458333333333 0.175 0.026041666666666668 0.046296296296296294
0 0.428125 0.18888888888888888 0.026041666666666668 0.046296296296296294
0 0.46145833333333336 0.18055555555555555 0.026041666666666668 0.046296296296296294
0 0.5 0.18518518518518517 0.026041666666666668 0.046296296296296294
0 0.48072916666666665 0.19722222222222222 0.026041666666666668 0.046296296296296294
0 0.4869791666666667 0.1962962962962963 0.026041666666666668 0.046296296296296294
0 0.45677083333333335 0.2222222222222222 0.026041666666666668 0.046296296296296294
0 0.5151041666666667 0.2324074074074074 0.026041666666666668 0.046296296296296294
0 0.4588541666666667 0.23703703703703705 0.026041666666666668 0.046296296296296294
0 0.49583333333333335 0.2388888888888889 0.026041666666666668 0.046296296296296294
0 0.4791666666666667 0.2611111111111111 0.026041666666666668 0.046296296296296294
0 0.48854166666666665 0.25925925925925924 0.026041666666666668 0.046296296296296294
0 0.5161458333333333 0.2601851851851852 0.026041666666666668 0.046296296296296294
0 0.4583333333333333 0.27685185185185185 0.026041666666666668 0.046296296296296294
0 0.49895833333333334 0.2777777777777778 0.026041666666666668 0.046296296296296294
0 0.5489583333333333 0.27870370370370373 0.026041666666666668 0.046296296296296294
0 0.4739583333333333 0.2851851851851852 0.026041666666666668 0.046296296296296294
0 0.4817708333333333 0.28425925925925927 0.026041666666666668 0.046296296296296294
0 0.5072916666666667 0.2861111111111111 0.026041666666666668 0.046296296296296294
0 0.6953125 0.2851851851851852 0.026041666666666668 0.046296296296296294
0 0.428125 0.2953703703703704 0.026041666666666668 0.046296296296296294
0 0.4588541666666667 0.30092592592592593 0.026041666666666668 0.046296296296296294
0 0.5130208333333334 0.30277777777777776 0.026041666666666668 0.046296296296296294
0 0.4375 0.30462962962962964 0.026041666666666668 0.046296296296296294
0 0.5208333333333334 0.30833333333333335 0.026041666666666668 0.046296296296296294
0 0.44947916666666665 0.31574074074074077 0.026041666666666668 0.046296296296296294
0 0.5041666666666667 0.31851851851851853 0.026041666666666668 0.046296296296296294
0 0.45 0.33240740740740743 0.026041666666666668 0.046296296296296294
0 0.4578125 0.33240740740740743 0.026041666666666668 0.046296296296296294
4 0.5244791666666667 0.33425925925925926 0.026041666666666668 0.046296296296296294
4 0.4083333333333333 0.3490740740740741 0.026041666666666668 0.046296296296296294
4 0.38697916666666665 0.3527777777777778 0.026041666666666668 0.046296296296296294
4 0.39895833333333336 0.3527777777777778 0.026041666666666668 0.046296296296296294
4 0.4453125 0.35648148148148145 0.026041666666666668 0.046296296296296294
4 0.3692708333333333 0.362962962962963 0.026041666666666668 0.046296296296296294
4 0.38177083333333334 0.3648148148148148 0.026041666666666668 0.046296296296296294
4 0.4114583333333333 0.3638888888888889 0.026041666666666668 0.046296296296296294
4 0.4947916666666667 0.3638888888888889 0.026041666666666668 0.046296296296296294
4 0.4041666666666667 0.3712962962962963 0.026041666666666668 0.046296296296296294
3 0.6786458333333333 0.36944444444444446 0.026041666666666668 0.046296296296296294
4 0.5119791666666667 0.37777777777777777 0.026041666666666668 0.046296296296296294
3 0.6744791666666666 0.38055555555555554 0.026041666666666668 0.046296296296296294
4 0.390625 0.387037037037037 0.026041666666666668 0.046296296296296294
4 0.39947916666666666 0.38425925925925924 0.026041666666666668 0.046296296296296294
4 0.40260416666666665 0.3851851851851852 0.026041666666666668 0.046296296296296294
4 0.653125 0.38425925925925924 0.026041666666666668 0.046296296296296294
4 0.38229166666666664 0.3925925925925926 0.026041666666666668 0.046296296296296294
4 0.42552083333333335 0.3962962962962963 0.026041666666666668 0.046296296296296294
4 0.5078125 0.3962962962962963 0.026041666666666668 0.046296296296296294
4 0.5171875 0.39351851851851855 0.026041666666666668 0.046296296296296294
4 0.5234375 0.3962962962962963 0.026041666666666668 0.046296296296296294
4 0.503125 0.40370370370370373 0.026041666666666668 0.046296296296296294
2 0.19479166666666667 0.40925925925925927 0.026041666666666668 0.046296296296296294
2 0.21041666666666667 0.4046296296296296 0.026041666666666668 0.046296296296296294
4 0.44895833333333335 0.40925925925925927 0.026041666666666668 0.046296296296296294
4 0.5036458333333333 0.4203703703703704 0.026041666666666668 0.046296296296296294
4 0.4234375 0.42314814814814816 0.026041666666666668 0.046296296296296294
4 0.45364583333333336 0.425 0.026041666666666668 0.046296296296296294
4 0.5203125 0.43333333333333335 0.026041666666666668 0.046296296296296294
4 0.4739583333333333 0.43796296296296294 0.026041666666666668 0.046296296296296294
3 0.70625 0.43796296296296294 0.026041666666666668 0.046296296296296294
4 0.5244791666666667 0.44907407407407407 0.026041666666666668 0.046296296296296294
4 0.6661458333333333 0.45555555555555555 0.026041666666666668 0.046296296296296294
4 0.39114583333333336 0.46574074074074073 0.026041666666666668 0.046296296296296294
4 0.6604166666666667 0.47129629629629627 0.026041666666666668 0.046296296296296294
4 0.4317708333333333 0.4777777777777778 0.026041666666666668 0.046296296296296294
4 0.4578125 0.4824074074074074 0.026041666666666668 0.046296296296296294
3 0.6828125 0.48055555555555557 0.026041666666666668 0.046296296296296294
4 0.5203125 0.487962962962963 0.026041666666666668 0.046296296296296294
3 0.690625 0.4898148148148148 0.026041666666666668 0.046296296296296294
4 0.5151041666666667 0.5046296296296297 0.026041666666666668 0.046296296296296294
4 0.6067708333333334 0.5037037037037037 0.026041666666666668 0.046296296296296294
3 0.7067708333333333 0.5055555555555555 0.026041666666666668 0.046296296296296294
4 0.48854166666666665 0.5101851851851852 0.026041666666666668 0.046296296296296294
4 0.4796875 0.5175925925925926 0.026041666666666668 0.046296296296296294
4 0.5208333333333334 0.5166666666666667 0.026041666666666668 0.046296296296296294
4 0.6296875 0.5194444444444445 0.026041666666666668 0.046296296296296294
3 0.690625 0.5157407407407407 0.026041666666666668 0.046296296296296294
4 0.6661458333333333 0.5268518518518519 0.026041666666666668 0.046296296296296294
4 0.5572916666666666 0.5324074074074074 0.026041666666666668 0.046296296296296294
4 0.5739583333333333 0.5314814814814814 0.026041666666666668 0.046296296296296294
3 0.7239583333333334 0.5398148148148149 0.026041666666666668 0.046296296296296294
4 0.5708333333333333 0.5583333333333333 0.026041666666666668 0.046296296296296294
4 0.665625 0.5583333333333333 0.026041666666666668 0.046296296296296294
3 0.7713541666666667 0.5583333333333333 0.026041666666666668 0.046296296296296294
4 0.540625 0.562962962962963 0.026041666666666668 0.046296296296296294
4 0.578125 0.5666666666666667 0.026041666666666668 0.046296296296296294
4 0.5989583333333334 0.5638888888888889 0.026041666666666668 0.046296296296296294
4 0.6536458333333334 0.5648148148148148 0.026041666666666668 0.046296296296296294
3 0.728125 0.5638888888888889 0.026041666666666668 0.046296296296296294
3 0.7583333333333333 0.5648148148148148 0.026041666666666668 0.046296296296296294
4 0.3875 0.5879629629629629 0.026041666666666668 0.046296296296296294
2 0.15989583333333332 0.6175925925925926 0.026041666666666668 0.046296296296296294
2 0.19479166666666667 0.6175925925925926 0.026041666666666668 0.046296296296296294
4 0.428125 0.6175925925925926 0.026041666666666668 0.046296296296296294
3 0.6942708333333333 0.6166666666666667 0.026041666666666668 0.046296296296296294
4 0.5869791666666667 0.6240740740740741 0.026041666666666668 0.046296296296296294
3 0.7708333333333334 0.6351851851851852 0.026041666666666668 0.046296296296296294
2 0.1859375 0.6527777777777778 0.026041666666666668 0.046296296296296294
2 0.15364583333333334 0.6583333333333333 0.026041666666666668 0.046296296296296294
2 0.22291666666666668 0.6546296296296297 0.026041666666666668 0.046296296296296294
2 0.21145833333333333 0.6657407407407407 0.026041666666666668 0.046296296296296294
3 0.7416666666666667 0.6648148148148149 0.026041666666666668 0.046296296296296294
1 0.13697916666666668 0.6722222222222223 0.026041666666666668 0.046296296296296294
1 0.1828125 0.675 0.026041666666666668 0.046296296296296294
1 0.571875 0.7074074074074074 0.026041666666666668 0.046296296296296294
1 0.203125 0.712037037037037 0.026041666666666668 0.046296296296296294
1 0.15260416666666668 0.7388888888888889 0.026041666666666668 0.046296296296296294
1 0.17083333333333334 0.7462962962962963 0.026041666666666668 0.046296296296296294
1 0.1875 0.7444444444444445 0.026041666666666668 0.046296296296296294
1 0.2109375 0.7537037037037037 0.026041666666666668 0.046296296296296294
1 0.11302083333333333 0.7592592592592593 0.026041666666666668 0.046296296296296294
1 0.8838541666666667 0.7462962962962963 0.026041666666666668 0.046296296296296294
1 0.1703125 0.7759259259259259 0.026041666666666668 0.046296296296296294
1 0.13697916666666668 0.8296296296296296 0.026041666666666668 0.046296296296296294
1 0.7723958333333333 0.8398148148148148 0.026041666666666668 0.046296296296296294
1 0.5432291666666667 0.8601851851851852 0.026041666666666668 0.046296296296296294
1 0.6005208333333333 0.8777777777777778 0.026041666666666668 0.046296296296296294
1 0.7838541666666666 0.8722222222222222 0.026041666666666668 0.046296296296296294
1 0.4947916666666667 0.8935185185185185 0.026041666666666668 0.046296296296296294
1 0.4203125 0.9111111111111111 0.026041666666666668 0.046296296296296294
1 0.596875 0.9453703703703704 0.026041666666666668 0.046296296296296294
1 0.9703125 0.9453703703703704 0.026041666666666668 0.046296296296296294
1 0.484375 0.9537037037037037 0.026041666666666668 0.046296296296296294
1 0.9947916666666666 0.9842592592592593 0.026041666666666668 0.046296296296296294
1 0.5260416666666666 0.7296296296296296 0.026041666666666668 0.046296296296296294
1 0.584375 0.7648148148148148 0.026041666666666668 0.046296296296296294
1 0.665625 0.7925925925925926 0.026041666666666668 0.046296296296296294
1 0.8666666666666667 0.8111111111111111 0.026041666666666668 0.046296296296296294
1 0.825 0.8648148148148148 0.026041666666666668 0.046296296296296294
1 0.8322916666666667 0.8388888888888889 0.026041666666666668 0.046296296296296294
1 0.98125 0.8351851851851851 0.026041666666666668 0.046296296296296294
1 0.996875 0.8629629629629629 0.026041666666666668 0.046296296296296294
1 0.7020833333333333 0.6833333333333333 0.026041666666666668 0.046296296296296294
1 0.7802083333333333 0.6796296296296296 0.026041666666666668 0.046296296296296294
0 0.4125 0.21666666666666667 0.026041666666666668 0.046296296296296294
4 0.415625 0.47962962962962963 0.026041666666666668 0.046296296296296294
4 0.6239583333333333 0.5555555555555556 0.026041666666666668 0.046296296296296294
4 0.6604166666666667 0.6314814814814815 0.026041666666666668 0.046296296296296294
1 0.6677083333333333 0.6888888888888889 0.026041666666666668 0.046296296296296294
1 0.23020833333333332 0.7166666666666667 0.026041666666666668 0.046296296296296294
1 0.134375 0.7166666666666667 0.026041666666666668 0.046296296296296294
1 0.16770833333333332 0.6796296296296296 0.026041666666666668 0.046296296296296294
2 0.16770833333333332 0.48148148148148145 0.026041666666666668 0.046296296296296294
2 0.221875 0.4537037037037037 0.026041666666666668 0.046296296296296294
