0 0.4708333333333333 0.09537037037037037 0.026041666666666668 0.046296296296296294
0 0.4796875 0.09814814814814815 0.026041666666666668 0.046296296296296294
0 0.4708333333333333 0.11481481481481481 0.026041666666666668 0.046296296296296294
0 0.4921875 0.12129629629629629 0.026041666666666668 0.046296296296296294
0 0.4703125 0.13055555555555556 0.026041666666666668 0.046296296296296294
0 0.4421875 0.13333333333333333 0.026041666666666668 0.046296296296296294
0 0.44895833333333335 0.13333333333333333 0.026041666666666668 0.046296296296296294
0 0.46145833333333336 0.13518518518518519 0.026041666666666668 0.046296296296296294
0 0.490625 0.1398148148148148 0.026041666666666668 0.046296296296296294
0 0.471875 0.14444444444444443 0.026041666666666668 0.046296296296296294
0 0.4578125 0.15185185185185185 0.026041666666666668 0.046296296296296294
0 0.4661458333333333 0.15185185185185185 0.026041666666666668 0.046296296296296294
0 0.4744791666666667 0.1527777777777778 0.026041666666666668 0.046296296296296294
0 0.440625 0.17222222222222222 0.026041666666666668 0.046296296296296294
0 0.44583333333333336 0.17592592592592593 0.026041666666666668 0.046296296296296294
0 0.5046875 0.1925925925925926 0.026041666666666668 0.046296296296296294
0 0.4359375 0.21574074074074073 0.026041666666666668 0.046296296296296294
0 0.4197916666666667 0.23796296296296296 0.026041666666666668 0.046296296296296294
0 0.5072916666666667 0.23796296296296296 0.026041666666666668 0.046296296296296294
0 0.41354166666666664 0.24537037037037038 0.026041666666666668 0.046296296296296294
0 0.5109375 0.24537037037037038 0.026041666666666668 0.046296296296296294
0 0.48541666666666666 0.2518518518518518 0.026041666666666668 0.046296296296296294
0 0.4984375 0.25462962962962965 0.026041666666666668 0.046296296296296294
0 0.4734375 0.2712962962962963 0.026041666666666668 0.046296296296296294
0 0.5036458333333333 0.2712962962962963 0.026041666666666668 0.046296296296296294
0 0.4203125 0.27870370370370373 0.026041666666666668 0.046296296296296294
0 0.4317708333333333 0.27685185185185185 0.026041666666666668 0.046296296296296294
0 0.465625 0.275 0.026041666666666668 0.046296296296296294
0 0.49947916666666664 0.2777777777777778 0.026041666666666668 0.046296296296296294
0 0.45416666666666666 0.2824074074074074 0.026041666666666668 0.046296296296296294
0 0.6947916666666667 0.2833333333333333 0.026041666666666668 0.046296296296296294
0 0.7067708333333333 0.2824074074074074 0.026041666666666668 0.046296296296296294
0 0.5072916666666667 0.30092592592592593 0.026041666666666668 0.046296296296296294
0 0.434375 0.30833333333333335 0.026041666666666668 0.046296296296296294
0 0.5291666666666667 0.3111111111111111 0.026041666666666668 0.046296296296296294
0 0.49947916666666664 0.3175925925925926 0.026041666666666668 0.046296296296296294
0 0.5119791666666667 0.3148148148148148 0.026041666666666668 0.046296296296296294
0 0.5208333333333334 0.31666666666666665 0.026041666666666668 0.046296296296296294
0 0.5369791666666667 0.31574074074074077 0.026041666666666668 0.046296296296296294
0 0.48125 0.325 0.026041666666666668 0.046296296296296294
0 0.44947916666666665 0.33240740740740743 0.026041666666666668 0.046296296296296294
4 0.46145833333333336 0.33425925925925926 0.026041666666666668 0.046296296296296294
4 0.5166666666666667 0.33611111111111114 0.026041666666666668 0.046296296296296294
4 0.4864583333333333 0.34074074074074073 0.026041666666666668 0.046296296296296294
4 0.5104166666666666 0.35 0.026041666666666668 0.046296296296296294
4 0.37552083333333336 0.3537037037037037 0.026041666666666668 0.046296296296296294
4 0.4078125 0.35648148148148145 0.026041666666666668 0.046296296296296294
4 0.45729166666666665 0.35462962962962963 0.026041666666666668 0.046296296296296294
4 0.49583333333333335 0.3537037037037037 0.026041666666666668 0.046296296296296294
4 0.5 0.35555555555555557 0.026041666666666668 0.046296296296296294
4 0.4192708333333333 0.362962962962963 0.026041666666666668 0.046296296296296294
3 0.6776041666666667 0.36018518518518516 0.026041666666666668 0.046296296296296294
4 0.4083333333333333 0.36944444444444446 0.026041666666666668 0.046296296296296294
4 0.4322916666666667 0.37037037037037035 0.026041666666666668 0.046296296296296294
4 0.5046875 0.3712962962962963 0.026041666666666668 0.046296296296296294
4 0.43697916666666664 0.37962962962962965 0.026041666666666668 0.046296296296296294
4 0.46927083333333336 0.3787037037037037 0.026041666666666668 0.046296296296296294
4 0.515625 0.37962962962962965 0.026041666666666668 0.046296296296296294
4 0.653125 0.3787037037037037 0.026041666666666668 0.046296296296296294
3 0.6729166666666667 0.3768518518518518 0.026041666666666668 0.046296296296296294
4 0.4166666666666667 0.387037037037037 0.026041666666666668 0.046296296296296294
4 0.425 0.3888888888888889 0.026041666666666668 0.046296296296296294
4 0.375 0.39444444444444443 0.026041666666666668 0.046296296296296294
4 0.515625 0.39537037037037037 0.026041666666666668 0.046296296296296294
4 0.653125 0.40185185185185185 0.026041666666666668 0.046296296296296294
2 0.19375 0.4074074074074074 0.026041666666666668 0.046296296296296294
4 0.39947916666666666 0.40925925925925927 0.026041666666666668 0.046296296296296294
4 0.42552083333333335 0.4101851851851852 0.026041666666666668 0.046296296296296294
2 0.16979166666666667 0.4166666666666667 0.026041666666666668 0.046296296296296294
4 0.4734375 0.412962962962963 0.026041666666666668 0.046296296296296294
4 0.490625 0.4166666666666667 0.026041666666666668 0.046296296296296294
4 0.6494791666666667 0.41574074074074074 0.026041666666666668 0.046296296296296294
4 0.6619791666666667 0.4185185185185185 0.026041666666666668 0.046296296296296294
4 0.6572916666666667 0.4351851851851852 0.026041666666666668 0.046296296296296294
4 0.6661458333333333 0.4425925925925926 0.026041666666666668 0.046296296296296294
3 0.7119791666666667 0.44074074074074077 0.026041666666666668 0.046296296296296294
4 0.48802083333333335 0.44722222222222224 0.026041666666666668 0.046296296296296294
4 0.4947916666666667 0.44814814814814813 0.026041666666666668 0.046296296296296294
4 0.475 0.45555555555555555 0.026041666666666668 0.046296296296296294
3 0.6833333333333333 0.4564814814814815 0.026041666666666668 0.046296296296296294
4 0.665625 0.462037037037037 0.026041666666666668 0.046296296296296294
4 0.5239583333333333 0.475 0.026041666666666668 0.046296296296296294
2 0.1703125 0.48148148148148145 0.026041666666666668 0.046296296296296294
2 0.21770833333333334 0.4787037037037037 0.026041666666666668 0.046296296296296294
4 0.4119791666666667 0.4787037037037037 0.026041666666666668 0.046296296296296294
3 0.6864583333333333 0.48055555555555557 0.026041666666666668 0.046296296296296294
3 0.703125 0.487962962962963 0.026041666666666668 0.046296296296296294
2 0.209375 0.4981481481481482 0.026041666666666668 0.046296296296296294
4 0.4484375 0.49166666666666664 0.026041666666666668 0.046296296296296294
4 0.5286458333333334 0.4962962962962963 0.026041666666666668 0.046296296296296294
4 0.5239583333333333 0.5120370370370371 0.026041666666666668 0.046296296296296294
4 0.5411458333333333 0.5175925925925926 0.026041666666666668 0.046296296296296294
4 0.6317708333333333 0.5166666666666667 0.026041666666666668 0.046296296296296294
3 0.6703125 0.5166666666666667 0.026041666666666668 0.046296296296296294
4 0.4 0.5222222222222223 0.026041666666666668 0.046296296296296294
4 0.46197916666666666 0.525 0.026041666666666668 0.046296296296296294
4 0.4864583333333333 0.524074074074074 0.026041666666666668 0.046296296296296294
4 0.5520833333333334 0.5305555555555556 0.026041666666666668 0.046296296296296294
4 0.5088541666666667 0.5416666666666666 0.026041666666666668 0.046296296296296294
4 0.5661458333333333 0.5407407407407407 0.026041666666666668 0.046296296296296294
4 0.5786458333333333 0.5407407407407407 0.026041666666666668 0.046296296296296294
4 0.6 0.5425925925925926 0.026041666666666668 0.046296296296296294
3 0.7177083333333333 0.537962962962963 0.026041666666666668 0.046296296296296294
4 0.5416666666666666 0.5453703703703704 0.026041666666666668 0.046296296296296294
4 0.43020833333333336 0.5462962962962963 0.026041666666666668 0.046296296296296294
4 0.5984375 0.562962962962963 0.026041666666666668 0.046296296296296294
3 0.7661458333333333 0.5685185185185185 0.026041666666666668 0.046296296296296294
4 0.5130208333333334 0.5805555555555556 0.026041666666666668 0.046296296296296294
3 0.7625 0.6268518518518519 0.026041666666666668 0.046296296296296294
4 0.6515625 0.6425925925925926 0.026041666666666668 0.046296296296296294
4 0.38177083333333334 0.6601851851851852 0.026041666666666668 0.046296296296296294
4 0.5098958333333333 0.6537037037037037 0.026041666666666668 0.046296296296296294
1 0.39947916666666666 0.674074074074074 0.026041666666666668 0.046296296296296294
3 0.771875 0.6666666666666666 0.026041666666666668 0.046296296296296294
1 0.5838541666666667 0.812037037037037 0.026041666666666668 0.046296296296296294
1 0.8244791666666667 0.8231481481481482 0.026041666666666668 0.046296296296296294
1 0.6614583333333334 0.8407407407407408 0.026041666666666668 0.046296296296296294
1 0.9786458333333333 0.8453703703703703 0.026041666666666668 0.046296296296296294
1 0.4588541666666667 0.862037037037037 0.026041666666666668 0.046296296296296294
1 0.825 0.8694444444444445 0.026041666666666668 0.046296296296296294
1 0.5427083333333333 0.8712962962962963 0.026041666666666668 0.046296296296296294
1 0.69375 0.8953703703703704 0.026041666666666668 0.046296296296296294
1 0.8140625 0.9203703703703704 0.026041666666666668 0.046296296296296294
1 0.5572916666666666 0.9231481481481482 0.026041666666666668 0.046296296296296294
1 0.975 0.9527777777777777 0.026041666666666668 0.046296296296296294
1 0.8895833333333333 0.7462962962962963 0.026041666666666668 0.046296296296296294
1 0.871875 0.825925925925926 0.026041666666666668 0.046296296296296294
1 0.99375 0.8629629629629629 0.026041666666666668 0.046296296296296294
1 0.7666666666666667 0.8388888888888889 0.026041666666666668 0.046296296296296294
1 0.7229166666666667 0.7092592592592593 0.026041666666666668 0.046296296296296294
1 0.7458333333333333 0.6907407407407408 0.026041666666666668 0.046296296296296294
3 0.7260416666666667 0.5833333333333334 0.026041666666666668 0.046296296296296294
0 0.6489583333333333 0.2962962962962963 0.026041666666666668 0.046296296296296294
2 0.21666666666666667 0.39814814814814814 0.026041666666666668 0.046296296296296294
1 0.5177083333333333 0.7222222222222222 0.026041666666666668 0.046296296296296294
4 0.5989583333333334 0.6351851851851852 0.026041666666666668 0.046296296296296294
4 0.6354166666666666 0.575925925925926 0.026041666666666668 0.046296296296296294
4 0.6229166666666667 0.5648148148148148 0.026041666666666668 0.046296296296296294
3 0.6822916666666666 0.5592592592592592 0.026041666666666668 0.046296296296296294
3 0.6979166666666666 0.5074074074074074 0.026041666666666668 0.046296296296296294
