0 0.4703125 0.09444444444444444 0.026041666666666668 0.046296296296296294
0 0.47552083333333334 0.10740740740740741 0.026041666666666668 0.046296296296296294
0 0.48385416666666664 0.10648148148148148 0.026041666666666668 0.046296296296296294
0 0.4901041666666667 0.13148148148148148 0.026041666666666668 0.046296296296296294
0 0.45416666666666666 0.13055555555555556 0.026041666666666668 0.046296296296296294
0 0.46041666666666664 0.13518518518518519 0.026041666666666668 0.046296296296296294
0 0.475 0.14629629629629629 0.026041666666666668 0.046296296296296294
0 0.4630208333333333 0.1527777777777778 0.026041666666666668 0.046296296296296294
0 0.46979166666666666 0.18055555555555555 0.026041666666666668 0.046296296296296294
0 0.4984375 0.175 0.026041666666666668 0.046296296296296294
0 0.4276041666666667 0.1824074074074074 0.026041666666666668 0.046296296296296294
0 0.49166666666666664 0.18055555555555555 0.026041666666666668 0.046296296296296294
0 0.43802083333333336 0.19722222222222222 0.026041666666666668 0.046296296296296294
0 0.5119791666666667 0.20185185185185187 0.026041666666666668 0.046296296296296294
0 0.4484375 0.2037037037037037 0.026041666666666668 0.046296296296296294
0 0.4703125 0.2064814814814815 0.026041666666666668 0.046296296296296294
0 0.48541666666666666 0.20555555555555555 0.026041666666666668 0.046296296296296294
0 0.45416666666666666 0.21388888888888888 0.026041666666666668 0.046296296296296294
0 0.43645833333333334 0.22314814814814815 0.026041666666666668 0.046296296296296294
0 0.4859375 0.22314814814814815 0.026041666666666668 0.046296296296296294
0 0.42083333333333334 0.23703703703703705 0.026041666666666668 0.046296296296296294
0 0.43020833333333336 0.23796296296296296 0.026041666666666668 0.046296296296296294
0 0.5151041666666667 0.23703703703703705 0.026041666666666668 0.046296296296296294
0 0.48854166666666665 0.25 0.026041666666666668 0.046296296296296294
0 0.4947916666666667 0.25462962962962965 0.026041666666666668 0.046296296296296294
0 0.41458333333333336 0.262037037037037 0.026041666666666668 0.046296296296296294
0 0.49895833333333334 0.2638888888888889 0.026041666666666668 0.046296296296296294
0 0.7020833333333333 0.2601851851851852 0.026041666666666668 0.046296296296296294
0 0.4296875 0.2759259259259259 0.026041666666666668 0.046296296296296294
0 0.4359375 0.2777777777777778 0.026041666666666668 0.046296296296296294
0 0.4484375 0.2861111111111111 0.026041666666666668 0.046296296296296294
0 0.46510416666666665 0.28425925925925927 0.026041666666666668 0.046296296296296294
0 0.478125 0.28425925925925927 0.026041666666666668 0.046296296296296294
0 0.4864583333333333 0.2814814814814815 0.026041666666666668 0.046296296296296294
0 0.5041666666666667 0.28703703703703703 0.026041666666666668 0.046296296296296294
0 0.459375 0.29259259259259257 0.026041666666666668 0.046296296296296294
0 0.49895833333333334 0.30185185185185187 0.026041666666666668 0.046296296296296294
0 0.5197916666666667 0.30092592592592593 0.026041666666666668 0.046296296296296294
0 0.4239583333333333 0.30648148148148147 0.026041666666666668 0.046296296296296294
0 0.4354166666666667 0.30648148148148147 0.026041666666666668 0.046296296296296294
0 0.44947916666666665 0.30925925925925923 0.026041666666666668 0.046296296296296294
0 0.5088541666666667 0.3074074074074074 0.026041666666666668 0.046296296296296294
0 0.55 0.30648148148148147 0.026041666666666668 0.046296296296296294
0 0.503125 0.32592592592592595 0.026041666666666668 0.046296296296296294
0 0.42864583333333334 0.33055555555555555 0.026041666666666668 0.046296296296296294
0 0.446875 0.33055555555555555 0.026041666666666668 0.046296296296296294
0 0.46145833333333336 0.3314814814814815 0.026041666666666668 0.046296296296296294
0 0.5109375 0.33240740740740743 0.026041666666666668 0.046296296296296294
4 0.44166666666666665 0.34074074074074073 0.026041666666666668 0.046296296296296294
4 0.4869791666666667 0.33796296296296297 0.026041666666666668 0.046296296296296294
4 0.4114583333333333 0.34814814814814815 0.026041666666666668 0.046296296296296294
4 0.44947916666666665 0.34629629629629627 0.026041666666666668 0.046296296296296294
4 0.45677083333333335 0.34814814814814815 0.026041666666666668 0.046296296296296294
4 0.4984375 0.34814814814814815 0.026041666666666668 0.046296296296296294
4 0.3828125 0.35648148148148145 0.026041666666666668 0.046296296296296294
4 0.3958333333333333 0.35555555555555557 0.026041666666666668 0.046296296296296294
4 0.4041666666666667 0.35648148148148145 0.026041666666666668 0.046296296296296294
4 0.4234375 0.35555555555555557 0.026041666666666668 0.046296296296296294
4 0.48125 0.35555555555555557 0.026041666666666668 0.046296296296296294
4 0.5109375 0.35462962962962963 0.026041666666666668 0.046296296296296294
3 0.6848958333333334 0.35648148148148145 0.026041666666666668 0.046296296296296294
4 0.4192708333333333 0.3638888888888889 0.026041666666666668 0.046296296296296294
4 0.44583333333333336 0.36574074074074076 0.026041666666666668 0.046296296296296294
4 0.4625 0.3638888888888889 0.026041666666666668 0.046296296296296294
3 0.7416666666666667 0.36018518518518516 0.026041666666666668 0.046296296296296294
4 0.37447916666666664 0.3712962962962963 0.026041666666666668 0.046296296296296294
4 0.38645833333333335 0.3731481481481482 0.026041666666666668 0.046296296296296294
4 0.4244791666666667 0.37037037037037035 0.026041666666666668 0.046296296296296294
4 0.43645833333333334 0.37037037037037035 0.026041666666666668 0.046296296296296294
4 0.40260416666666665 0.37777777777777777 0.026041666666666668 0.046296296296296294
4 0.44479166666666664 0.37777777777777777 0.026041666666666668 0.046296296296296294
4 0.49583333333333335 0.37777777777777777 0.026041666666666668 0.046296296296296294
4 0.503125 0.37777777777777777 0.026041666666666668 0.046296296296296294
4 0.5151041666666667 0.37962962962962965 0.026041666666666668 0.046296296296296294
2 0.21510416666666668 0.38333333333333336 0.026041666666666668 0.046296296296296294
4 0.3875 0.387037037037037 0.026041666666666668 0.046296296296296294
4 0.4197916666666667 0.3861111111111111 0.026041666666666668 0.046296296296296294
4 0.4036458333333333 0.39351851851851855 0.026041666666666668 0.046296296296296294
4 0.4328125 0.39444444444444443 0.026041666666666668 0.046296296296296294
4 0.4708333333333333 0.3962962962962963 0.026041666666666668 0.046296296296296294
4 0.47760416666666666 0.39537037037037037 0.026041666666666668 0.046296296296296294
4 0.5203125 0.39444444444444443 0.026041666666666668 0.046296296296296294
2 0.19427083333333334 0.39537037037037037 0.026041666666666668 0.046296296296296294
4 0.41302083333333334 0.4027777777777778 0.026041666666666668 0.046296296296296294
4 0.4203125 0.4009259259259259 0.026041666666666668 0.046296296296296294
2 0.175 0.4111111111111111 0.026041666666666668 0.046296296296296294
4 0.390625 0.4111111111111111 0.026041666666666668 0.046296296296296294
4 0.403125 0.4074074074074074 0.026041666666666668 0.046296296296296294
4 0.44375 0.4083333333333333 0.026041666666666668 0.046296296296296294
4 0.5166666666666667 0.4101851851851852 0.026041666666666668 0.046296296296296294
4 0.6546875 0.4101851851851852 0.026041666666666668 0.046296296296296294
2 0.18958333333333333 0.41574074074074074 0.026041666666666668 0.046296296296296294
2 0.20364583333333333 0.4203703703703704 0.026041666666666668 0.046296296296296294
4 0.378125 0.4166666666666667 0.026041666666666668 0.046296296296296294
4 0.5046875 0.41944444444444445 0.026041666666666668 0.046296296296296294
4 0.3859375 0.42407407407407405 0.026041666666666668 0.046296296296296294
4 0.4578125 0.425 0.026041666666666668 0.046296296296296294
4 0.5208333333333334 0.425 0.026041666666666668 0.046296296296296294
4 0.4921875 0.43148148148148147 0.026041666666666668 0.046296296296296294
4 0.49895833333333334 0.43333333333333335 0.026041666666666668 0.046296296296296294
4 0.38645833333333335 0.4398148148148148 0.026041666666666668 0.046296296296296294
4 0.3953125 0.4388888888888889 0.026041666666666668 0.046296296296296294
4 0.40625 0.4398148148148148 0.026041666666666668 0.046296296296296294
4 0.528125 0.44074074074074077 0.026041666666666668 0.046296296296296294
3 0.70625 0.44074074074074077 0.026041666666666668 0.046296296296296294
4 0.37447916666666664 0.45 0.026041666666666668 0.046296296296296294
4 0.5119791666666667 0.45 0.026041666666666668 0.046296296296296294
4 0.6609375 0.44722222222222224 0.026041666666666668 0.046296296296296294
3 0.6864583333333333 0.44814814814814813 0.026041666666666668 0.046296296296296294
4 0.390625 0.45555555555555555 0.026041666666666668 0.046296296296296294
3 0.6729166666666667 0.45740740740740743 0.026041666666666668 0.046296296296296294
4 0.39895833333333336 0.4666666666666667 0.026041666666666668 0.046296296296296294
4 0.5166666666666667 0.4648148148148148 0.026041666666666668 0.046296296296296294
4 0.3776041666666667 0.47314814814814815 0.026041666666666668 0.046296296296296294
4 0.4484375 0.4703703703703704 0.026041666666666668 0.046296296296296294
3 0.6901041666666666 0.47129629629629627 0.026041666666666668 0.046296296296296294
4 0.5208333333333334 0.48055555555555557 0.026041666666666668 0.046296296296296294
4 0.628125 0.4888888888888889 0.026041666666666668 0.046296296296296294
3 0.6864583333333333 0.49166666666666664 0.026041666666666668 0.046296296296296294
2 0.15833333333333333 0.48703703703703705 0.026041666666666668 0.046296296296296294
4 0.49166666666666664 0.49074074074074076 0.026041666666666668 0.046296296296296294
4 0.43697916666666664 0.5027777777777778 0.026041666666666668 0.046296296296296294
4 0.5192708333333333 0.5009259259259259 0.026041666666666668 0.046296296296296294
4 0.6151041666666667 0.49907407407407406 0.026041666666666668 0.046296296296296294
3 0.690625 0.5009259259259259 0.026041666666666668 0.046296296296296294
4 0.4453125 0.5101851851851852 0.026041666666666668 0.046296296296296294
4 0.4583333333333333 0.5111111111111111 0.026041666666666668 0.046296296296296294
4 0.5005208333333333 0.5111111111111111 0.026041666666666668 0.046296296296296294
4 0.5302083333333333 0.5083333333333333 0.026041666666666668 0.046296296296296294
4 0.6291666666666667 0.5148148148148148 0.026041666666666668 0.046296296296296294
4 0.6364583333333333 0.5185185185185185 0.026041666666666668 0.046296296296296294
3 0.6994791666666667 0.5194444444444445 0.026041666666666668 0.046296296296296294
4 0.5390625 0.525 0.026041666666666668 0.046296296296296294
3 0.7005208333333334 0.525 0.026041666666666668 0.046296296296296294
4 0.43645833333333334 0.5314814814814814 0.026041666666666668 0.046296296296296294
4 0.665625 0.5324074074074074 0.026041666666666668 0.046296296296296294
3 0.7255208333333333 0.5333333333333333 0.026041666666666668 0.046296296296296294
4 0.6078125 0.5444444444444444 0.026041666666666668 0.046296296296296294
4 0.4671875 0.549074074074074 0.026041666666666668 0.046296296296296294
4 0.5083333333333333 0.5407407407407407 0.026041666666666668 0.046296296296296294
4 0.6286458333333333 0.5481481481481482 0.026041666666666668 0.046296296296296294
4 0.5526041666666667 0.5527777777777778 0.026041666666666668 0.046296296296296294
4 0.5682291666666667 0.5546296296296296 0.026041666666666668 0.046296296296296294
3 0.7354166666666667 0.5564814814814815 0.026041666666666668 0.046296296296296294
4 0.6026041666666667 0.5657407407407408 0.026041666666666668 0.046296296296296294
4 0.6401041666666667 0.5898148148148148 0.026041666666666668 0.046296296296296294
2 0.20885416666666667 0.5981481481481481 0.026041666666666668 0.046296296296296294
4 0.4583333333333333 0.600925925925926 0.026041666666666668 0.046296296296296294
4 0.5057291666666667 0.6027777777777777 0.026041666666666668 0.046296296296296294
4 0.6078125 0.6296296296296297 0.026041666666666668 0.046296296296296294
4 0.603125 0.649074074074074 0.026041666666666668 0.046296296296296294
1 0.76875 0.6768518518518518 0.026041666666666668 0.046296296296296294
1 0.68125 0.6962962962962963 0.026041666666666668 0.046296296296296294
1 0.6130208333333333 0.712037037037037 0.026041666666666668 0.046296296296296294
1 0.5473958333333333 0.7361111111111112 0.026041666666666668 0.046296296296296294
1 0.8848958333333333 0.7425925925925926 0.026041666666666668 0.046296296296296294
1 0.8244791666666667 0.8287037037037037 0.026041666666666668 0.046296296296296294
1 0.6296875 0.8416666666666667 0.026041666666666668 0.046296296296296294
1 0.9734375 0.8444444444444444 0.026041666666666668 0.046296296296296294
1 0.7942708333333334 0.8555555555555555 0.026041666666666668 0.046296296296296294
1 0.8296875 0.8703703703703703 0.026041666666666668 0.046296296296296294
1 0.8171875 0.9203703703703704 0.026041666666666668 0.046296296296296294
1 0.9567708333333333 0.9296296296296296 0.026041666666666668 0.046296296296296294
1 0.9927083333333333 0.8592592592592593 0.026041666666666668 0.046296296296296294
1 0.8770833333333333 0.8166666666666667 0.026041666666666668 0.046296296296296294
3 0.734375 0.6462962962962963 0.026041666666666668 0.046296296296296294
1 0.7458333333333333 0.7407407407407407 0.026041666666666668 0.046296296296296294
1 0.68125 0.9148148148148149 0.026041666666666668 0.046296296296296294
1 0.6447916666666667 0.9611111111111111 0.026041666666666668 0.046296296296296294
3 0.759375 0.5777777777777777 0.026041666666666668 0.046296296296296294
3 0.7552083333333334 0.6259259259259259 0.026041666666666668 0.046296296296296294
