0 0.4708333333333333 0.09537037037037037 0.026041666666666668 0.046296296296296294
0 0.48333333333333334 0.1037037037037037 0.026041666666666668 0.046296296296296294
0 0.44166666666666665 0.1175925925925926 0.026041666666666668 0.046296296296296294
0 0.4453125 0.11851851851851852 0.026041666666666668 0.046296296296296294
0 0.48333333333333334 0.11944444444444445 0.026041666666666668 0.046296296296296294
0 0.490625 0.11944444444444445 0.026041666666666668 0.046296296296296294
0 0.4703125 0.13055555555555556 0.026041666666666668 0.046296296296296294
0 0.4625 0.13796296296296295 0.026041666666666668 0.046296296296296294
0 0.45364583333333336 0.14351851851851852 0.026041666666666668 0.046296296296296294
0 0.475 0.14629629629629629 0.026041666666666668 0.046296296296296294
0 0.43697916666666664 0.15462962962962962 0.026041666666666668 0.046296296296296294
0 0.44635416666666666 0.1537037037037037 0.026041666666666668 0.046296296296296294
0 0.46145833333333336 0.15462962962962962 0.026041666666666668 0.046296296296296294
0 0.4484375 0.16018518518518518 0.026041666666666668 0.046296296296296294
0 0.4744791666666667 0.16018518518518518 0.026041666666666668 0.046296296296296294
0 0.490625 0.1685185185185185 0.026041666666666668 0.046296296296296294
0 0.4317708333333333 0.17407407407407408 0.026041666666666668 0.046296296296296294
0 0.5 0.17407407407407408 0.026041666666666668 0.046296296296296294
0 0.5114583333333333 0.175 0.026041666666666668 0.046296296296296294
0 0.45677083333333335 0.20462962962962963 0.026041666666666668 0.046296296296296294
0 0.478125 0.2064814814814815 0.026041666666666668 0.046296296296296294
0 0.44479166666666664 0.21388888888888888 0.026041666666666668 0.046296296296296294
0 0.47239583333333335 0.23055555555555557 0.026041666666666668 0.046296296296296294
0 0.43645833333333334 0.2462962962962963 0.026041666666666668 0.046296296296296294
0 0.5104166666666666 0.25277777777777777 0.026041666666666668 0.046296296296296294
0 0.43697916666666664 0.25925925925925924 0.026041666666666668 0.046296296296296294
0 0.4864583333333333 0.2601851851851852 0.026041666666666668 0.046296296296296294
0 0.49114583333333334 0.2759259259259259 0.026041666666666668 0.046296296296296294
0 0.5296875 0.27870370370370373 0.026041666666666668 0.046296296296296294
0 0.45625 0.28055555555555556 0.026041666666666668 0.046296296296296294
0 0.4703125 0.2851851851851852 0.026041666666666668 0.046296296296296294
0 0.49375 0.28425925925925927 0.026041666666666668 0.046296296296296294
0 0.5052083333333334 0.2851851851851852 0.026041666666666668 0.046296296296296294
0 0.6958333333333333 0.287962962962963 0.026041666666666668 0.046296296296296294
0 0.415625 0.29074074074074074 0.026041666666666668 0.046296296296296294
0 0.4739583333333333 0.2953703703703704 0.026041666666666668 0.046296296296296294
0 0.51875 0.2935185185185185 0.026041666666666668 0.046296296296296294
0 0.43645833333333334 0.30185185185185187 0.026041666666666668 0.046296296296296294
0 0.4661458333333333 0.30185185185185187 0.026041666666666668 0.046296296296296294
0 0.5026041666666666 0.30277777777777776 0.026041666666666668 0.046296296296296294
0 0.4734375 0.30925925925925923 0.026041666666666668 0.046296296296296294
0 0.425 0.31203703703703706 0.026041666666666668 0.046296296296296294
0 0.4546875 0.31666666666666665 0.026041666666666668 0.046296296296296294
0 0.4953125 0.31666666666666665 0.026041666666666668 0.046296296296296294
0 0.5489583333333333 0.3175925925925926 0.026041666666666668 0.046296296296296294
0 0.70625 0.3138888888888889 0.026041666666666668 0.046296296296296294
0 0.5354166666666667 0.32407407407407407 0.026041666666666668 0.046296296296296294
0 0.4484375 0.33240740740740743 0.026041666666666668 0.046296296296296294
4 0.4666666666666667 0.3333333333333333 0.026041666666666668 0.046296296296296294
4 0.5036458333333333 0.3333333333333333 0.026041666666666668 0.046296296296296294
4 0.4354166666666667 0.3388888888888889 0.026041666666666668 0.046296296296296294
4 0.5359375 0.34074074074074073 0.026041666666666668 0.046296296296296294
4 0.44479166666666664 0.34629629629629627 0.026041666666666668 0.046296296296296294
4 0.5229166666666667 0.3490740740740741 0.026041666666666668 0.046296296296296294
4 0.45364583333333336 0.35648148148148145 0.026041666666666668 0.046296296296296294
4 0.5078125 0.35555555555555557 0.026041666666666668 0.046296296296296294
4 0.4453125 0.362962962962963 0.026041666666666668 0.046296296296296294
4 0.38697916666666665 0.3731481481481482 0.026041666666666668 0.046296296296296294
4 0.47760416666666666 0.3731481481481482 0.026041666666666668 0.046296296296296294
4 0.515625 0.37407407407407406 0.026041666666666668 0.046296296296296294
4 0.4078125 0.3768518518518518 0.026041666666666668 0.046296296296296294
4 0.4192708333333333 0.3787037037037037 0.026041666666666668 0.046296296296296294
4 0.44166666666666665 0.38055555555555554 0.026041666666666668 0.046296296296296294
4 0.5036458333333333 0.38055555555555554 0.026041666666666668 0.046296296296296294
4 0.37864583333333335 0.38796296296296295 0.026041666666666668 0.046296296296296294
4 0.4953125 0.3972222222222222 0.026041666666666668 0.046296296296296294
4 0.5161458333333333 0.3925925925925926 0.026041666666666668 0.046296296296296294
4 0.5291666666666667 0.39444444444444443 0.026041666666666668 0.046296296296296294
4 0.6588541666666666 0.3962962962962963 0.026041666666666668 0.046296296296296294
2 0.17395833333333333 0.40185185185185185 0.026041666666666668 0.046296296296296294
4 0.42864583333333334 0.4027777777777778 0.026041666666666668 0.046296296296296294
4 0.440625 0.4009259259259259 0.026041666666666668 0.046296296296296294
4 0.4578125 0.40185185185185185 0.026041666666666668 0.046296296296296294
2 0.20520833333333333 0.40555555555555556 0.026041666666666668 0.046296296296296294
4 0.39166666666666666 0.40925925925925927 0.026041666666666668 0.046296296296296294
4 0.6510416666666666 0.4083333333333333 0.026041666666666668 0.046296296296296294
3 0.7036458333333333 0.4064814814814815 0.026041666666666668 0.046296296296296294
2 0.19479166666666667 0.4148148148148148 0.026041666666666668 0.046296296296296294
2 0.2 0.4148148148148148 0.026041666666666668 0.046296296296296294
4 0.4609375 0.41944444444444445 0.026041666666666668 0.046296296296296294
4 0.5286458333333334 0.41759259259259257 0.026041666666666668 0.046296296296296294
4 0.6614583333333334 0.4166666666666667 0.026041666666666668 0.046296296296296294
4 0.4244791666666667 0.42592592592592593 0.026041666666666668 0.046296296296296294
4 0.44583333333333336 0.42592592592592593 0.026041666666666668 0.046296296296296294
3 0.6817708333333333 0.42314814814814816 0.026041666666666668 0.046296296296296294
3 0.6708333333333333 0.4324074074074074 0.026041666666666668 0.046296296296296294
4 0.4322916666666667 0.44722222222222224 0.026041666666666668 0.046296296296296294
4 0.6536458333333334 0.45 0.026041666666666668 0.046296296296296294
3 0.6692708333333334 0.44907407407407407 0.026041666666666668 0.046296296296296294
2 0.17864583333333334 0.45740740740740743 0.026041666666666668 0.046296296296296294
4 0.45 0.45555555555555555 0.026041666666666668 0.046296296296296294
4 0.5130208333333334 0.45740740740740743 0.026041666666666668 0.046296296296296294
3 0.6828125 0.4564814814814815 0.026041666666666668 0.046296296296296294
4 0.43333333333333335 0.46574074074074073 0.026041666666666668 0.046296296296296294
4 0.6661458333333333 0.4648148148148148 0.026041666666666668 0.046296296296296294
4 0.4796875 0.47129629629629627 0.026041666666666668 0.046296296296296294
4 0.5171875 0.47314814814814815 0.026041666666666668 0.046296296296296294
4 0.4276041666666667 0.4861111111111111 0.026041666666666668 0.046296296296296294
4 0.5171875 0.4898148148148148 0.026041666666666668 0.046296296296296294
3 0.6708333333333333 0.4861111111111111 0.026041666666666668 0.046296296296296294
4 0.3875 0.5037037037037037 0.026041666666666668 0.046296296296296294
4 0.4875 0.5018518518518519 0.026041666666666668 0.046296296296296294
4 0.6395833333333333 0.5027777777777778 0.026041666666666668 0.046296296296296294
3 0.6755208333333333 0.5018518518518519 0.026041666666666668 0.046296296296296294
4 0.5177083333333333 0.5120370370370371 0.026041666666666668 0.046296296296296294
4 0.628125 0.5111111111111111 0.026041666666666668 0.046296296296296294
3 0.6958333333333333 0.5203703703703704 0.026041666666666668 0.046296296296296294
4 0.46979166666666666 0.525 0.026041666666666668 0.046296296296296294
4 0.515625 0.5268518518518519 0.026041666666666668 0.046296296296296294
4 0.6328125 0.5259259259259259 0.026041666666666668 0.046296296296296294
4 0.6119791666666666 0.5351851851851852 0.026041666666666668 0.046296296296296294
3 0.7270833333333333 0.5277777777777778 0.026041666666666668 0.046296296296296294
4 0.5984375 0.5407407407407407 0.026041666666666668 0.046296296296296294
4 0.6552083333333333 0.5388888888888889 0.026041666666666668 0.046296296296296294
4 0.4703125 0.5481481481481482 0.026041666666666668 0.046296296296296294
4 0.4171875 0.5583333333333333 0.026041666666666668 0.046296296296296294
4 0.5322916666666667 0.5564814814814815 0.026041666666666668 0.046296296296296294
4 0.5859375 0.5555555555555556 0.026041666666666668 0.046296296296296294
4 0.5494791666666666 0.5675925925925925 0.026041666666666668 0.046296296296296294
4 0.5536458333333333 0.5657407407407408 0.026041666666666668 0.046296296296296294
4 0.5619791666666667 0.5648148148148148 0.026041666666666668 0.046296296296296294
3 0.7364583333333333 0.5611111111111111 0.026041666666666668 0.046296296296296294
3 0.7494791666666667 0.5666666666666667 0.026041666666666668 0.046296296296296294
4 0.5625 0.5722222222222222 0.026041666666666668 0.046296296296296294
4 0.5708333333333333 0.5712962962962963 0.026041666666666668 0.046296296296296294
4 0.45677083333333335 0.5805555555555556 0.026041666666666668 0.046296296296296294
4 0.4869791666666667 0.5796296296296296 0.026041666666666668 0.046296296296296294
4 0.528125 0.5842592592592593 0.026041666666666668 0.046296296296296294
4 0.5447916666666667 0.5842592592592593 0.026041666666666668 0.046296296296296294
4 0.578125 0.5824074074074074 0.026041666666666668 0.046296296296296294
4 0.6109375 0.5796296296296296 0.026041666666666668 0.046296296296296294
4 0.4973958333333333 0.5962962962962963 0.026041666666666668 0.046296296296296294
4 0.521875 0.5972222222222222 0.026041666666666668 0.046296296296296294
4 0.6067708333333334 0.6046296296296296 0.026041666666666668 0.046296296296296294
3 0.7411458333333333 0.6027777777777777 0.026041666666666668 0.046296296296296294
4 0.465625 0.6101851851851852 0.026041666666666668 0.046296296296296294
4 0.6333333333333333 0.6129629629629629 0.026041666666666668 0.046296296296296294
4 0.5739583333333333 0.6185185185185185 0.026041666666666668 0.046296296296296294
4 0.5375 0.6435185185185185 0.026041666666666668 0.046296296296296294
4 0.5817708333333333 0.6435185185185185 0.026041666666666668 0.046296296296296294
4 0.634375 0.6527777777777778 0.026041666666666668 0.046296296296296294
1 0.4869791666666667 0.6787037037037037 0.026041666666666668 0.046296296296296294
1 0.6572916666666667 0.6805555555555556 0.026041666666666668 0.046296296296296294
1 0.7020833333333333 0.675 0.026041666666666668 0.046296296296296294
1 0.5536458333333333 0.6990740740740741 0.026041666666666668 0.046296296296296294
1 0.4041666666666667 0.7157407407407408 0.026041666666666668 0.046296296296296294
1 0.7239583333333334 0.7351851851851852 0.026041666666666668 0.046296296296296294
1 0.3614583333333333 0.7592592592592593 0.026041666666666668 0.046296296296296294
1 0.8854166666666666 0.7518518518518519 0.026041666666666668 0.046296296296296294
1 0.4088541666666667 0.7657407407407407 0.026041666666666668 0.046296296296296294
1 0.10677083333333333 0.7694444444444445 0.026041666666666668 0.046296296296296294
1 0.7640625 0.8055555555555556 0.026041666666666668 0.046296296296296294
1 0.15 0.825 0.026041666666666668 0.046296296296296294
1 0.8234375 0.837037037037037 0.026041666666666668 0.046296296296296294
1 0.34791666666666665 0.8462962962962963 0.026041666666666668 0.046296296296296294
1 0.8 0.85 0.026041666666666668 0.046296296296296294
1 0.303125 0.8657407407407407 0.026041666666666668 0.046296296296296294
1 0.825 0.875 0.026041666666666668 0.046296296296296294
1 0.14114583333333333 0.8814814814814815 0.026041666666666668 0.046296296296296294
1 0.5802083333333333 0.9055555555555556 0.026041666666666668 0.046296296296296294
1 0.9338541666666667 0.9305555555555556 0.026041666666666668 0.046296296296296294
1 0.5359375 0.9361111111111111 0.026041666666666668 0.046296296296296294
1 0.8255208333333334 0.9398148148148148 0.026041666666666668 0.046296296296296294
1 0.4739583333333333 0.9564814814814815 0.026041666666666668 0.046296296296296294
1 0.9661458333333334 0.9481481481481482 0.026041666666666668 0.046296296296296294
1 0.084375 0.9675925925925926 0.026041666666666668 0.046296296296296294
1 0.9 0.9814814814814815 0.026041666666666668 0.046296296296296294
1 0.18229166666666666 0.7555555555555555 0.026041666666666668 0.046296296296296294
1 0.5375 0.8018518518518518 0.026041666666666668 0.046296296296296294
1 0.44375 0.7111111111111111 0.026041666666666668 0.046296296296296294
1 0.6260416666666667 0.725925925925926 0.026041666666666668 0.046296296296296294
1 0.890625 0.8 0.026041666666666668 0.046296296296296294
1 0.95625 0.7648148148148148 0.026041666666666668 0.046296296296296294
1 0.7802083333333333 0.6703703703703704 0.026041666666666668 0.046296296296296294
0 0.665625 0.26296296296296295 0.026041666666666668 0.046296296296296294
4 0.45 0.6222222222222222 0.026041666666666668 0.046296296296296294
4 0.44375 0.5907407407407408 0.026041666666666668 0.046296296296296294
4 0.4479166666666667 0.5092592592592593 0.026041666666666668 0.046296296296296294
4 0.5197916666666667 0.6277777777777778 0.026041666666666668 0.046296296296296294
3 0.6854166666666667 0.6666666666666666 0.026041666666666668 0.046296296296296294
4 0.6625 0.6370370370370371 0.026041666666666668 0.046296296296296294
1 0.5979166666666667 0.7944444444444444 0.026041666666666668 0.046296296296296294
