0 0.4869791666666667 0.08981481481481482 0.026041666666666668 0.046296296296296294
0 0.4713541666666667 0.0962962962962963 0.026041666666666668 0.046296296296296294
0 0.4791666666666667 0.09907407407407408 0.026041666666666668 0.046296296296296294
0 0.4822916666666667 0.10462962962962963 0.026041666666666668 0.046296296296296294
0 0.46979166666666666 0.11203703703703703 0.026041666666666668 0.046296296296296294
0 0.48333333333333334 0.11944444444444445 0.026041666666666668 0.046296296296296294
0 0.4942708333333333 0.12314814814814815 0.026041666666666668 0.046296296296296294
0 0.4703125 0.13055555555555556 0.026041666666666668 0.046296296296296294
0 0.4390625 0.1361111111111111 0.026041666666666668 0.046296296296296294
0 0.45 0.13425925925925927 0.026041666666666668 0.046296296296296294
0 0.45364583333333336 0.13518518518518519 0.026041666666666668 0.046296296296296294
0 0.459375 0.13518518518518519 0.026041666666666668 0.046296296296296294
0 0.4625 0.13703703703703704 0.026041666666666668 0.046296296296296294
0 0.48333333333333334 0.13796296296296295 0.026041666666666668 0.046296296296296294
0 0.49114583333333334 0.1398148148148148 0.026041666666666668 0.046296296296296294
0 0.4296875 0.15092592592592594 0.026041666666666668 0.046296296296296294
0 0.45416666666666666 0.1537037037037037 0.026041666666666668 0.046296296296296294
0 0.46197916666666666 0.15185185185185185 0.026041666666666668 0.046296296296296294
0 0.47760416666666666 0.15462962962962962 0.026041666666666668 0.046296296296296294
0 0.43333333333333335 0.17314814814814813 0.026041666666666668 0.046296296296296294
0 0.4630208333333333 0.17222222222222222 0.026041666666666668 0.046296296296296294
0 0.4708333333333333 0.17777777777777778 0.026041666666666668 0.046296296296296294
0 0.5 0.17314814814814813 0.026041666666666668 0.046296296296296294
0 0.5083333333333333 0.18055555555555555 0.026041666666666668 0.046296296296296294
0 0.48489583333333336 0.20555555555555555 0.026041666666666668 0.046296296296296294
0 0.5166666666666667 0.2064814814814815 0.026041666666666668 0.046296296296296294
0 0.4390625 0.2212962962962963 0.026041666666666668 0.046296296296296294
0 0.5161458333333333 0.23333333333333334 0.026041666666666668 0.046296296296296294
0 0.4630208333333333 0.2351851851851852 0.026041666666666668 0.046296296296296294
0 0.4734375 0.24259259259259258 0.026041666666666668 0.046296296296296294
0 0.515625 0.26296296296296295 0.026041666666666668 0.046296296296296294
0 0.5083333333333333 0.27037037037037037 0.026041666666666668 0.046296296296296294
0 0.515625 0.27685185185185185 0.026041666666666668 0.046296296296296294
0 0.5333333333333333 0.2777777777777778 0.026041666666666668 0.046296296296296294
0 0.478125 0.2861111111111111 0.026041666666666668 0.046296296296296294
0 0.5078125 0.2851851851851852 0.026041666666666668 0.046296296296296294
0 0.4484375 0.3 0.026041666666666668 0.046296296296296294
0 0.4713541666666667 0.30185185185185187 0.026041666666666668 0.046296296296296294
0 0.49583333333333335 0.3 0.026041666666666668 0.046296296296296294
0 0.421875 0.3055555555555556 0.026041666666666668 0.046296296296296294
0 0.4317708333333333 0.30648148148148147 0.026041666666666668 0.046296296296296294
0 0.5401041666666667 0.3074074074074074 0.026041666666666668 0.046296296296296294
0 0.6989583333333333 0.30925925925925923 0.026041666666666668 0.046296296296296294
0 0.4734375 0.3175925925925926 0.026041666666666668 0.046296296296296294
0 0.5 0.31666666666666665 0.026041666666666668 0.046296296296296294
0 0.515625 0.3148148148148148 0.026041666666666668 0.046296296296296294
0 0.7078125 0.325 0.026041666666666668 0.046296296296296294
0 0.4401041666666667 0.3314814814814815 0.026041666666666668 0.046296296296296294
4 0.4822916666666667 0.3333333333333333 0.026041666666666668 0.046296296296296294
0 0.546875 0.3296296296296296 0.026041666666666668 0.046296296296296294
4 0.453125 0.3388888888888889 0.026041666666666668 0.046296296296296294
4 0.4703125 0.34074074074074073 0.026041666666666668 0.046296296296296294
4 0.5067708333333333 0.3425925925925926 0.026041666666666668 0.046296296296296294
4 0.428125 0.3472222222222222 0.026041666666666668 0.046296296296296294
4 0.440625 0.3453703703703704 0.026041666666666668 0.046296296296296294
4 0.3848958333333333 0.3527777777777778 0.026041666666666668 0.046296296296296294
4 0.4125 0.35462962962962963 0.026041666666666668 0.046296296296296294
4 0.42135416666666664 0.35648148148148145 0.026041666666666668 0.046296296296296294
4 0.46979166666666666 0.35462962962962963 0.026041666666666668 0.046296296296296294
4 0.475 0.3574074074074074 0.026041666666666668 0.046296296296296294
4 0.49895833333333334 0.3648148148148148 0.026041666666666668 0.046296296296296294
4 0.50625 0.3638888888888889 0.026041666666666668 0.046296296296296294
4 0.4484375 0.37037037037037035 0.026041666666666668 0.046296296296296294
2 0.19895833333333332 0.3851851851851852 0.026041666666666668 0.046296296296296294
4 0.3848958333333333 0.38333333333333336 0.026041666666666668 0.046296296296296294
4 0.4942708333333333 0.3851851851851852 0.026041666666666668 0.046296296296296294
4 0.5140625 0.3861111111111111 0.026041666666666668 0.046296296296296294
4 0.6552083333333333 0.38981481481481484 0.026041666666666668 0.046296296296296294
4 0.5072916666666667 0.39351851851851855 0.026041666666666668 0.046296296296296294
2 0.21614583333333334 0.4027777777777778 0.026041666666666668 0.046296296296296294
3 0.7609375 0.4 0.026041666666666668 0.046296296296296294
4 0.39791666666666664 0.40925925925925927 0.026041666666666668 0.046296296296296294
4 0.6546875 0.4101851851851852 0.026041666666666668 0.046296296296296294
4 0.3776041666666667 0.41944444444444445 0.026041666666666668 0.046296296296296294
4 0.4192708333333333 0.41759259259259257 0.026041666666666668 0.046296296296296294
4 0.6619791666666667 0.41944444444444445 0.026041666666666668 0.046296296296296294
2 0.19583333333333333 0.425 0.026041666666666668 0.046296296296296294
4 0.45729166666666665 0.43425925925925923 0.026041666666666668 0.046296296296296294
4 0.5296875 0.43425925925925923 0.026041666666666668 0.046296296296296294
4 0.6619791666666667 0.43333333333333335 0.026041666666666668 0.046296296296296294
3 0.6890625 0.42962962962962964 0.026041666666666668 0.046296296296296294
4 0.5114583333333333 0.44166666666666665 0.026041666666666668 0.046296296296296294
3 0.6692708333333334 0.4388888888888889 0.026041666666666668 0.046296296296296294
3 0.7 0.44074074074074077 0.026041666666666668 0.046296296296296294
4 0.46927083333333336 0.44722222222222224 0.026041666666666668 0.046296296296296294
4 0.5244791666666667 0.45 0.026041666666666668 0.046296296296296294
4 0.3984375 0.4537037037037037 0.026041666666666668 0.046296296296296294
4 0.43697916666666664 0.45740740740740743 0.026041666666666668 0.046296296296296294
4 0.4817708333333333 0.45740740740740743 0.026041666666666668 0.046296296296296294
4 0.5166666666666667 0.45740740740740743 0.026041666666666668 0.046296296296296294
4 0.5333333333333333 0.4537037037037037 0.026041666666666668 0.046296296296296294
4 0.653125 0.4583333333333333 0.026041666666666668 0.046296296296296294
4 0.42239583333333336 0.46296296296296297 0.026041666666666668 0.046296296296296294
4 0.503125 0.4638888888888889 0.026041666666666668 0.046296296296296294
4 0.6546875 0.4648148148148148 0.026041666666666668 0.046296296296296294
3 0.678125 0.4648148148148148 0.026041666666666668 0.046296296296296294
4 0.4125 0.46944444444444444 0.026041666666666668 0.046296296296296294
4 0.5161458333333333 0.47129629629629627 0.026041666666666668 0.046296296296296294
4 0.5328125 0.4740740740740741 0.026041666666666668 0.046296296296296294
4 0.665625 0.4722222222222222 0.026041666666666668 0.046296296296296294
3 0.6833333333333333 0.4787037037037037 0.026041666666666668 0.046296296296296294
4 0.4739583333333333 0.4888888888888889 0.026041666666666668 0.046296296296296294
3 0.6739583333333333 0.487962962962963 0.026041666666666668 0.046296296296296294
4 0.45364583333333336 0.4925925925925926 0.026041666666666668 0.046296296296296294
4 0.49895833333333334 0.4935185185185185 0.026041666666666668 0.046296296296296294
3 0.6916666666666667 0.49722222222222223 0.026041666666666668 0.046296296296296294
4 0.6119791666666666 0.5018518518518519 0.026041666666666668 0.046296296296296294
4 0.509375 0.5092592592592593 0.026041666666666668 0.046296296296296294
4 0.5161458333333333 0.5111111111111111 0.026041666666666668 0.046296296296296294
3 0.7088541666666667 0.5101851851851852 0.026041666666666668 0.046296296296296294
4 0.5947916666666667 0.5203703703703704 0.026041666666666668 0.046296296296296294
4 0.6619791666666667 0.5268518518518519 0.026041666666666668 0.046296296296296294
3 0.7177083333333333 0.5277777777777778 0.026041666666666668 0.046296296296296294
4 0.5036458333333333 0.5351851851851852 0.026041666666666668 0.046296296296296294
4 0.61875 0.5296296296296297 0.026041666666666668 0.046296296296296294
4 0.6354166666666666 0.5574074074074075 0.026041666666666668 0.046296296296296294
4 0.6619791666666667 0.5583333333333333 0.026041666666666668 0.046296296296296294
4 0.5213541666666667 0.5675925925925925 0.026041666666666668 0.046296296296296294
3 0.753125 0.5638888888888889 0.026041666666666668 0.046296296296296294
4 0.6088541666666667 0.5731481481481482 0.026041666666666668 0.046296296296296294
3 0.6984375 0.5694444444444444 0.026041666666666668 0.046296296296296294
4 0.5109375 0.5888888888888889 0.026041666666666668 0.046296296296296294
4 0.6411458333333333 0.5879629629629629 0.026041666666666668 0.046296296296296294
4 0.6666666666666666 0.5851851851851851 0.026041666666666668 0.046296296296296294
4 0.6125 0.5972222222222222 0.026041666666666668 0.046296296296296294
4 0.5328125 0.6027777777777777 0.026041666666666668 0.046296296296296294
4 0.6541666666666667 0.6203703703703703 0.026041666666666668 0.046296296296296294
4 0.5411458333333333 0.6342592592592593 0.026041666666666668 0.046296296296296294
4 0.46041666666666664 0.6398148148148148 0.026041666666666668 0.046296296296296294
1 0.1828125 0.6925925925925925 0.026041666666666668 0.046296296296296294
1 0.6161458333333333 0.6944444444444444 0.026041666666666668 0.046296296296296294
1 0.6541666666666667 0.7083333333333334 0.026041666666666668 0.046296296296296294
1 0.715625 0.7027777777777777 0.026041666666666668 0.046296296296296294
1 0.17864583333333334 0.7601851851851852 0.026041666666666668 0.046296296296296294
1 0.5098958333333333 0.7592592592592593 0.026041666666666668 0.046296296296296294
1 0.8338541666666667 0.7546296296296297 0.026041666666666668 0.046296296296296294
1 0.9067708333333333 0.7611111111111111 0.026041666666666668 0.046296296296296294
1 0.7401041666666667 0.7870370370370371 0.026041666666666668 0.046296296296296294
1 0.165625 0.8361111111111111 0.026041666666666668 0.046296296296296294
1 0.8744791666666667 0.8351851851851851 0.026041666666666668 0.046296296296296294
1 0.4395833333333333 0.8962962962962963 0.026041666666666668 0.046296296296296294
1 0.47239583333333335 0.9037037037037037 0.026041666666666668 0.046296296296296294
1 0.26927083333333335 0.9046296296296297 0.026041666666666668 0.046296296296296294
1 0.20572916666666666 0.925 0.026041666666666668 0.046296296296296294
1 0.6932291666666667 0.9324074074074075 0.026041666666666668 0.046296296296296294
1 0.978125 0.9592592592592593 0.026041666666666668 0.046296296296296294
4 0.60625 0.6388888888888888 0.026041666666666668 0.046296296296296294
4 0.571875 0.6351851851851852 0.026041666666666668 0.046296296296296294
1 0.40208333333333335 0.9314814814814815 0.026041666666666668 0.046296296296296294
1 0.11770833333333333 0.8703703703703703 0.026041666666666668 0.046296296296296294
1 0.19270833333333334 0.7111111111111111 0.026041666666666668 0.046296296296296294
2 0.22083333333333333 0.37407407407407406 0.026041666666666668 0.046296296296296294
2 0.18020833333333333 0.4111111111111111 0.026041666666666668 0.046296296296296294
1 0.771875 0.837037037037037 0.026041666666666668 0.046296296296296294
1 0.8260416666666667 0.8481481481481481 0.026041666666666668 0.046296296296296294
1 0.8270833333333333 0.8722222222222222 0.026041666666666668 0.046296296296296294
1 0.8479166666666667 0.8925925925925926 0.026041666666666668 0.046296296296296294
1 0.8739583333333333 0.9462962962962963 0.026041666666666668 0.046296296296296294
1 0.7552083333333334 0.9296296296296296 0.026041666666666668 0.046296296296296294
1 0.8791666666666667 0.7407407407407407 0.026041666666666668 0.046296296296296294
3 0.7354166666666667 0.5555555555555556 0.026041666666666668 0.046296296296296294
3 0.7270833333333333 0.5666666666666667 0.026041666666666668 0.046296296296296294
3 0.771875 0.562962962962963 0.026041666666666668 0.046296296296296294
3 0.7614583333333333 0.6222222222222222 0.026041666666666668 0.046296296296296294
3 0.76875 0.6481481481481481 0.026041666666666668 0.046296296296296294
1 0.7822916666666667 0.6685185185185185 0.026041666666666668 0.046296296296296294
4 0.61875 0.6074074074074074 0.026041666666666668 0.046296296296296294
0 0.6885416666666667 0.30185185185185187 0.026041666666666668 0.046296296296296294
4 0.4666666666666667 0.5537037037037037 0.026041666666666668 0.046296296296296294
4 0.4114583333333333 0.6592592592592592 0.026041666666666668 0.046296296296296294
4 0.40625 0.5925925925925926 0.026041666666666668 0.046296296296296294
4 0.378125 0.5425925925925926 0.026041666666666668 0.046296296296296294
4 0.378125 0.48148148148148145 0.026041666666666668 0.046296296296296294
