0 0.4713541666666667 0.0962962962962963 0.026041666666666668 0.046296296296296294
0 0.4786458333333333 0.09907407407407408 0.026041666666666668 0.046296296296296294
0 0.4817708333333333 0.10648148148148148 0.026041666666666668 0.046296296296296294
0 0.4708333333333333 0.11388888888888889 0.026041666666666668 0.046296296296296294
0 0.4822916666666667 0.12222222222222222 0.026041666666666668 0.046296296296296294
0 0.4713541666666667 0.13055555555555556 0.026041666666666668 0.046296296296296294
0 0.4828125 0.12962962962962962 0.026041666666666668 0.046296296296296294
0 0.4895833333333333 0.1287037037037037 0.026041666666666668 0.046296296296296294
0 0.45 0.13333333333333333 0.026041666666666668 0.046296296296296294
0 0.45677083333333335 0.13518518518518519 0.026041666666666668 0.046296296296296294
0 0.46145833333333336 0.13518518518518519 0.026041666666666668 0.046296296296296294
0 0.4828125 0.14629629629629629 0.026041666666666668 0.046296296296296294
0 0.490625 0.14444444444444443 0.026041666666666668 0.046296296296296294
0 0.4505208333333333 0.15462962962962962 0.026041666666666668 0.046296296296296294
0 0.4578125 0.1537037037037037 0.026041666666666668 0.046296296296296294
0 0.465625 0.15185185185185185 0.026041666666666668 0.046296296296296294
0 0.43697916666666664 0.16018518518518518 0.026041666666666668 0.046296296296296294
0 0.4791666666666667 0.15925925925925927 0.026041666666666668 0.046296296296296294
0 0.4859375 0.16018518518518518 0.026041666666666668 0.046296296296296294
0 0.4322916666666667 0.1675925925925926 0.026041666666666668 0.046296296296296294
0 0.465625 0.1675925925925926 0.026041666666666668 0.046296296296296294
0 0.4744791666666667 0.1685185185185185 0.026041666666666668 0.046296296296296294
0 0.4661458333333333 0.18333333333333332 0.026041666666666668 0.046296296296296294
0 0.4427083333333333 0.22037037037037038 0.026041666666666668 0.046296296296296294
0 0.4354166666666667 0.22962962962962963 0.026041666666666668 0.046296296296296294
0 0.4786458333333333 0.22685185185185186 0.026041666666666668 0.046296296296296294
0 0.5114583333333333 0.22962962962962963 0.026041666666666668 0.046296296296296294
0 0.4984375 0.23796296296296296 0.026041666666666668 0.046296296296296294
0 0.4822916666666667 0.24444444444444444 0.026041666666666668 0.046296296296296294
0 0.5109375 0.2462962962962963 0.026041666666666668 0.046296296296296294
0 0.478125 0.26296296296296295 0.026041666666666668 0.046296296296296294
0 0.49114583333333334 0.262037037037037 0.026041666666666668 0.046296296296296294
0 0.4609375 0.2675925925925926 0.026041666666666668 0.046296296296296294
0 0.50625 0.2722222222222222 0.026041666666666668 0.046296296296296294
0 0.5114583333333333 0.28703703703703703 0.026041666666666668 0.046296296296296294
0 0.7072916666666667 0.2814814814814815 0.026041666666666668 0.046296296296296294
0 0.45729166666666665 0.2953703703703704 0.026041666666666668 0.046296296296296294
0 0.49583333333333335 0.29074074074074074 0.026041666666666668 0.046296296296296294
0 0.503125 0.2962962962962963 0.026041666666666668 0.046296296296296294
0 0.6864583333333333 0.29259259259259257 0.026041666666666668 0.046296296296296294
0 0.4744791666666667 0.3 0.026041666666666668 0.046296296296296294
0 0.5114583333333333 0.30092592592592593 0.026041666666666668 0.046296296296296294
0 0.4119791666666667 0.3074074074074074 0.026041666666666668 0.046296296296296294
0 0.4322916666666667 0.3074074074074074 0.026041666666666668 0.046296296296296294
0 0.4484375 0.30833333333333335 0.026041666666666668 0.046296296296296294
0 0.4869791666666667 0.30925925925925923 0.026041666666666668 0.046296296296296294
0 0.421875 0.3148148148148148 0.026041666666666668 0.046296296296296294
0 0.4625 0.31574074074074077 0.026041666666666668 0.046296296296296294
0 0.5109375 0.31574074074074077 0.026041666666666668 0.046296296296296294
0 0.5328125 0.3175925925925926 0.026041666666666668 0.046296296296296294
0 0.4166666666666667 0.32592592592592595 0.026041666666666668 0.046296296296296294
0 0.4505208333333333 0.33055555555555555 0.026041666666666668 0.046296296296296294
0 0.45729166666666665 0.33240740740740743 0.026041666666666668 0.046296296296296294
0 0.4828125 0.3314814814814815 0.026041666666666668 0.046296296296296294
0 0.490625 0.3296296296296296 0.026041666666666668 0.046296296296296294
0 0.5213541666666667 0.33240740740740743 0.026041666666666668 0.046296296296296294
4 0.528125 0.3333333333333333 0.026041666666666668 0.046296296296296294
4 0.4166666666666667 0.3416666666666667 0.026041666666666668 0.046296296296296294
4 0.4328125 0.3398148148148148 0.026041666666666668 0.046296296296296294
4 0.5067708333333333 0.3398148148148148 0.026041666666666668 0.046296296296296294
4 0.44375 0.3472222222222222 0.026041666666666668 0.046296296296296294
4 0.46145833333333336 0.3472222222222222 0.026041666666666668 0.046296296296296294
4 0.4739583333333333 0.34814814814814815 0.026041666666666668 0.046296296296296294
4 0.4864583333333333 0.34814814814814815 0.026041666666666668 0.046296296296296294
4 0.375 0.3537037037037037 0.026041666666666668 0.046296296296296294
4 0.3828125 0.35555555555555557 0.026041666666666668 0.046296296296296294
4 0.38645833333333335 0.35648148148148145 0.026041666666666668 0.046296296296296294
4 0.3953125 0.35462962962962963 0.026041666666666668 0.046296296296296294
4 0.40260416666666665 0.35555555555555557 0.026041666666666668 0.046296296296296294
4 0.415625 0.35555555555555557 0.026041666666666668 0.046296296296296294
4 0.4276041666666667 0.35648148148148145 0.026041666666666668 0.046296296296296294
4 0.44895833333333335 0.35462962962962963 0.026041666666666668 0.046296296296296294
4 0.5067708333333333 0.35555555555555557 0.026041666666666668 0.046296296296296294
4 0.37395833333333334 0.3638888888888889 0.026041666666666668 0.046296296296296294
4 0.415625 0.362962962962963 0.026041666666666668 0.046296296296296294
4 0.45729166666666665 0.362962962962963 0.026041666666666668 0.046296296296296294
4 0.4786458333333333 0.3648148148148148 0.026041666666666668 0.046296296296296294
4 0.45 0.37037037037037035 0.026041666666666668 0.046296296296296294
4 0.4703125 0.3712962962962963 0.026041666666666668 0.046296296296296294
4 0.5072916666666667 0.3712962962962963 0.026041666666666668 0.046296296296296294
3 0.678125 0.37037037037037035 0.026041666666666668 0.046296296296296294
2 0.2203125 0.3787037037037037 0.026041666666666668 0.046296296296296294
4 0.39895833333333336 0.37962962962962965 0.026041666666666668 0.046296296296296294
4 0.4166666666666667 0.3768518518518518 0.026041666666666668 0.046296296296296294
4 0.5161458333333333 0.37962962962962965 0.026041666666666668 0.046296296296296294
4 0.6505208333333333 0.37777777777777777 0.026041666666666668 0.046296296296296294
4 0.465625 0.387037037037037 0.026041666666666668 0.046296296296296294
4 0.49947916666666664 0.38796296296296295 0.026041666666666668 0.046296296296296294
4 0.5197916666666667 0.38796296296296295 0.026041666666666668 0.046296296296296294
4 0.5401041666666667 0.3861111111111111 0.026041666666666668 0.046296296296296294
4 0.38333333333333336 0.39444444444444443 0.026041666666666668 0.046296296296296294
4 0.4078125 0.3962962962962963 0.026041666666666668 0.046296296296296294
4 0.4244791666666667 0.3962962962962963 0.026041666666666668 0.046296296296296294
2 0.2078125 0.4 0.026041666666666668 0.046296296296296294
2 0.21770833333333334 0.40370370370370373 0.026041666666666668 0.046296296296296294
3 0.7614583333333333 0.4009259259259259 0.026041666666666668 0.046296296296296294
2 0.190625 0.4083333333333333 0.026041666666666668 0.046296296296296294
4 0.5192708333333333 0.4074074074074074 0.026041666666666668 0.046296296296296294
4 0.4588541666666667 0.4185185185185185 0.026041666666666668 0.046296296296296294
4 0.4822916666666667 0.41759259259259257 0.026041666666666668 0.046296296296296294
2 0.16666666666666666 0.42592592592592593 0.026041666666666668 0.046296296296296294
4 0.653125 0.42592592592592593 0.026041666666666668 0.046296296296296294
4 0.48802083333333335 0.4305555555555556 0.026041666666666668 0.046296296296296294
4 0.5119791666666667 0.43703703703703706 0.026041666666666668 0.046296296296296294
4 0.42135416666666664 0.4398148148148148 0.026041666666666668 0.046296296296296294
4 0.4276041666666667 0.4425925925925926 0.026041666666666668 0.046296296296296294
4 0.49947916666666664 0.4398148148148148 0.026041666666666668 0.046296296296296294
4 0.6489583333333333 0.4425925925925926 0.026041666666666668 0.046296296296296294
3 0.7067708333333333 0.43796296296296294 0.026041666666666668 0.046296296296296294
4 0.6609375 0.44537037037037036 0.026041666666666668 0.046296296296296294
3 0.6927083333333334 0.4564814814814815 0.026041666666666668 0.046296296296296294
4 0.4161458333333333 0.4648148148148148 0.026041666666666668 0.046296296296296294
4 0.4984375 0.462037037037037 0.026041666666666668 0.046296296296296294
4 0.44479166666666664 0.4685185185185185 0.026041666666666668 0.046296296296296294
4 0.5286458333333334 0.47129629629629627 0.026041666666666668 0.046296296296296294
4 0.6619791666666667 0.46944444444444444 0.026041666666666668 0.046296296296296294
3 0.6859375 0.47129629629629627 0.026041666666666668 0.046296296296296294
4 0.5119791666666667 0.4777777777777778 0.026041666666666668 0.046296296296296294
4 0.5244791666666667 0.4898148148148148 0.026041666666666668 0.046296296296296294
4 0.6244791666666667 0.4888888888888889 0.026041666666666668 0.046296296296296294
4 0.3953125 0.4962962962962963 0.026041666666666668 0.046296296296296294
3 0.6822916666666666 0.4962962962962963 0.026041666666666668 0.046296296296296294
4 0.48385416666666664 0.49907407407407406 0.026041666666666668 0.046296296296296294
4 0.5786458333333333 0.5064814814814815 0.026041666666666668 0.046296296296296294
4 0.6119791666666666 0.5037037037037037 0.026041666666666668 0.046296296296296294
4 0.5604166666666667 0.5111111111111111 0.026041666666666668 0.046296296296296294
3 0.6911458333333333 0.5111111111111111 0.026041666666666668 0.046296296296296294
4 0.5958333333333333 0.5185185185185185 0.026041666666666668 0.046296296296296294
4 0.5328125 0.525 0.026041666666666668 0.046296296296296294
4 0.6359375 0.5277777777777778 0.026041666666666668 0.046296296296296294
4 0.665625 0.5296296296296297 0.026041666666666668 0.046296296296296294
3 0.6875 0.5277777777777778 0.026041666666666668 0.046296296296296294
3 0.7208333333333333 0.5370370370370371 0.026041666666666668 0.046296296296296294
4 0.39895833333333336 0.5481481481481482 0.026041666666666668 0.046296296296296294
4 0.5364583333333334 0.55 0.026041666666666668 0.046296296296296294
4 0.5734375 0.5509259259259259 0.026041666666666668 0.046296296296296294
4 0.5942708333333333 0.5472222222222223 0.026041666666666668 0.046296296296296294
4 0.6296875 0.5509259259259259 0.026041666666666668 0.046296296296296294
3 0.7302083333333333 0.562037037037037 0.026041666666666668 0.046296296296296294
4 0.634375 0.5712962962962963 0.026041666666666668 0.046296296296296294
3 0.7619791666666667 0.5814814814814815 0.026041666666666668 0.046296296296296294
3 0.7416666666666667 0.6194444444444445 0.026041666666666668 0.046296296296296294
3 0.7625 0.6203703703703703 0.026041666666666668 0.046296296296296294
3 0.6911458333333333 0.6342592592592593 0.026041666666666668 0.046296296296296294
1 0.6447916666666667 0.6675925925925926 0.026041666666666668 0.046296296296296294
3 0.771875 0.6657407407407407 0.026041666666666668 0.046296296296296294
1 0.06302083333333333 0.6888888888888889 0.026041666666666668 0.046296296296296294
1 0.18645833333333334 0.6935185185185185 0.026041666666666668 0.046296296296296294
1 0.7791666666666667 0.6953703703703704 0.026041666666666668 0.046296296296296294
1 0.6625 0.7111111111111111 0.026041666666666668 0.046296296296296294
1 0.5666666666666667 0.7472222222222222 0.026041666666666668 0.046296296296296294
1 0.4786458333333333 0.7472222222222222 0.026041666666666668 0.046296296296296294
1 0.8885416666666667 0.7435185185185185 0.026041666666666668 0.046296296296296294
1 0.7609375 0.837037037037037 0.026041666666666668 0.046296296296296294
1 0.8239583333333333 0.8388888888888889 0.026041666666666668 0.046296296296296294
1 0.975 0.8462962962962963 0.026041666666666668 0.046296296296296294
1 0.8291666666666667 0.8601851851851852 0.026041666666666668 0.046296296296296294
1 0.9953125 0.8675925925925926 0.026041666666666668 0.046296296296296294
1 0.8192708333333333 0.9101851851851852 0.026041666666666668 0.046296296296296294
1 0.9614583333333333 0.9222222222222223 0.026041666666666668 0.046296296296296294
1 0.9734375 0.9407407407407408 0.026041666666666668 0.046296296296296294
1 0.29322916666666665 0.9851851851851852 0.026041666666666668 0.046296296296296294
1 0.86875 0.825925925925926 0.026041666666666668 0.046296296296296294
4 0.478125 0.5333333333333333 0.026041666666666668 0.046296296296296294
4 0.42604166666666665 0.5370370370370371 0.026041666666666668 0.046296296296296294
3 0.75 0.5203703703703704 0.026041666666666668 0.046296296296296294
