0 0.475 0.09814814814814815 0.026041666666666668 0.046296296296296294
0 0.4828125 0.10462962962962963 0.026041666666666668 0.046296296296296294
0 0.46979166666666666 0.11296296296296296 0.026041666666666668 0.046296296296296294
0 0.47760416666666666 0.12222222222222222 0.026041666666666668 0.046296296296296294
0 0.440625 0.12777777777777777 0.026041666666666668 0.046296296296296294
0 0.4703125 0.12962962962962962 0.026041666666666668 0.046296296296296294
0 0.4828125 0.1287037037037037 0.026041666666666668 0.046296296296296294
0 0.4895833333333333 0.12777777777777777 0.026041666666666668 0.046296296296296294
0 0.453125 0.13518518518518519 0.026041666666666668 0.046296296296296294
0 0.4609375 0.13703703703703704 0.026041666666666668 0.046296296296296294
0 0.44166666666666665 0.14166666666666666 0.026041666666666668 0.046296296296296294
0 0.49947916666666664 0.14537037037037037 0.026041666666666668 0.046296296296296294
0 0.43333333333333335 0.15185185185185185 0.026041666666666668 0.046296296296296294
0 0.4666666666666667 0.15925925925925927 0.026041666666666668 0.046296296296296294
0 0.4796875 0.1574074074074074 0.026041666666666668 0.046296296296296294
0 0.48333333333333334 0.15833333333333333 0.026041666666666668 0.046296296296296294
0 0.49166666666666664 0.16111111111111112 0.026041666666666668 0.046296296296296294
0 0.47552083333333334 0.1685185185185185 0.026041666666666668 0.046296296296296294
0 0.5046875 0.17592592592592593 0.026041666666666668 0.046296296296296294
0 0.5125 0.18518518518518517 0.026041666666666668 0.046296296296296294
0 0.48802083333333335 0.20925925925925926 0.026041666666666668 0.046296296296296294
0 0.46145833333333336 0.21388888888888888 0.026041666666666668 0.046296296296296294
0 0.46875 0.22777777777777777 0.026041666666666668 0.046296296296296294
0 0.48125 0.23055555555555557 0.026041666666666668 0.046296296296296294
0 0.49114583333333334 0.23703703703703705 0.026041666666666668 0.046296296296296294
0 0.41510416666666666 0.23981481481481481 0.026041666666666668 0.046296296296296294
0 0.425 0.23796296296296296 0.026041666666666668 0.046296296296296294
0 0.45208333333333334 0.2462962962962963 0.026041666666666668 0.046296296296296294
0 0.4744791666666667 0.24537037037037038 0.026041666666666668 0.046296296296296294
0 0.49635416666666665 0.25555555555555554 0.026041666666666668 0.046296296296296294
0 0.703125 0.2601851851851852 0.026041666666666668 0.046296296296296294
0 0.4979166666666667 0.27870370370370373 0.026041666666666668 0.046296296296296294
0 0.5161458333333333 0.28425925925925927 0.026041666666666668 0.046296296296296294
0 0.5265625 0.28425925925925927 0.026041666666666668 0.046296296296296294
0 0.425 0.2935185185185185 0.026041666666666668 0.046296296296296294
0 0.5364583333333334 0.29444444444444445 0.026041666666666668 0.046296296296296294
0 0.6546875 0.29259259259259257 0.026041666666666668 0.046296296296296294
0 0.5036458333333333 0.30185185185185187 0.026041666666666668 0.046296296296296294
0 0.5151041666666667 0.30092592592592593 0.026041666666666668 0.046296296296296294
0 0.4197916666666667 0.31203703703703706 0.026041666666666668 0.046296296296296294
0 0.4427083333333333 0.3055555555555556 0.026041666666666668 0.046296296296296294
0 0.4479166666666667 0.3101851851851852 0.026041666666666668 0.046296296296296294
0 0.4953125 0.30925925925925923 0.026041666666666668 0.046296296296296294
0 0.5317708333333333 0.30925925925925923 0.026041666666666668 0.046296296296296294
0 0.4588541666666667 0.3148148148148148 0.026041666666666668 0.046296296296296294
0 0.465625 0.3175925925925926 0.026041666666666668 0.046296296296296294
0 0.5161458333333333 0.31666666666666665 0.026041666666666668 0.046296296296296294
0 0.5322916666666667 0.3175925925925926 0.026041666666666668 0.046296296296296294
0 0.42604166666666665 0.325 0.026041666666666668 0.046296296296296294
0 0.5260416666666666 0.32407407407407407 0.026041666666666668 0.046296296296296294
0 0.44583333333333336 0.33240740740740743 0.026041666666666668 0.046296296296296294
0 0.4671875 0.33240740740740743 0.026041666666666668 0.046296296296296294
4 0.5083333333333333 0.33425925925925926 0.026041666666666668 0.046296296296296294
4 0.4166666666666667 0.3416666666666667 0.026041666666666668 0.046296296296296294
4 0.4078125 0.3490740740740741 0.026041666666666668 0.046296296296296294
4 0.4197916666666667 0.3490740740740741 0.026041666666666668 0.046296296296296294
4 0.4401041666666667 0.3472222222222222 0.026041666666666668 0.046296296296296294
4 0.37552083333333336 0.35555555555555557 0.026041666666666668 0.046296296296296294
4 0.45 0.35555555555555557 0.026041666666666668 0.046296296296296294
4 0.5166666666666667 0.3574074074074074 0.026041666666666668 0.046296296296296294
4 0.4036458333333333 0.3638888888888889 0.026041666666666668 0.046296296296296294
4 0.4192708333333333 0.3648148148148148 0.026041666666666668 0.046296296296296294
4 0.46197916666666666 0.37037037037037035 0.026041666666666668 0.046296296296296294
4 0.5119791666666667 0.37037037037037035 0.026041666666666668 0.046296296296296294
4 0.40260416666666665 0.3787037037037037 0.026041666666666668 0.046296296296296294
4 0.39739583333333334 0.3888888888888889 0.026041666666666668 0.046296296296296294
4 0.41875 0.3851851851851852 0.026041666666666668 0.046296296296296294
4 0.5203125 0.387037037037037 0.026041666666666668 0.046296296296296294
4 0.43333333333333335 0.39444444444444443 0.026041666666666668 0.046296296296296294
4 0.40729166666666666 0.4 0.026041666666666668 0.046296296296296294
4 0.4197916666666667 0.4009259259259259 0.026041666666666668 0.046296296296296294
4 0.5151041666666667 0.40185185185185185 0.026041666666666668 0.046296296296296294
4 0.6541666666666667 0.4027777777777778 0.026041666666666668 0.046296296296296294
2 0.178125 0.4111111111111111 0.026041666666666668 0.046296296296296294
2 0.190625 0.4074074074074074 0.026041666666666668 0.046296296296296294
2 0.21302083333333333 0.4074074074074074 0.026041666666666668 0.046296296296296294
4 0.378125 0.412962962962963 0.026041666666666668 0.046296296296296294
4 0.39010416666666664 0.40925925925925927 0.026041666666666668 0.046296296296296294
4 0.4010416666666667 0.41388888888888886 0.026041666666666668 0.046296296296296294
4 0.5005208333333333 0.41203703703703703 0.026041666666666668 0.046296296296296294
4 0.4375 0.41759259259259257 0.026041666666666668 0.046296296296296294
4 0.5203125 0.41759259259259257 0.026041666666666668 0.046296296296296294
2 0.17291666666666666 0.425 0.026041666666666668 0.046296296296296294
2 0.196875 0.42407407407407405 0.026041666666666668 0.046296296296296294
4 0.38333333333333336 0.42685185185185187 0.026041666666666668 0.046296296296296294
3 0.6692708333333334 0.42407407407407405 0.026041666666666668 0.046296296296296294
4 0.39427083333333335 0.4351851851851852 0.026041666666666668 0.046296296296296294
4 0.515625 0.4351851851851852 0.026041666666666668 0.046296296296296294
4 0.37395833333333334 0.44351851851851853 0.026041666666666668 0.046296296296296294
4 0.4161458333333333 0.44351851851851853 0.026041666666666668 0.046296296296296294
4 0.4984375 0.4425925925925926 0.026041666666666668 0.046296296296296294
3 0.6692708333333334 0.4398148148148148 0.026041666666666668 0.046296296296296294
3 0.70625 0.4388888888888889 0.026041666666666668 0.046296296296296294
4 0.5161458333333333 0.44722222222222224 0.026041666666666668 0.046296296296296294
3 0.7067708333333333 0.4462962962962963 0.026041666666666668 0.046296296296296294
4 0.37916666666666665 0.45555555555555555 0.026041666666666668 0.046296296296296294
4 0.38645833333333335 0.45925925925925926 0.026041666666666668 0.046296296296296294
4 0.39895833333333336 0.4564814814814815 0.026041666666666668 0.046296296296296294
3 0.6776041666666667 0.4564814814814815 0.026041666666666668 0.046296296296296294
4 0.5166666666666667 0.46111111111111114 0.026041666666666668 0.046296296296296294
4 0.39114583333333336 0.47314814814814815 0.026041666666666668 0.046296296296296294
4 0.4125 0.4722222222222222 0.026041666666666668 0.046296296296296294
3 0.6947916666666667 0.47314814814814815 0.026041666666666668 0.046296296296296294
4 0.4984375 0.4787037037037037 0.026041666666666668 0.046296296296296294
4 0.38958333333333334 0.48703703703703705 0.026041666666666668 0.046296296296296294
4 0.465625 0.48703703703703705 0.026041666666666668 0.046296296296296294
4 0.5916666666666667 0.487962962962963 0.026041666666666668 0.046296296296296294
4 0.6276041666666666 0.4888888888888889 0.026041666666666668 0.046296296296296294
4 0.39947916666666666 0.49537037037037035 0.026041666666666668 0.046296296296296294
4 0.5333333333333333 0.49722222222222223 0.026041666666666668 0.046296296296296294
4 0.5963541666666666 0.4962962962962963 0.026041666666666668 0.046296296296296294
4 0.6177083333333333 0.4962962962962963 0.026041666666666668 0.046296296296296294
3 0.6828125 0.49444444444444446 0.026041666666666668 0.046296296296296294
4 0.465625 0.5018518518518519 0.026041666666666668 0.046296296296296294
4 0.6083333333333333 0.5055555555555555 0.026041666666666668 0.046296296296296294
4 0.6291666666666667 0.5027777777777778 0.026041666666666668 0.046296296296296294
4 0.38645833333333335 0.512962962962963 0.026041666666666668 0.046296296296296294
4 0.44583333333333336 0.5111111111111111 0.026041666666666668 0.046296296296296294
4 0.5286458333333334 0.512962962962963 0.026041666666666668 0.046296296296296294
4 0.6036458333333333 0.5138888888888888 0.026041666666666668 0.046296296296296294
4 0.39895833333333336 0.5175925925925926 0.026041666666666668 0.046296296296296294
4 0.6338541666666667 0.5175925925925926 0.026041666666666668 0.046296296296296294
3 0.7588541666666667 0.5203703703703704 0.026041666666666668 0.046296296296296294
4 0.42864583333333334 0.5268518518518519 0.026041666666666668 0.046296296296296294
4 0.6619791666666667 0.5194444444444445 0.026041666666666668 0.046296296296296294
4 0.528125 0.5314814814814814 0.026041666666666668 0.046296296296296294
3 0.728125 0.5324074074074074 0.026041666666666668 0.046296296296296294
4 0.44895833333333335 0.5425925925925926 0.026041666666666668 0.046296296296296294
4 0.5390625 0.5361111111111111 0.026041666666666668 0.046296296296296294
4 0.55625 0.5388888888888889 0.026041666666666668 0.046296296296296294
4 0.58125 0.5370370370370371 0.026041666666666668 0.046296296296296294
4 0.3854166666666667 0.55 0.026041666666666668 0.046296296296296294
4 0.43697916666666664 0.5509259259259259 0.026041666666666668 0.046296296296296294
4 0.5708333333333333 0.549074074074074 0.026041666666666668 0.046296296296296294
4 0.6119791666666666 0.5481481481481482 0.026041666666666668 0.046296296296296294
4 0.4125 0.5574074074074075 0.026041666666666668 0.046296296296296294
3 0.7322916666666667 0.562962962962963 0.026041666666666668 0.046296296296296294
4 0.37552083333333336 0.5740740740740741 0.026041666666666668 0.046296296296296294
4 0.4708333333333333 0.5592592592592592 0.026041666666666668 0.046296296296296294
4 0.6208333333333333 0.5768518518518518 0.026041666666666668 0.046296296296296294
3 0.7666666666666667 0.5879629629629629 0.026041666666666668 0.046296296296296294
4 0.5380208333333333 0.6092592592592593 0.026041666666666668 0.046296296296296294
4 0.6052083333333333 0.6231481481481481 0.026041666666666668 0.046296296296296294
3 0.7421875 0.6361111111111111 0.026041666666666668 0.046296296296296294
4 0.6145833333333334 0.6444444444444445 0.026041666666666668 0.046296296296296294
3 0.7166666666666667 0.6564814814814814 0.026041666666666668 0.046296296296296294
1 0.675 0.6768518518518518 0.026041666666666668 0.046296296296296294
1 0.7609375 0.6777777777777778 0.026041666666666668 0.046296296296296294
1 0.540625 0.6953703703703704 0.026041666666666668 0.046296296296296294
1 0.18125 0.7018518518518518 0.026041666666666668 0.046296296296296294
1 0.4973958333333333 0.7083333333333334 0.026041666666666668 0.046296296296296294
1 0.8822916666666667 0.7481481481481481 0.026041666666666668 0.046296296296296294
1 0.5927083333333333 0.774074074074074 0.026041666666666668 0.046296296296296294
1 0.7328125 0.7916666666666666 0.026041666666666668 0.046296296296296294
1 0.8255208333333334 0.8398148148148148 0.026041666666666668 0.046296296296296294
1 0.9786458333333333 0.8481481481481481 0.026041666666666668 0.046296296296296294
1 0.7338541666666667 0.8546296296296296 0.026041666666666668 0.046296296296296294
1 0.75 0.8842592592592593 0.026041666666666668 0.046296296296296294
1 0.8223958333333333 0.9203703703703704 0.026041666666666668 0.046296296296296294
1 0.9723958333333333 0.9398148148148148 0.026041666666666668 0.046296296296296294
1 0.89375 0.7981481481481482 0.026041666666666668 0.046296296296296294
1 0.9927083333333333 0.8685185185185185 0.026041666666666668 0.046296296296296294
1 0.615625 0.7907407407407407 0.026041666666666668 0.046296296296296294
3 0.6677083333333333 0.5814814814814815 0.026041666666666668 0.046296296296296294
3 0.6958333333333333 0.5111111111111111 0.026041666666666668 0.046296296296296294
0 0.6989583333333333 0.32222222222222224 0.026041666666666668 0.046296296296296294
