0 0.4822916666666667 0.12129629629629629 0.026041666666666668 0.046296296296296294
0 0.49166666666666664 0.12129629629629629 0.026041666666666668 0.046296296296296294
0 0.4505208333333333 0.13333333333333333 0.026041666666666668 0.046296296296296294
0 0.46197916666666666 0.13518518518518519 0.026041666666666668 0.046296296296296294
0 0.4708333333333333 0.13703703703703704 0.026041666666666668 0.046296296296296294
0 0.4864583333333333 0.13796296296296295 0.026041666666666668 0.046296296296296294
0 0.44114583333333335 0.14537037037037037 0.026041666666666668 0.046296296296296294
0 0.45416666666666666 0.14537037037037037 0.026041666666666668 0.046296296296296294
0 0.4739583333333333 0.14629629629629629 0.026041666666666668 0.046296296296296294
0 0.478125 0.14537037037037037 0.026041666666666668 0.046296296296296294
0 0.4630208333333333 0.15092592592592594 0.026041666666666668 0.046296296296296294
0 0.48333333333333334 0.16111111111111112 0.026041666666666668 0.046296296296296294
0 0.43645833333333334 0.16944444444444445 0.026041666666666668 0.046296296296296294
0 0.4713541666666667 0.17037037037037037 0.026041666666666668 0.046296296296296294
0 0.4328125 0.22870370370370371 0.026041666666666668 0.046296296296296294
0 0.4171875 0.2361111111111111 0.026041666666666668 0.046296296296296294
0 0.4239583333333333 0.23425925925925925 0.026041666666666668 0.046296296296296294
0 0.50625 0.23981481481481481 0.026041666666666668 0.046296296296296294
0 0.4119791666666667 0.24537037037037038 0.026041666666666668 0.046296296296296294
0 0.4859375 0.24259259259259258 0.026041666666666668 0.046296296296296294
0 0.4947916666666667 0.2462962962962963 0.026041666666666668 0.046296296296296294
0 0.5041666666666667 0.24722222222222223 0.026041666666666668 0.046296296296296294
0 0.4375 0.25277777777777777 0.026041666666666668 0.046296296296296294
0 0.45677083333333335 0.2518518518518518 0.026041666666666668 0.046296296296296294
0 0.5151041666666667 0.2537037037037037 0.026041666666666668 0.046296296296296294
0 0.4822916666666667 0.262037037037037 0.026041666666666668 0.046296296296296294
0 0.4864583333333333 0.25925925925925924 0.026041666666666668 0.046296296296296294
0 0.4984375 0.26666666666666666 0.026041666666666668 0.046296296296296294
0 0.49114583333333334 0.27037037037037037 0.026041666666666668 0.046296296296296294
0 0.5078125 0.2722222222222222 0.026041666666666668 0.046296296296296294
0 0.49947916666666664 0.2796296296296296 0.026041666666666668 0.046296296296296294
0 0.4739583333333333 0.28425925925925927 0.026041666666666668 0.046296296296296294
0 0.4875 0.2916666666666667 0.026041666666666668 0.046296296296296294
0 0.42083333333333334 0.30092592592592593 0.026041666666666668 0.046296296296296294
0 0.5109375 0.30277777777777776 0.026041666666666668 0.046296296296296294
0 0.4322916666666667 0.30925925925925923 0.026041666666666668 0.046296296296296294
0 0.45416666666666666 0.30648148148148147 0.026041666666666668 0.046296296296296294
0 0.4822916666666667 0.30833333333333335 0.026041666666666668 0.046296296296296294
0 0.5041666666666667 0.3101851851851852 0.026041666666666668 0.046296296296296294
0 0.5291666666666667 0.3074074074074074 0.026041666666666668 0.046296296296296294
0 0.4375 0.3138888888888889 0.026041666666666668 0.046296296296296294
0 0.46979166666666666 0.31574074074074077 0.026041666666666668 0.046296296296296294
0 0.4942708333333333 0.31574074074074077 0.026041666666666668 0.046296296296296294
0 0.5244791666666667 0.3194444444444444 0.026041666666666668 0.046296296296296294
0 0.42083333333333334 0.32407407407407407 0.026041666666666668 0.046296296296296294
0 0.4875 0.32592592592592595 0.026041666666666668 0.046296296296296294
0 0.5026041666666666 0.325 0.026041666666666668 0.046296296296296294
0 0.5203125 0.325 0.026041666666666668 0.046296296296296294
4 0.44479166666666664 0.33425925925925926 0.026041666666666668 0.046296296296296294
0 0.4583333333333333 0.3314814814814815 0.026041666666666668 0.046296296296296294
0 0.4796875 0.3314814814814815 0.026041666666666668 0.046296296296296294
4 0.44583333333333336 0.3472222222222222 0.026041666666666668 0.046296296296296294
4 0.5041666666666667 0.34444444444444444 0.026041666666666668 0.046296296296296294
4 0.5291666666666667 0.35 0.026041666666666668 0.046296296296296294
4 0.37447916666666664 0.3537037037037037 0.026041666666666668 0.046296296296296294
4 0.39479166666666665 0.3537037037037037 0.026041666666666668 0.046296296296296294
4 0.40260416666666665 0.3527777777777778 0.026041666666666668 0.046296296296296294
4 0.41510416666666666 0.35833333333333334 0.026041666666666668 0.046296296296296294
4 0.3802083333333333 0.36574074074074076 0.026041666666666668 0.046296296296296294
4 0.3875 0.3648148148148148 0.026041666666666668 0.046296296296296294
4 0.49166666666666664 0.3638888888888889 0.026041666666666668 0.046296296296296294
4 0.5072916666666667 0.362962962962963 0.026041666666666668 0.046296296296296294
4 0.42552083333333335 0.37222222222222223 0.026041666666666668 0.046296296296296294
3 0.6786458333333333 0.3675925925925926 0.026041666666666668 0.046296296296296294
4 0.41302083333333334 0.3787037037037037 0.026041666666666668 0.046296296296296294
4 0.5078125 0.37592592592592594 0.026041666666666668 0.046296296296296294
4 0.5203125 0.37962962962962965 0.026041666666666668 0.046296296296296294
4 0.6505208333333333 0.37777777777777777 0.026041666666666668 0.046296296296296294
4 0.4203125 0.387037037037037 0.026041666666666668 0.046296296296296294
4 0.43333333333333335 0.38796296296296295 0.026041666666666668 0.046296296296296294
4 0.4953125 0.387037037037037 0.026041666666666668 0.046296296296296294
4 0.5447916666666667 0.38796296296296295 0.026041666666666668 0.046296296296296294
4 0.4401041666666667 0.39444444444444443 0.026041666666666668 0.046296296296296294
4 0.48333333333333334 0.39537037037037037 0.026041666666666668 0.046296296296296294
4 0.5161458333333333 0.39537037037037037 0.026041666666666668 0.046296296296296294
4 0.6557291666666667 0.39444444444444443 0.026041666666666668 0.046296296296296294
2 0.21510416666666668 0.3990740740740741 0.026041666666666668 0.046296296296296294
2 0.19479166666666667 0.40925925925925927 0.026041666666666668 0.046296296296296294
4 0.41875 0.4074074074074074 0.026041666666666668 0.046296296296296294
4 0.5161458333333333 0.40925925925925927 0.026041666666666668 0.046296296296296294
4 0.46041666666666664 0.4166666666666667 0.026041666666666668 0.046296296296296294
4 0.6588541666666666 0.41944444444444445 0.026041666666666668 0.046296296296296294
4 0.37447916666666664 0.42314814814814816 0.026041666666666668 0.046296296296296294
4 0.6546875 0.42777777777777776 0.026041666666666668 0.046296296296296294
4 0.478125 0.43425925925925923 0.026041666666666668 0.046296296296296294
4 0.503125 0.43148148148148147 0.026041666666666668 0.046296296296296294
4 0.45260416666666664 0.4425925925925926 0.026041666666666668 0.046296296296296294
4 0.5177083333333333 0.4425925925925926 0.026041666666666668 0.046296296296296294
4 0.6578125 0.44166666666666665 0.026041666666666668 0.046296296296296294
3 0.7057291666666666 0.43703703703703706 0.026041666666666668 0.046296296296296294
4 0.46927083333333336 0.44907407407407407 0.026041666666666668 0.046296296296296294
4 0.525 0.45092592592592595 0.026041666666666668 0.046296296296296294
3 0.678125 0.45555555555555555 0.026041666666666668 0.046296296296296294
4 0.4947916666666667 0.4648148148148148 0.026041666666666668 0.046296296296296294
4 0.6625 0.46296296296296297 0.026041666666666668 0.046296296296296294
4 0.5114583333333333 0.47129629629629627 0.026041666666666668 0.046296296296296294
3 0.6828125 0.47129629629629627 0.026041666666666668 0.046296296296296294
2 0.215625 0.4787037037037037 0.026041666666666668 0.046296296296296294
4 0.4708333333333333 0.48148148148148145 0.026041666666666668 0.046296296296296294
4 0.5322916666666667 0.48148148148148145 0.026041666666666668 0.046296296296296294
4 0.5244791666666667 0.487962962962963 0.026041666666666668 0.046296296296296294
4 0.6411458333333333 0.48703703703703705 0.026041666666666668 0.046296296296296294
4 0.4671875 0.4962962962962963 0.026041666666666668 0.046296296296296294
4 0.4875 0.5046296296296297 0.026041666666666668 0.046296296296296294
4 0.5328125 0.5037037037037037 0.026041666666666668 0.046296296296296294
4 0.5104166666666666 0.5111111111111111 0.026041666666666668 0.046296296296296294
4 0.5848958333333333 0.5111111111111111 0.026041666666666668 0.046296296296296294
4 0.6375 0.5055555555555555 0.026041666666666668 0.046296296296296294
3 0.6947916666666667 0.5111111111111111 0.026041666666666668 0.046296296296296294
4 0.39947916666666666 0.5194444444444445 0.026041666666666668 0.046296296296296294
4 0.5869791666666667 0.5203703703703704 0.026041666666666668 0.046296296296296294
3 0.6901041666666666 0.5203703703703704 0.026041666666666668 0.046296296296296294
4 0.41510416666666666 0.5268518518518519 0.026041666666666668 0.046296296296296294
4 0.46979166666666666 0.524074074074074 0.026041666666666668 0.046296296296296294
4 0.4864583333333333 0.5203703703703704 0.026041666666666668 0.046296296296296294
4 0.5270833333333333 0.5305555555555556 0.026041666666666668 0.046296296296296294
4 0.665625 0.525 0.026041666666666668 0.046296296296296294
4 0.5484375 0.5324074074074074 0.026041666666666668 0.046296296296296294
4 0.628125 0.5333333333333333 0.026041666666666668 0.046296296296296294
4 0.4421875 0.537962962962963 0.026041666666666668 0.046296296296296294
4 0.5729166666666666 0.5481481481481482 0.026041666666666668 0.046296296296296294
4 0.5848958333333333 0.5462962962962963 0.026041666666666668 0.046296296296296294
4 0.621875 0.55 0.026041666666666668 0.046296296296296294
4 0.5296875 0.5555555555555556 0.026041666666666668 0.046296296296296294
4 0.48072916666666665 0.5611111111111111 0.026041666666666668 0.046296296296296294
3 0.7354166666666667 0.5657407407407408 0.026041666666666668 0.046296296296296294
4 0.6364583333333333 0.5703703703703704 0.026041666666666668 0.046296296296296294
3 0.7567708333333333 0.5685185185185185 0.026041666666666668 0.046296296296296294
4 0.609375 0.5777777777777777 0.026041666666666668 0.046296296296296294
4 0.5760416666666667 0.5898148148148148 0.026041666666666668 0.046296296296296294
3 0.7427083333333333 0.5944444444444444 0.026041666666666668 0.046296296296296294
3 0.75 0.6175925925925926 0.026041666666666668 0.046296296296296294
4 0.5369791666666667 0.6259259259259259 0.026041666666666668 0.046296296296296294
3 0.7588541666666667 0.6268518518518519 0.026041666666666668 0.046296296296296294
4 0.5015625 0.6601851851851852 0.026041666666666668 0.046296296296296294
1 0.7703125 0.6731481481481482 0.026041666666666668 0.046296296296296294
1 0.7411458333333333 0.6814814814814815 0.026041666666666668 0.046296296296296294
1 0.4088541666666667 0.7129629629629629 0.026041666666666668 0.046296296296296294
1 0.8880208333333334 0.7472222222222222 0.026041666666666668 0.046296296296296294
1 0.47760416666666666 0.7453703703703703 0.026041666666666668 0.046296296296296294
1 0.6338541666666667 0.7805555555555556 0.026041666666666668 0.046296296296296294
1 0.40260416666666665 0.787962962962963 0.026041666666666668 0.046296296296296294
1 0.6078125 0.812037037037037 0.026041666666666668 0.046296296296296294
1 0.7661458333333333 0.8361111111111111 0.026041666666666668 0.046296296296296294
1 0.9791666666666666 0.8462962962962963 0.026041666666666668 0.046296296296296294
1 0.8171875 0.9212962962962963 0.026041666666666668 0.046296296296296294
1 0.9723958333333333 0.9407407407407408 0.026041666666666668 0.046296296296296294
1 0.40520833333333334 0.9564814814814815 0.026041666666666668 0.046296296296296294
1 0.8239583333333333 0.8740740740740741 0.026041666666666668 0.046296296296296294
1 0.821875 0.8333333333333334 0.026041666666666668 0.046296296296296294
1 0.871875 0.8148148148148148 0.026041666666666668 0.046296296296296294
1 0.990625 0.8666666666666667 0.026041666666666668 0.046296296296296294
3 0.7645833333333333 0.587037037037037 0.026041666666666668 0.046296296296296294
1 0.7302083333333333 0.7074074074074074 0.026041666666666668 0.046296296296296294
1 0.671875 0.6685185185185185 0.026041666666666668 0.046296296296296294
3 0.6927083333333334 0.5925925925925926 0.026041666666666668 0.046296296296296294
3 0.73125 0.5370370370370371 0.026041666666666668 0.046296296296296294
0 0.7010416666666667 0.2833333333333333 0.026041666666666668 0.046296296296296294
0 0.6916666666666667 0.29814814814814816 0.026041666666666668 0.046296296296296294
2 0.171875 0.4703703703703704 0.026041666666666668 0.046296296296296294
2 0.16354166666666667 0.4111111111111111 0.026041666666666668 0.046296296296296294
4 0.609375 0.6203703703703703 0.026041666666666668 0.046296296296296294
