0 0.3770833333333333 0.07407407407407407 0.026041666666666668 0.046296296296296294
0 0.4708333333333333 0.09537037037037037 0.026041666666666668 0.046296296296296294
0 0.4744791666666667 0.09722222222222222 0.026041666666666668 0.046296296296296294
0 0.4791666666666667 0.09722222222222222 0.026041666666666668 0.046296296296296294
0 0.48333333333333334 0.10462962962962963 0.026041666666666668 0.046296296296296294
0 0.4875 0.10555555555555556 0.026041666666666668 0.046296296296296294
0 0.4703125 0.11388888888888889 0.026041666666666668 0.046296296296296294
0 0.47552083333333334 0.11481481481481481 0.026041666666666668 0.046296296296296294
0 0.4828125 0.12129629629629629 0.026041666666666668 0.046296296296296294
0 0.46979166666666666 0.13055555555555556 0.026041666666666668 0.046296296296296294
0 0.4895833333333333 0.12962962962962962 0.026041666666666668 0.046296296296296294
0 0.44114583333333335 0.13333333333333333 0.026041666666666668 0.046296296296296294
0 0.45364583333333336 0.13425925925925927 0.026041666666666668 0.046296296296296294
0 0.46197916666666666 0.1361111111111111 0.026041666666666668 0.046296296296296294
0 0.47760416666666666 0.13333333333333333 0.026041666666666668 0.046296296296296294
0 0.48333333333333334 0.13518518518518519 0.026041666666666668 0.046296296296296294
0 0.4953125 0.13796296296296295 0.026041666666666668 0.046296296296296294
0 0.4578125 0.14444444444444443 0.026041666666666668 0.046296296296296294
0 0.4739583333333333 0.14629629629629629 0.026041666666666668 0.046296296296296294
0 0.4625 0.1537037037037037 0.026041666666666668 0.046296296296296294
0 0.4859375 0.15462962962962962 0.026041666666666668 0.046296296296296294
0 0.44114583333333335 0.16018518518518518 0.026041666666666668 0.046296296296296294
0 0.4942708333333333 0.16574074074074074 0.026041666666666668 0.046296296296296294
0 0.4578125 0.17685185185185184 0.026041666666666668 0.046296296296296294
0 0.5036458333333333 0.18333333333333332 0.026041666666666668 0.046296296296296294
0 0.42916666666666664 0.1925925925925926 0.026041666666666668 0.046296296296296294
0 0.48489583333333336 0.18981481481481483 0.026041666666666668 0.046296296296296294
0 0.45416666666666666 0.2 0.026041666666666668 0.046296296296296294
0 0.47552083333333334 0.2064814814814815 0.026041666666666668 0.046296296296296294
0 0.4921875 0.2064814814814815 0.026041666666666668 0.046296296296296294
0 0.4484375 0.21666666666666667 0.026041666666666668 0.046296296296296294
0 0.42916666666666664 0.2324074074074074 0.026041666666666668 0.046296296296296294
0 0.42135416666666664 0.23981481481481481 0.026041666666666668 0.046296296296296294
0 0.5140625 0.2361111111111111 0.026041666666666668 0.046296296296296294
0 0.4822916666666667 0.24444444444444444 0.026041666666666668 0.046296296296296294
0 0.4947916666666667 0.25462962962962965 0.026041666666666668 0.046296296296296294
0 0.415625 0.26481481481481484 0.026041666666666668 0.046296296296296294
0 0.48333333333333334 0.26851851851851855 0.026041666666666668 0.046296296296296294
0 0.45 0.2833333333333333 0.026041666666666668 0.046296296296296294
0 0.45625 0.2851851851851852 0.026041666666666668 0.046296296296296294
0 0.4765625 0.2851851851851852 0.026041666666666668 0.046296296296296294
0 0.49895833333333334 0.2833333333333333 0.026041666666666668 0.046296296296296294
0 0.54375 0.28703703703703703 0.026041666666666668 0.046296296296296294
0 0.5109375 0.30092592592592593 0.026041666666666668 0.046296296296296294
0 0.4390625 0.3074074074074074 0.026041666666666668 0.046296296296296294
0 0.45729166666666665 0.30833333333333335 0.026041666666666668 0.046296296296296294
0 0.5046875 0.30833333333333335 0.026041666666666668 0.046296296296296294
0 0.428125 0.31574074074074077 0.026041666666666668 0.046296296296296294
0 0.4734375 0.31666666666666665 0.026041666666666668 0.046296296296296294
0 0.515625 0.31666666666666665 0.026041666666666668 0.046296296296296294
0 0.4125 0.325 0.026041666666666668 0.046296296296296294
0 0.5 0.32314814814814813 0.026041666666666668 0.046296296296296294
0 0.5072916666666667 0.325 0.026041666666666668 0.046296296296296294
0 0.44479166666666664 0.3314814814814815 0.026041666666666668 0.046296296296296294
0 0.46197916666666666 0.33055555555555555 0.026041666666666668 0.046296296296296294
4 0.4239583333333333 0.3416666666666667 0.026041666666666668 0.046296296296296294
4 0.4734375 0.3490740740740741 0.026041666666666668 0.046296296296296294
4 0.49895833333333334 0.34629629629629627 0.026041666666666668 0.046296296296296294
4 0.39166666666666666 0.35462962962962963 0.026041666666666668 0.046296296296296294
4 0.42864583333333334 0.35462962962962963 0.026041666666666668 0.046296296296296294
4 0.5161458333333333 0.35555555555555557 0.026041666666666668 0.046296296296296294
3 0.6692708333333334 0.3537037037037037 0.026041666666666668 0.046296296296296294
4 0.5119791666666667 0.3648148148148148 0.026041666666666668 0.046296296296296294
4 0.375 0.37037037037037035 0.026041666666666668 0.046296296296296294
4 0.415625 0.3731481481481482 0.026041666666666668 0.046296296296296294
4 0.5203125 0.36944444444444446 0.026041666666666668 0.046296296296296294
4 0.4083333333333333 0.3787037037037037 0.026041666666666668 0.046296296296296294
4 0.4244791666666667 0.38055555555555554 0.026041666666666668 0.046296296296296294
4 0.5119791666666667 0.37777777777777777 0.026041666666666668 0.046296296296296294
4 0.37916666666666665 0.3888888888888889 0.026041666666666668 0.046296296296296294
4 0.39895833333333336 0.387037037037037 0.026041666666666668 0.046296296296296294
4 0.65 0.39351851851851855 0.026041666666666668 0.046296296296296294
2 0.20208333333333334 0.3972222222222222 0.026041666666666668 0.046296296296296294
4 0.4078125 0.4 0.026041666666666668 0.046296296296296294
4 0.4203125 0.4027777777777778 0.026041666666666668 0.046296296296296294
4 0.428125 0.40185185185185185 0.026041666666666668 0.046296296296296294
4 0.5114583333333333 0.40185185185185185 0.026041666666666668 0.046296296296296294
4 0.39427083333333335 0.4101851851851852 0.026041666666666668 0.046296296296296294
4 0.44583333333333336 0.40925925925925927 0.026041666666666668 0.046296296296296294
4 0.5166666666666667 0.4111111111111111 0.026041666666666668 0.046296296296296294
4 0.6546875 0.40925925925925927 0.026041666666666668 0.046296296296296294
2 0.17916666666666667 0.4203703703703704 0.026041666666666668 0.046296296296296294
4 0.375 0.41759259259259257 0.026041666666666668 0.046296296296296294
4 0.3880208333333333 0.425 0.026041666666666668 0.046296296296296294
4 0.40625 0.42685185185185187 0.026041666666666668 0.046296296296296294
4 0.5083333333333333 0.42685185185185187 0.026041666666666668 0.046296296296296294
4 0.5208333333333334 0.42777777777777776 0.026041666666666668 0.046296296296296294
4 0.39427083333333335 0.43148148148148147 0.026041666666666668 0.046296296296296294
4 0.4708333333333333 0.4351851851851852 0.026041666666666668 0.046296296296296294
4 0.5119791666666667 0.44537037037037036 0.026041666666666668 0.046296296296296294
4 0.6645833333333333 0.44166666666666665 0.026041666666666668 0.046296296296296294
3 0.6854166666666667 0.4388888888888889 0.026041666666666668 0.046296296296296294
3 0.70625 0.43796296296296294 0.026041666666666668 0.046296296296296294
4 0.403125 0.45092592592592595 0.026041666666666668 0.046296296296296294
4 0.5046875 0.45185185185185184 0.026041666666666668 0.046296296296296294
2 0.18020833333333333 0.4546296296296296 0.026041666666666668 0.046296296296296294
4 0.37916666666666665 0.45740740740740743 0.026041666666666668 0.046296296296296294
4 0.4114583333333333 0.4564814814814815 0.026041666666666668 0.046296296296296294
4 0.4739583333333333 0.4546296296296296 0.026041666666666668 0.046296296296296294
4 0.665625 0.45555555555555555 0.026041666666666668 0.046296296296296294
3 0.6817708333333333 0.4564814814814815 0.026041666666666668 0.046296296296296294
4 0.39010416666666664 0.46574074074074073 0.026041666666666668 0.046296296296296294
4 0.5088541666666667 0.4666666666666667 0.026041666666666668 0.046296296296296294
4 0.37395833333333334 0.475 0.026041666666666668 0.046296296296296294
4 0.4125 0.47129629629629627 0.026041666666666668 0.046296296296296294
4 0.5088541666666667 0.47962962962962963 0.026041666666666668 0.046296296296296294
3 0.69375 0.48055555555555557 0.026041666666666668 0.046296296296296294
4 0.375 0.487962962962963 0.026041666666666668 0.046296296296296294
4 0.44583333333333336 0.48148148148148145 0.026041666666666668 0.046296296296296294
4 0.6244791666666667 0.48703703703703705 0.026041666666666668 0.046296296296296294
4 0.3953125 0.49537037037037035 0.026041666666666668 0.046296296296296294
4 0.45989583333333334 0.49166666666666664 0.026041666666666668 0.046296296296296294
4 0.5125 0.49444444444444446 0.026041666666666668 0.046296296296296294
4 0.5984375 0.4898148148148148 0.026041666666666668 0.046296296296296294
4 0.6135416666666667 0.4962962962962963 0.026041666666666668 0.046296296296296294
3 0.6875 0.49722222222222223 0.026041666666666668 0.046296296296296294
4 0.4375 0.5037037037037037 0.026041666666666668 0.046296296296296294
4 0.6291666666666667 0.5009259259259259 0.026041666666666668 0.046296296296296294
4 0.38229166666666664 0.512962962962963 0.026041666666666668 0.046296296296296294
4 0.4739583333333333 0.5101851851851852 0.026041666666666668 0.046296296296296294
4 0.5369791666666667 0.5092592592592593 0.026041666666666668 0.046296296296296294
3 0.6901041666666666 0.5138888888888888 0.026041666666666668 0.046296296296296294
3 0.7427083333333333 0.5083333333333333 0.026041666666666668 0.046296296296296294
4 0.5317708333333333 0.5212962962962963 0.026041666666666668 0.046296296296296294
4 0.6223958333333334 0.5222222222222223 0.026041666666666668 0.046296296296296294
4 0.6291666666666667 0.5185185185185185 0.026041666666666668 0.046296296296296294
4 0.6666666666666666 0.5277777777777778 0.026041666666666668 0.046296296296296294
3 0.7244791666666667 0.5231481481481481 0.026041666666666668 0.046296296296296294
4 0.390625 0.5324074074074074 0.026041666666666668 0.046296296296296294
4 0.6020833333333333 0.5388888888888889 0.026041666666666668 0.046296296296296294
4 0.61875 0.5481481481481482 0.026041666666666668 0.046296296296296294
4 0.5479166666666667 0.5527777777777778 0.026041666666666668 0.046296296296296294
4 0.5817708333333333 0.5564814814814815 0.026041666666666668 0.046296296296296294
4 0.553125 0.562962962962963 0.026041666666666668 0.046296296296296294
3 0.7619791666666667 0.5657407407407408 0.026041666666666668 0.046296296296296294
4 0.64375 0.5657407407407408 0.026041666666666668 0.046296296296296294
3 0.7447916666666666 0.5722222222222222 0.026041666666666668 0.046296296296296294
3 0.7703125 0.5953703703703703 0.026041666666666668 0.046296296296296294
4 0.5083333333333333 0.6055555555555555 0.026041666666666668 0.046296296296296294
3 0.7536458333333333 0.6203703703703703 0.026041666666666668 0.046296296296296294
4 0.415625 0.6277777777777778 0.026041666666666668 0.046296296296296294
4 0.4947916666666667 0.6231481481481481 0.026041666666666668 0.046296296296296294
4 0.6041666666666666 0.6277777777777778 0.026041666666666668 0.046296296296296294
4 0.5958333333333333 0.6453703703703704 0.026041666666666668 0.046296296296296294
4 0.4322916666666667 0.6601851851851852 0.026041666666666668 0.046296296296296294
1 0.45625 0.6694444444444444 0.026041666666666668 0.046296296296296294
1 0.4942708333333333 0.6805555555555556 0.026041666666666668 0.046296296296296294
1 0.7661458333333333 0.6805555555555556 0.026041666666666668 0.046296296296296294
1 0.8828125 0.7453703703703703 0.026041666666666668 0.046296296296296294
1 0.4822916666666667 0.799074074074074 0.026041666666666668 0.046296296296296294
1 0.41041666666666665 0.8009259259259259 0.026041666666666668 0.046296296296296294
1 0.3614583333333333 0.8083333333333333 0.026041666666666668 0.046296296296296294
1 0.51875 0.8361111111111111 0.026041666666666668 0.046296296296296294
1 0.6296875 0.8333333333333334 0.026041666666666668 0.046296296296296294
1 0.5916666666666667 0.8314814814814815 0.026041666666666668 0.046296296296296294
1 0.9786458333333333 0.8444444444444444 0.026041666666666668 0.046296296296296294
1 0.7473958333333334 0.8805555555555555 0.026041666666666668 0.046296296296296294
1 0.8182291666666667 0.9175925925925926 0.026041666666666668 0.046296296296296294
1 0.9697916666666667 0.9481481481481482 0.026041666666666668 0.046296296296296294
1 0.9614583333333333 0.987037037037037 0.026041666666666668 0.046296296296296294
1 0.828125 0.8277777777777777 0.026041666666666668 0.046296296296296294
1 0.99375 0.8574074074074074 0.026041666666666668 0.046296296296296294
1 0.8708333333333333 0.8018518518518518 0.026041666666666668 0.046296296296296294
3 0.7375 0.6555555555555556 0.026041666666666668 0.046296296296296294
3 0.7239583333333334 0.55 0.026041666666666668 0.046296296296296294
0 0.703125 0.2574074074074074 0.026041666666666668 0.046296296296296294
2 0.21666666666666667 0.4 0.026041666666666668 0.046296296296296294
2 0.16875 0.42962962962962964 0.026041666666666668 0.046296296296296294
4 0.46770833333333334 0.5407407407407407 0.026041666666666668 0.046296296296296294
4 0.5385416666666667 0.6 0.026041666666666668 0.046296296296296294
1 0.396875 0.9314814814814815 0.026041666666666668 0.046296296296296294
4 0.46458333333333335 0.3851851851851852 0.026041666666666668 0.046296296296296294
4 0.4510416666666667 0.3537037037037037 0.026041666666666668 0.046296296296296294
4 0.546875 0.4148148148148148 0.026041666666666668 0.046296296296296294
4 0.6520833333333333 0.4351851851851852 0.026041666666666668 0.046296296296296294
4 0.378125 0.5611111111111111 0.026041666666666668 0.046296296296296294
4 0.40625 0.5685185185185185 0.026041666666666668 0.046296296296296294
4 0.39895833333333336 0.6148148148148148 0.026041666666666668 0.046296296296296294
