0 0.49114583333333334 0.09722222222222222 0.026041666666666668 0.046296296296296294
0 0.4828125 0.10555555555555556 0.026041666666666668 0.046296296296296294
0 0.46145833333333336 0.12314814814814815 0.026041666666666668 0.046296296296296294
0 0.4546875 0.1287037037037037 0.026041666666666668 0.046296296296296294
0 0.4708333333333333 0.1287037037037037 0.026041666666666668 0.046296296296296294
0 0.4421875 0.13518518518518519 0.026041666666666668 0.046296296296296294
0 0.4484375 0.1388888888888889 0.026041666666666668 0.046296296296296294
0 0.484375 0.13796296296296295 0.026041666666666668 0.046296296296296294
0 0.4901041666666667 0.1388888888888889 0.026041666666666668 0.046296296296296294
0 0.43385416666666665 0.14351851851851852 0.026041666666666668 0.046296296296296294
0 0.45677083333333335 0.14351851851851852 0.026041666666666668 0.046296296296296294
0 0.4739583333333333 0.14629629629629629 0.026041666666666668 0.046296296296296294
0 0.4786458333333333 0.15462962962962962 0.026041666666666668 0.046296296296296294
0 0.4921875 0.1685185185185185 0.026041666666666668 0.046296296296296294
0 0.4661458333333333 0.17685185185185184 0.026041666666666668 0.046296296296296294
0 0.48333333333333334 0.18425925925925926 0.026041666666666668 0.046296296296296294
0 0.46145833333333336 0.1925925925925926 0.026041666666666668 0.046296296296296294
0 0.50625 0.2101851851851852 0.026041666666666668 0.046296296296296294
0 0.4666666666666667 0.23148148148148148 0.026041666666666668 0.046296296296296294
0 0.5072916666666667 0.2796296296296296 0.026041666666666668 0.046296296296296294
0 0.42291666666666666 0.2833333333333333 0.026041666666666668 0.046296296296296294
0 0.4265625 0.28425925925925927 0.026041666666666668 0.046296296296296294
0 0.44427083333333334 0.2833333333333333 0.026041666666666668 0.046296296296296294
0 0.5119791666666667 0.2861111111111111 0.026041666666666668 0.046296296296296294
0 0.6958333333333333 0.28703703703703703 0.026041666666666668 0.046296296296296294
0 0.49114583333333334 0.29074074074074074 0.026041666666666668 0.046296296296296294
0 0.4453125 0.29814814814814816 0.026041666666666668 0.046296296296296294
0 0.45729166666666665 0.3 0.026041666666666668 0.046296296296296294
0 0.4817708333333333 0.3 0.026041666666666668 0.046296296296296294
0 0.503125 0.30185185185185187 0.026041666666666668 0.046296296296296294
0 0.5125 0.30092592592592593 0.026041666666666668 0.046296296296296294
0 0.4791666666666667 0.3101851851851852 0.026041666666666668 0.046296296296296294
0 0.4171875 0.31574074074074077 0.026041666666666668 0.046296296296296294
0 0.43333333333333335 0.3148148148148148 0.026041666666666668 0.046296296296296294
0 0.4708333333333333 0.31296296296296294 0.026041666666666668 0.046296296296296294
0 0.4828125 0.3138888888888889 0.026041666666666668 0.046296296296296294
0 0.5072916666666667 0.31666666666666665 0.026041666666666668 0.046296296296296294
0 0.6734375 0.3111111111111111 0.026041666666666668 0.046296296296296294
0 0.7020833333333333 0.3138888888888889 0.026041666666666668 0.046296296296296294
0 0.47760416666666666 0.32314814814814813 0.026041666666666668 0.046296296296296294
0 0.515625 0.3212962962962963 0.026041666666666668 0.046296296296296294
4 0.5036458333333333 0.3333333333333333 0.026041666666666668 0.046296296296296294
4 0.4234375 0.3425925925925926 0.026041666666666668 0.046296296296296294
4 0.4578125 0.35185185185185186 0.026041666666666668 0.046296296296296294
4 0.490625 0.34629629629629627 0.026041666666666668 0.046296296296296294
4 0.503125 0.3490740740740741 0.026041666666666668 0.046296296296296294
4 0.3828125 0.3537037037037037 0.026041666666666668 0.046296296296296294
4 0.39947916666666666 0.35555555555555557 0.026041666666666668 0.046296296296296294
4 0.425 0.35462962962962963 0.026041666666666668 0.046296296296296294
4 0.4453125 0.35648148148148145 0.026041666666666668 0.046296296296296294
4 0.478125 0.35555555555555557 0.026041666666666668 0.046296296296296294
4 0.4578125 0.3638888888888889 0.026041666666666668 0.046296296296296294
4 0.6494791666666667 0.362962962962963 0.026041666666666668 0.046296296296296294
3 0.7036458333333333 0.3611111111111111 0.026041666666666668 0.046296296296296294
4 0.37447916666666664 0.3731481481481482 0.026041666666666668 0.046296296296296294
4 0.4125 0.37222222222222223 0.026041666666666668 0.046296296296296294
4 0.40260416666666665 0.3768518518518518 0.026041666666666668 0.046296296296296294
4 0.49947916666666664 0.37777777777777777 0.026041666666666668 0.046296296296296294
4 0.5114583333333333 0.38055555555555554 0.026041666666666668 0.046296296296296294
4 0.43645833333333334 0.3888888888888889 0.026041666666666668 0.046296296296296294
4 0.4739583333333333 0.3861111111111111 0.026041666666666668 0.046296296296296294
4 0.453125 0.39351851851851855 0.026041666666666668 0.046296296296296294
2 0.19270833333333334 0.4009259259259259 0.026041666666666668 0.046296296296296294
2 0.215625 0.39814814814814814 0.026041666666666668 0.046296296296296294
4 0.4869791666666667 0.40555555555555556 0.026041666666666668 0.046296296296296294
4 0.6572916666666667 0.40185185185185185 0.026041666666666668 0.046296296296296294
4 0.6505208333333333 0.4083333333333333 0.026041666666666668 0.046296296296296294
4 0.3885416666666667 0.4166666666666667 0.026041666666666668 0.046296296296296294
4 0.41302083333333334 0.41759259259259257 0.026041666666666668 0.046296296296296294
4 0.43697916666666664 0.4166666666666667 0.026041666666666668 0.046296296296296294
4 0.5072916666666667 0.41944444444444445 0.026041666666666668 0.046296296296296294
4 0.6541666666666667 0.4203703703703704 0.026041666666666668 0.046296296296296294
4 0.6651041666666667 0.41944444444444445 0.026041666666666668 0.046296296296296294
3 0.6989583333333333 0.41759259259259257 0.026041666666666668 0.046296296296296294
4 0.453125 0.42407407407407405 0.026041666666666668 0.046296296296296294
2 0.203125 0.43703703703703706 0.026041666666666668 0.046296296296296294
4 0.6505208333333333 0.4398148148148148 0.026041666666666668 0.046296296296296294
4 0.5244791666666667 0.44907407407407407 0.026041666666666668 0.046296296296296294
3 0.7078125 0.4462962962962963 0.026041666666666668 0.046296296296296294
4 0.6645833333333333 0.45555555555555555 0.026041666666666668 0.046296296296296294
3 0.6786458333333333 0.4537037037037037 0.026041666666666668 0.046296296296296294
4 0.5244791666666667 0.4648148148148148 0.026041666666666668 0.046296296296296294
3 0.6864583333333333 0.4648148148148148 0.026041666666666668 0.046296296296296294
4 0.65 0.4740740740740741 0.026041666666666668 0.046296296296296294
3 0.7067708333333333 0.4685185185185185 0.026041666666666668 0.046296296296296294
4 0.6380208333333334 0.48055555555555557 0.026041666666666668 0.046296296296296294
4 0.5244791666666667 0.48518518518518516 0.026041666666666668 0.046296296296296294
4 0.5072916666666667 0.49444444444444446 0.026041666666666668 0.046296296296296294
4 0.6151041666666667 0.5037037037037037 0.026041666666666668 0.046296296296296294
3 0.6864583333333333 0.5064814814814815 0.026041666666666668 0.046296296296296294
4 0.590625 0.5148148148148148 0.026041666666666668 0.046296296296296294
4 0.6041666666666666 0.5185185185185185 0.026041666666666668 0.046296296296296294
3 0.6713541666666667 0.5185185185185185 0.026041666666666668 0.046296296296296294
4 0.6223958333333334 0.5268518518518519 0.026041666666666668 0.046296296296296294
3 0.7265625 0.525 0.026041666666666668 0.046296296296296294
4 0.6083333333333333 0.5407407407407407 0.026041666666666668 0.046296296296296294
4 0.628125 0.5453703703703704 0.026041666666666668 0.046296296296296294
3 0.6703125 0.55 0.026041666666666668 0.046296296296296294
4 0.5317708333333333 0.5564814814814815 0.026041666666666668 0.046296296296296294
3 0.7479166666666667 0.5574074074074075 0.026041666666666668 0.046296296296296294
4 0.5203125 0.5657407407407408 0.026041666666666668 0.046296296296296294
4 0.6244791666666667 0.562962962962963 0.026041666666666668 0.046296296296296294
3 0.7322916666666667 0.5722222222222222 0.026041666666666668 0.046296296296296294
4 0.6609375 0.5796296296296296 0.026041666666666668 0.046296296296296294
4 0.41458333333333336 0.5916666666666667 0.026041666666666668 0.046296296296296294
4 0.6067708333333334 0.5916666666666667 0.026041666666666668 0.046296296296296294
4 0.46822916666666664 0.600925925925926 0.026041666666666668 0.046296296296296294
4 0.5114583333333333 0.6129629629629629 0.026041666666666668 0.046296296296296294
4 0.6651041666666667 0.612037037037037 0.026041666666666668 0.046296296296296294
4 0.5458333333333333 0.6287037037037037 0.026041666666666668 0.046296296296296294
4 0.5776041666666667 0.6416666666666667 0.026041666666666668 0.046296296296296294
4 0.5854166666666667 0.6666666666666666 0.026041666666666668 0.046296296296296294
1 0.4786458333333333 0.6851851851851852 0.026041666666666668 0.046296296296296294
1 0.83125 0.7064814814814815 0.026041666666666668 0.046296296296296294
1 0.4546875 0.7157407407407408 0.026041666666666668 0.046296296296296294
1 0.5473958333333333 0.7101851851851851 0.026041666666666668 0.046296296296296294
1 0.39739583333333334 0.7657407407407407 0.026041666666666668 0.046296296296296294
1 0.5015625 0.7564814814814815 0.026041666666666668 0.046296296296296294
1 0.3536458333333333 0.8 0.026041666666666668 0.046296296296296294
1 0.3875 0.8027777777777778 0.026041666666666668 0.046296296296296294
1 0.6791666666666667 0.7972222222222223 0.026041666666666668 0.046296296296296294
1 0.11875 0.812962962962963 0.026041666666666668 0.046296296296296294
1 0.5145833333333333 0.8111111111111111 0.026041666666666668 0.046296296296296294
1 0.553125 0.8194444444444444 0.026041666666666668 0.046296296296296294
1 0.8239583333333333 0.8388888888888889 0.026041666666666668 0.046296296296296294
1 0.057291666666666664 0.8425925925925926 0.026041666666666668 0.046296296296296294
1 0.6265625 0.8342592592592593 0.026041666666666668 0.046296296296296294
1 0.09947916666666666 0.8675925925925926 0.026041666666666668 0.046296296296296294
1 0.14583333333333334 0.8694444444444445 0.026041666666666668 0.046296296296296294
1 0.2328125 0.8583333333333333 0.026041666666666668 0.046296296296296294
1 0.8296875 0.8694444444444445 0.026041666666666668 0.046296296296296294
1 0.071875 0.8907407407407407 0.026041666666666668 0.046296296296296294
1 0.005729166666666666 0.899074074074074 0.026041666666666668 0.046296296296296294
1 0.3177083333333333 0.899074074074074 0.026041666666666668 0.046296296296296294
1 0.8291666666666667 0.9 0.026041666666666668 0.046296296296296294
1 0.43854166666666666 0.9 0.026041666666666668 0.046296296296296294
1 0.19583333333333333 0.9037037037037037 0.026041666666666668 0.046296296296296294
1 0.47552083333333334 0.9157407407407407 0.026041666666666668 0.046296296296296294
1 0.5822916666666667 0.9101851851851852 0.026041666666666668 0.046296296296296294
1 0.9942708333333333 0.9111111111111111 0.026041666666666668 0.046296296296296294
1 0.0703125 0.925 0.026041666666666668 0.046296296296296294
1 0.25416666666666665 0.9222222222222223 0.026041666666666668 0.046296296296296294
1 0.28958333333333336 0.924074074074074 0.026041666666666668 0.046296296296296294
1 0.7880208333333333 0.9388888888888889 0.026041666666666668 0.046296296296296294
1 0.016145833333333335 0.9462962962962963 0.026041666666666668 0.046296296296296294
4 0.3885416666666667 0.6314814814814815 0.026041666666666668 0.046296296296296294
2 0.175 0.4166666666666667 0.026041666666666668 0.046296296296296294
1 0.7197916666666667 0.7944444444444444 0.026041666666666668 0.046296296296296294
1 0.7260416666666667 0.7092592592592593 0.026041666666666668 0.046296296296296294
3 0.7520833333333333 0.6370370370370371 0.026041666666666668 0.046296296296296294
3 0.771875 0.6666666666666666 0.026041666666666668 0.046296296296296294
1 0.8875 0.7388888888888889 0.026041666666666668 0.046296296296296294
1 0.884375 0.825925925925926 0.026041666666666668 0.046296296296296294
1 0.8322916666666667 0.9407407407407408 0.026041666666666668 0.046296296296296294
4 0.628125 0.6222222222222222 0.026041666666666668 0.046296296296296294
4 0.6125 0.6537037037037037 0.026041666666666668 0.046296296296296294
1 0.446875 0.6814814814814815 0.026041666666666668 0.046296296296296294
4 0.43333333333333335 0.4722222222222222 0.026041666666666668 0.046296296296296294
1 0.971875 0.9518518518518518 0.026041666666666668 0.046296296296296294
