0 0.4822916666666667 0.12222222222222222 0.026041666666666668 0.046296296296296294
0 0.4947916666666667 0.12407407407407407 0.026041666666666668 0.046296296296296294
0 0.46510416666666665 0.12685185185185185 0.026041666666666668 0.046296296296296294
0 0.4703125 0.1287037037037037 0.026041666666666668 0.046296296296296294
0 0.4895833333333333 0.13055555555555556 0.026041666666666668 0.046296296296296294
0 0.44895833333333335 0.13333333333333333 0.026041666666666668 0.046296296296296294
0 0.4869791666666667 0.14074074074074075 0.026041666666666668 0.046296296296296294
0 0.4739583333333333 0.14722222222222223 0.026041666666666668 0.046296296296296294
0 0.4822916666666667 0.15462962962962962 0.026041666666666668 0.046296296296296294
0 0.4984375 0.1675925925925926 0.026041666666666668 0.046296296296296294
0 0.4317708333333333 0.17314814814814813 0.026041666666666668 0.046296296296296294
0 0.4583333333333333 0.17222222222222222 0.026041666666666668 0.046296296296296294
0 0.4791666666666667 0.17592592592592593 0.026041666666666668 0.046296296296296294
0 0.49114583333333334 0.17592592592592593 0.026041666666666668 0.046296296296296294
0 0.49895833333333334 0.18425925925925926 0.026041666666666668 0.046296296296296294
0 0.515625 0.18518518518518517 0.026041666666666668 0.046296296296296294
0 0.4703125 0.19537037037037036 0.026041666666666668 0.046296296296296294
0 0.5088541666666667 0.19907407407407407 0.026041666666666668 0.046296296296296294
0 0.5151041666666667 0.2 0.026041666666666668 0.046296296296296294
0 0.43802083333333336 0.21388888888888888 0.026041666666666668 0.046296296296296294
0 0.49166666666666664 0.2175925925925926 0.026041666666666668 0.046296296296296294
0 0.5036458333333333 0.21481481481481482 0.026041666666666668 0.046296296296296294
0 0.4666666666666667 0.2212962962962963 0.026041666666666668 0.046296296296296294
0 0.4421875 0.22962962962962963 0.026041666666666668 0.046296296296296294
0 0.4791666666666667 0.23055555555555557 0.026041666666666668 0.046296296296296294
0 0.42864583333333334 0.2537037037037037 0.026041666666666668 0.046296296296296294
0 0.475 0.2675925925925926 0.026041666666666668 0.046296296296296294
0 0.428125 0.275 0.026041666666666668 0.046296296296296294
0 0.4859375 0.2759259259259259 0.026041666666666668 0.046296296296296294
0 0.4979166666666667 0.27685185185185185 0.026041666666666668 0.046296296296296294
0 0.5114583333333333 0.28703703703703703 0.026041666666666668 0.046296296296296294
0 0.4625 0.2916666666666667 0.026041666666666668 0.046296296296296294
0 0.4859375 0.2916666666666667 0.026041666666666668 0.046296296296296294
0 0.5036458333333333 0.2935185185185185 0.026041666666666668 0.046296296296296294
0 0.6901041666666666 0.2916666666666667 0.026041666666666668 0.046296296296296294
0 0.43333333333333335 0.30185185185185187 0.026041666666666668 0.046296296296296294
0 0.46822916666666664 0.30277777777777776 0.026041666666666668 0.046296296296296294
0 0.428125 0.3101851851851852 0.026041666666666668 0.046296296296296294
0 0.45 0.3101851851851852 0.026041666666666668 0.046296296296296294
0 0.490625 0.31574074074074077 0.026041666666666668 0.046296296296296294
0 0.515625 0.31851851851851853 0.026041666666666668 0.046296296296296294
0 0.70625 0.31296296296296294 0.026041666666666668 0.046296296296296294
0 0.46927083333333336 0.325 0.026041666666666668 0.046296296296296294
0 0.44479166666666664 0.33240740740740743 0.026041666666666668 0.046296296296296294
0 0.45260416666666664 0.3314814814814815 0.026041666666666668 0.046296296296296294
4 0.5119791666666667 0.33425925925925926 0.026041666666666668 0.046296296296296294
4 0.4125 0.34074074074074073 0.026041666666666668 0.046296296296296294
4 0.3880208333333333 0.3472222222222222 0.026041666666666668 0.046296296296296294
4 0.3953125 0.35648148148148145 0.026041666666666668 0.046296296296296294
4 0.43697916666666664 0.35648148148148145 0.026041666666666668 0.046296296296296294
4 0.49895833333333334 0.3537037037037037 0.026041666666666668 0.046296296296296294
2 0.16614583333333333 0.3731481481481482 0.026041666666666668 0.046296296296296294
4 0.5072916666666667 0.37037037037037035 0.026041666666666668 0.046296296296296294
4 0.51875 0.3712962962962963 0.026041666666666668 0.046296296296296294
4 0.49375 0.3851851851851852 0.026041666666666668 0.046296296296296294
4 0.50625 0.3851851851851852 0.026041666666666668 0.046296296296296294
4 0.5291666666666667 0.38425925925925924 0.026041666666666668 0.046296296296296294
4 0.4828125 0.39444444444444443 0.026041666666666668 0.046296296296296294
4 0.5151041666666667 0.39537037037037037 0.026041666666666668 0.046296296296296294
3 0.6880208333333333 0.39444444444444443 0.026041666666666668 0.046296296296296294
4 0.4239583333333333 0.40185185185185185 0.026041666666666668 0.046296296296296294
4 0.5270833333333333 0.4009259259259259 0.026041666666666668 0.046296296296296294
4 0.6505208333333333 0.4009259259259259 0.026041666666666668 0.046296296296296294
2 0.21614583333333334 0.4074074074074074 0.026041666666666668 0.046296296296296294
2 0.17604166666666668 0.41574074074074074 0.026041666666666668 0.046296296296296294
2 0.20260416666666667 0.4166666666666667 0.026041666666666668 0.046296296296296294
4 0.4744791666666667 0.4185185185185185 0.026041666666666668 0.046296296296296294
3 0.6833333333333333 0.42962962962962964 0.026041666666666668 0.046296296296296294
4 0.5 0.43333333333333335 0.026041666666666668 0.046296296296296294
3 0.6697916666666667 0.43425925925925923 0.026041666666666668 0.046296296296296294
4 0.44427083333333334 0.43703703703703706 0.026041666666666668 0.046296296296296294
3 0.6828125 0.4425925925925926 0.026041666666666668 0.046296296296296294
3 0.7130208333333333 0.43703703703703706 0.026041666666666668 0.046296296296296294
4 0.45729166666666665 0.44814814814814813 0.026041666666666668 0.046296296296296294
4 0.4953125 0.45 0.026041666666666668 0.046296296296296294
4 0.5166666666666667 0.44814814814814813 0.026041666666666668 0.046296296296296294
4 0.5197916666666667 0.4638888888888889 0.026041666666666668 0.046296296296296294
3 0.6677083333333333 0.4648148148148148 0.026041666666666668 0.046296296296296294
4 0.39479166666666665 0.47314814814814815 0.026041666666666668 0.046296296296296294
4 0.42552083333333335 0.47962962962962963 0.026041666666666668 0.046296296296296294
4 0.6333333333333333 0.47962962962962963 0.026041666666666668 0.046296296296296294
4 0.5072916666666667 0.48703703703703705 0.026041666666666668 0.046296296296296294
3 0.6734375 0.4888888888888889 0.026041666666666668 0.046296296296296294
4 0.6619791666666667 0.4935185185185185 0.026041666666666668 0.046296296296296294
3 0.69375 0.49537037037037035 0.026041666666666668 0.046296296296296294
4 0.6041666666666666 0.5046296296296297 0.026041666666666668 0.046296296296296294
4 0.6541666666666667 0.5027777777777778 0.026041666666666668 0.046296296296296294
3 0.6744791666666666 0.5046296296296297 0.026041666666666668 0.046296296296296294
4 0.6302083333333334 0.5120370370370371 0.026041666666666668 0.046296296296296294
4 0.6666666666666666 0.5212962962962963 0.026041666666666668 0.046296296296296294
3 0.7036458333333333 0.5203703703703704 0.026041666666666668 0.046296296296296294
4 0.6239583333333333 0.5287037037037037 0.026041666666666668 0.046296296296296294
3 0.7192708333333333 0.5342592592592592 0.026041666666666668 0.046296296296296294
4 0.603125 0.5435185185185185 0.026041666666666668 0.046296296296296294
3 0.7359375 0.5388888888888889 0.026041666666666668 0.046296296296296294
4 0.5703125 0.5555555555555556 0.026041666666666668 0.046296296296296294
4 0.6369791666666667 0.5546296296296296 0.026041666666666668 0.046296296296296294
3 0.7213541666666666 0.5601851851851852 0.026041666666666668 0.046296296296296294
4 0.4947916666666667 0.5648148148148148 0.026041666666666668 0.046296296296296294
4 0.5494791666666666 0.562037037037037 0.026041666666666668 0.046296296296296294
3 0.740625 0.562037037037037 0.026041666666666668 0.046296296296296294
3 0.753125 0.5638888888888889 0.026041666666666668 0.046296296296296294
3 0.7614583333333333 0.5657407407407408 0.026041666666666668 0.046296296296296294
3 0.7453125 0.5814814814814815 0.026041666666666668 0.046296296296296294
4 0.40520833333333334 0.5879629629629629 0.026041666666666668 0.046296296296296294
4 0.45416666666666666 0.5861111111111111 0.026041666666666668 0.046296296296296294
4 0.48125 0.5842592592592593 0.026041666666666668 0.046296296296296294
3 0.7625 0.5888888888888889 0.026041666666666668 0.046296296296296294
4 0.37447916666666664 0.5981481481481481 0.026041666666666668 0.046296296296296294
4 0.4244791666666667 0.5879629629629629 0.026041666666666668 0.046296296296296294
4 0.38697916666666665 0.6064814814814815 0.026041666666666668 0.046296296296296294
4 0.4354166666666667 0.6185185185185185 0.026041666666666668 0.046296296296296294
4 0.6130208333333333 0.6194444444444445 0.026041666666666668 0.046296296296296294
4 0.659375 0.6194444444444445 0.026041666666666668 0.046296296296296294
2 0.1875 0.6351851851851852 0.026041666666666668 0.046296296296296294
4 0.4984375 0.6462962962962963 0.026041666666666668 0.046296296296296294
4 0.4166666666666667 0.6648148148148149 0.026041666666666668 0.046296296296296294
1 0.5109375 0.6712962962962963 0.026041666666666668 0.046296296296296294
1 0.7630208333333334 0.674074074074074 0.026041666666666668 0.046296296296296294
1 0.675 0.6833333333333333 0.026041666666666668 0.046296296296296294
1 0.7067708333333333 0.6796296296296296 0.026041666666666668 0.046296296296296294
1 0.7848958333333333 0.6824074074074075 0.026041666666666668 0.046296296296296294
1 0.8848958333333333 0.7472222222222222 0.026041666666666668 0.046296296296296294
1 0.44635416666666666 0.7675925925925926 0.026041666666666668 0.046296296296296294
1 0.2109375 0.7842592592592592 0.026041666666666668 0.046296296296296294
1 0.1546875 0.7805555555555556 0.026041666666666668 0.046296296296296294
1 0.6552083333333333 0.7972222222222223 0.026041666666666668 0.046296296296296294
1 0.7671875 0.8185185185185185 0.026041666666666668 0.046296296296296294
1 0.365625 0.8435185185185186 0.026041666666666668 0.046296296296296294
1 0.7901041666666667 0.8583333333333333 0.026041666666666668 0.046296296296296294
1 0.8255208333333334 0.8601851851851852 0.026041666666666668 0.046296296296296294
1 0.9338541666666667 0.8712962962962963 0.026041666666666668 0.046296296296296294
1 0.3104166666666667 0.8675925925925926 0.026041666666666668 0.046296296296296294
1 0.2546875 0.8898148148148148 0.026041666666666668 0.046296296296296294
1 0.4979166666666667 0.899074074074074 0.026041666666666668 0.046296296296296294
1 0.6953125 0.912962962962963 0.026041666666666668 0.046296296296296294
1 0.9359375 0.9185185185185185 0.026041666666666668 0.046296296296296294
1 0.8265625 0.9388888888888889 0.026041666666666668 0.046296296296296294
1 0.7229166666666667 0.937962962962963 0.026041666666666668 0.046296296296296294
1 0.9671875 0.9472222222222222 0.026041666666666668 0.046296296296296294
1 0.415625 0.9629629629629629 0.026041666666666668 0.046296296296296294
1 0.534375 0.9703703703703703 0.026041666666666668 0.046296296296296294
1 0.16666666666666666 0.8796296296296297 0.026041666666666668 0.046296296296296294
1 0.13333333333333333 0.837037037037037 0.026041666666666668 0.046296296296296294
1 0.128125 0.8981481481481481 0.026041666666666668 0.046296296296296294
1 0.33229166666666665 0.9037037037037037 0.026041666666666668 0.046296296296296294
1 0.20833333333333334 0.6962962962962963 0.026041666666666668 0.046296296296296294
2 0.21875 0.4648148148148148 0.026041666666666668 0.046296296296296294
2 0.18541666666666667 0.4148148148148148 0.026041666666666668 0.046296296296296294
1 0.475 0.7666666666666667 0.026041666666666668 0.046296296296296294
1 0.45729166666666665 0.8666666666666667 0.026041666666666668 0.046296296296296294
1 0.4354166666666667 0.8574074074074074 0.026041666666666668 0.046296296296296294
1 0.6239583333333333 0.7018518518518518 0.026041666666666668 0.046296296296296294
4 0.5947916666666667 0.562962962962963 0.026041666666666668 0.046296296296296294
1 0.38645833333333335 0.6796296296296296 0.026041666666666668 0.046296296296296294
4 0.37604166666666666 0.5203703703703704 0.026041666666666668 0.046296296296296294
3 0.7583333333333333 0.6111111111111112 0.026041666666666668 0.046296296296296294
1 0.8739583333333333 0.8240740740740741 0.026041666666666668 0.046296296296296294
1 0.9479166666666666 0.7648148148148148 0.026041666666666668 0.046296296296296294
4 0.5208333333333334 0.5611111111111111 0.026041666666666668 0.046296296296296294
4 0.5125 0.5314814814814814 0.026041666666666668 0.046296296296296294
4 0.503125 0.5166666666666667 0.026041666666666668 0.046296296296296294
3 0.684375 0.6611111111111111 0.026041666666666668 0.046296296296296294
