0 0.48333333333333334 0.12129629629629629 0.026041666666666668 0.046296296296296294
0 0.49114583333333334 0.12037037037037036 0.026041666666666668 0.046296296296296294
0 0.4703125 0.1287037037037037 0.026041666666666668 0.046296296296296294
0 0.453125 0.1361111111111111 0.026041666666666668 0.046296296296296294
0 0.4583333333333333 0.13333333333333333 0.026041666666666668 0.046296296296296294
0 0.4828125 0.13796296296296295 0.026041666666666668 0.046296296296296294
0 0.4864583333333333 0.1398148148148148 0.026041666666666668 0.046296296296296294
0 0.4401041666666667 0.1425925925925926 0.026041666666666668 0.046296296296296294
0 0.4661458333333333 0.1537037037037037 0.026041666666666668 0.046296296296296294
0 0.44895833333333335 0.16018518518518518 0.026041666666666668 0.046296296296296294
0 0.4828125 0.1685185185185185 0.026041666666666668 0.046296296296296294
0 0.43125 0.175 0.026041666666666668 0.046296296296296294
0 0.4973958333333333 0.1814814814814815 0.026041666666666668 0.046296296296296294
0 0.503125 0.18333333333333332 0.026041666666666668 0.046296296296296294
0 0.45 0.18981481481481483 0.026041666666666668 0.046296296296296294
0 0.4739583333333333 0.19166666666666668 0.026041666666666668 0.046296296296296294
0 0.41302083333333334 0.23055555555555557 0.026041666666666668 0.046296296296296294
0 0.42083333333333334 0.23703703703703705 0.026041666666666668 0.046296296296296294
0 0.4734375 0.23703703703703705 0.026041666666666668 0.046296296296296294
0 0.49166666666666664 0.23796296296296296 0.026041666666666668 0.046296296296296294
0 0.4322916666666667 0.24537037037037038 0.026041666666666668 0.046296296296296294
0 0.48541666666666666 0.25555555555555554 0.026041666666666668 0.046296296296296294
0 0.5203125 0.25 0.026041666666666668 0.046296296296296294
0 0.45208333333333334 0.2601851851851852 0.026041666666666668 0.046296296296296294
0 0.5026041666666666 0.26944444444444443 0.026041666666666668 0.046296296296296294
0 0.5255208333333333 0.2722222222222222 0.026041666666666668 0.046296296296296294
0 0.55 0.26851851851851855 0.026041666666666668 0.046296296296296294
0 0.44479166666666664 0.28703703703703703 0.026041666666666668 0.046296296296296294
0 0.45260416666666664 0.2833333333333333 0.026041666666666668 0.046296296296296294
0 0.4947916666666667 0.28703703703703703 0.026041666666666668 0.046296296296296294
0 0.4703125 0.29259259259259257 0.026041666666666668 0.046296296296296294
0 0.5072916666666667 0.2916666666666667 0.026041666666666668 0.046296296296296294
0 0.5203125 0.29259259259259257 0.026041666666666668 0.046296296296296294
0 0.5276041666666667 0.29259259259259257 0.026041666666666668 0.046296296296296294
0 0.6911458333333333 0.29259259259259257 0.026041666666666668 0.046296296296296294
0 0.4401041666666667 0.30185185185185187 0.026041666666666668 0.046296296296296294
0 0.46979166666666666 0.30092592592592593 0.026041666666666668 0.046296296296296294
0 0.490625 0.3037037037037037 0.026041666666666668 0.046296296296296294
0 0.4703125 0.31574074074074077 0.026041666666666668 0.046296296296296294
0 0.70625 0.31296296296296294 0.026041666666666668 0.046296296296296294
0 0.4875 0.32685185185185184 0.026041666666666668 0.046296296296296294
0 0.4359375 0.3314814814814815 0.026041666666666668 0.046296296296296294
0 0.5041666666666667 0.33240740740740743 0.026041666666666668 0.046296296296296294
4 0.478125 0.3416666666666667 0.026041666666666668 0.046296296296296294
4 0.5088541666666667 0.3416666666666667 0.026041666666666668 0.046296296296296294
4 0.515625 0.34074074074074073 0.026041666666666668 0.046296296296296294
4 0.43697916666666664 0.35462962962962963 0.026041666666666668 0.046296296296296294
4 0.465625 0.362962962962963 0.026041666666666668 0.046296296296296294
4 0.5072916666666667 0.38055555555555554 0.026041666666666668 0.046296296296296294
4 0.3921875 0.3851851851851852 0.026041666666666668 0.046296296296296294
4 0.3984375 0.38425925925925924 0.026041666666666668 0.046296296296296294
4 0.5161458333333333 0.3851851851851852 0.026041666666666668 0.046296296296296294
4 0.4921875 0.39351851851851855 0.026041666666666668 0.046296296296296294
4 0.6572916666666667 0.39444444444444443 0.026041666666666668 0.046296296296296294
2 0.19895833333333332 0.3972222222222222 0.026041666666666668 0.046296296296296294
4 0.515625 0.40185185185185185 0.026041666666666668 0.046296296296296294
4 0.5359375 0.4027777777777778 0.026041666666666668 0.046296296296296294
2 0.20885416666666667 0.4101851851851852 0.026041666666666668 0.046296296296296294
4 0.528125 0.412962962962963 0.026041666666666668 0.046296296296296294
3 0.7041666666666667 0.4074074074074074 0.026041666666666668 0.046296296296296294
2 0.17447916666666666 0.4111111111111111 0.026041666666666668 0.046296296296296294
4 0.6625 0.41574074074074074 0.026041666666666668 0.046296296296296294
3 0.6822916666666666 0.42407407407407405 0.026041666666666668 0.046296296296296294
4 0.4484375 0.43333333333333335 0.026041666666666668 0.046296296296296294
3 0.6713541666666667 0.4305555555555556 0.026041666666666668 0.046296296296296294
4 0.5078125 0.4398148148148148 0.026041666666666668 0.046296296296296294
4 0.665625 0.4398148148148148 0.026041666666666668 0.046296296296296294
4 0.42864583333333334 0.44537037037037036 0.026041666666666668 0.046296296296296294
4 0.46145833333333336 0.45 0.026041666666666668 0.046296296296296294
4 0.653125 0.44722222222222224 0.026041666666666668 0.046296296296296294
3 0.6770833333333334 0.45092592592592595 0.026041666666666668 0.046296296296296294
4 0.3875 0.4527777777777778 0.026041666666666668 0.046296296296296294
4 0.39739583333333334 0.4537037037037037 0.026041666666666668 0.046296296296296294
4 0.403125 0.4537037037037037 0.026041666666666668 0.046296296296296294
4 0.49947916666666664 0.4583333333333333 0.026041666666666668 0.046296296296296294
4 0.5114583333333333 0.4564814814814815 0.026041666666666668 0.046296296296296294
4 0.5182291666666666 0.4648148148148148 0.026041666666666668 0.046296296296296294
4 0.6661458333333333 0.4638888888888889 0.026041666666666668 0.046296296296296294
4 0.49895833333333334 0.47962962962962963 0.026041666666666668 0.046296296296296294
4 0.6208333333333333 0.47962962962962963 0.026041666666666668 0.046296296296296294
4 0.6458333333333334 0.47962962962962963 0.026041666666666668 0.046296296296296294
4 0.6130208333333333 0.487962962962963 0.026041666666666668 0.046296296296296294
3 0.6739583333333333 0.48703703703703705 0.026041666666666668 0.046296296296296294
4 0.65 0.5037037037037037 0.026041666666666668 0.046296296296296294
3 0.6697916666666667 0.5064814814814815 0.026041666666666668 0.046296296296296294
3 0.690625 0.5027777777777778 0.026041666666666668 0.046296296296296294
4 0.4322916666666667 0.5092592592592593 0.026041666666666668 0.046296296296296294
4 0.5041666666666667 0.5120370370370371 0.026041666666666668 0.046296296296296294
4 0.6276041666666666 0.5092592592592593 0.026041666666666668 0.046296296296296294
3 0.703125 0.5194444444444445 0.026041666666666668 0.046296296296296294
4 0.46875 0.5259259259259259 0.026041666666666668 0.046296296296296294
4 0.6651041666666667 0.5287037037037037 0.026041666666666668 0.046296296296296294
3 0.721875 0.5287037037037037 0.026041666666666668 0.046296296296296294
4 0.3963541666666667 0.5407407407407407 0.026041666666666668 0.046296296296296294
4 0.4395833333333333 0.537962962962963 0.026041666666666668 0.046296296296296294
4 0.4786458333333333 0.5416666666666666 0.026041666666666668 0.046296296296296294
4 0.5973958333333333 0.5398148148148149 0.026041666666666668 0.046296296296296294
4 0.615625 0.5509259259259259 0.026041666666666668 0.046296296296296294
4 0.5244791666666667 0.5583333333333333 0.026041666666666668 0.046296296296296294
4 0.5854166666666667 0.5564814814814815 0.026041666666666668 0.046296296296296294
3 0.7359375 0.5564814814814815 0.026041666666666668 0.046296296296296294
4 0.546875 0.562962962962963 0.026041666666666668 0.046296296296296294
4 0.559375 0.562962962962963 0.026041666666666668 0.046296296296296294
3 0.7619791666666667 0.562037037037037 0.026041666666666668 0.046296296296296294
4 0.44947916666666665 0.5722222222222222 0.026041666666666668 0.046296296296296294
4 0.4828125 0.5731481481481482 0.026041666666666668 0.046296296296296294
4 0.6661458333333333 0.5712962962962963 0.026041666666666668 0.046296296296296294
3 0.7239583333333334 0.5796296296296296 0.026041666666666668 0.046296296296296294
3 0.7432291666666667 0.5787037037037037 0.026041666666666668 0.046296296296296294
4 0.4161458333333333 0.5879629629629629 0.026041666666666668 0.046296296296296294
4 0.5161458333333333 0.5898148148148148 0.026041666666666668 0.046296296296296294
4 0.6442708333333333 0.5851851851851851 0.026041666666666668 0.046296296296296294
3 0.7604166666666666 0.5888888888888889 0.026041666666666668 0.046296296296296294
4 0.5463541666666667 0.5953703703703703 0.026041666666666668 0.046296296296296294
4 0.4036458333333333 0.600925925925926 0.026041666666666668 0.046296296296296294
4 0.49583333333333335 0.612037037037037 0.026041666666666668 0.046296296296296294
4 0.6041666666666666 0.6111111111111112 0.026041666666666668 0.046296296296296294
4 0.45729166666666665 0.6231481481481481 0.026041666666666668 0.046296296296296294
4 0.5208333333333334 0.6185185185185185 0.026041666666666668 0.046296296296296294
4 0.6453125 0.6175925925925926 0.026041666666666668 0.046296296296296294
4 0.46197916666666666 0.6361111111111111 0.026041666666666668 0.046296296296296294
4 0.5291666666666667 0.6361111111111111 0.026041666666666668 0.046296296296296294
4 0.4505208333333333 0.6518518518518519 0.026041666666666668 0.046296296296296294
4 0.4276041666666667 0.6537037037037037 0.026041666666666668 0.046296296296296294
4 0.6317708333333333 0.6555555555555556 0.026041666666666668 0.046296296296296294
4 0.4947916666666667 0.6648148148148149 0.026041666666666668 0.046296296296296294
1 0.528125 0.6731481481481482 0.026041666666666668 0.046296296296296294
1 0.6166666666666667 0.675 0.026041666666666668 0.046296296296296294
1 0.7020833333333333 0.6722222222222223 0.026041666666666668 0.046296296296296294
1 0.725 0.7055555555555556 0.026041666666666668 0.046296296296296294
1 0.5505208333333333 0.7203703703703703 0.026041666666666668 0.046296296296296294
1 0.3854166666666667 0.7287037037037037 0.026041666666666668 0.046296296296296294
1 0.8854166666666666 0.7490740740740741 0.026041666666666668 0.046296296296296294
1 0.16666666666666666 0.7768518518518519 0.026041666666666668 0.046296296296296294
1 0.32395833333333335 0.7870370370370371 0.026041666666666668 0.046296296296296294
1 0.7661458333333333 0.8148148148148148 0.026041666666666668 0.046296296296296294
1 0.1625 0.8407407407407408 0.026041666666666668 0.046296296296296294
1 0.5416666666666666 0.8481481481481481 0.026041666666666668 0.046296296296296294
1 0.796875 0.8444444444444444 0.026041666666666668 0.046296296296296294
1 0.2994791666666667 0.8611111111111112 0.026041666666666668 0.046296296296296294
1 0.8328125 0.8694444444444445 0.026041666666666668 0.046296296296296294
1 0.09427083333333333 0.9120370370370371 0.026041666666666668 0.046296296296296294
1 0.925 0.9203703703703704 0.026041666666666668 0.046296296296296294
1 0.534375 0.9388888888888889 0.026041666666666668 0.046296296296296294
1 0.45416666666666666 0.9361111111111111 0.026041666666666668 0.046296296296296294
1 0.8265625 0.9416666666666667 0.026041666666666668 0.046296296296296294
1 0.9614583333333333 0.9407407407407408 0.026041666666666668 0.046296296296296294
1 0.946875 0.9787037037037037 0.026041666666666668 0.046296296296296294
0 0.66875 0.25925925925925924 0.026041666666666668 0.046296296296296294
2 0.18125 0.45555555555555555 0.026041666666666668 0.046296296296296294
2 0.16875 0.662962962962963 0.026041666666666668 0.046296296296296294
1 0.190625 0.6981481481481482 0.026041666666666668 0.046296296296296294
1 0.11145833333333334 0.7111111111111111 0.026041666666666668 0.046296296296296294
1 0.19270833333333334 0.7833333333333333 0.026041666666666668 0.046296296296296294
1 0.34791666666666665 0.9166666666666666 0.026041666666666668 0.046296296296296294
1 0.3385416666666667 0.9833333333333333 0.026041666666666668 0.046296296296296294
1 0.765625 0.9018518518518519 0.026041666666666668 0.046296296296296294
1 0.8729166666666667 0.7925925925925926 0.026041666666666668 0.046296296296296294
1 0.9833333333333333 0.8851851851851852 0.026041666666666668 0.046296296296296294
1 0.6739583333333333 0.6833333333333333 0.026041666666666668 0.046296296296296294
3 0.6875 0.662962962962963 0.026041666666666668 0.046296296296296294
1 0.78125 0.6703703703703704 0.026041666666666668 0.046296296296296294
4 0.5822916666666667 0.6351851851851852 0.026041666666666668 0.046296296296296294
1 0.5802083333333333 0.7277777777777777 0.026041666666666668 0.046296296296296294
1 0.5552083333333333 0.9 0.026041666666666668 0.046296296296296294
3 0.6739583333333333 0.6129629629629629 0.026041666666666668 0.046296296296296294
