0 0.4713541666666667 0.0962962962962963 0.026041666666666668 0.046296296296296294
0 0.4786458333333333 0.09814814814814815 0.026041666666666668 0.046296296296296294
0 0.4869791666666667 0.10648148148148148 0.026041666666666668 0.046296296296296294
0 0.4921875 0.12222222222222222 0.026041666666666668 0.046296296296296294
0 0.4703125 0.12962962962962962 0.026041666666666668 0.046296296296296294
0 0.4822916666666667 0.12962962962962962 0.026041666666666668 0.046296296296296294
0 0.4427083333333333 0.13240740740740742 0.026041666666666668 0.046296296296296294
0 0.45 0.13425925925925927 0.026041666666666668 0.046296296296296294
0 0.4546875 0.13518518518518519 0.026041666666666668 0.046296296296296294
0 0.46145833333333336 0.13703703703703704 0.026041666666666668 0.046296296296296294
0 0.490625 0.1398148148148148 0.026041666666666668 0.046296296296296294
0 0.44114583333333335 0.14444444444444443 0.026041666666666668 0.046296296296296294
0 0.4744791666666667 0.14722222222222223 0.026041666666666668 0.046296296296296294
0 0.4375 0.15462962962962962 0.026041666666666668 0.046296296296296294
0 0.44479166666666664 0.1537037037037037 0.026041666666666668 0.046296296296296294
0 0.46197916666666666 0.1527777777777778 0.026041666666666668 0.046296296296296294
0 0.4703125 0.1527777777777778 0.026041666666666668 0.046296296296296294
0 0.44583333333333336 0.16111111111111112 0.026041666666666668 0.046296296296296294
0 0.45364583333333336 0.15925925925925927 0.026041666666666668 0.046296296296296294
0 0.45677083333333335 0.1675925925925926 0.026041666666666668 0.046296296296296294
0 0.4953125 0.1685185185185185 0.026041666666666668 0.046296296296296294
0 0.43333333333333335 0.17407407407407408 0.026041666666666668 0.046296296296296294
0 0.4734375 0.17407407407407408 0.026041666666666668 0.046296296296296294
0 0.4864583333333333 0.17592592592592593 0.026041666666666668 0.046296296296296294
0 0.4296875 0.18425925925925926 0.026041666666666668 0.046296296296296294
0 0.4953125 0.18333333333333332 0.026041666666666668 0.046296296296296294
0 0.44166666666666665 0.1962962962962963 0.026041666666666668 0.046296296296296294
0 0.4953125 0.20185185185185187 0.026041666666666668 0.046296296296296294
0 0.4895833333333333 0.22962962962962963 0.026041666666666668 0.046296296296296294
0 0.5083333333333333 0.22870370370370371 0.026041666666666668 0.046296296296296294
0 0.5166666666666667 0.23055555555555557 0.026041666666666668 0.046296296296296294
0 0.4796875 0.2388888888888889 0.026041666666666668 0.046296296296296294
0 0.5119791666666667 0.2388888888888889 0.026041666666666668 0.046296296296296294
0 0.5494791666666666 0.26944444444444443 0.026041666666666668 0.046296296296296294
0 0.4828125 0.2759259259259259 0.026041666666666668 0.046296296296296294
0 0.4921875 0.27685185185185185 0.026041666666666668 0.046296296296296294
0 0.5098958333333333 0.2824074074074074 0.026041666666666668 0.046296296296296294
0 0.42864583333333334 0.3055555555555556 0.026041666666666668 0.046296296296296294
0 0.44947916666666665 0.30648148148148147 0.026041666666666668 0.046296296296296294
0 0.46927083333333336 0.30833333333333335 0.026041666666666668 0.046296296296296294
0 0.48802083333333335 0.30925925925925923 0.026041666666666668 0.046296296296296294
0 0.5135416666666667 0.3074074074074074 0.026041666666666668 0.046296296296296294
0 0.4708333333333333 0.31574074074074077 0.026041666666666668 0.046296296296296294
0 0.4953125 0.3175925925925926 0.026041666666666668 0.046296296296296294
0 0.5067708333333333 0.3194444444444444 0.026041666666666668 0.046296296296296294
0 0.4328125 0.32314814814814813 0.026041666666666668 0.046296296296296294
4 0.4161458333333333 0.33425925925925926 0.026041666666666668 0.046296296296296294
0 0.44479166666666664 0.33240740740740743 0.026041666666666668 0.046296296296296294
0 0.4583333333333333 0.3314814814814815 0.026041666666666668 0.046296296296296294
0 0.48854166666666665 0.3314814814814815 0.026041666666666668 0.046296296296296294
4 0.45 0.3472222222222222 0.026041666666666668 0.046296296296296294
4 0.5203125 0.3472222222222222 0.026041666666666668 0.046296296296296294
4 0.5239583333333333 0.34814814814814815 0.026041666666666668 0.046296296296296294
4 0.38229166666666664 0.35648148148148145 0.026041666666666668 0.046296296296296294
4 0.4 0.35555555555555557 0.026041666666666668 0.046296296296296294
4 0.4114583333333333 0.362962962962963 0.026041666666666668 0.046296296296296294
4 0.490625 0.3611111111111111 0.026041666666666668 0.046296296296296294
4 0.5083333333333333 0.362962962962963 0.026041666666666668 0.046296296296296294
4 0.525 0.3638888888888889 0.026041666666666668 0.046296296296296294
4 0.6666666666666666 0.36203703703703705 0.026041666666666668 0.046296296296296294
4 0.4239583333333333 0.3712962962962963 0.026041666666666668 0.046296296296296294
4 0.440625 0.3731481481481482 0.026041666666666668 0.046296296296296294
4 0.37447916666666664 0.37777777777777777 0.026041666666666668 0.046296296296296294
4 0.46510416666666665 0.3768518518518518 0.026041666666666668 0.046296296296296294
4 0.5208333333333334 0.38055555555555554 0.026041666666666668 0.046296296296296294
4 0.6510416666666666 0.3814814814814815 0.026041666666666668 0.046296296296296294
4 0.40625 0.387037037037037 0.026041666666666668 0.046296296296296294
2 0.2078125 0.3907407407407407 0.026041666666666668 0.046296296296296294
3 0.68125 0.39351851851851855 0.026041666666666668 0.046296296296296294
4 0.6546875 0.4027777777777778 0.026041666666666668 0.046296296296296294
4 0.6609375 0.40370370370370373 0.026041666666666668 0.046296296296296294
2 0.19895833333333332 0.4101851851851852 0.026041666666666668 0.046296296296296294
4 0.425 0.4185185185185185 0.026041666666666668 0.046296296296296294
4 0.5161458333333333 0.4203703703703704 0.026041666666666668 0.046296296296296294
4 0.5041666666666667 0.42314814814814816 0.026041666666666668 0.046296296296296294
4 0.665625 0.42685185185185187 0.026041666666666668 0.046296296296296294
4 0.39895833333333336 0.43148148148148147 0.026041666666666668 0.046296296296296294
4 0.43697916666666664 0.42962962962962964 0.026041666666666668 0.046296296296296294
4 0.5161458333333333 0.43425925925925923 0.026041666666666668 0.046296296296296294
2 0.17916666666666667 0.4388888888888889 0.026041666666666668 0.046296296296296294
3 0.7067708333333333 0.4388888888888889 0.026041666666666668 0.046296296296296294
4 0.4166666666666667 0.45185185185185184 0.026041666666666668 0.046296296296296294
4 0.6572916666666667 0.45 0.026041666666666668 0.046296296296296294
4 0.5046875 0.4546296296296296 0.026041666666666668 0.046296296296296294
4 0.525 0.4564814814814815 0.026041666666666668 0.046296296296296294
2 0.20729166666666668 0.4722222222222222 0.026041666666666668 0.046296296296296294
4 0.515625 0.4824074074074074 0.026041666666666668 0.046296296296296294
4 0.6380208333333334 0.48055555555555557 0.026041666666666668 0.046296296296296294
3 0.6697916666666667 0.47962962962962963 0.026041666666666668 0.046296296296296294
4 0.6614583333333334 0.487962962962963 0.026041666666666668 0.046296296296296294
4 0.6119791666666666 0.4935185185185185 0.026041666666666668 0.046296296296296294
4 0.39895833333333336 0.5092592592592593 0.026041666666666668 0.046296296296296294
4 0.440625 0.5111111111111111 0.026041666666666668 0.046296296296296294
4 0.6322916666666667 0.5101851851851852 0.026041666666666668 0.046296296296296294
4 0.4859375 0.5194444444444445 0.026041666666666668 0.046296296296296294
3 0.7109375 0.5185185185185185 0.026041666666666668 0.046296296296296294
4 0.4125 0.5259259259259259 0.026041666666666668 0.046296296296296294
4 0.43645833333333334 0.5268518518518519 0.026041666666666668 0.046296296296296294
4 0.44895833333333335 0.5287037037037037 0.026041666666666668 0.046296296296296294
3 0.6708333333333333 0.5277777777777778 0.026041666666666668 0.046296296296296294
4 0.453125 0.5351851851851852 0.026041666666666668 0.046296296296296294
4 0.5197916666666667 0.5305555555555556 0.026041666666666668 0.046296296296296294
3 0.6947916666666667 0.5324074074074074 0.026041666666666668 0.046296296296296294
3 0.7229166666666667 0.5361111111111111 0.026041666666666668 0.046296296296296294
4 0.5729166666666666 0.55 0.026041666666666668 0.046296296296296294
4 0.6119791666666666 0.5555555555555556 0.026041666666666668 0.046296296296296294
4 0.6583333333333333 0.5574074074074075 0.026041666666666668 0.046296296296296294
3 0.7401041666666667 0.5574074074074075 0.026041666666666668 0.046296296296296294
3 0.7671875 0.562037037037037 0.026041666666666668 0.046296296296296294
4 0.553125 0.5694444444444444 0.026041666666666668 0.046296296296296294
4 0.5880208333333333 0.562962962962963 0.026041666666666668 0.046296296296296294
4 0.6588541666666666 0.6083333333333333 0.026041666666666668 0.046296296296296294
2 0.21822916666666667 0.637962962962963 0.026041666666666668 0.046296296296296294
3 0.7114583333333333 0.6462962962962963 0.026041666666666668 0.046296296296296294
3 0.7630208333333334 0.6425925925925926 0.026041666666666668 0.046296296296296294
3 0.728125 0.6509259259259259 0.026041666666666668 0.046296296296296294
1 0.20572916666666666 0.6722222222222223 0.026041666666666668 0.046296296296296294
1 0.6166666666666667 0.6722222222222223 0.026041666666666668 0.046296296296296294
1 0.7817708333333333 0.6731481481481482 0.026041666666666668 0.046296296296296294
1 0.40208333333333335 0.6777777777777778 0.026041666666666668 0.046296296296296294
1 0.7005208333333334 0.6759259259259259 0.026041666666666668 0.046296296296296294
1 0.5557291666666667 0.6916666666666667 0.026041666666666668 0.046296296296296294
1 0.43072916666666666 0.7046296296296296 0.026041666666666668 0.046296296296296294
1 0.8848958333333333 0.7472222222222222 0.026041666666666668 0.046296296296296294
1 0.628125 0.7638888888888888 0.026041666666666668 0.046296296296296294
1 0.36302083333333335 0.7796296296296297 0.026041666666666668 0.046296296296296294
1 0.5541666666666667 0.7842592592592592 0.026041666666666668 0.046296296296296294
1 0.5411458333333333 0.7935185185185185 0.026041666666666668 0.046296296296296294
1 0.14791666666666667 0.799074074074074 0.026041666666666668 0.046296296296296294
1 0.3177083333333333 0.7953703703703704 0.026041666666666668 0.046296296296296294
1 0.7588541666666667 0.8240740740740741 0.026041666666666668 0.046296296296296294
1 0.4239583333333333 0.8453703703703703 0.026041666666666668 0.046296296296296294
1 0.975 0.8472222222222222 0.026041666666666668 0.046296296296296294
1 0.23802083333333332 0.8472222222222222 0.026041666666666668 0.046296296296296294
1 0.9947916666666666 0.8555555555555555 0.026041666666666668 0.046296296296296294
1 0.83125 0.8629629629629629 0.026041666666666668 0.046296296296296294
1 0.784375 0.8759259259259259 0.026041666666666668 0.046296296296296294
1 0.0828125 0.8925925925925926 0.026041666666666668 0.046296296296296294
1 0.14791666666666667 0.887962962962963 0.026041666666666668 0.046296296296296294
1 0.4979166666666667 0.8907407407407407 0.026041666666666668 0.046296296296296294
1 0.18489583333333334 0.9166666666666666 0.026041666666666668 0.046296296296296294
1 0.9708333333333333 0.9518518518518518 0.026041666666666668 0.046296296296296294
1 0.39791666666666664 0.9527777777777777 0.026041666666666668 0.046296296296296294
1 0.0953125 0.987037037037037 0.026041666666666668 0.046296296296296294
1 0.04739583333333333 0.9925925925925926 0.026041666666666668 0.046296296296296294
1 0.11145833333333334 0.7703703703703704 0.026041666666666668 0.046296296296296294
2 0.171875 0.4962962962962963 0.026041666666666668 0.046296296296296294
1 0.5104166666666666 0.8092592592592592 0.026041666666666668 0.046296296296296294
1 0.5395833333333333 0.9388888888888889 0.026041666666666668 0.046296296296296294
1 0.6604166666666667 0.9814814814814815 0.026041666666666668 0.046296296296296294
1 0.8333333333333334 0.8351851851851851 0.026041666666666668 0.046296296296296294
1 0.8666666666666667 0.8166666666666667 0.026041666666666668 0.046296296296296294
3 0.7739583333333333 0.587037037037037 0.026041666666666668 0.046296296296296294
1 0.6791666666666667 0.6814814814814815 0.026041666666666668 0.046296296296296294
3 0.728125 0.6166666666666667 0.026041666666666668 0.046296296296296294
4 0.6333333333333333 0.55 0.026041666666666668 0.046296296296296294
0 0.690625 0.28888888888888886 0.026041666666666668 0.046296296296296294
4 0.5364583333333334 0.5407407407407407 0.026041666666666668 0.046296296296296294
