0 0.4713541666666667 0.09537037037037037 0.026041666666666668 0.046296296296296294
0 0.4786458333333333 0.09722222222222222 0.026041666666666668 0.046296296296296294
0 0.4869791666666667 0.10648148148148148 0.026041666666666668 0.046296296296296294
0 0.484375 0.12222222222222222 0.026041666666666668 0.046296296296296294
0 0.49114583333333334 0.12222222222222222 0.026041666666666668 0.046296296296296294
0 0.4432291666666667 0.13240740740740742 0.026041666666666668 0.046296296296296294
0 0.45 0.13333333333333333 0.026041666666666668 0.046296296296296294
0 0.4546875 0.13333333333333333 0.026041666666666668 0.046296296296296294
0 0.4625 0.13518518518518519 0.026041666666666668 0.046296296296296294
0 0.475 0.14722222222222223 0.026041666666666668 0.046296296296296294
0 0.43072916666666666 0.15185185185185185 0.026041666666666668 0.046296296296296294
0 0.4453125 0.16666666666666666 0.026041666666666668 0.046296296296296294
0 0.4317708333333333 0.17314814814814813 0.026041666666666668 0.046296296296296294
0 0.49947916666666664 0.175 0.026041666666666668 0.046296296296296294
0 0.4791666666666667 0.19074074074074074 0.026041666666666668 0.046296296296296294
0 0.5010416666666667 0.19166666666666668 0.026041666666666668 0.046296296296296294
0 0.49947916666666664 0.20555555555555555 0.026041666666666668 0.046296296296296294
0 0.5 0.22407407407407406 0.026041666666666668 0.046296296296296294
0 0.4234375 0.2361111111111111 0.026041666666666668 0.046296296296296294
0 0.45677083333333335 0.2361111111111111 0.026041666666666668 0.046296296296296294
0 0.503125 0.24722222222222223 0.026041666666666668 0.046296296296296294
0 0.5192708333333333 0.24537037037037038 0.026041666666666668 0.046296296296296294
0 0.42239583333333336 0.25092592592592594 0.026041666666666668 0.046296296296296294
0 0.45416666666666666 0.2537037037037037 0.026041666666666668 0.046296296296296294
0 0.46145833333333336 0.25092592592592594 0.026041666666666668 0.046296296296296294
0 0.47291666666666665 0.25277777777777777 0.026041666666666668 0.046296296296296294
0 0.5145833333333333 0.2611111111111111 0.026041666666666668 0.046296296296296294
0 0.4869791666666667 0.26666666666666666 0.026041666666666668 0.046296296296296294
0 0.49583333333333335 0.2722222222222222 0.026041666666666668 0.046296296296296294
0 0.528125 0.27037037037037037 0.026041666666666668 0.046296296296296294
0 0.4484375 0.2740740740740741 0.026041666666666668 0.046296296296296294
0 0.5213541666666667 0.2777777777777778 0.026041666666666668 0.046296296296296294
0 0.5369791666666667 0.2777777777777778 0.026041666666666668 0.046296296296296294
0 0.4161458333333333 0.2916666666666667 0.026041666666666668 0.046296296296296294
0 0.453125 0.29444444444444445 0.026041666666666668 0.046296296296296294
0 0.4869791666666667 0.29259259259259257 0.026041666666666668 0.046296296296296294
0 0.5114583333333333 0.2953703703703704 0.026041666666666668 0.046296296296296294
0 0.6880208333333333 0.29259259259259257 0.026041666666666668 0.046296296296296294
0 0.43645833333333334 0.30277777777777776 0.026041666666666668 0.046296296296296294
0 0.4864583333333333 0.3 0.026041666666666668 0.046296296296296294
0 0.4942708333333333 0.3037037037037037 0.026041666666666668 0.046296296296296294
0 0.5057291666666667 0.3111111111111111 0.026041666666666668 0.046296296296296294
0 0.41770833333333335 0.3148148148148148 0.026041666666666668 0.046296296296296294
0 0.4239583333333333 0.3138888888888889 0.026041666666666668 0.046296296296296294
0 0.7067708333333333 0.3138888888888889 0.026041666666666668 0.046296296296296294
0 0.43697916666666664 0.3287037037037037 0.026041666666666668 0.046296296296296294
4 0.49114583333333334 0.3333333333333333 0.026041666666666668 0.046296296296296294
4 0.5276041666666667 0.3333333333333333 0.026041666666666668 0.046296296296296294
4 0.415625 0.3416666666666667 0.026041666666666668 0.046296296296296294
4 0.44895833333333335 0.33611111111111114 0.026041666666666668 0.046296296296296294
4 0.5166666666666667 0.34074074074074073 0.026041666666666668 0.046296296296296294
4 0.5416666666666666 0.3398148148148148 0.026041666666666668 0.046296296296296294
4 0.4046875 0.34814814814814815 0.026041666666666668 0.046296296296296294
4 0.42604166666666665 0.3472222222222222 0.026041666666666668 0.046296296296296294
4 0.4322916666666667 0.35 0.026041666666666668 0.046296296296296294
4 0.4791666666666667 0.3453703703703704 0.026041666666666668 0.046296296296296294
4 0.5036458333333333 0.34814814814814815 0.026041666666666668 0.046296296296296294
4 0.4166666666666667 0.3574074074074074 0.026041666666666668 0.046296296296296294
4 0.45416666666666666 0.3527777777777778 0.026041666666666668 0.046296296296296294
4 0.4671875 0.35462962962962963 0.026041666666666668 0.046296296296296294
4 0.4875 0.35555555555555557 0.026041666666666668 0.046296296296296294
4 0.5125 0.35648148148148145 0.026041666666666668 0.046296296296296294
4 0.5197916666666667 0.35833333333333334 0.026041666666666668 0.046296296296296294
4 0.3963541666666667 0.36574074074074076 0.026041666666666668 0.046296296296296294
2 0.165625 0.3731481481481482 0.026041666666666668 0.046296296296296294
4 0.4661458333333333 0.37037037037037035 0.026041666666666668 0.046296296296296294
4 0.4822916666666667 0.3712962962962963 0.026041666666666668 0.046296296296296294
4 0.515625 0.3731481481481482 0.026041666666666668 0.046296296296296294
4 0.5369791666666667 0.37037037037037035 0.026041666666666668 0.046296296296296294
2 0.21614583333333334 0.3787037037037037 0.026041666666666668 0.046296296296296294
4 0.4197916666666667 0.3861111111111111 0.026041666666666668 0.046296296296296294
4 0.44114583333333335 0.39444444444444443 0.026041666666666668 0.046296296296296294
4 0.5098958333333333 0.39444444444444443 0.026041666666666668 0.046296296296296294
4 0.6625 0.3962962962962963 0.026041666666666668 0.046296296296296294
2 0.178125 0.4101851851851852 0.026041666666666668 0.046296296296296294
2 0.20416666666666666 0.4111111111111111 0.026041666666666668 0.046296296296296294
4 0.4078125 0.41759259259259257 0.026041666666666668 0.046296296296296294
4 0.65 0.4148148148148148 0.026041666666666668 0.046296296296296294
4 0.6651041666666667 0.4185185185185185 0.026041666666666668 0.046296296296296294
3 0.7083333333333334 0.41574074074074074 0.026041666666666668 0.046296296296296294
4 0.43645833333333334 0.42407407407407405 0.026041666666666668 0.046296296296296294
4 0.515625 0.425 0.026041666666666668 0.046296296296296294
4 0.6583333333333333 0.42592592592592593 0.026041666666666668 0.046296296296296294
3 0.6864583333333333 0.425 0.026041666666666668 0.046296296296296294
4 0.4630208333333333 0.4324074074074074 0.026041666666666668 0.046296296296296294
4 0.5026041666666666 0.4324074074074074 0.026041666666666668 0.046296296296296294
4 0.45416666666666666 0.4361111111111111 0.026041666666666668 0.046296296296296294
3 0.6739583333333333 0.44351851851851853 0.026041666666666668 0.046296296296296294
3 0.6817708333333333 0.4425925925925926 0.026041666666666668 0.046296296296296294
4 0.6625 0.44814814814814813 0.026041666666666668 0.046296296296296294
4 0.5151041666666667 0.45740740740740743 0.026041666666666668 0.046296296296296294
4 0.5046875 0.4722222222222222 0.026041666666666668 0.046296296296296294
3 0.6713541666666667 0.47129629629629627 0.026041666666666668 0.046296296296296294
4 0.40729166666666666 0.475 0.026041666666666668 0.046296296296296294
4 0.4796875 0.48055555555555557 0.026041666666666668 0.046296296296296294
4 0.6526041666666667 0.4824074074074074 0.026041666666666668 0.046296296296296294
4 0.43802083333333336 0.4898148148148148 0.026041666666666668 0.046296296296296294
4 0.6270833333333333 0.49444444444444446 0.026041666666666668 0.046296296296296294
4 0.6421875 0.49722222222222223 0.026041666666666668 0.046296296296296294
3 0.6729166666666667 0.4962962962962963 0.026041666666666668 0.046296296296296294
4 0.45364583333333336 0.5027777777777778 0.026041666666666668 0.046296296296296294
4 0.4786458333333333 0.5027777777777778 0.026041666666666668 0.046296296296296294
4 0.44114583333333335 0.5083333333333333 0.026041666666666668 0.046296296296296294
4 0.4869791666666667 0.5111111111111111 0.026041666666666668 0.046296296296296294
4 0.5166666666666667 0.5138888888888888 0.026041666666666668 0.046296296296296294
4 0.6166666666666667 0.512962962962963 0.026041666666666668 0.046296296296296294
4 0.6328125 0.5083333333333333 0.026041666666666668 0.046296296296296294
3 0.6958333333333333 0.5175925925925926 0.026041666666666668 0.046296296296296294
3 0.7114583333333333 0.5203703703703704 0.026041666666666668 0.046296296296296294
4 0.3963541666666667 0.5268518518518519 0.026041666666666668 0.046296296296296294
4 0.4125 0.5259259259259259 0.026041666666666668 0.046296296296296294
4 0.6651041666666667 0.5231481481481481 0.026041666666666668 0.046296296296296294
4 0.4625 0.537962962962963 0.026041666666666668 0.046296296296296294
4 0.5166666666666667 0.5342592592592592 0.026041666666666668 0.046296296296296294
4 0.5942708333333333 0.5333333333333333 0.026041666666666668 0.046296296296296294
4 0.6072916666666667 0.5342592592592592 0.026041666666666668 0.046296296296296294
3 0.7203125 0.5361111111111111 0.026041666666666668 0.046296296296296294
3 0.6770833333333334 0.5435185185185185 0.026041666666666668 0.046296296296296294
4 0.42135416666666664 0.5481481481481482 0.026041666666666668 0.046296296296296294
4 0.45 0.549074074074074 0.026041666666666668 0.046296296296296294
4 0.5072916666666667 0.5527777777777778 0.026041666666666668 0.046296296296296294
3 0.7161458333333334 0.55 0.026041666666666668 0.046296296296296294
4 0.49114583333333334 0.5657407407407408 0.026041666666666668 0.046296296296296294
4 0.5208333333333334 0.5666666666666667 0.026041666666666668 0.046296296296296294
3 0.7359375 0.5638888888888889 0.026041666666666668 0.046296296296296294
3 0.7572916666666667 0.5611111111111111 0.026041666666666668 0.046296296296296294
4 0.6078125 0.575 0.026041666666666668 0.046296296296296294
4 0.5005208333333333 0.5824074074074074 0.026041666666666668 0.046296296296296294
4 0.42552083333333335 0.5935185185185186 0.026041666666666668 0.046296296296296294
4 0.5213541666666667 0.6064814814814815 0.026041666666666668 0.046296296296296294
4 0.6276041666666666 0.6037037037037037 0.026041666666666668 0.046296296296296294
4 0.6458333333333334 0.6055555555555555 0.026041666666666668 0.046296296296296294
4 0.6578125 0.6055555555555555 0.026041666666666668 0.046296296296296294
4 0.5546875 0.612037037037037 0.026041666666666668 0.046296296296296294
3 0.6869791666666667 0.6157407407407407 0.026041666666666668 0.046296296296296294
3 0.7104166666666667 0.6277777777777778 0.026041666666666668 0.046296296296296294
4 0.6078125 0.6435185185185185 0.026041666666666668 0.046296296296296294
4 0.5723958333333333 0.6620370370370371 0.026041666666666668 0.046296296296296294
1 0.5036458333333333 0.6703703703703704 0.026041666666666668 0.046296296296296294
1 0.553125 0.6898148148148148 0.026041666666666668 0.046296296296296294
1 0.6708333333333333 0.6925925925925925 0.026041666666666668 0.046296296296296294
1 0.7796875 0.7148148148148148 0.026041666666666668 0.046296296296296294
1 0.8854166666666666 0.7166666666666667 0.026041666666666668 0.046296296296296294
1 0.8348958333333333 0.7546296296296297 0.026041666666666668 0.046296296296296294
1 0.9807291666666667 0.7703703703703704 0.026041666666666668 0.046296296296296294
1 0.475 0.7870370370370371 0.026041666666666668 0.046296296296296294
1 0.753125 0.812037037037037 0.026041666666666668 0.046296296296296294
1 0.8255208333333334 0.8222222222222222 0.026041666666666668 0.046296296296296294
1 0.8661458333333333 0.8277777777777777 0.026041666666666668 0.046296296296296294
1 0.253125 0.8342592592592593 0.026041666666666668 0.046296296296296294
1 0.3182291666666667 0.8388888888888889 0.026041666666666668 0.046296296296296294
1 0.7901041666666667 0.8481481481481481 0.026041666666666668 0.046296296296296294
1 0.35572916666666665 0.8712962962962963 0.026041666666666668 0.046296296296296294
1 0.45260416666666664 0.8814814814814815 0.026041666666666668 0.046296296296296294
1 0.9036458333333334 0.9157407407407407 0.026041666666666668 0.046296296296296294
1 0.48854166666666665 0.9120370370370371 0.026041666666666668 0.046296296296296294
1 0.6276041666666666 0.9120370370370371 0.026041666666666668 0.046296296296296294
1 0.9651041666666667 0.9444444444444444 0.026041666666666668 0.046296296296296294
1 0.9390625 0.9546296296296296 0.026041666666666668 0.046296296296296294
1 0.3729166666666667 0.9722222222222222 0.026041666666666668 0.046296296296296294
1 0.5229166666666667 0.975 0.026041666666666668 0.046296296296296294
2 0.215625 0.6611111111111111 0.026041666666666668 0.046296296296296294
1 0.6145833333333334 0.8074074074074075 0.026041666666666668 0.046296296296296294
1 0.5145833333333333 0.8388888888888889 0.026041666666666668 0.046296296296296294
1 0.6791666666666667 0.7833333333333333 0.026041666666666668 0.046296296296296294
1 0.83125 0.8796296296296297 0.026041666666666668 0.046296296296296294
3 0.7791666666666667 0.662962962962963 0.026041666666666668 0.046296296296296294
3 0.7552083333333334 0.6240740740740741 0.026041666666666668 0.046296296296296294
3 0.7697916666666667 0.5814814814814815 0.026041666666666668 0.046296296296296294
4 0.5885416666666666 0.5888888888888889 0.026041666666666668 0.046296296296296294
1 0.6041666666666666 0.6685185185185185 0.026041666666666668 0.046296296296296294
4 0.6447916666666667 0.6388888888888888 0.026041666666666668 0.046296296296296294
1 0.39791666666666664 0.8944444444444445 0.026041666666666668 0.046296296296296294
