0 0.4744791666666667 0.09722222222222222 0.026041666666666668 0.046296296296296294
0 0.4921875 0.09814814814814815 0.026041666666666668 0.046296296296296294
0 0.48385416666666664 0.10555555555555556 0.026041666666666668 0.046296296296296294
0 0.4875 0.10648148148148148 0.026041666666666668 0.046296296296296294
0 0.478125 0.125 0.026041666666666668 0.046296296296296294
0 0.4703125 0.13055555555555556 0.026041666666666668 0.046296296296296294
0 0.48802083333333335 0.13055555555555556 0.026041666666666668 0.046296296296296294
0 0.490625 0.13055555555555556 0.026041666666666668 0.046296296296296294
0 0.44114583333333335 0.13240740740740742 0.026041666666666668 0.046296296296296294
0 0.4453125 0.13148148148148148 0.026041666666666668 0.046296296296296294
0 0.4578125 0.13333333333333333 0.026041666666666668 0.046296296296296294
0 0.4296875 0.15185185185185185 0.026041666666666668 0.046296296296296294
0 0.465625 0.175 0.026041666666666668 0.046296296296296294
0 0.4859375 0.175 0.026041666666666668 0.046296296296296294
0 0.5036458333333333 0.17407407407407408 0.026041666666666668 0.046296296296296294
0 0.45729166666666665 0.18981481481481483 0.026041666666666668 0.046296296296296294
0 0.5046875 0.18888888888888888 0.026041666666666668 0.046296296296296294
0 0.446875 0.19814814814814816 0.026041666666666668 0.046296296296296294
0 0.478125 0.21666666666666667 0.026041666666666668 0.046296296296296294
0 0.44583333333333336 0.2212962962962963 0.026041666666666668 0.046296296296296294
0 0.5114583333333333 0.22962962962962963 0.026041666666666668 0.046296296296296294
0 0.4453125 0.2388888888888889 0.026041666666666668 0.046296296296296294
0 0.490625 0.2388888888888889 0.026041666666666668 0.046296296296296294
0 0.42083333333333334 0.24351851851851852 0.026041666666666668 0.046296296296296294
0 0.434375 0.2462962962962963 0.026041666666666668 0.046296296296296294
0 0.465625 0.24814814814814815 0.026041666666666668 0.046296296296296294
0 0.4125 0.25092592592592594 0.026041666666666668 0.046296296296296294
0 0.42083333333333334 0.2611111111111111 0.026041666666666668 0.046296296296296294
0 0.4895833333333333 0.2657407407407407 0.026041666666666668 0.046296296296296294
0 0.5078125 0.275 0.026041666666666668 0.046296296296296294
0 0.5026041666666666 0.29074074074074074 0.026041666666666668 0.046296296296296294
0 0.5427083333333333 0.2861111111111111 0.026041666666666668 0.046296296296296294
0 0.5494791666666666 0.2935185185185185 0.026041666666666668 0.046296296296296294
0 0.415625 0.30185185185185187 0.026041666666666668 0.046296296296296294
0 0.4395833333333333 0.29907407407407405 0.026041666666666668 0.046296296296296294
0 0.4817708333333333 0.30925925925925923 0.026041666666666668 0.046296296296296294
0 0.5322916666666667 0.3101851851851852 0.026041666666666668 0.046296296296296294
0 0.4161458333333333 0.31851851851851853 0.026041666666666668 0.046296296296296294
0 0.45 0.31574074074074077 0.026041666666666668 0.046296296296296294
0 0.4578125 0.31666666666666665 0.026041666666666668 0.046296296296296294
0 0.5036458333333333 0.31666666666666665 0.026041666666666668 0.046296296296296294
0 0.6984375 0.3138888888888889 0.026041666666666668 0.046296296296296294
0 0.42552083333333335 0.32407407407407407 0.026041666666666668 0.046296296296296294
0 0.4817708333333333 0.32037037037037036 0.026041666666666668 0.046296296296296294
0 0.55 0.325 0.026041666666666668 0.046296296296296294
0 0.4401041666666667 0.33055555555555555 0.026041666666666668 0.046296296296296294
4 0.453125 0.33425925925925926 0.026041666666666668 0.046296296296296294
0 0.4708333333333333 0.33055555555555555 0.026041666666666668 0.046296296296296294
0 0.525 0.3314814814814815 0.026041666666666668 0.046296296296296294
4 0.43645833333333334 0.34074074074074073 0.026041666666666668 0.046296296296296294
4 0.5067708333333333 0.3388888888888889 0.026041666666666668 0.046296296296296294
4 0.40729166666666666 0.34814814814814815 0.026041666666666668 0.046296296296296294
4 0.4192708333333333 0.35 0.026041666666666668 0.046296296296296294
4 0.44947916666666665 0.34814814814814815 0.026041666666666668 0.046296296296296294
4 0.4083333333333333 0.35648148148148145 0.026041666666666668 0.046296296296296294
4 0.4744791666666667 0.35462962962962963 0.026041666666666668 0.046296296296296294
4 0.4041666666666667 0.3638888888888889 0.026041666666666668 0.046296296296296294
4 0.415625 0.3638888888888889 0.026041666666666668 0.046296296296296294
4 0.3859375 0.36944444444444446 0.026041666666666668 0.046296296296296294
4 0.5130208333333334 0.36944444444444446 0.026041666666666668 0.046296296296296294
4 0.5192708333333333 0.3731481481481482 0.026041666666666668 0.046296296296296294
4 0.39791666666666664 0.37777777777777777 0.026041666666666668 0.046296296296296294
4 0.4036458333333333 0.37592592592592594 0.026041666666666668 0.046296296296296294
4 0.44114583333333335 0.3787037037037037 0.026041666666666668 0.046296296296296294
4 0.45729166666666665 0.38055555555555554 0.026041666666666668 0.046296296296296294
4 0.4166666666666667 0.3861111111111111 0.026041666666666668 0.046296296296296294
4 0.4239583333333333 0.3861111111111111 0.026041666666666668 0.046296296296296294
4 0.40729166666666666 0.39351851851851855 0.026041666666666668 0.046296296296296294
4 0.428125 0.4 0.026041666666666668 0.046296296296296294
4 0.39010416666666664 0.4111111111111111 0.026041666666666668 0.046296296296296294
4 0.4078125 0.4101851851851852 0.026041666666666668 0.046296296296296294
4 0.4453125 0.4083333333333333 0.026041666666666668 0.046296296296296294
4 0.4703125 0.40925925925925927 0.026041666666666668 0.046296296296296294
4 0.378125 0.42592592592592593 0.026041666666666668 0.046296296296296294
4 0.5072916666666667 0.42962962962962964 0.026041666666666668 0.046296296296296294
3 0.66875 0.425 0.026041666666666668 0.046296296296296294
4 0.4109375 0.43425925925925923 0.026041666666666668 0.046296296296296294
4 0.4817708333333333 0.4324074074074074 0.026041666666666668 0.046296296296296294
4 0.5244791666666667 0.43425925925925923 0.026041666666666668 0.046296296296296294
4 0.38333333333333336 0.44074074074074077 0.026041666666666668 0.046296296296296294
4 0.39895833333333336 0.4388888888888889 0.026041666666666668 0.046296296296296294
3 0.7057291666666666 0.43796296296296294 0.026041666666666668 0.046296296296296294
3 0.6786458333333333 0.44814814814814813 0.026041666666666668 0.046296296296296294
4 0.38697916666666665 0.45740740740740743 0.026041666666666668 0.046296296296296294
4 0.4041666666666667 0.4546296296296296 0.026041666666666668 0.046296296296296294
4 0.4119791666666667 0.45555555555555555 0.026041666666666668 0.046296296296296294
3 0.6875 0.4675925925925926 0.026041666666666668 0.046296296296296294
4 0.37447916666666664 0.47314814814814815 0.026041666666666668 0.046296296296296294
4 0.38697916666666665 0.47314814814814815 0.026041666666666668 0.046296296296296294
4 0.4119791666666667 0.4740740740740741 0.026041666666666668 0.046296296296296294
3 0.6692708333333334 0.4703703703703704 0.026041666666666668 0.046296296296296294
4 0.5036458333333333 0.48055555555555557 0.026041666666666668 0.046296296296296294
4 0.6203125 0.47962962962962963 0.026041666666666668 0.046296296296296294
3 0.7161458333333334 0.48148148148148145 0.026041666666666668 0.046296296296296294
4 0.3875 0.487962962962963 0.026041666666666668 0.046296296296296294
4 0.5364583333333334 0.4898148148148148 0.026041666666666668 0.046296296296296294
4 0.6046875 0.48518518518518516 0.026041666666666668 0.046296296296296294
4 0.6125 0.487962962962963 0.026041666666666668 0.046296296296296294
4 0.6296875 0.49074074074074076 0.026041666666666668 0.046296296296296294
3 0.678125 0.4888888888888889 0.026041666666666668 0.046296296296296294
4 0.38229166666666664 0.49907407407407406 0.026041666666666668 0.046296296296296294
4 0.3953125 0.49537037037037035 0.026041666666666668 0.046296296296296294
4 0.6125 0.49537037037037035 0.026041666666666668 0.046296296296296294
3 0.6916666666666667 0.49537037037037035 0.026041666666666668 0.046296296296296294
4 0.4609375 0.5018518518518519 0.026041666666666668 0.046296296296296294
4 0.5265625 0.5064814814814815 0.026041666666666668 0.046296296296296294
4 0.6322916666666667 0.5046296296296297 0.026041666666666668 0.046296296296296294
4 0.3880208333333333 0.5120370370370371 0.026041666666666668 0.046296296296296294
4 0.41822916666666665 0.5111111111111111 0.026041666666666668 0.046296296296296294
4 0.6203125 0.5101851851851852 0.026041666666666668 0.046296296296296294
3 0.7078125 0.5148148148148148 0.026041666666666668 0.046296296296296294
4 0.4276041666666667 0.5175925925925926 0.026041666666666668 0.046296296296296294
4 0.628125 0.5268518518518519 0.026041666666666668 0.046296296296296294
4 0.6651041666666667 0.5259259259259259 0.026041666666666668 0.046296296296296294
4 0.39166666666666666 0.5342592592592592 0.026041666666666668 0.046296296296296294
4 0.5411458333333333 0.5342592592592592 0.026041666666666668 0.046296296296296294
4 0.58125 0.5287037037037037 0.026041666666666668 0.046296296296296294
3 0.728125 0.5416666666666666 0.026041666666666668 0.046296296296296294
4 0.5614583333333333 0.5453703703703704 0.026041666666666668 0.046296296296296294
4 0.6317708333333333 0.5712962962962963 0.026041666666666668 0.046296296296296294
3 0.7359375 0.5712962962962963 0.026041666666666668 0.046296296296296294
3 0.7661458333333333 0.5824074074074074 0.026041666666666668 0.046296296296296294
4 0.6046875 0.5861111111111111 0.026041666666666668 0.046296296296296294
3 0.6895833333333333 0.5972222222222222 0.026041666666666668 0.046296296296296294
4 0.5088541666666667 0.6129629629629629 0.026041666666666668 0.046296296296296294
3 0.7536458333333333 0.612037037037037 0.026041666666666668 0.046296296296296294
3 0.7104166666666667 0.6611111111111111 0.026041666666666668 0.046296296296296294
1 0.7411458333333333 0.6685185185185185 0.026041666666666668 0.046296296296296294
1 0.8859375 0.7444444444444445 0.026041666666666668 0.046296296296296294
1 0.8885416666666667 0.7972222222222223 0.026041666666666668 0.046296296296296294
1 0.8161458333333333 0.8287037037037037 0.026041666666666668 0.046296296296296294
1 0.8291666666666667 0.8314814814814815 0.026041666666666668 0.046296296296296294
1 0.75625 0.887962962962963 0.026041666666666668 0.046296296296296294
1 0.8958333333333334 0.9092592592592592 0.026041666666666668 0.046296296296296294
1 0.8270833333333333 0.9194444444444444 0.026041666666666668 0.046296296296296294
1 0.6927083333333334 0.9555555555555556 0.026041666666666668 0.046296296296296294
1 0.96875 0.8037037037037037 0.026041666666666668 0.046296296296296294
1 0.9947916666666666 0.8648148148148148 0.026041666666666668 0.046296296296296294
3 0.7447916666666666 0.5277777777777778 0.026041666666666668 0.046296296296296294
2 0.17291666666666666 0.42777777777777776 0.026041666666666668 0.046296296296296294
2 0.20833333333333334 0.4185185185185185 0.026041666666666668 0.046296296296296294
0 0.665625 0.25925925925925924 0.026041666666666668 0.046296296296296294
4 0.6510416666666666 0.4351851851851852 0.026041666666666668 0.046296296296296294
4 0.6510416666666666 0.40370370370370373 0.026041666666666668 0.046296296296296294
4 0.5166666666666667 0.45 0.026041666666666668 0.046296296296296294
4 0.5229166666666667 0.5259259259259259 0.026041666666666668 0.046296296296296294
4 0.6604166666666667 0.6444444444444445 0.026041666666666668 0.046296296296296294
4 0.490625 0.6462962962962963 0.026041666666666668 0.046296296296296294
4 0.409375 0.5555555555555556 0.026041666666666668 0.046296296296296294
4 0.38645833333333335 0.5555555555555556 0.026041666666666668 0.046296296296296294
