0 0.4713541666666667 0.09444444444444444 0.026041666666666668 0.046296296296296294
0 0.475 0.09814814814814815 0.026041666666666668 0.046296296296296294
0 0.4828125 0.09814814814814815 0.026041666666666668 0.046296296296296294
0 0.46927083333333336 0.11296296296296296 0.026041666666666668 0.046296296296296294
0 0.43645833333333334 0.12037037037037036 0.026041666666666668 0.046296296296296294
0 0.4901041666666667 0.12314814814814815 0.026041666666666668 0.046296296296296294
0 0.4583333333333333 0.12685185185185185 0.026041666666666668 0.046296296296296294
0 0.4703125 0.1287037037037037 0.026041666666666668 0.046296296296296294
0 0.47760416666666666 0.12685185185185185 0.026041666666666668 0.046296296296296294
0 0.48333333333333334 0.12962962962962962 0.026041666666666668 0.046296296296296294
0 0.4390625 0.13703703703703704 0.026041666666666668 0.046296296296296294
0 0.45364583333333336 0.13703703703703704 0.026041666666666668 0.046296296296296294
0 0.4921875 0.13703703703703704 0.026041666666666668 0.046296296296296294
0 0.45677083333333335 0.14537037037037037 0.026041666666666668 0.046296296296296294
0 0.46979166666666666 0.15462962962962962 0.026041666666666668 0.046296296296296294
0 0.48541666666666666 0.15462962962962962 0.026041666666666668 0.046296296296296294
0 0.4453125 0.16018518518518518 0.026041666666666668 0.046296296296296294
0 0.46510416666666665 0.16111111111111112 0.026041666666666668 0.046296296296296294
0 0.478125 0.15925925925925927 0.026041666666666668 0.046296296296296294
0 0.4942708333333333 0.16018518518518518 0.026041666666666668 0.046296296296296294
0 0.45 0.1675925925925926 0.026041666666666668 0.046296296296296294
0 0.4666666666666667 0.17685185185185184 0.026041666666666668 0.046296296296296294
0 0.4942708333333333 0.17407407407407408 0.026041666666666668 0.046296296296296294
0 0.5036458333333333 0.18333333333333332 0.026041666666666668 0.046296296296296294
0 0.49583333333333335 0.19166666666666668 0.026041666666666668 0.046296296296296294
0 0.5114583333333333 0.1925925925925926 0.026041666666666668 0.046296296296296294
0 0.46041666666666664 0.20555555555555555 0.026041666666666668 0.046296296296296294
0 0.478125 0.2064814814814815 0.026041666666666668 0.046296296296296294
0 0.4395833333333333 0.2212962962962963 0.026041666666666668 0.046296296296296294
0 0.4625 0.2388888888888889 0.026041666666666668 0.046296296296296294
0 0.4125 0.25462962962962965 0.026041666666666668 0.046296296296296294
0 0.5151041666666667 0.2638888888888889 0.026041666666666668 0.046296296296296294
0 0.465625 0.275 0.026041666666666668 0.046296296296296294
0 0.4739583333333333 0.2740740740740741 0.026041666666666668 0.046296296296296294
0 0.48072916666666665 0.2759259259259259 0.026041666666666668 0.046296296296296294
0 0.48489583333333336 0.2740740740740741 0.026041666666666668 0.046296296296296294
0 0.5067708333333333 0.2777777777777778 0.026041666666666668 0.046296296296296294
0 0.41510416666666666 0.2814814814814815 0.026041666666666668 0.046296296296296294
0 0.5328125 0.2851851851851852 0.026041666666666668 0.046296296296296294
0 0.6916666666666667 0.2851851851851852 0.026041666666666668 0.046296296296296294
0 0.4984375 0.29259259259259257 0.026041666666666668 0.046296296296296294
0 0.5067708333333333 0.29444444444444445 0.026041666666666668 0.046296296296296294
0 0.4421875 0.29907407407407405 0.026041666666666668 0.046296296296296294
0 0.48541666666666666 0.29907407407407405 0.026041666666666668 0.046296296296296294
0 0.415625 0.3074074074074074 0.026041666666666668 0.046296296296296294
0 0.6989583333333333 0.30925925925925923 0.026041666666666668 0.046296296296296294
0 0.4979166666666667 0.3148148148148148 0.026041666666666668 0.046296296296296294
0 0.5151041666666667 0.31666666666666665 0.026041666666666668 0.046296296296296294
0 0.7083333333333334 0.31666666666666665 0.026041666666666668 0.046296296296296294
0 0.4661458333333333 0.325 0.026041666666666668 0.046296296296296294
0 0.47760416666666666 0.32685185185185184 0.026041666666666668 0.046296296296296294
0 0.4166666666666667 0.3314814814814815 0.026041666666666668 0.046296296296296294
0 0.44583333333333336 0.33055555555555555 0.026041666666666668 0.046296296296296294
0 0.4979166666666667 0.3296296296296296 0.026041666666666668 0.046296296296296294
0 0.5104166666666666 0.33240740740740743 0.026041666666666668 0.046296296296296294
4 0.453125 0.34074074074074073 0.026041666666666668 0.046296296296296294
4 0.44114583333333335 0.3472222222222222 0.026041666666666668 0.046296296296296294
4 0.50625 0.3509259259259259 0.026041666666666668 0.046296296296296294
4 0.4 0.35648148148148145 0.026041666666666668 0.046296296296296294
4 0.42916666666666664 0.35462962962962963 0.026041666666666668 0.046296296296296294
4 0.45260416666666664 0.3537037037037037 0.026041666666666668 0.046296296296296294
4 0.3880208333333333 0.3648148148148148 0.026041666666666668 0.046296296296296294
4 0.40677083333333336 0.36574074074074076 0.026041666666666668 0.046296296296296294
4 0.39479166666666665 0.37037037037037035 0.026041666666666668 0.046296296296296294
4 0.65 0.3675925925925926 0.026041666666666668 0.046296296296296294
2 0.16614583333333333 0.37962962962962965 0.026041666666666668 0.046296296296296294
4 0.3734375 0.37962962962962965 0.026041666666666668 0.046296296296296294
4 0.40729166666666666 0.3768518518518518 0.026041666666666668 0.046296296296296294
4 0.51875 0.3787037037037037 0.026041666666666668 0.046296296296296294
4 0.5088541666666667 0.3861111111111111 0.026041666666666668 0.046296296296296294
4 0.5114583333333333 0.38796296296296295 0.026041666666666668 0.046296296296296294
4 0.3734375 0.39537037037037037 0.026041666666666668 0.046296296296296294
4 0.49375 0.38981481481481484 0.026041666666666668 0.046296296296296294
4 0.6588541666666666 0.39537037037037037 0.026041666666666668 0.046296296296296294
2 0.20677083333333332 0.3990740740740741 0.026041666666666668 0.046296296296296294
4 0.38645833333333335 0.40370370370370373 0.026041666666666668 0.046296296296296294
4 0.4203125 0.4009259259259259 0.026041666666666668 0.046296296296296294
4 0.6520833333333333 0.4 0.026041666666666668 0.046296296296296294
2 0.17395833333333333 0.4101851851851852 0.026041666666666668 0.046296296296296294
4 0.5067708333333333 0.4111111111111111 0.026041666666666668 0.046296296296296294
4 0.6625 0.4101851851851852 0.026041666666666668 0.046296296296296294
2 0.19947916666666668 0.4203703703703704 0.026041666666666668 0.046296296296296294
4 0.4864583333333333 0.41944444444444445 0.026041666666666668 0.046296296296296294
4 0.440625 0.43148148148148147 0.026041666666666668 0.046296296296296294
4 0.5208333333333334 0.43333333333333335 0.026041666666666668 0.046296296296296294
4 0.6536458333333334 0.43425925925925923 0.026041666666666668 0.046296296296296294
4 0.465625 0.4398148148148148 0.026041666666666668 0.046296296296296294
4 0.5020833333333333 0.44166666666666665 0.026041666666666668 0.046296296296296294
3 0.69375 0.4388888888888889 0.026041666666666668 0.046296296296296294
4 0.5255208333333333 0.45092592592592595 0.026041666666666668 0.046296296296296294
3 0.6697916666666667 0.45 0.026041666666666668 0.046296296296296294
4 0.5203125 0.4564814814814815 0.026041666666666668 0.046296296296296294
3 0.6864583333333333 0.4648148148148148 0.026041666666666668 0.046296296296296294
4 0.5005208333333333 0.48055555555555557 0.026041666666666668 0.046296296296296294
4 0.5208333333333334 0.48055555555555557 0.026041666666666668 0.046296296296296294
4 0.6125 0.49166666666666664 0.026041666666666668 0.046296296296296294
4 0.6234375 0.4888888888888889 0.026041666666666668 0.046296296296296294
3 0.6786458333333333 0.49074074074074076 0.026041666666666668 0.046296296296296294
4 0.45 0.49537037037037035 0.026041666666666668 0.046296296296296294
4 0.6072916666666667 0.5037037037037037 0.026041666666666668 0.046296296296296294
3 0.6994791666666667 0.5055555555555555 0.026041666666666668 0.046296296296296294
4 0.5197916666666667 0.5092592592592593 0.026041666666666668 0.046296296296296294
4 0.6161458333333333 0.512962962962963 0.026041666666666668 0.046296296296296294
4 0.6416666666666667 0.5120370370370371 0.026041666666666668 0.046296296296296294
4 0.5046875 0.5166666666666667 0.026041666666666668 0.046296296296296294
4 0.6078125 0.5157407407407407 0.026041666666666668 0.046296296296296294
3 0.6984375 0.5185185185185185 0.026041666666666668 0.046296296296296294
4 0.625 0.5277777777777778 0.026041666666666668 0.046296296296296294
4 0.653125 0.5351851851851852 0.026041666666666668 0.046296296296296294
3 0.6739583333333333 0.5342592592592592 0.026041666666666668 0.046296296296296294
3 0.690625 0.5351851851851852 0.026041666666666668 0.046296296296296294
3 0.7192708333333333 0.5333333333333333 0.026041666666666668 0.046296296296296294
3 0.7348958333333333 0.5583333333333333 0.026041666666666668 0.046296296296296294
4 0.5161458333333333 0.5657407407407408 0.026041666666666668 0.046296296296296294
4 0.6416666666666667 0.5657407407407408 0.026041666666666668 0.046296296296296294
4 0.665625 0.5638888888888889 0.026041666666666668 0.046296296296296294
3 0.6921875 0.5648148148148148 0.026041666666666668 0.046296296296296294
4 0.6109375 0.5722222222222222 0.026041666666666668 0.046296296296296294
3 0.7520833333333333 0.5675925925925925 0.026041666666666668 0.046296296296296294
3 0.675 0.5787037037037037 0.026041666666666668 0.046296296296296294
4 0.6489583333333333 0.6203703703703703 0.026041666666666668 0.046296296296296294
4 0.5151041666666667 0.6231481481481481 0.026041666666666668 0.046296296296296294
4 0.5791666666666667 0.6351851851851852 0.026041666666666668 0.046296296296296294
3 0.7328125 0.6333333333333333 0.026041666666666668 0.046296296296296294
4 0.6098958333333333 0.6416666666666667 0.026041666666666668 0.046296296296296294
4 0.5442708333333334 0.6453703703703704 0.026041666666666668 0.046296296296296294
1 0.3890625 0.6907407407407408 0.026041666666666668 0.046296296296296294
1 0.4734375 0.7055555555555556 0.026041666666666668 0.046296296296296294
1 0.42291666666666666 0.7212962962962963 0.026041666666666668 0.046296296296296294
1 0.44479166666666664 0.7351851851851852 0.026041666666666668 0.046296296296296294
1 0.17708333333333334 0.7435185185185185 0.026041666666666668 0.046296296296296294
1 0.9161458333333333 0.7481481481481481 0.026041666666666668 0.046296296296296294
1 0.5447916666666667 0.7592592592592593 0.026041666666666668 0.046296296296296294
1 0.6489583333333333 0.7601851851851852 0.026041666666666668 0.046296296296296294
1 0.8864583333333333 0.7518518518518519 0.026041666666666668 0.046296296296296294
1 0.4973958333333333 0.7675925925925926 0.026041666666666668 0.046296296296296294
1 0.6005208333333333 0.7851851851851852 0.026041666666666668 0.046296296296296294
1 0.8739583333333333 0.8351851851851851 0.026041666666666668 0.046296296296296294
1 0.8291666666666667 0.8481481481481481 0.026041666666666668 0.046296296296296294
1 0.38385416666666666 0.8796296296296297 0.026041666666666668 0.046296296296296294
1 0.434375 0.8953703703703704 0.026041666666666668 0.046296296296296294
1 0.4661458333333333 0.9018518518518519 0.026041666666666668 0.046296296296296294
1 0.24583333333333332 0.9212962962962963 0.026041666666666668 0.046296296296296294
1 0.8130208333333333 0.924074074074074 0.026041666666666668 0.046296296296296294
1 0.26979166666666665 0.925 0.026041666666666668 0.046296296296296294
1 0.3390625 0.9212962962962963 0.026041666666666668 0.046296296296296294
1 0.875 0.9555555555555556 0.026041666666666668 0.046296296296296294
1 0.971875 0.9462962962962963 0.026041666666666668 0.046296296296296294
1 0.1109375 0.9731481481481481 0.026041666666666668 0.046296296296296294
1 0.0484375 0.9953703703703703 0.026041666666666668 0.046296296296296294
1 0.7364583333333333 0.8296296296296296 0.026041666666666668 0.046296296296296294
1 0.828125 0.7481481481481481 0.026041666666666668 0.046296296296296294
1 0.846875 0.9 0.026041666666666668 0.046296296296296294
1 0.8302083333333333 0.8648148148148148 0.026041666666666668 0.046296296296296294
1 0.21458333333333332 0.7314814814814815 0.026041666666666668 0.046296296296296294
1 0.17395833333333333 0.7870370370370371 0.026041666666666668 0.046296296296296294
1 0.14375 0.8574074074074074 0.026041666666666668 0.046296296296296294
1 0.12916666666666668 0.9055555555555556 0.026041666666666668 0.046296296296296294
1 0.07291666666666667 0.7444444444444445 0.026041666666666668 0.046296296296296294
4 0.42291666666666666 0.5555555555555556 0.026041666666666668 0.046296296296296294
4 0.37604166666666666 0.47962962962962963 0.026041666666666668 0.046296296296296294
4 0.5114583333333333 0.5962962962962963 0.026041666666666668 0.046296296296296294
3 0.7072916666666667 0.4462962962962963 0.026041666666666668 0.046296296296296294
3 0.7791666666666667 0.662962962962963 0.026041666666666668 0.046296296296296294
3 0.7645833333333333 0.6370370370370371 0.026041666666666668 0.046296296296296294
3 0.7635416666666667 0.6222222222222222 0.026041666666666668 0.046296296296296294
3 0.771875 0.5833333333333334 0.026041666666666668 0.046296296296296294
1 0.73125 0.7111111111111111 0.026041666666666668 0.046296296296296294
1 0.6739583333333333 0.674074074074074 0.026041666666666668 0.046296296296296294
4 0.6322916666666667 0.6240740740740741 0.026041666666666668 0.046296296296296294
4 0.6208333333333333 0.5981481481481481 0.026041666666666668 0.046296296296296294
1 0.534375 0.8185185185185185 0.026041666666666668 0.046296296296296294
