0 0.4703125 0.09444444444444444 0.026041666666666668 0.046296296296296294
0 0.4786458333333333 0.09722222222222222 0.026041666666666668 0.046296296296296294
0 0.4875 0.10555555555555556 0.026041666666666668 0.046296296296296294
0 0.44166666666666665 0.1259259259259259 0.026041666666666668 0.046296296296296294
0 0.4703125 0.12962962962962962 0.026041666666666668 0.046296296296296294
0 0.4895833333333333 0.12777777777777777 0.026041666666666668 0.046296296296296294
0 0.4505208333333333 0.1361111111111111 0.026041666666666668 0.046296296296296294
0 0.4588541666666667 0.13333333333333333 0.026041666666666668 0.046296296296296294
0 0.46510416666666665 0.1361111111111111 0.026041666666666668 0.046296296296296294
0 0.4864583333333333 0.1388888888888889 0.026041666666666668 0.046296296296296294
0 0.4421875 0.14444444444444443 0.026041666666666668 0.046296296296296294
0 0.49114583333333334 0.14444444444444443 0.026041666666666668 0.046296296296296294
0 0.4375 0.15462962962962962 0.026041666666666668 0.046296296296296294
0 0.45 0.1527777777777778 0.026041666666666668 0.046296296296296294
0 0.4661458333333333 0.15185185185185185 0.026041666666666668 0.046296296296296294
0 0.4791666666666667 0.15925925925925927 0.026041666666666668 0.046296296296296294
0 0.4869791666666667 0.16018518518518518 0.026041666666666668 0.046296296296296294
0 0.5041666666666667 0.175 0.026041666666666668 0.046296296296296294
0 0.5161458333333333 0.18333333333333332 0.026041666666666668 0.046296296296296294
0 0.4875 0.20555555555555555 0.026041666666666668 0.046296296296296294
0 0.46197916666666666 0.21574074074074073 0.026041666666666668 0.046296296296296294
0 0.46145833333333336 0.23055555555555557 0.026041666666666668 0.046296296296296294
0 0.4744791666666667 0.23796296296296296 0.026041666666666668 0.046296296296296294
0 0.4895833333333333 0.23796296296296296 0.026041666666666668 0.046296296296296294
0 0.4239583333333333 0.24444444444444444 0.026041666666666668 0.046296296296296294
0 0.42864583333333334 0.24722222222222223 0.026041666666666668 0.046296296296296294
0 0.46197916666666666 0.24259259259259258 0.026041666666666668 0.046296296296296294
0 0.471875 0.24444444444444444 0.026041666666666668 0.046296296296296294
0 0.45 0.25 0.026041666666666668 0.046296296296296294
0 0.465625 0.25462962962962965 0.026041666666666668 0.046296296296296294
0 0.490625 0.25 0.026041666666666668 0.046296296296296294
0 0.4984375 0.25277777777777777 0.026041666666666668 0.046296296296296294
0 0.4744791666666667 0.25925925925925924 0.026041666666666668 0.046296296296296294
0 0.703125 0.2601851851851852 0.026041666666666668 0.046296296296296294
0 0.503125 0.2777777777777778 0.026041666666666668 0.046296296296296294
0 0.46458333333333335 0.28703703703703703 0.026041666666666668 0.046296296296296294
0 0.4942708333333333 0.2851851851851852 0.026041666666666668 0.046296296296296294
0 0.5151041666666667 0.2833333333333333 0.026041666666666668 0.046296296296296294
0 0.5276041666666667 0.2861111111111111 0.026041666666666668 0.046296296296296294
0 0.5442708333333334 0.29259259259259257 0.026041666666666668 0.046296296296296294
0 0.415625 0.30092592592592593 0.026041666666666668 0.046296296296296294
0 0.4953125 0.3 0.026041666666666668 0.046296296296296294
0 0.503125 0.29907407407407405 0.026041666666666668 0.046296296296296294
0 0.5145833333333333 0.3 0.026041666666666668 0.046296296296296294
0 0.5208333333333334 0.30092592592592593 0.026041666666666668 0.046296296296296294
0 0.440625 0.30833333333333335 0.026041666666666668 0.046296296296296294
0 0.459375 0.3111111111111111 0.026041666666666668 0.046296296296296294
0 0.4739583333333333 0.30833333333333335 0.026041666666666668 0.046296296296296294
0 0.503125 0.3148148148148148 0.026041666666666668 0.046296296296296294
0 0.5286458333333334 0.31666666666666665 0.026041666666666668 0.046296296296296294
0 0.45416666666666666 0.32685185185185184 0.026041666666666668 0.046296296296296294
0 0.5453125 0.325 0.026041666666666668 0.046296296296296294
0 0.6958333333333333 0.3212962962962963 0.026041666666666668 0.046296296296296294
4 0.4453125 0.3333333333333333 0.026041666666666668 0.046296296296296294
0 0.4666666666666667 0.33055555555555555 0.026041666666666668 0.046296296296296294
0 0.478125 0.3296296296296296 0.026041666666666668 0.046296296296296294
0 0.5328125 0.3314814814814815 0.026041666666666668 0.046296296296296294
4 0.4166666666666667 0.3398148148148148 0.026041666666666668 0.046296296296296294
4 0.49895833333333334 0.34074074074074073 0.026041666666666668 0.046296296296296294
4 0.4203125 0.34814814814814815 0.026041666666666668 0.046296296296296294
4 0.5119791666666667 0.3472222222222222 0.026041666666666668 0.046296296296296294
4 0.3828125 0.35648148148148145 0.026041666666666668 0.046296296296296294
4 0.39114583333333336 0.35648148148148145 0.026041666666666668 0.046296296296296294
4 0.3953125 0.35462962962962963 0.026041666666666668 0.046296296296296294
4 0.40260416666666665 0.3537037037037037 0.026041666666666668 0.046296296296296294
4 0.44947916666666665 0.35462962962962963 0.026041666666666668 0.046296296296296294
4 0.4161458333333333 0.362962962962963 0.026041666666666668 0.046296296296296294
4 0.5083333333333333 0.362962962962963 0.026041666666666668 0.046296296296296294
4 0.5151041666666667 0.37037037037037035 0.026041666666666668 0.046296296296296294
4 0.3953125 0.37962962962962965 0.026041666666666668 0.046296296296296294
4 0.40208333333333335 0.37777777777777777 0.026041666666666668 0.046296296296296294
4 0.41510416666666666 0.3851851851851852 0.026041666666666668 0.046296296296296294
4 0.503125 0.3861111111111111 0.026041666666666668 0.046296296296296294
4 0.5151041666666667 0.3861111111111111 0.026041666666666668 0.046296296296296294
4 0.6541666666666667 0.3888888888888889 0.026041666666666668 0.046296296296296294
4 0.4328125 0.39444444444444443 0.026041666666666668 0.046296296296296294
2 0.1734375 0.40370370370370373 0.026041666666666668 0.046296296296296294
4 0.4078125 0.4027777777777778 0.026041666666666668 0.046296296296296294
4 0.5161458333333333 0.4027777777777778 0.026041666666666668 0.046296296296296294
4 0.6541666666666667 0.40185185185185185 0.026041666666666668 0.046296296296296294
2 0.19010416666666666 0.4083333333333333 0.026041666666666668 0.046296296296296294
2 0.20625 0.40925925925925927 0.026041666666666668 0.046296296296296294
4 0.3927083333333333 0.4101851851851852 0.026041666666666668 0.046296296296296294
4 0.4 0.4111111111111111 0.026041666666666668 0.046296296296296294
4 0.43697916666666664 0.4111111111111111 0.026041666666666668 0.046296296296296294
4 0.4203125 0.41944444444444445 0.026041666666666668 0.046296296296296294
2 0.16979166666666667 0.42962962962962964 0.026041666666666668 0.046296296296296294
4 0.38385416666666666 0.425 0.026041666666666668 0.046296296296296294
2 0.19583333333333333 0.43425925925925923 0.026041666666666668 0.046296296296296294
4 0.39479166666666665 0.4324074074074074 0.026041666666666668 0.046296296296296294
4 0.40260416666666665 0.4398148148148148 0.026041666666666668 0.046296296296296294
4 0.41510416666666666 0.44351851851851853 0.026041666666666668 0.046296296296296294
4 0.5130208333333334 0.44074074074074077 0.026041666666666668 0.046296296296296294
3 0.7072916666666667 0.4388888888888889 0.026041666666666668 0.046296296296296294
4 0.39427083333333335 0.45 0.026041666666666668 0.046296296296296294
4 0.4119791666666667 0.4527777777777778 0.026041666666666668 0.046296296296296294
4 0.6635416666666667 0.45185185185185184 0.026041666666666668 0.046296296296296294
3 0.6760416666666667 0.4527777777777778 0.026041666666666668 0.046296296296296294
4 0.38333333333333336 0.4666666666666667 0.026041666666666668 0.046296296296296294
4 0.39895833333333336 0.46574074074074073 0.026041666666666668 0.046296296296296294
4 0.5161458333333333 0.46296296296296297 0.026041666666666668 0.046296296296296294
4 0.39166666666666666 0.4740740740740741 0.026041666666666668 0.046296296296296294
4 0.4125 0.4722222222222222 0.026041666666666668 0.046296296296296294
3 0.6963541666666667 0.47314814814814815 0.026041666666666668 0.046296296296296294
4 0.37447916666666664 0.48055555555555557 0.026041666666666668 0.046296296296296294
4 0.49583333333333335 0.4787037037037037 0.026041666666666668 0.046296296296296294
4 0.6192708333333333 0.47962962962962963 0.026041666666666668 0.046296296296296294
4 0.390625 0.4888888888888889 0.026041666666666668 0.046296296296296294
4 0.5052083333333334 0.4888888888888889 0.026041666666666668 0.046296296296296294
4 0.6041666666666666 0.48703703703703705 0.026041666666666668 0.046296296296296294
3 0.6901041666666666 0.4888888888888889 0.026041666666666668 0.046296296296296294
4 0.5364583333333334 0.49537037037037035 0.026041666666666668 0.046296296296296294
3 0.6828125 0.49537037037037035 0.026041666666666668 0.046296296296296294
4 0.5302083333333333 0.5027777777777778 0.026041666666666668 0.046296296296296294
4 0.6083333333333333 0.5055555555555555 0.026041666666666668 0.046296296296296294
4 0.6291666666666667 0.5037037037037037 0.026041666666666668 0.046296296296296294
3 0.7036458333333333 0.5046296296296297 0.026041666666666668 0.046296296296296294
4 0.41354166666666664 0.5111111111111111 0.026041666666666668 0.046296296296296294
3 0.6958333333333333 0.5148148148148148 0.026041666666666668 0.046296296296296294
3 0.7567708333333333 0.512962962962963 0.026041666666666668 0.046296296296296294
4 0.42083333333333334 0.5185185185185185 0.026041666666666668 0.046296296296296294
4 0.4609375 0.5203703703703704 0.026041666666666668 0.046296296296296294
4 0.6307291666666667 0.5259259259259259 0.026041666666666668 0.046296296296296294
4 0.6651041666666667 0.5231481481481481 0.026041666666666668 0.046296296296296294
4 0.3880208333333333 0.5361111111111111 0.026041666666666668 0.046296296296296294
4 0.5296875 0.5324074074074074 0.026041666666666668 0.046296296296296294
4 0.5380208333333333 0.5333333333333333 0.026041666666666668 0.046296296296296294
4 0.5822916666666667 0.5333333333333333 0.026041666666666668 0.046296296296296294
3 0.7239583333333334 0.5351851851851852 0.026041666666666668 0.046296296296296294
4 0.4822916666666667 0.5333333333333333 0.026041666666666668 0.046296296296296294
4 0.42916666666666664 0.549074074074074 0.026041666666666668 0.046296296296296294
4 0.5458333333333333 0.5518518518518518 0.026041666666666668 0.046296296296296294
4 0.6114583333333333 0.5509259259259259 0.026041666666666668 0.046296296296296294
4 0.38697916666666665 0.5601851851851852 0.026041666666666668 0.046296296296296294
4 0.40729166666666666 0.5574074074074075 0.026041666666666668 0.046296296296296294
4 0.5708333333333333 0.5555555555555556 0.026041666666666668 0.046296296296296294
4 0.4375 0.5731481481481482 0.026041666666666668 0.046296296296296294
3 0.7369791666666666 0.5722222222222222 0.026041666666666668 0.046296296296296294
4 0.6270833333333333 0.575 0.026041666666666668 0.046296296296296294
3 0.7713541666666667 0.5898148148148148 0.026041666666666668 0.046296296296296294
4 0.5458333333333333 0.5972222222222222 0.026041666666666668 0.046296296296296294
4 0.5630208333333333 0.6074074074074074 0.026041666666666668 0.046296296296296294
3 0.7375 0.6212962962962963 0.026041666666666668 0.046296296296296294
4 0.5380208333333333 0.6296296296296297 0.026041666666666668 0.046296296296296294
4 0.5578125 0.6287037037037037 0.026041666666666668 0.046296296296296294
4 0.6036458333333333 0.6259259259259259 0.026041666666666668 0.046296296296296294
4 0.5036458333333333 0.6361111111111111 0.026041666666666668 0.046296296296296294
4 0.4703125 0.6481481481481481 0.026041666666666668 0.046296296296296294
3 0.7114583333333333 0.6564814814814814 0.026041666666666668 0.046296296296296294
1 0.6739583333333333 0.6768518518518518 0.026041666666666668 0.046296296296296294
1 0.5885416666666666 0.75 0.026041666666666668 0.046296296296296294
1 0.8859375 0.7453703703703703 0.026041666666666668 0.046296296296296294
1 0.6927083333333334 0.762962962962963 0.026041666666666668 0.046296296296296294
1 0.13072916666666667 0.7694444444444445 0.026041666666666668 0.046296296296296294
1 0.825 0.8398148148148148 0.026041666666666668 0.046296296296296294
1 0.9744791666666667 0.8453703703703703 0.026041666666666668 0.046296296296296294
1 0.7510416666666667 0.8768518518518519 0.026041666666666668 0.046296296296296294
1 0.8203125 0.9296296296296296 0.026041666666666668 0.046296296296296294
1 0.7119791666666667 0.9231481481481482 0.026041666666666668 0.046296296296296294
1 0.965625 0.9351851851851852 0.026041666666666668 0.046296296296296294
1 0.40729166666666666 0.9166666666666666 0.026041666666666668 0.046296296296296294
1 0.33229166666666665 0.8962962962962963 0.026041666666666668 0.046296296296296294
1 0.8916666666666667 0.7981481481481482 0.026041666666666668 0.046296296296296294
1 0.9947916666666666 0.8666666666666667 0.026041666666666668 0.046296296296296294
3 0.66875 0.42592592592592593 0.026041666666666668 0.046296296296296294
3 0.6729166666666667 0.44074074074074077 0.026041666666666668 0.046296296296296294
1 0.7572916666666667 0.6814814814814815 0.026041666666666668 0.046296296296296294
3 0.7614583333333333 0.6222222222222222 0.026041666666666668 0.046296296296296294
1 0.6041666666666666 0.7592592592592593 0.026041666666666668 0.046296296296296294
