0 0.453125 0.049074074074074076 0.026041666666666668 0.046296296296296294
0 0.47604166666666664 0.09907407407407408 0.026041666666666668 0.046296296296296294
0 0.48385416666666664 0.09722222222222222 0.026041666666666668 0.046296296296296294
0 0.4869791666666667 0.09814814814814815 0.026041666666666668 0.046296296296296294
0 0.4708333333333333 0.11296296296296296 0.026041666666666668 0.046296296296296294
0 0.4546875 0.11574074074074074 0.026041666666666668 0.046296296296296294
0 0.4828125 0.12222222222222222 0.026041666666666668 0.046296296296296294
0 0.490625 0.12037037037037036 0.026041666666666668 0.046296296296296294
0 0.4744791666666667 0.13148148148148148 0.026041666666666668 0.046296296296296294
0 0.44375 0.13425925925925927 0.026041666666666668 0.046296296296296294
0 0.4484375 0.1361111111111111 0.026041666666666668 0.046296296296296294
0 0.453125 0.13055555555555556 0.026041666666666668 0.046296296296296294
0 0.4625 0.1361111111111111 0.026041666666666668 0.046296296296296294
0 0.46979166666666666 0.13796296296296295 0.026041666666666668 0.046296296296296294
0 0.4828125 0.1388888888888889 0.026041666666666668 0.046296296296296294
0 0.490625 0.13796296296296295 0.026041666666666668 0.046296296296296294
0 0.4947916666666667 0.14537037037037037 0.026041666666666668 0.046296296296296294
0 0.46197916666666666 0.15462962962962962 0.026041666666666668 0.046296296296296294
0 0.478125 0.15462962962962962 0.026041666666666668 0.046296296296296294
0 0.46041666666666664 0.16203703703703703 0.026041666666666668 0.046296296296296294
0 0.4479166666666667 0.1648148148148148 0.026041666666666668 0.046296296296296294
0 0.4328125 0.175 0.026041666666666668 0.046296296296296294
0 0.49947916666666664 0.175 0.026041666666666668 0.046296296296296294
0 0.46197916666666666 0.1787037037037037 0.026041666666666668 0.046296296296296294
0 0.4744791666666667 0.1824074074074074 0.026041666666666668 0.046296296296296294
0 0.4786458333333333 0.1814814814814815 0.026041666666666668 0.046296296296296294
0 0.5109375 0.1935185185185185 0.026041666666666668 0.046296296296296294
0 0.4625 0.1962962962962963 0.026041666666666668 0.046296296296296294
0 0.49947916666666664 0.1962962962962963 0.026041666666666668 0.046296296296296294
0 0.43645833333333334 0.21481481481481482 0.026041666666666668 0.046296296296296294
0 0.5151041666666667 0.23148148148148148 0.026041666666666668 0.046296296296296294
0 0.4557291666666667 0.24259259259259258 0.026041666666666668 0.046296296296296294
0 0.46822916666666664 0.24537037037037038 0.026041666666666668 0.046296296296296294
0 0.5119791666666667 0.24722222222222223 0.026041666666666668 0.046296296296296294
0 0.5078125 0.2638888888888889 0.026041666666666668 0.046296296296296294
0 0.5333333333333333 0.27685185185185185 0.026041666666666668 0.046296296296296294
0 0.5104166666666666 0.28703703703703703 0.026041666666666668 0.046296296296296294
0 0.5458333333333333 0.2851851851851852 0.026041666666666668 0.046296296296296294
0 0.4375 0.2898148148148148 0.026041666666666668 0.046296296296296294
0 0.44583333333333336 0.29259259259259257 0.026041666666666668 0.046296296296296294
0 0.475 0.29259259259259257 0.026041666666666668 0.046296296296296294
0 0.6911458333333333 0.29259259259259257 0.026041666666666668 0.046296296296296294
0 0.46822916666666664 0.30092592592592593 0.026041666666666668 0.046296296296296294
0 0.4864583333333333 0.29907407407407405 0.026041666666666668 0.046296296296296294
0 0.4973958333333333 0.3 0.026041666666666668 0.046296296296296294
0 0.475 0.30648148148148147 0.026041666666666668 0.046296296296296294
0 0.6994791666666667 0.3101851851851852 0.026041666666666668 0.046296296296296294
0 0.41458333333333336 0.31296296296296294 0.026041666666666668 0.046296296296296294
0 0.4322916666666667 0.31574074074074077 0.026041666666666668 0.046296296296296294
0 0.4984375 0.31574074074074077 0.026041666666666668 0.046296296296296294
0 0.5151041666666667 0.31574074074074077 0.026041666666666668 0.046296296296296294
0 0.5291666666666667 0.32407407407407407 0.026041666666666668 0.046296296296296294
0 0.7078125 0.32407407407407407 0.026041666666666668 0.046296296296296294
0 0.46145833333333336 0.33055555555555555 0.026041666666666668 0.046296296296296294
4 0.5114583333333333 0.3351851851851852 0.026041666666666668 0.046296296296296294
0 0.55 0.33240740740740743 0.026041666666666668 0.046296296296296294
4 0.4317708333333333 0.3388888888888889 0.026041666666666668 0.046296296296296294
4 0.45 0.33796296296296297 0.026041666666666668 0.046296296296296294
4 0.4453125 0.3574074074074074 0.026041666666666668 0.046296296296296294
4 0.5072916666666667 0.35833333333333334 0.026041666666666668 0.046296296296296294
4 0.49947916666666664 0.3648148148148148 0.026041666666666668 0.046296296296296294
4 0.4328125 0.3685185185185185 0.026041666666666668 0.046296296296296294
4 0.4661458333333333 0.3712962962962963 0.026041666666666668 0.046296296296296294
4 0.6510416666666666 0.3685185185185185 0.026041666666666668 0.046296296296296294
2 0.21979166666666666 0.37777777777777777 0.026041666666666668 0.046296296296296294
4 0.390625 0.3787037037037037 0.026041666666666668 0.046296296296296294
4 0.4479166666666667 0.37777777777777777 0.026041666666666668 0.046296296296296294
4 0.5078125 0.387037037037037 0.026041666666666668 0.046296296296296294
4 0.6505208333333333 0.3861111111111111 0.026041666666666668 0.046296296296296294
4 0.49375 0.39166666666666666 0.026041666666666668 0.046296296296296294
4 0.6583333333333333 0.39537037037037037 0.026041666666666668 0.046296296296296294
2 0.20364583333333333 0.39814814814814814 0.026041666666666668 0.046296296296296294
4 0.478125 0.4027777777777778 0.026041666666666668 0.046296296296296294
3 0.7619791666666667 0.3990740740740741 0.026041666666666668 0.046296296296296294
2 0.178125 0.4101851851851852 0.026041666666666668 0.046296296296296294
4 0.5072916666666667 0.4111111111111111 0.026041666666666668 0.046296296296296294
4 0.6583333333333333 0.40925925925925927 0.026041666666666668 0.046296296296296294
4 0.6666666666666666 0.4101851851851852 0.026041666666666668 0.046296296296296294
4 0.4947916666666667 0.42592592592592593 0.026041666666666668 0.046296296296296294
4 0.5244791666666667 0.43425925925925923 0.026041666666666668 0.046296296296296294
4 0.6536458333333334 0.4351851851851852 0.026041666666666668 0.046296296296296294
3 0.6942708333333333 0.42962962962962964 0.026041666666666668 0.046296296296296294
4 0.5119791666666667 0.4398148148148148 0.026041666666666668 0.046296296296296294
4 0.6666666666666666 0.43796296296296294 0.026041666666666668 0.046296296296296294
3 0.6739583333333333 0.4388888888888889 0.026041666666666668 0.046296296296296294
4 0.46979166666666666 0.44722222222222224 0.026041666666666668 0.046296296296296294
4 0.525 0.45185185185185184 0.026041666666666668 0.046296296296296294
3 0.7046875 0.44537037037037036 0.026041666666666668 0.046296296296296294
3 0.7114583333333333 0.44722222222222224 0.026041666666666668 0.046296296296296294
4 0.415625 0.45092592592592595 0.026041666666666668 0.046296296296296294
4 0.4484375 0.4546296296296296 0.026041666666666668 0.046296296296296294
4 0.525 0.45740740740740743 0.026041666666666668 0.046296296296296294
3 0.6776041666666667 0.46574074074074073 0.026041666666666668 0.046296296296296294
4 0.4322916666666667 0.47129629629629627 0.026041666666666668 0.046296296296296294
4 0.4744791666666667 0.47129629629629627 0.026041666666666668 0.046296296296296294
4 0.5260416666666666 0.48148148148148145 0.026041666666666668 0.046296296296296294
3 0.6869791666666667 0.48055555555555557 0.026041666666666668 0.046296296296296294
4 0.628125 0.4888888888888889 0.026041666666666668 0.046296296296296294
3 0.7041666666666667 0.49074074074074076 0.026041666666666668 0.046296296296296294
4 0.4119791666666667 0.4935185185185185 0.026041666666666668 0.046296296296296294
3 0.675 0.4935185185185185 0.026041666666666668 0.046296296296296294
4 0.6119791666666666 0.5046296296296297 0.026041666666666668 0.046296296296296294
3 0.7005208333333334 0.5055555555555555 0.026041666666666668 0.046296296296296294
4 0.51875 0.5101851851851852 0.026041666666666668 0.046296296296296294
3 0.6953125 0.5203703703703704 0.026041666666666668 0.046296296296296294
4 0.6229166666666667 0.524074074074074 0.026041666666666668 0.046296296296296294
3 0.6864583333333333 0.537962962962963 0.026041666666666668 0.046296296296296294
3 0.703125 0.5342592592592592 0.026041666666666668 0.046296296296296294
3 0.7229166666666667 0.5333333333333333 0.026041666666666668 0.046296296296296294
4 0.5119791666666667 0.5481481481481482 0.026041666666666668 0.046296296296296294
4 0.6083333333333333 0.5462962962962963 0.026041666666666668 0.046296296296296294
4 0.6369791666666667 0.549074074074074 0.026041666666666668 0.046296296296296294
4 0.5197916666666667 0.5555555555555556 0.026041666666666668 0.046296296296296294
3 0.7364583333333333 0.5583333333333333 0.026041666666666668 0.046296296296296294
3 0.7536458333333333 0.5564814814814815 0.026041666666666668 0.046296296296296294
3 0.6755208333333333 0.5685185185185185 0.026041666666666668 0.046296296296296294
3 0.7661458333333333 0.5731481481481482 0.026041666666666668 0.046296296296296294
4 0.6640625 0.5796296296296296 0.026041666666666668 0.046296296296296294
4 0.6364583333333333 0.5879629629629629 0.026041666666666668 0.046296296296296294
4 0.38697916666666665 0.5944444444444444 0.026041666666666668 0.046296296296296294
4 0.5078125 0.5944444444444444 0.026041666666666668 0.046296296296296294
2 0.228125 0.6055555555555555 0.026041666666666668 0.046296296296296294
4 0.6135416666666667 0.6046296296296296 0.026041666666666668 0.046296296296296294
4 0.4609375 0.6092592592592593 0.026041666666666668 0.046296296296296294
3 0.7630208333333334 0.6203703703703703 0.026041666666666668 0.046296296296296294
4 0.5255208333333333 0.6259259259259259 0.026041666666666668 0.046296296296296294
4 0.440625 0.6333333333333333 0.026041666666666668 0.046296296296296294
4 0.5739583333333333 0.6342592592592593 0.026041666666666668 0.046296296296296294
3 0.7369791666666666 0.6361111111111111 0.026041666666666668 0.046296296296296294
4 0.5520833333333334 0.6435185185185185 0.026041666666666668 0.046296296296296294
3 0.7666666666666667 0.6509259259259259 0.026041666666666668 0.046296296296296294
1 0.4822916666666667 0.675 0.026041666666666668 0.046296296296296294
1 0.646875 0.6907407407407408 0.026041666666666668 0.046296296296296294
1 0.20833333333333334 0.6990740740740741 0.026041666666666668 0.046296296296296294
1 0.7161458333333334 0.7074074074074074 0.026041666666666668 0.046296296296296294
1 0.17395833333333333 0.7546296296296297 0.026041666666666668 0.046296296296296294
1 0.6484375 0.7527777777777778 0.026041666666666668 0.046296296296296294
1 0.6901041666666666 0.7657407407407407 0.026041666666666668 0.046296296296296294
1 0.8677083333333333 0.8046296296296296 0.026041666666666668 0.046296296296296294
1 0.5151041666666667 0.8111111111111111 0.026041666666666668 0.046296296296296294
1 0.5697916666666667 0.8212962962962963 0.026041666666666668 0.046296296296296294
1 0.7432291666666667 0.8268518518518518 0.026041666666666668 0.046296296296296294
1 0.14166666666666666 0.8287037037037037 0.026041666666666668 0.046296296296296294
1 0.828125 0.8379629629629629 0.026041666666666668 0.046296296296296294
1 0.8739583333333333 0.8379629629629629 0.026041666666666668 0.046296296296296294
1 0.6557291666666667 0.8657407407407407 0.026041666666666668 0.046296296296296294
1 0.36770833333333336 0.8583333333333333 0.026041666666666668 0.046296296296296294
1 0.1140625 0.8675925925925926 0.026041666666666668 0.046296296296296294
1 0.43854166666666666 0.8907407407407407 0.026041666666666668 0.046296296296296294
1 0.46875 0.9046296296296297 0.026041666666666668 0.046296296296296294
1 0.2453125 0.9175925925925926 0.026041666666666668 0.046296296296296294
1 0.2682291666666667 0.9268518518518518 0.026041666666666668 0.046296296296296294
1 0.9776041666666667 0.9601851851851851 0.026041666666666668 0.046296296296296294
1 0.019791666666666666 0.9842592592592593 0.026041666666666668 0.046296296296296294
2 0.14270833333333333 0.5833333333333334 0.026041666666666668 0.046296296296296294
2 0.2 0.4148148148148148 0.026041666666666668 0.046296296296296294
1 0.2708333333333333 0.9611111111111111 0.026041666666666668 0.046296296296296294
1 0.109375 0.9351851851851852 0.026041666666666668 0.046296296296296294
1 0.38229166666666664 0.8037037037037037 0.026041666666666668 0.046296296296296294
1 0.409375 0.674074074074074 0.026041666666666668 0.046296296296296294
1 0.5489583333333333 0.7444444444444445 0.026041666666666668 0.046296296296296294
4 0.3885416666666667 0.4111111111111111 0.026041666666666668 0.046296296296296294
1 0.8875 0.7444444444444445 0.026041666666666668 0.046296296296296294
1 0.9177083333333333 0.7666666666666667 0.026041666666666668 0.046296296296296294
1 0.8375 0.7592592592592593 0.026041666666666668 0.046296296296296294
1 0.828125 0.8685185185185185 0.026041666666666668 0.046296296296296294
1 0.859375 0.9037037037037037 0.026041666666666668 0.046296296296296294
1 0.8260416666666667 0.9666666666666667 0.026041666666666668 0.046296296296296294
1 0.8697916666666666 0.9537037037037037 0.026041666666666668 0.046296296296296294
3 0.6833333333333333 0.6592592592592592 0.026041666666666668 0.046296296296296294
4 0.6197916666666666 0.6388888888888888 0.026041666666666668 0.046296296296296294
4 0.6479166666666667 0.6185185185185185 0.026041666666666668 0.046296296296296294
4 0.4979166666666667 0.512962962962963 0.026041666666666668 0.046296296296296294
4 0.615625 0.5648148148148148 0.026041666666666668 0.046296296296296294
