0 0.471875 0.09444444444444444 0.026041666666666668 0.046296296296296294
0 0.4822916666666667 0.10740740740740741 0.026041666666666668 0.046296296296296294
0 0.46927083333333336 0.12222222222222222 0.026041666666666668 0.046296296296296294
0 0.49114583333333334 0.12037037037037036 0.026041666666666668 0.046296296296296294
0 0.47760416666666666 0.12777777777777777 0.026041666666666668 0.046296296296296294
0 0.48385416666666664 0.12685185185185185 0.026041666666666668 0.046296296296296294
0 0.4901041666666667 0.13055555555555556 0.026041666666666668 0.046296296296296294
0 0.44947916666666665 0.13425925925925927 0.026041666666666668 0.046296296296296294
0 0.46197916666666666 0.13703703703703704 0.026041666666666668 0.046296296296296294
0 0.4708333333333333 0.13518518518518519 0.026041666666666668 0.046296296296296294
0 0.4401041666666667 0.1425925925925926 0.026041666666666668 0.046296296296296294
0 0.45364583333333336 0.14166666666666666 0.026041666666666668 0.046296296296296294
0 0.46510416666666665 0.14351851851851852 0.026041666666666668 0.046296296296296294
0 0.4901041666666667 0.14351851851851852 0.026041666666666668 0.046296296296296294
0 0.4739583333333333 0.1537037037037037 0.026041666666666668 0.046296296296296294
0 0.49114583333333334 0.16111111111111112 0.026041666666666668 0.046296296296296294
0 0.465625 0.1685185185185185 0.026041666666666668 0.046296296296296294
0 0.475 0.1685185185185185 0.026041666666666668 0.046296296296296294
0 0.4244791666666667 0.2074074074074074 0.026041666666666668 0.046296296296296294
0 0.44166666666666665 0.2064814814814815 0.026041666666666668 0.046296296296296294
0 0.478125 0.22407407407407406 0.026041666666666668 0.046296296296296294
0 0.4119791666666667 0.24814814814814815 0.026041666666666668 0.046296296296296294
0 0.47291666666666665 0.26296296296296295 0.026041666666666668 0.046296296296296294
0 0.45729166666666665 0.2675925925925926 0.026041666666666668 0.046296296296296294
0 0.4666666666666667 0.26944444444444443 0.026041666666666668 0.046296296296296294
0 0.45 0.2796296296296296 0.026041666666666668 0.046296296296296294
0 0.49947916666666664 0.2740740740740741 0.026041666666666668 0.046296296296296294
0 0.5104166666666666 0.27685185185185185 0.026041666666666668 0.046296296296296294
0 0.4270833333333333 0.2861111111111111 0.026041666666666668 0.046296296296296294
0 0.5078125 0.2861111111111111 0.026041666666666668 0.046296296296296294
0 0.4921875 0.29444444444444445 0.026041666666666668 0.046296296296296294
0 0.5020833333333333 0.2953703703703704 0.026041666666666668 0.046296296296296294
0 0.690625 0.29259259259259257 0.026041666666666668 0.046296296296296294
0 0.44375 0.30092592592592593 0.026041666666666668 0.046296296296296294
0 0.48385416666666664 0.3 0.026041666666666668 0.046296296296296294
0 0.4895833333333333 0.3 0.026041666666666668 0.046296296296296294
0 0.4166666666666667 0.30833333333333335 0.026041666666666668 0.046296296296296294
0 0.49114583333333334 0.3074074074074074 0.026041666666666668 0.046296296296296294
0 0.5125 0.30833333333333335 0.026041666666666668 0.046296296296296294
0 0.5369791666666667 0.3101851851851852 0.026041666666666668 0.046296296296296294
0 0.42864583333333334 0.31574074074074077 0.026041666666666668 0.046296296296296294
0 0.475 0.31851851851851853 0.026041666666666668 0.046296296296296294
0 0.5 0.31666666666666665 0.026041666666666668 0.046296296296296294
0 0.5067708333333333 0.3175925925925926 0.026041666666666668 0.046296296296296294
0 0.7067708333333333 0.3111111111111111 0.026041666666666668 0.046296296296296294
0 0.4161458333333333 0.32407407407407407 0.026041666666666668 0.046296296296296294
0 0.45260416666666664 0.32592592592592595 0.026041666666666668 0.046296296296296294
0 0.5161458333333333 0.32314814814814813 0.026041666666666668 0.046296296296296294
4 0.5494791666666666 0.3333333333333333 0.026041666666666668 0.046296296296296294
4 0.5036458333333333 0.34074074074074073 0.026041666666666668 0.046296296296296294
4 0.4140625 0.34629629629629627 0.026041666666666668 0.046296296296296294
4 0.4322916666666667 0.34444444444444444 0.026041666666666668 0.046296296296296294
4 0.453125 0.34629629629629627 0.026041666666666668 0.046296296296296294
4 0.3859375 0.35462962962962963 0.026041666666666668 0.046296296296296294
4 0.39947916666666666 0.35648148148148145 0.026041666666666668 0.046296296296296294
4 0.5046875 0.35462962962962963 0.026041666666666668 0.046296296296296294
4 0.44114583333333335 0.362962962962963 0.026041666666666668 0.046296296296296294
4 0.4984375 0.3638888888888889 0.026041666666666668 0.046296296296296294
4 0.3796875 0.37222222222222223 0.026041666666666668 0.046296296296296294
4 0.39166666666666666 0.3712962962962963 0.026041666666666668 0.046296296296296294
4 0.39947916666666666 0.3712962962962963 0.026041666666666668 0.046296296296296294
4 0.40677083333333336 0.3712962962962963 0.026041666666666668 0.046296296296296294
4 0.5125 0.37777777777777777 0.026041666666666668 0.046296296296296294
4 0.4192708333333333 0.38796296296296295 0.026041666666666668 0.046296296296296294
4 0.378125 0.39444444444444443 0.026041666666666668 0.046296296296296294
4 0.39479166666666665 0.39537037037037037 0.026041666666666668 0.046296296296296294
4 0.5052083333333334 0.39351851851851855 0.026041666666666668 0.046296296296296294
4 0.5104166666666666 0.39351851851851855 0.026041666666666668 0.046296296296296294
4 0.6552083333333333 0.39166666666666666 0.026041666666666668 0.046296296296296294
2 0.215625 0.4 0.026041666666666668 0.046296296296296294
4 0.38645833333333335 0.40370370370370373 0.026041666666666668 0.046296296296296294
4 0.65 0.40555555555555556 0.026041666666666668 0.046296296296296294
2 0.19427083333333334 0.4074074074074074 0.026041666666666668 0.046296296296296294
4 0.40729166666666666 0.41203703703703703 0.026041666666666668 0.046296296296296294
4 0.6583333333333333 0.4101851851851852 0.026041666666666668 0.046296296296296294
2 0.1796875 0.41759259259259257 0.026041666666666668 0.046296296296296294
4 0.39114583333333336 0.41944444444444445 0.026041666666666668 0.046296296296296294
4 0.4401041666666667 0.41759259259259257 0.026041666666666668 0.046296296296296294
4 0.4864583333333333 0.41759259259259257 0.026041666666666668 0.046296296296296294
4 0.6541666666666667 0.41944444444444445 0.026041666666666668 0.046296296296296294
4 0.6614583333333334 0.41944444444444445 0.026041666666666668 0.046296296296296294
3 0.7005208333333334 0.41759259259259257 0.026041666666666668 0.046296296296296294
4 0.45 0.42592592592592593 0.026041666666666668 0.046296296296296294
4 0.3828125 0.43333333333333335 0.026041666666666668 0.046296296296296294
4 0.5130208333333334 0.43425925925925923 0.026041666666666668 0.046296296296296294
4 0.4140625 0.44074074074074077 0.026041666666666668 0.046296296296296294
4 0.428125 0.4398148148148148 0.026041666666666668 0.046296296296296294
4 0.65 0.44166666666666665 0.026041666666666668 0.046296296296296294
4 0.5119791666666667 0.44722222222222224 0.026041666666666668 0.046296296296296294
3 0.7072916666666667 0.4444444444444444 0.026041666666666668 0.046296296296296294
4 0.3885416666666667 0.4546296296296296 0.026041666666666668 0.046296296296296294
4 0.665625 0.45555555555555555 0.026041666666666668 0.046296296296296294
4 0.6484375 0.4648148148148148 0.026041666666666668 0.046296296296296294
3 0.678125 0.4666666666666667 0.026041666666666668 0.046296296296296294
4 0.42916666666666664 0.4703703703703704 0.026041666666666668 0.046296296296296294
4 0.5307291666666667 0.4722222222222222 0.026041666666666668 0.046296296296296294
4 0.6020833333333333 0.47962962962962963 0.026041666666666668 0.046296296296296294
4 0.6338541666666667 0.48055555555555557 0.026041666666666668 0.046296296296296294
4 0.5197916666666667 0.4888888888888889 0.026041666666666668 0.046296296296296294
4 0.6119791666666666 0.4925925925925926 0.026041666666666668 0.046296296296296294
3 0.6697916666666667 0.4981481481481482 0.026041666666666668 0.046296296296296294
3 0.6953125 0.5055555555555555 0.026041666666666668 0.046296296296296294
4 0.5161458333333333 0.5194444444444445 0.026041666666666668 0.046296296296296294
4 0.6036458333333333 0.5212962962962963 0.026041666666666668 0.046296296296296294
3 0.6833333333333333 0.5194444444444445 0.026041666666666668 0.046296296296296294
4 0.6244791666666667 0.5277777777777778 0.026041666666666668 0.046296296296296294
4 0.665625 0.5277777777777778 0.026041666666666668 0.046296296296296294
3 0.728125 0.5342592592592592 0.026041666666666668 0.046296296296296294
4 0.5322916666666667 0.5518518518518518 0.026041666666666668 0.046296296296296294
4 0.603125 0.5481481481481482 0.026041666666666668 0.046296296296296294
4 0.6661458333333333 0.5611111111111111 0.026041666666666668 0.046296296296296294
3 0.7484375 0.5564814814814815 0.026041666666666668 0.046296296296296294
4 0.5213541666666667 0.5685185185185185 0.026041666666666668 0.046296296296296294
4 0.6161458333333333 0.5638888888888889 0.026041666666666668 0.046296296296296294
4 0.6291666666666667 0.5666666666666667 0.026041666666666668 0.046296296296296294
3 0.7380208333333333 0.5648148148148148 0.026041666666666668 0.046296296296296294
3 0.7671875 0.562962962962963 0.026041666666666668 0.046296296296296294
3 0.7083333333333334 0.5712962962962963 0.026041666666666668 0.046296296296296294
4 0.6078125 0.5814814814814815 0.026041666666666668 0.046296296296296294
4 0.6604166666666667 0.5731481481481482 0.026041666666666668 0.046296296296296294
4 0.6317708333333333 0.5907407407407408 0.026041666666666668 0.046296296296296294
4 0.5119791666666667 0.6046296296296296 0.026041666666666668 0.046296296296296294
4 0.603125 0.6064814814814815 0.026041666666666668 0.046296296296296294
4 0.65 0.6231481481481481 0.026041666666666668 0.046296296296296294
4 0.5359375 0.6259259259259259 0.026041666666666668 0.046296296296296294
4 0.47291666666666665 0.6203703703703703 0.026041666666666668 0.046296296296296294
3 0.7536458333333333 0.6351851851851852 0.026041666666666668 0.046296296296296294
4 0.5786458333333333 0.6388888888888888 0.026041666666666668 0.046296296296296294
4 0.409375 0.6453703703703704 0.026041666666666668 0.046296296296296294
4 0.5864583333333333 0.6537037037037037 0.026041666666666668 0.046296296296296294
3 0.7708333333333334 0.6638888888888889 0.026041666666666668 0.046296296296296294
1 0.4484375 0.6842592592592592 0.026041666666666668 0.046296296296296294
1 0.1890625 0.7175925925925926 0.026041666666666668 0.046296296296296294
1 0.5359375 0.7138888888888889 0.026041666666666668 0.046296296296296294
1 0.7208333333333333 0.7287037037037037 0.026041666666666668 0.046296296296296294
1 0.11041666666666666 0.7398148148148148 0.026041666666666668 0.046296296296296294
1 0.8859375 0.7509259259259259 0.026041666666666668 0.046296296296296294
1 0.8265625 0.7611111111111111 0.026041666666666668 0.046296296296296294
1 0.22604166666666667 0.7972222222222223 0.026041666666666668 0.046296296296296294
1 0.675 0.799074074074074 0.026041666666666668 0.046296296296296294
1 0.8244791666666667 0.8388888888888889 0.026041666666666668 0.046296296296296294
1 0.042708333333333334 0.8453703703703703 0.026041666666666668 0.046296296296296294
1 0.6421875 0.8416666666666667 0.026041666666666668 0.046296296296296294
1 0.12395833333333334 0.8675925925925926 0.026041666666666668 0.046296296296296294
1 0.8125 0.8712962962962963 0.026041666666666668 0.046296296296296294
1 0.0296875 0.8777777777777778 0.026041666666666668 0.046296296296296294
1 0.0796875 0.8925925925925926 0.026041666666666668 0.046296296296296294
1 0.43802083333333336 0.8888888888888888 0.026041666666666668 0.046296296296296294
1 0.5911458333333334 0.887962962962963 0.026041666666666668 0.046296296296296294
1 0.46770833333333334 0.9092592592592592 0.026041666666666668 0.046296296296296294
1 0.5348958333333333 0.9120370370370371 0.026041666666666668 0.046296296296296294
1 0.05416666666666667 0.9324074074074075 0.026041666666666668 0.046296296296296294
1 0.4322916666666667 0.9305555555555556 0.026041666666666668 0.046296296296296294
1 0.11302083333333333 0.9398148148148148 0.026041666666666668 0.046296296296296294
1 0.2875 0.925 0.026041666666666668 0.046296296296296294
1 0.971875 0.95 0.026041666666666668 0.046296296296296294
1 0.17291666666666666 0.9638888888888889 0.026041666666666668 0.046296296296296294
1 0.6083333333333333 0.9722222222222222 0.026041666666666668 0.046296296296296294
1 0.2921875 0.9833333333333333 0.026041666666666668 0.046296296296296294
1 0.3807291666666667 0.9925925925925926 0.026041666666666668 0.046296296296296294
1 0.4270833333333333 0.9962962962962963 0.026041666666666668 0.046296296296296294
1 0.24270833333333333 0.9425925925925925 0.026041666666666668 0.046296296296296294
1 0.4895833333333333 0.7129629629629629 0.026041666666666668 0.046296296296296294
1 0.4166666666666667 0.7037037037037037 0.026041666666666668 0.046296296296296294
1 0.9072916666666667 0.7925925925925926 0.026041666666666668 0.046296296296296294
1 0.83125 0.8666666666666667 0.026041666666666668 0.046296296296296294
1 0.8229166666666666 0.9277777777777778 0.026041666666666668 0.046296296296296294
1 0.7927083333333333 0.9351851851851852 0.026041666666666668 0.046296296296296294
4 0.6229166666666667 0.6185185185185185 0.026041666666666668 0.046296296296296294
4 0.6083333333333333 0.6425925925925926 0.026041666666666668 0.046296296296296294
4 0.45 0.48518518518518516 0.026041666666666668 0.046296296296296294
4 0.409375 0.4703703703703704 0.026041666666666668 0.046296296296296294
4 0.38333333333333336 0.6388888888888888 0.026041666666666668 0.046296296296296294
1 0.8041666666666667 0.9111111111111111 0.026041666666666668 0.046296296296296294
