0 0.4828125 0.12222222222222222 0.026041666666666668 0.046296296296296294
0 0.490625 0.11944444444444445 0.026041666666666668 0.046296296296296294
0 0.4744791666666667 0.13055555555555556 0.026041666666666668 0.046296296296296294
0 0.46197916666666666 0.1361111111111111 0.026041666666666668 0.046296296296296294
0 0.46875 0.13703703703703704 0.026041666666666668 0.046296296296296294
0 0.4901041666666667 0.1388888888888889 0.026041666666666668 0.046296296296296294
0 0.44114583333333335 0.14537037037037037 0.026041666666666668 0.046296296296296294
0 0.4546875 0.14351851851851852 0.026041666666666668 0.046296296296296294
0 0.4828125 0.14629629629629629 0.026041666666666668 0.046296296296296294
0 0.4630208333333333 0.1527777777777778 0.026041666666666668 0.046296296296296294
0 0.47552083333333334 0.1537037037037037 0.026041666666666668 0.046296296296296294
0 0.4640625 0.16666666666666666 0.026041666666666668 0.046296296296296294
0 0.49895833333333334 0.16574074074074074 0.026041666666666668 0.046296296296296294
0 0.4322916666666667 0.17407407407407408 0.026041666666666668 0.046296296296296294
0 0.4708333333333333 0.17592592592592593 0.026041666666666668 0.046296296296296294
0 0.49166666666666664 0.17685185185185184 0.026041666666666668 0.046296296296296294
0 0.4791666666666667 0.18611111111111112 0.026041666666666668 0.046296296296296294
0 0.5046875 0.1824074074074074 0.026041666666666668 0.046296296296296294
0 0.45416666666666666 0.20555555555555555 0.026041666666666668 0.046296296296296294
0 0.453125 0.21944444444444444 0.026041666666666668 0.046296296296296294
0 0.4828125 0.22407407407407406 0.026041666666666668 0.046296296296296294
0 0.4901041666666667 0.25555555555555554 0.026041666666666668 0.046296296296296294
0 0.45729166666666665 0.25833333333333336 0.026041666666666668 0.046296296296296294
0 0.4192708333333333 0.2722222222222222 0.026041666666666668 0.046296296296296294
0 0.5458333333333333 0.27870370370370373 0.026041666666666668 0.046296296296296294
0 0.46822916666666664 0.2833333333333333 0.026041666666666668 0.046296296296296294
0 0.4979166666666667 0.2861111111111111 0.026041666666666668 0.046296296296296294
0 0.5145833333333333 0.28425925925925927 0.026041666666666668 0.046296296296296294
0 0.6921875 0.2851851851851852 0.026041666666666668 0.046296296296296294
0 0.4432291666666667 0.29259259259259257 0.026041666666666668 0.046296296296296294
0 0.4791666666666667 0.2962962962962963 0.026041666666666668 0.046296296296296294
0 0.4317708333333333 0.29814814814814816 0.026041666666666668 0.046296296296296294
0 0.4953125 0.30092592592592593 0.026041666666666668 0.046296296296296294
0 0.7020833333333333 0.30925925925925923 0.026041666666666668 0.046296296296296294
0 0.4322916666666667 0.3138888888888889 0.026041666666666668 0.046296296296296294
0 0.475 0.31851851851851853 0.026041666666666668 0.046296296296296294
0 0.5166666666666667 0.3148148148148148 0.026041666666666668 0.046296296296296294
0 0.5234375 0.31574074074074077 0.026041666666666668 0.046296296296296294
0 0.5239583333333333 0.32685185185185184 0.026041666666666668 0.046296296296296294
0 0.42552083333333335 0.33240740740740743 0.026041666666666668 0.046296296296296294
4 0.4578125 0.3333333333333333 0.026041666666666668 0.046296296296296294
4 0.5036458333333333 0.3333333333333333 0.026041666666666668 0.046296296296296294
4 0.45 0.33796296296296297 0.026041666666666668 0.046296296296296294
4 0.5104166666666666 0.35 0.026041666666666668 0.046296296296296294
4 0.38333333333333336 0.3537037037037037 0.026041666666666668 0.046296296296296294
4 0.38697916666666665 0.3537037037037037 0.026041666666666668 0.046296296296296294
4 0.39895833333333336 0.35555555555555557 0.026041666666666668 0.046296296296296294
4 0.4578125 0.3537037037037037 0.026041666666666668 0.046296296296296294
4 0.5005208333333333 0.3648148148148148 0.026041666666666668 0.046296296296296294
4 0.5083333333333333 0.3712962962962963 0.026041666666666668 0.046296296296296294
4 0.5244791666666667 0.3712962962962963 0.026041666666666668 0.046296296296296294
3 0.7328125 0.3787037037037037 0.026041666666666668 0.046296296296296294
4 0.3958333333333333 0.3861111111111111 0.026041666666666668 0.046296296296296294
4 0.5203125 0.3888888888888889 0.026041666666666668 0.046296296296296294
3 0.684375 0.39166666666666666 0.026041666666666668 0.046296296296296294
2 0.190625 0.4064814814814815 0.026041666666666668 0.046296296296296294
2 0.20208333333333334 0.4064814814814815 0.026041666666666668 0.046296296296296294
4 0.40677083333333336 0.4074074074074074 0.026041666666666668 0.046296296296296294
4 0.425 0.4166666666666667 0.026041666666666668 0.046296296296296294
4 0.5072916666666667 0.4203703703703704 0.026041666666666668 0.046296296296296294
4 0.6619791666666667 0.41759259259259257 0.026041666666666668 0.046296296296296294
4 0.49947916666666664 0.43703703703703706 0.026041666666666668 0.046296296296296294
4 0.5197916666666667 0.44166666666666665 0.026041666666666668 0.046296296296296294
4 0.6505208333333333 0.44814814814814813 0.026041666666666668 0.046296296296296294
4 0.45364583333333336 0.4648148148148148 0.026041666666666668 0.046296296296296294
3 0.675 0.4666666666666667 0.026041666666666668 0.046296296296296294
4 0.6364583333333333 0.48055555555555557 0.026041666666666668 0.046296296296296294
4 0.39166666666666666 0.48703703703703705 0.026041666666666668 0.046296296296296294
4 0.5947916666666667 0.487962962962963 0.026041666666666668 0.046296296296296294
4 0.6208333333333333 0.4888888888888889 0.026041666666666668 0.046296296296296294
4 0.6489583333333333 0.49166666666666664 0.026041666666666668 0.046296296296296294
3 0.6739583333333333 0.4898148148148148 0.026041666666666668 0.046296296296296294
4 0.503125 0.5037037037037037 0.026041666666666668 0.046296296296296294
3 0.6671875 0.5046296296296297 0.026041666666666668 0.046296296296296294
3 0.6942708333333333 0.5027777777777778 0.026041666666666668 0.046296296296296294
4 0.4 0.5083333333333333 0.026041666666666668 0.046296296296296294
4 0.6411458333333333 0.5157407407407407 0.026041666666666668 0.046296296296296294
3 0.6697916666666667 0.512962962962963 0.026041666666666668 0.046296296296296294
3 0.7072916666666667 0.5101851851851852 0.026041666666666668 0.046296296296296294
3 0.6697916666666667 0.525 0.026041666666666668 0.046296296296296294
3 0.73125 0.5222222222222223 0.026041666666666668 0.046296296296296294
4 0.6328125 0.5361111111111111 0.026041666666666668 0.046296296296296294
3 0.7203125 0.5342592592592592 0.026041666666666668 0.046296296296296294
3 0.6828125 0.5444444444444444 0.026041666666666668 0.046296296296296294
3 0.6958333333333333 0.5453703703703704 0.026041666666666668 0.046296296296296294
4 0.49114583333333334 0.549074074074074 0.026041666666666668 0.046296296296296294
4 0.55625 0.5453703703703704 0.026041666666666668 0.046296296296296294
4 0.4822916666666667 0.5574074074074075 0.026041666666666668 0.046296296296296294
4 0.5390625 0.5527777777777778 0.026041666666666668 0.046296296296296294
4 0.5958333333333333 0.5583333333333333 0.026041666666666668 0.046296296296296294
4 0.6328125 0.5555555555555556 0.026041666666666668 0.046296296296296294
3 0.7651041666666667 0.5564814814814815 0.026041666666666668 0.046296296296296294
4 0.4125 0.562037037037037 0.026041666666666668 0.046296296296296294
3 0.6963541666666667 0.5648148148148148 0.026041666666666668 0.046296296296296294
3 0.7395833333333334 0.562962962962963 0.026041666666666668 0.046296296296296294
4 0.5869791666666667 0.5740740740740741 0.026041666666666668 0.046296296296296294
4 0.4583333333333333 0.5796296296296296 0.026041666666666668 0.046296296296296294
4 0.634375 0.5972222222222222 0.026041666666666668 0.046296296296296294
3 0.7119791666666667 0.6101851851851852 0.026041666666666668 0.046296296296296294
3 0.7041666666666667 0.6203703703703703 0.026041666666666668 0.046296296296296294
4 0.6338541666666667 0.6268518518518519 0.026041666666666668 0.046296296296296294
3 0.7026041666666667 0.6435185185185185 0.026041666666666668 0.046296296296296294
3 0.715625 0.6518518518518519 0.026041666666666668 0.046296296296296294
3 0.7286458333333333 0.6527777777777778 0.026041666666666668 0.046296296296296294
2 0.2109375 0.6564814814814814 0.026041666666666668 0.046296296296296294
3 0.7697916666666667 0.6648148148148149 0.026041666666666668 0.046296296296296294
1 0.6755208333333333 0.674074074074074 0.026041666666666668 0.046296296296296294
1 0.6916666666666667 0.6759259259259259 0.026041666666666668 0.046296296296296294
1 0.7041666666666667 0.6833333333333333 0.026041666666666668 0.046296296296296294
1 0.19479166666666667 0.6925925925925925 0.026041666666666668 0.046296296296296294
1 0.740625 0.6953703703703704 0.026041666666666668 0.046296296296296294
1 0.19375 0.7111111111111111 0.026041666666666668 0.046296296296296294
1 0.3776041666666667 0.7472222222222222 0.026041666666666668 0.046296296296296294
1 0.39479166666666665 0.7388888888888889 0.026041666666666668 0.046296296296296294
1 0.68125 0.7398148148148148 0.026041666666666668 0.046296296296296294
1 0.16145833333333334 0.7583333333333333 0.026041666666666668 0.046296296296296294
1 0.8848958333333333 0.7518518518518519 0.026041666666666668 0.046296296296296294
1 0.14114583333333333 0.8064814814814815 0.026041666666666668 0.046296296296296294
1 0.35989583333333336 0.8203703703703704 0.026041666666666668 0.046296296296296294
1 0.8661458333333333 0.8194444444444444 0.026041666666666668 0.046296296296296294
1 0.3223958333333333 0.8277777777777777 0.026041666666666668 0.046296296296296294
1 0.759375 0.8361111111111111 0.026041666666666668 0.046296296296296294
1 0.9203125 0.8324074074074074 0.026041666666666668 0.046296296296296294
1 0.6229166666666667 0.8444444444444444 0.026041666666666668 0.046296296296296294
1 0.7875 0.8574074074074074 0.026041666666666668 0.046296296296296294
1 0.5708333333333333 0.887962962962963 0.026041666666666668 0.046296296296296294
1 0.4973958333333333 0.8888888888888888 0.026041666666666668 0.046296296296296294
1 0.3625 0.912962962962963 0.026041666666666668 0.046296296296296294
1 0.54375 0.9101851851851852 0.026041666666666668 0.046296296296296294
1 0.43802083333333336 0.9305555555555556 0.026041666666666668 0.046296296296296294
1 0.9713541666666666 0.9407407407407408 0.026041666666666668 0.046296296296296294
1 0.4015625 0.9472222222222222 0.026041666666666668 0.046296296296296294
1 0.684375 0.9962962962962963 0.026041666666666668 0.046296296296296294
1 0.22291666666666668 0.7574074074074074 0.026041666666666668 0.046296296296296294
1 0.32083333333333336 0.9074074074074074 0.026041666666666668 0.046296296296296294
1 0.3375 0.9740740740740741 0.026041666666666668 0.046296296296296294
1 0.8291666666666667 0.8685185185185185 0.026041666666666668 0.046296296296296294
1 0.9916666666666667 0.8555555555555555 0.026041666666666668 0.046296296296296294
1 0.7875 0.6833333333333333 0.026041666666666668 0.046296296296296294
3 0.7604166666666666 0.6277777777777778 0.026041666666666668 0.046296296296296294
0 0.6833333333333333 0.3277777777777778 0.026041666666666668 0.046296296296296294
4 0.51875 0.5981481481481481 0.026041666666666668 0.046296296296296294
4 0.5989583333333334 0.6129629629629629 0.026041666666666668 0.046296296296296294
4 0.4239583333333333 0.4777777777777778 0.026041666666666668 0.046296296296296294
4 0.39895833333333336 0.43703703703703706 0.026041666666666668 0.046296296296296294
4 0.384375 0.4351851851851852 0.026041666666666668 0.046296296296296294
2 0.20625 0.4740740740740741 0.026041666666666668 0.046296296296296294
3 0.7510416666666667 0.562962962962963 0.026041666666666668 0.046296296296296294
