0 0.4703125 0.11481481481481481 0.026041666666666668 0.046296296296296294
0 0.4828125 0.12314814814814815 0.026041666666666668 0.046296296296296294
0 0.4947916666666667 0.12314814814814815 0.026041666666666668 0.046296296296296294
0 0.4703125 0.13055555555555556 0.026041666666666668 0.046296296296296294
0 0.45416666666666666 0.13425925925925927 0.026041666666666668 0.046296296296296294
0 0.46197916666666666 0.13796296296296295 0.026041666666666668 0.046296296296296294
0 0.46145833333333336 0.15462962962962962 0.026041666666666668 0.046296296296296294
0 0.4484375 0.15925925925925927 0.026041666666666668 0.046296296296296294
0 0.4786458333333333 0.16018518518518518 0.026041666666666668 0.046296296296296294
0 0.4484375 0.16666666666666666 0.026041666666666668 0.046296296296296294
0 0.4864583333333333 0.1685185185185185 0.026041666666666668 0.046296296296296294
0 0.43125 0.17407407407407408 0.026041666666666668 0.046296296296296294
0 0.46822916666666664 0.17407407407407408 0.026041666666666668 0.046296296296296294
0 0.4744791666666667 0.175 0.026041666666666668 0.046296296296296294
0 0.48333333333333334 0.18425925925925926 0.026041666666666668 0.046296296296296294
0 0.49895833333333334 0.18333333333333332 0.026041666666666668 0.046296296296296294
0 0.46458333333333335 0.19907407407407407 0.026041666666666668 0.046296296296296294
0 0.43802083333333336 0.24722222222222223 0.026041666666666668 0.046296296296296294
0 0.46927083333333336 0.2518518518518518 0.026041666666666668 0.046296296296296294
0 0.5104166666666666 0.25277777777777777 0.026041666666666668 0.046296296296296294
0 0.45260416666666664 0.26666666666666666 0.026041666666666668 0.046296296296296294
0 0.4947916666666667 0.2759259259259259 0.026041666666666668 0.046296296296296294
0 0.5453125 0.2851851851851852 0.026041666666666668 0.046296296296296294
0 0.6953125 0.287962962962963 0.026041666666666668 0.046296296296296294
0 0.4630208333333333 0.2935185185185185 0.026041666666666668 0.046296296296296294
0 0.4744791666666667 0.2962962962962963 0.026041666666666668 0.046296296296296294
0 0.50625 0.29074074074074074 0.026041666666666668 0.046296296296296294
0 0.43802083333333336 0.30092592592592593 0.026041666666666668 0.046296296296296294
0 0.49895833333333334 0.30092592592592593 0.026041666666666668 0.046296296296296294
0 0.5151041666666667 0.3037037037037037 0.026041666666666668 0.046296296296296294
0 0.5453125 0.30833333333333335 0.026041666666666668 0.046296296296296294
0 0.4203125 0.3138888888888889 0.026041666666666668 0.046296296296296294
0 0.4609375 0.31666666666666665 0.026041666666666668 0.046296296296296294
0 0.5067708333333333 0.31851851851851853 0.026041666666666668 0.046296296296296294
0 0.7067708333333333 0.31296296296296294 0.026041666666666668 0.046296296296296294
0 0.4635416666666667 0.32314814814814813 0.026041666666666668 0.046296296296296294
0 0.4708333333333333 0.32314814814814813 0.026041666666666668 0.046296296296296294
0 0.49114583333333334 0.32592592592592595 0.026041666666666668 0.046296296296296294
0 0.4317708333333333 0.3314814814814815 0.026041666666666668 0.046296296296296294
0 0.4739583333333333 0.3314814814814815 0.026041666666666668 0.046296296296296294
0 0.5109375 0.3314814814814815 0.026041666666666668 0.046296296296296294
4 0.44114583333333335 0.33796296296296297 0.026041666666666668 0.046296296296296294
4 0.4484375 0.3388888888888889 0.026041666666666668 0.046296296296296294
4 0.5239583333333333 0.3388888888888889 0.026041666666666668 0.046296296296296294
4 0.4317708333333333 0.3472222222222222 0.026041666666666668 0.046296296296296294
4 0.4046875 0.35462962962962963 0.026041666666666668 0.046296296296296294
4 0.4114583333333333 0.3527777777777778 0.026041666666666668 0.046296296296296294
4 0.4484375 0.3537037037037037 0.026041666666666668 0.046296296296296294
4 0.46875 0.35648148148148145 0.026041666666666668 0.046296296296296294
4 0.4859375 0.3527777777777778 0.026041666666666668 0.046296296296296294
4 0.49947916666666664 0.35555555555555557 0.026041666666666668 0.046296296296296294
4 0.4166666666666667 0.362962962962963 0.026041666666666668 0.046296296296296294
4 0.4583333333333333 0.362962962962963 0.026041666666666668 0.046296296296296294
4 0.5411458333333333 0.3648148148148148 0.026041666666666668 0.046296296296296294
4 0.3776041666666667 0.3731481481481482 0.026041666666666668 0.046296296296296294
4 0.4739583333333333 0.37037037037037035 0.026041666666666668 0.046296296296296294
4 0.49166666666666664 0.37222222222222223 0.026041666666666668 0.046296296296296294
4 0.39427083333333335 0.37777777777777777 0.026041666666666668 0.046296296296296294
4 0.515625 0.37962962962962965 0.026041666666666668 0.046296296296296294
2 0.19947916666666668 0.39351851851851855 0.026041666666666668 0.046296296296296294
4 0.5166666666666667 0.39444444444444443 0.026041666666666668 0.046296296296296294
4 0.5364583333333334 0.39444444444444443 0.026041666666666668 0.046296296296296294
4 0.403125 0.4 0.026041666666666668 0.046296296296296294
4 0.44166666666666665 0.4027777777777778 0.026041666666666668 0.046296296296296294
4 0.4953125 0.40185185185185185 0.026041666666666668 0.046296296296296294
2 0.19583333333333333 0.4101851851851852 0.026041666666666668 0.046296296296296294
4 0.65 0.4064814814814815 0.026041666666666668 0.046296296296296294
3 0.7036458333333333 0.4074074074074074 0.026041666666666668 0.046296296296296294
2 0.18229166666666666 0.41388888888888886 0.026041666666666668 0.046296296296296294
4 0.6604166666666667 0.41759259259259257 0.026041666666666668 0.046296296296296294
2 0.16979166666666667 0.425 0.026041666666666668 0.046296296296296294
4 0.4244791666666667 0.42777777777777776 0.026041666666666668 0.046296296296296294
4 0.50625 0.42314814814814816 0.026041666666666668 0.046296296296296294
3 0.678125 0.42592592592592593 0.026041666666666668 0.046296296296296294
4 0.40260416666666665 0.43148148148148147 0.026041666666666668 0.046296296296296294
3 0.675 0.43703703703703706 0.026041666666666668 0.046296296296296294
4 0.5239583333333333 0.44907407407407407 0.026041666666666668 0.046296296296296294
4 0.6572916666666667 0.45 0.026041666666666668 0.046296296296296294
4 0.42864583333333334 0.45555555555555555 0.026041666666666668 0.046296296296296294
4 0.465625 0.4564814814814815 0.026041666666666668 0.046296296296296294
3 0.678125 0.4583333333333333 0.026041666666666668 0.046296296296296294
4 0.44479166666666664 0.46296296296296297 0.026041666666666668 0.046296296296296294
4 0.475 0.4666666666666667 0.026041666666666668 0.046296296296296294
4 0.5119791666666667 0.46574074074074073 0.026041666666666668 0.046296296296296294
3 0.675 0.475 0.026041666666666668 0.046296296296296294
4 0.49947916666666664 0.48148148148148145 0.026041666666666668 0.046296296296296294
4 0.6666666666666666 0.4777777777777778 0.026041666666666668 0.046296296296296294
4 0.44947916666666665 0.48518518518518516 0.026041666666666668 0.046296296296296294
4 0.5192708333333333 0.4898148148148148 0.026041666666666668 0.046296296296296294
4 0.6276041666666666 0.487962962962963 0.026041666666666668 0.046296296296296294
3 0.6901041666666666 0.4888888888888889 0.026041666666666668 0.046296296296296294
4 0.3932291666666667 0.4824074074074074 0.026041666666666668 0.046296296296296294
4 0.428125 0.49444444444444446 0.026041666666666668 0.046296296296296294
4 0.4765625 0.49722222222222223 0.026041666666666668 0.046296296296296294
3 0.6786458333333333 0.4962962962962963 0.026041666666666668 0.046296296296296294
4 0.6411458333333333 0.5055555555555555 0.026041666666666668 0.046296296296296294
3 0.6713541666666667 0.5046296296296297 0.026041666666666668 0.046296296296296294
4 0.45260416666666664 0.5111111111111111 0.026041666666666668 0.046296296296296294
4 0.4942708333333333 0.5111111111111111 0.026041666666666668 0.046296296296296294
4 0.5161458333333333 0.5120370370370371 0.026041666666666668 0.046296296296296294
3 0.7125 0.5203703703703704 0.026041666666666668 0.046296296296296294
4 0.4203125 0.5259259259259259 0.026041666666666668 0.046296296296296294
4 0.6151041666666667 0.525 0.026041666666666668 0.046296296296296294
4 0.6333333333333333 0.5277777777777778 0.026041666666666668 0.046296296296296294
3 0.6734375 0.5268518518518519 0.026041666666666668 0.046296296296296294
4 0.515625 0.5342592592592592 0.026041666666666668 0.046296296296296294
3 0.6916666666666667 0.5324074074074074 0.026041666666666668 0.046296296296296294
3 0.7020833333333333 0.5324074074074074 0.026041666666666668 0.046296296296296294
4 0.4036458333333333 0.5435185185185185 0.026041666666666668 0.046296296296296294
4 0.5677083333333334 0.5416666666666666 0.026041666666666668 0.046296296296296294
4 0.6015625 0.5398148148148149 0.026041666666666668 0.046296296296296294
4 0.5291666666666667 0.5518518518518518 0.026041666666666668 0.046296296296296294
4 0.5520833333333334 0.55 0.026041666666666668 0.046296296296296294
4 0.5895833333333333 0.5509259259259259 0.026041666666666668 0.046296296296296294
3 0.7572916666666667 0.5546296296296296 0.026041666666666668 0.046296296296296294
4 0.5489583333333333 0.5657407407407408 0.026041666666666668 0.046296296296296294
4 0.5619791666666667 0.5675925925925925 0.026041666666666668 0.046296296296296294
3 0.675 0.5703703703703704 0.026041666666666668 0.046296296296296294
4 0.48541666666666666 0.587037037037037 0.026041666666666668 0.046296296296296294
4 0.5984375 0.5953703703703703 0.026041666666666668 0.046296296296296294
4 0.6302083333333334 0.5972222222222222 0.026041666666666668 0.046296296296296294
3 0.7270833333333333 0.6018518518518519 0.026041666666666668 0.046296296296296294
4 0.49947916666666664 0.6129629629629629 0.026041666666666668 0.046296296296296294
4 0.56875 0.6129629629629629 0.026041666666666668 0.046296296296296294
4 0.5635416666666667 0.6277777777777778 0.026041666666666668 0.046296296296296294
4 0.6666666666666666 0.6287037037037037 0.026041666666666668 0.046296296296296294
4 0.5276041666666667 0.6546296296296297 0.026041666666666668 0.046296296296296294
1 0.42916666666666664 0.6796296296296296 0.026041666666666668 0.046296296296296294
1 0.4984375 0.6805555555555556 0.026041666666666668 0.046296296296296294
1 0.6619791666666667 0.6824074074074075 0.026041666666666668 0.046296296296296294
1 0.7067708333333333 0.6805555555555556 0.026041666666666668 0.046296296296296294
1 0.5401041666666667 0.6981481481481482 0.026041666666666668 0.046296296296296294
1 0.9020833333333333 0.7296296296296296 0.026041666666666668 0.046296296296296294
1 0.8911458333333333 0.7453703703703703 0.026041666666666668 0.046296296296296294
1 0.95 0.7574074074074074 0.026041666666666668 0.046296296296296294
1 0.40625 0.7555555555555555 0.026041666666666668 0.046296296296296294
1 0.7114583333333333 0.7787037037037037 0.026041666666666668 0.046296296296296294
1 0.175 0.7805555555555556 0.026041666666666668 0.046296296296296294
1 0.8666666666666667 0.8009259259259259 0.026041666666666668 0.046296296296296294
1 0.7916666666666666 0.8092592592592592 0.026041666666666668 0.046296296296296294
1 0.8317708333333333 0.8666666666666667 0.026041666666666668 0.046296296296296294
1 0.05 0.8759259259259259 0.026041666666666668 0.046296296296296294
1 0.1078125 0.8768518518518519 0.026041666666666668 0.046296296296296294
1 0.5734375 0.8796296296296297 0.026041666666666668 0.046296296296296294
1 0.9130208333333333 0.9037037037037037 0.026041666666666668 0.046296296296296294
1 0.3958333333333333 0.9268518518518518 0.026041666666666668 0.046296296296296294
1 0.5328125 0.9351851851851852 0.026041666666666668 0.046296296296296294
1 0.8265625 0.9444444444444444 0.026041666666666668 0.046296296296296294
1 0.9614583333333333 0.9425925925925925 0.026041666666666668 0.046296296296296294
1 0.47552083333333334 0.9685185185185186 0.026041666666666668 0.046296296296296294
1 0.9458333333333333 0.975925925925926 0.026041666666666668 0.046296296296296294
1 0.315625 0.9833333333333333 0.026041666666666668 0.046296296296296294
1 0.278125 0.7537037037037037 0.026041666666666668 0.046296296296296294
2 0.190625 0.4740740740740741 0.026041666666666668 0.046296296296296294
1 0.353125 0.8611111111111112 0.026041666666666668 0.046296296296296294
1 0.46875 0.7537037037037037 0.026041666666666668 0.046296296296296294
1 0.49895833333333334 0.7388888888888889 0.026041666666666668 0.046296296296296294
1 0.465625 0.6685185185185185 0.026041666666666668 0.046296296296296294
4 0.45416666666666666 0.6425925925925926 0.026041666666666668 0.046296296296296294
1 0.7979166666666667 0.8481481481481481 0.026041666666666668 0.046296296296296294
1 0.8208333333333333 0.8314814814814815 0.026041666666666668 0.046296296296296294
3 0.76875 0.5925925925925926 0.026041666666666668 0.046296296296296294
4 0.37916666666666665 0.5148148148148148 0.026041666666666668 0.046296296296296294
4 0.375 0.47962962962962963 0.026041666666666668 0.046296296296296294
1 0.6229166666666667 0.6777777777777778 0.026041666666666668 0.046296296296296294
4 0.6333333333333333 0.6537037037037037 0.026041666666666668 0.046296296296296294
3 0.6739583333333333 0.6333333333333333 0.026041666666666668 0.046296296296296294
3 0.740625 0.5592592592592592 0.026041666666666668 0.046296296296296294
3 0.7354166666666667 0.5814814814814815 0.026041666666666668 0.046296296296296294
1 0.78125 0.7129629629629629 0.026041666666666668 0.046296296296296294
3 0.778125 0.6666666666666666 0.026041666666666668 0.046296296296296294
