0 0.4708333333333333 0.09444444444444444 0.026041666666666668 0.046296296296296294
0 0.46979166666666666 0.11296296296296296 0.026041666666666668 0.046296296296296294
0 0.4822916666666667 0.11944444444444445 0.026041666666666668 0.046296296296296294
0 0.46979166666666666 0.1287037037037037 0.026041666666666668 0.046296296296296294
0 0.45416666666666666 0.13055555555555556 0.026041666666666668 0.046296296296296294
0 0.4609375 0.13518518518518519 0.026041666666666668 0.046296296296296294
0 0.490625 0.1388888888888889 0.026041666666666668 0.046296296296296294
0 0.4744791666666667 0.14444444444444443 0.026041666666666668 0.046296296296296294
0 0.48072916666666665 0.14629629629629629 0.026041666666666668 0.046296296296296294
0 0.4630208333333333 0.15092592592592594 0.026041666666666668 0.046296296296296294
0 0.4296875 0.18055555555555555 0.026041666666666668 0.046296296296296294
0 0.4666666666666667 0.18611111111111112 0.026041666666666668 0.046296296296296294
0 0.4625 0.1925925925925926 0.026041666666666668 0.046296296296296294
0 0.4921875 0.1935185185185185 0.026041666666666668 0.046296296296296294
0 0.5078125 0.1935185185185185 0.026041666666666668 0.046296296296296294
0 0.4453125 0.21203703703703702 0.026041666666666668 0.046296296296296294
0 0.48489583333333336 0.21574074074074073 0.026041666666666668 0.046296296296296294
0 0.45729166666666665 0.22314814814814815 0.026041666666666668 0.046296296296296294
0 0.44583333333333336 0.22870370370370371 0.026041666666666668 0.046296296296296294
0 0.49895833333333334 0.2324074074074074 0.026041666666666668 0.046296296296296294
0 0.4203125 0.2351851851851852 0.026041666666666668 0.046296296296296294
0 0.4322916666666667 0.23425925925925925 0.026041666666666668 0.046296296296296294
0 0.5166666666666667 0.2388888888888889 0.026041666666666668 0.046296296296296294
0 0.44479166666666664 0.24351851851851852 0.026041666666666668 0.046296296296296294
0 0.5072916666666667 0.24259259259259258 0.026041666666666668 0.046296296296296294
0 0.4583333333333333 0.2537037037037037 0.026041666666666668 0.046296296296296294
0 0.46510416666666665 0.25462962962962965 0.026041666666666668 0.046296296296296294
0 0.4822916666666667 0.2518518518518518 0.026041666666666668 0.046296296296296294
0 0.46979166666666666 0.262037037037037 0.026041666666666668 0.046296296296296294
0 0.4869791666666667 0.2601851851851852 0.026041666666666668 0.046296296296296294
0 0.490625 0.262037037037037 0.026041666666666668 0.046296296296296294
0 0.5 0.262037037037037 0.026041666666666668 0.046296296296296294
0 0.50625 0.26296296296296295 0.026041666666666668 0.046296296296296294
0 0.703125 0.25833333333333336 0.026041666666666668 0.046296296296296294
0 0.45364583333333336 0.2777777777777778 0.026041666666666668 0.046296296296296294
0 0.5078125 0.27685185185185185 0.026041666666666668 0.046296296296296294
0 0.5078125 0.2935185185185185 0.026041666666666668 0.046296296296296294
0 0.5494791666666666 0.29444444444444445 0.026041666666666668 0.046296296296296294
0 0.42916666666666664 0.30277777777777776 0.026041666666666668 0.046296296296296294
0 0.46979166666666666 0.30185185185185187 0.026041666666666668 0.046296296296296294
0 0.5151041666666667 0.3 0.026041666666666668 0.046296296296296294
0 0.4375 0.30925925925925923 0.026041666666666668 0.046296296296296294
0 0.5114583333333333 0.3101851851851852 0.026041666666666668 0.046296296296296294
0 0.5192708333333333 0.3111111111111111 0.026041666666666668 0.046296296296296294
0 0.42135416666666664 0.32037037037037036 0.026041666666666668 0.046296296296296294
0 0.45260416666666664 0.3175925925925926 0.026041666666666668 0.046296296296296294
0 0.475 0.3148148148148148 0.026041666666666668 0.046296296296296294
0 0.5078125 0.31666666666666665 0.026041666666666668 0.046296296296296294
0 0.5286458333333334 0.31851851851851853 0.026041666666666668 0.046296296296296294
0 0.44947916666666665 0.3277777777777778 0.026041666666666668 0.046296296296296294
4 0.46145833333333336 0.33425925925925926 0.026041666666666668 0.046296296296296294
0 0.48385416666666664 0.3314814814814815 0.026041666666666668 0.046296296296296294
0 0.4901041666666667 0.3314814814814815 0.026041666666666668 0.046296296296296294
0 0.5109375 0.3314814814814815 0.026041666666666668 0.046296296296296294
0 0.5151041666666667 0.33240740740740743 0.026041666666666668 0.046296296296296294
4 0.4276041666666667 0.3398148148148148 0.026041666666666668 0.046296296296296294
4 0.41510416666666666 0.3472222222222222 0.026041666666666668 0.046296296296296294
4 0.44166666666666665 0.3472222222222222 0.026041666666666668 0.046296296296296294
4 0.44947916666666665 0.3453703703703704 0.026041666666666668 0.046296296296296294
4 0.49947916666666664 0.3472222222222222 0.026041666666666668 0.046296296296296294
4 0.3854166666666667 0.35462962962962963 0.026041666666666668 0.046296296296296294
4 0.39895833333333336 0.35555555555555557 0.026041666666666668 0.046296296296296294
4 0.4239583333333333 0.3574074074074074 0.026041666666666668 0.046296296296296294
4 0.4744791666666667 0.3574074074074074 0.026041666666666668 0.046296296296296294
4 0.5161458333333333 0.3527777777777778 0.026041666666666668 0.046296296296296294
3 0.6859375 0.3537037037037037 0.026041666666666668 0.046296296296296294
4 0.4197916666666667 0.36666666666666664 0.026041666666666668 0.046296296296296294
4 0.5130208333333334 0.362962962962963 0.026041666666666668 0.046296296296296294
4 0.38177083333333334 0.38055555555555554 0.026041666666666668 0.046296296296296294
4 0.41510416666666666 0.3814814814814815 0.026041666666666668 0.046296296296296294
4 0.5229166666666667 0.3824074074074074 0.026041666666666668 0.046296296296296294
4 0.3984375 0.38796296296296295 0.026041666666666668 0.046296296296296294
4 0.5171875 0.387037037037037 0.026041666666666668 0.046296296296296294
2 0.21041666666666667 0.39351851851851855 0.026041666666666668 0.046296296296296294
4 0.38177083333333334 0.3907407407407407 0.026041666666666668 0.046296296296296294
4 0.38229166666666664 0.40185185185185185 0.026041666666666668 0.046296296296296294
4 0.4109375 0.4 0.026041666666666668 0.046296296296296294
4 0.4234375 0.4027777777777778 0.026041666666666668 0.046296296296296294
2 0.17395833333333333 0.4083333333333333 0.026041666666666668 0.046296296296296294
4 0.390625 0.40925925925925927 0.026041666666666668 0.046296296296296294
4 0.6583333333333333 0.4101851851851852 0.026041666666666668 0.046296296296296294
2 0.19479166666666667 0.41759259259259257 0.026041666666666668 0.046296296296296294
4 0.6536458333333334 0.4212962962962963 0.026041666666666668 0.046296296296296294
3 0.6692708333333334 0.4203703703703704 0.026041666666666668 0.046296296296296294
2 0.21770833333333334 0.42685185185185187 0.026041666666666668 0.046296296296296294
4 0.49114583333333334 0.42592592592592593 0.026041666666666668 0.046296296296296294
4 0.6494791666666667 0.42592592592592593 0.026041666666666668 0.046296296296296294
4 0.4453125 0.4305555555555556 0.026041666666666668 0.046296296296296294
4 0.3796875 0.4425925925925926 0.026041666666666668 0.046296296296296294
4 0.38645833333333335 0.4398148148148148 0.026041666666666668 0.046296296296296294
4 0.4625 0.43796296296296294 0.026041666666666668 0.046296296296296294
4 0.48333333333333334 0.44166666666666665 0.026041666666666668 0.046296296296296294
4 0.5239583333333333 0.44166666666666665 0.026041666666666668 0.046296296296296294
4 0.6609375 0.44722222222222224 0.026041666666666668 0.046296296296296294
3 0.6859375 0.45 0.026041666666666668 0.046296296296296294
3 0.7130208333333333 0.44907407407407407 0.026041666666666668 0.046296296296296294
4 0.4505208333333333 0.4564814814814815 0.026041666666666668 0.046296296296296294
4 0.509375 0.45740740740740743 0.026041666666666668 0.046296296296296294
4 0.38333333333333336 0.4666666666666667 0.026041666666666668 0.046296296296296294
4 0.4114583333333333 0.47129629629629627 0.026041666666666668 0.046296296296296294
4 0.43697916666666664 0.46944444444444444 0.026041666666666668 0.046296296296296294
3 0.6776041666666667 0.4740740740740741 0.026041666666666668 0.046296296296296294
4 0.425 0.48055555555555557 0.026041666666666668 0.046296296296296294
4 0.5119791666666667 0.47685185185185186 0.026041666666666668 0.046296296296296294
4 0.625 0.4777777777777778 0.026041666666666668 0.046296296296296294
3 0.69375 0.48055555555555557 0.026041666666666668 0.046296296296296294
4 0.44583333333333336 0.48518518518518516 0.026041666666666668 0.046296296296296294
3 0.6875 0.4898148148148148 0.026041666666666668 0.046296296296296294
4 0.3828125 0.4962962962962963 0.026041666666666668 0.046296296296296294
4 0.39895833333333336 0.4925925925925926 0.026041666666666668 0.046296296296296294
4 0.5208333333333334 0.49722222222222223 0.026041666666666668 0.046296296296296294
4 0.6286458333333333 0.4925925925925926 0.026041666666666668 0.046296296296296294
4 0.6161458333333333 0.5037037037037037 0.026041666666666668 0.046296296296296294
3 0.6828125 0.5027777777777778 0.026041666666666668 0.046296296296296294
3 0.6947916666666667 0.512962962962963 0.026041666666666668 0.046296296296296294
4 0.4125 0.5166666666666667 0.026041666666666668 0.046296296296296294
4 0.6276041666666666 0.5157407407407407 0.026041666666666668 0.046296296296296294
4 0.6390625 0.5175925925925926 0.026041666666666668 0.046296296296296294
4 0.5390625 0.5185185185185185 0.026041666666666668 0.046296296296296294
3 0.7161458333333334 0.5277777777777778 0.026041666666666668 0.046296296296296294
3 0.6671875 0.5370370370370371 0.026041666666666668 0.046296296296296294
2 0.21197916666666666 0.5388888888888889 0.026041666666666668 0.046296296296296294
4 0.6114583333333333 0.537962962962963 0.026041666666666668 0.046296296296296294
4 0.6239583333333333 0.5398148148148149 0.026041666666666668 0.046296296296296294
4 0.5515625 0.5472222222222223 0.026041666666666668 0.046296296296296294
3 0.7359375 0.5574074074074075 0.026041666666666668 0.046296296296296294
4 0.5989583333333334 0.5981481481481481 0.026041666666666668 0.046296296296296294
4 0.6578125 0.5953703703703703 0.026041666666666668 0.046296296296296294
4 0.48125 0.600925925925926 0.026041666666666668 0.046296296296296294
4 0.5828125 0.612037037037037 0.026041666666666668 0.046296296296296294
4 0.59375 0.6203703703703703 0.026041666666666668 0.046296296296296294
4 0.5953125 0.6333333333333333 0.026041666666666668 0.046296296296296294
1 0.7692708333333333 0.6685185185185185 0.026041666666666668 0.046296296296296294
1 0.8859375 0.7435185185185185 0.026041666666666668 0.046296296296296294
1 0.5255208333333333 0.7666666666666667 0.026041666666666668 0.046296296296296294
1 0.4869791666666667 0.7777777777777778 0.026041666666666668 0.046296296296296294
1 0.14270833333333333 0.7898148148148149 0.026041666666666668 0.046296296296296294
1 0.459375 0.8138888888888889 0.026041666666666668 0.046296296296296294
1 0.7661458333333333 0.8333333333333334 0.026041666666666668 0.046296296296296294
1 0.9791666666666666 0.8453703703703703 0.026041666666666668 0.046296296296296294
1 0.8244791666666667 0.8666666666666667 0.026041666666666668 0.046296296296296294
1 0.8166666666666667 0.9148148148148149 0.026041666666666668 0.046296296296296294
1 0.9625 0.9444444444444444 0.026041666666666668 0.046296296296296294
1 0.5135416666666667 0.9907407407407407 0.026041666666666668 0.046296296296296294
1 0.8760416666666667 0.8074074074074075 0.026041666666666668 0.046296296296296294
1 0.9927083333333333 0.8574074074074074 0.026041666666666668 0.046296296296296294
1 0.821875 0.8388888888888889 0.026041666666666668 0.046296296296296294
1 0.7395833333333334 0.6962962962962963 0.026041666666666668 0.046296296296296294
3 0.7395833333333334 0.6407407407407407 0.026041666666666668 0.046296296296296294
3 0.7572916666666667 0.6222222222222222 0.026041666666666668 0.046296296296296294
3 0.759375 0.5703703703703704 0.026041666666666668 0.046296296296296294
3 0.7916666666666666 0.5185185185185185 0.026041666666666668 0.046296296296296294
3 0.7447916666666666 0.37962962962962965 0.026041666666666668 0.046296296296296294
4 0.54375 0.6018518518518519 0.026041666666666668 0.046296296296296294
4 0.46458333333333335 0.5092592592592593 0.026041666666666668 0.046296296296296294
4 0.5635416666666667 0.6462962962962963 0.026041666666666668 0.046296296296296294
4 0.5708333333333333 0.5537037037037037 0.026041666666666668 0.046296296296296294
