0 0.475 0.08796296296296297 0.026041666666666668 0.046296296296296294
0 0.484375 0.09722222222222222 0.026041666666666668 0.046296296296296294
0 0.48333333333333334 0.12037037037037036 0.026041666666666668 0.046296296296296294
0 0.4947916666666667 0.12129629629629629 0.026041666666666668 0.046296296296296294
0 0.4588541666666667 0.12685185185185185 0.026041666666666668 0.046296296296296294
0 0.4427083333333333 0.1361111111111111 0.026041666666666668 0.046296296296296294
0 0.4484375 0.1361111111111111 0.026041666666666668 0.046296296296296294
0 0.4791666666666667 0.1388888888888889 0.026041666666666668 0.046296296296296294
0 0.4869791666666667 0.1398148148148148 0.026041666666666668 0.046296296296296294
0 0.4625 0.14444444444444443 0.026041666666666668 0.046296296296296294
0 0.4744791666666667 0.14722222222222223 0.026041666666666668 0.046296296296296294
0 0.43645833333333334 0.16111111111111112 0.026041666666666668 0.046296296296296294
0 0.44479166666666664 0.15925925925925927 0.026041666666666668 0.046296296296296294
0 0.48333333333333334 0.16203703703703703 0.026041666666666668 0.046296296296296294
0 0.45260416666666664 0.1675925925925926 0.026041666666666668 0.046296296296296294
0 0.43333333333333335 0.17685185185185184 0.026041666666666668 0.046296296296296294
0 0.4375 0.18518518518518517 0.026041666666666668 0.046296296296296294
0 0.46979166666666666 0.18333333333333332 0.026041666666666668 0.046296296296296294
0 0.5046875 0.18333333333333332 0.026041666666666668 0.046296296296296294
0 0.4322916666666667 0.20185185185185187 0.026041666666666668 0.046296296296296294
0 0.46927083333333336 0.19814814814814816 0.026041666666666668 0.046296296296296294
0 0.48541666666666666 0.20555555555555555 0.026041666666666668 0.046296296296296294
0 0.4817708333333333 0.21851851851851853 0.026041666666666668 0.046296296296296294
0 0.48541666666666666 0.2222222222222222 0.026041666666666668 0.046296296296296294
0 0.43333333333333335 0.22685185185185186 0.026041666666666668 0.046296296296296294
0 0.4786458333333333 0.23333333333333334 0.026041666666666668 0.046296296296296294
0 0.5067708333333333 0.22870370370370371 0.026041666666666668 0.046296296296296294
0 0.4270833333333333 0.24722222222222223 0.026041666666666668 0.046296296296296294
0 0.4625 0.2462962962962963 0.026041666666666668 0.046296296296296294
0 0.5072916666666667 0.24259259259259258 0.026041666666666668 0.046296296296296294
0 0.5145833333333333 0.262037037037037 0.026041666666666668 0.046296296296296294
0 0.465625 0.27037037037037037 0.026041666666666668 0.046296296296296294
0 0.503125 0.26851851851851855 0.026041666666666668 0.046296296296296294
0 0.515625 0.2675925925925926 0.026041666666666668 0.046296296296296294
0 0.5375 0.2759259259259259 0.026041666666666668 0.046296296296296294
0 0.5442708333333334 0.27870370370370373 0.026041666666666668 0.046296296296296294
0 0.475 0.28425925925925927 0.026041666666666668 0.046296296296296294
0 0.6869791666666667 0.29259259259259257 0.026041666666666668 0.046296296296296294
0 0.41770833333333335 0.30648148148148147 0.026041666666666668 0.046296296296296294
0 0.4270833333333333 0.3074074074074074 0.026041666666666668 0.046296296296296294
0 0.4984375 0.3074074074074074 0.026041666666666668 0.046296296296296294
0 0.45260416666666664 0.3175925925925926 0.026041666666666668 0.046296296296296294
0 0.7067708333333333 0.31296296296296294 0.026041666666666668 0.046296296296296294
4 0.44635416666666666 0.33425925925925926 0.026041666666666668 0.046296296296296294
0 0.4765625 0.33240740740740743 0.026041666666666668 0.046296296296296294
4 0.5078125 0.3351851851851852 0.026041666666666668 0.046296296296296294
4 0.45260416666666664 0.3398148148148148 0.026041666666666668 0.046296296296296294
4 0.49947916666666664 0.337037037037037 0.026041666666666668 0.046296296296296294
4 0.465625 0.34444444444444444 0.026041666666666668 0.046296296296296294
4 0.47760416666666666 0.3472222222222222 0.026041666666666668 0.046296296296296294
4 0.4864583333333333 0.3453703703703704 0.026041666666666668 0.046296296296296294
4 0.5020833333333333 0.3490740740740741 0.026041666666666668 0.046296296296296294
4 0.3828125 0.35462962962962963 0.026041666666666668 0.046296296296296294
4 0.4166666666666667 0.35555555555555557 0.026041666666666668 0.046296296296296294
4 0.4270833333333333 0.35185185185185186 0.026041666666666668 0.046296296296296294
4 0.4453125 0.3537037037037037 0.026041666666666668 0.046296296296296294
4 0.4046875 0.3648148148148148 0.026041666666666668 0.046296296296296294
4 0.5109375 0.3648148148148148 0.026041666666666668 0.046296296296296294
4 0.45 0.3768518518518518 0.026041666666666668 0.046296296296296294
4 0.5197916666666667 0.3962962962962963 0.026041666666666668 0.046296296296296294
4 0.6541666666666667 0.3972222222222222 0.026041666666666668 0.046296296296296294
4 0.44947916666666665 0.4101851851851852 0.026041666666666668 0.046296296296296294
2 0.19427083333333334 0.41574074074074074 0.026041666666666668 0.046296296296296294
2 0.21666666666666667 0.41759259259259257 0.026041666666666668 0.046296296296296294
4 0.5322916666666667 0.41944444444444445 0.026041666666666668 0.046296296296296294
4 0.49583333333333335 0.425 0.026041666666666668 0.046296296296296294
4 0.6546875 0.42592592592592593 0.026041666666666668 0.046296296296296294
2 0.1765625 0.43333333333333335 0.026041666666666668 0.046296296296296294
2 0.18125 0.4305555555555556 0.026041666666666668 0.046296296296296294
4 0.440625 0.43425925925925923 0.026041666666666668 0.046296296296296294
3 0.6953125 0.4305555555555556 0.026041666666666668 0.046296296296296294
3 0.7067708333333333 0.4305555555555556 0.026041666666666668 0.046296296296296294
4 0.3927083333333333 0.44074074074074077 0.026041666666666668 0.046296296296296294
4 0.50625 0.44166666666666665 0.026041666666666668 0.046296296296296294
3 0.6692708333333334 0.44074074074074077 0.026041666666666668 0.046296296296296294
3 0.6890625 0.44351851851851853 0.026041666666666668 0.046296296296296294
3 0.7005208333333334 0.44166666666666665 0.026041666666666668 0.046296296296296294
4 0.4140625 0.4425925925925926 0.026041666666666668 0.046296296296296294
4 0.43125 0.4546296296296296 0.026041666666666668 0.046296296296296294
4 0.5161458333333333 0.4564814814814815 0.026041666666666668 0.046296296296296294
3 0.6802083333333333 0.4564814814814815 0.026041666666666668 0.046296296296296294
4 0.440625 0.46296296296296297 0.026041666666666668 0.046296296296296294
4 0.6489583333333333 0.4638888888888889 0.026041666666666668 0.046296296296296294
3 0.6911458333333333 0.46296296296296297 0.026041666666666668 0.046296296296296294
4 0.5088541666666667 0.475 0.026041666666666668 0.046296296296296294
4 0.6119791666666666 0.4787037037037037 0.026041666666666668 0.046296296296296294
4 0.6380208333333334 0.47962962962962963 0.026041666666666668 0.046296296296296294
3 0.6755208333333333 0.487962962962963 0.026041666666666668 0.046296296296296294
4 0.6223958333333334 0.49722222222222223 0.026041666666666668 0.046296296296296294
4 0.6291666666666667 0.4981481481481482 0.026041666666666668 0.046296296296296294
3 0.6984375 0.4962962962962963 0.026041666666666668 0.046296296296296294
4 0.5151041666666667 0.5009259259259259 0.026041666666666668 0.046296296296296294
4 0.5958333333333333 0.5027777777777778 0.026041666666666668 0.046296296296296294
4 0.6041666666666666 0.5064814814814815 0.026041666666666668 0.046296296296296294
3 0.6822916666666666 0.5046296296296297 0.026041666666666668 0.046296296296296294
4 0.5026041666666666 0.5092592592592593 0.026041666666666668 0.046296296296296294
3 0.6953125 0.5111111111111111 0.026041666666666668 0.046296296296296294
4 0.6036458333333333 0.5268518518518519 0.026041666666666668 0.046296296296296294
3 0.6692708333333334 0.5305555555555556 0.026041666666666668 0.046296296296296294
4 0.48541666666666666 0.5425925925925926 0.026041666666666668 0.046296296296296294
4 0.45677083333333335 0.5518518518518518 0.026041666666666668 0.046296296296296294
4 0.5166666666666667 0.55 0.026041666666666668 0.046296296296296294
4 0.5239583333333333 0.5601851851851852 0.026041666666666668 0.046296296296296294
4 0.6244791666666667 0.5574074074074075 0.026041666666666668 0.046296296296296294
3 0.6708333333333333 0.5592592592592592 0.026041666666666668 0.046296296296296294
4 0.40572916666666664 0.562037037037037 0.026041666666666668 0.046296296296296294
4 0.6036458333333333 0.5638888888888889 0.026041666666666668 0.046296296296296294
3 0.7526041666666666 0.5611111111111111 0.026041666666666668 0.046296296296296294
4 0.42864583333333334 0.5814814814814815 0.026041666666666668 0.046296296296296294
3 0.7645833333333333 0.5787037037037037 0.026041666666666668 0.046296296296296294
4 0.5213541666666667 0.5879629629629629 0.026041666666666668 0.046296296296296294
4 0.5994791666666667 0.5972222222222222 0.026041666666666668 0.046296296296296294
4 0.6390625 0.5925925925925926 0.026041666666666668 0.046296296296296294
4 0.6604166666666667 0.5962962962962963 0.026041666666666668 0.046296296296296294
4 0.4557291666666667 0.6027777777777777 0.026041666666666668 0.046296296296296294
4 0.525 0.6046296296296296 0.026041666666666668 0.046296296296296294
4 0.41354166666666664 0.6101851851851852 0.026041666666666668 0.046296296296296294
4 0.6140625 0.612037037037037 0.026041666666666668 0.046296296296296294
4 0.6484375 0.6092592592592593 0.026041666666666668 0.046296296296296294
4 0.390625 0.6194444444444445 0.026041666666666668 0.046296296296296294
3 0.7588541666666667 0.6194444444444445 0.026041666666666668 0.046296296296296294
4 0.465625 0.6203703703703703 0.026041666666666668 0.046296296296296294
4 0.596875 0.6333333333333333 0.026041666666666668 0.046296296296296294
4 0.5411458333333333 0.6416666666666667 0.026041666666666668 0.046296296296296294
4 0.5744791666666667 0.6416666666666667 0.026041666666666668 0.046296296296296294
1 0.434375 0.687037037037037 0.026041666666666668 0.046296296296296294
1 0.5161458333333333 0.7111111111111111 0.026041666666666668 0.046296296296296294
1 0.6697916666666667 0.7240740740740741 0.026041666666666668 0.046296296296296294
1 0.7114583333333333 0.7296296296296296 0.026041666666666668 0.046296296296296294
1 0.8817708333333333 0.7481481481481481 0.026041666666666668 0.046296296296296294
1 0.3489583333333333 0.7703703703703704 0.026041666666666668 0.046296296296296294
1 0.7447916666666666 0.7898148148148149 0.026041666666666668 0.046296296296296294
1 0.8145833333333333 0.8305555555555556 0.026041666666666668 0.046296296296296294
1 0.8776041666666666 0.8361111111111111 0.026041666666666668 0.046296296296296294
1 0.7786458333333334 0.8314814814814815 0.026041666666666668 0.046296296296296294
1 0.8375 0.8527777777777777 0.026041666666666668 0.046296296296296294
1 0.4822916666666667 0.8925925925925926 0.026041666666666668 0.046296296296296294
1 0.8708333333333333 0.9009259259259259 0.026041666666666668 0.046296296296296294
1 0.4046875 0.9472222222222222 0.026041666666666668 0.046296296296296294
1 0.8880208333333334 0.9472222222222222 0.026041666666666668 0.046296296296296294
1 0.9671875 0.937962962962963 0.026041666666666668 0.046296296296296294
1 0.35520833333333335 0.9453703703703704 0.026041666666666668 0.046296296296296294
1 0.496875 0.9444444444444444 0.026041666666666668 0.046296296296296294
1 0.846875 0.9564814814814815 0.026041666666666668 0.046296296296296294
1 0.5380208333333333 0.9685185185185186 0.026041666666666668 0.046296296296296294
1 0.5875 0.9666666666666667 0.026041666666666668 0.046296296296296294
1 0.3333333333333333 0.8944444444444445 0.026041666666666668 0.046296296296296294
1 0.4354166666666667 0.8870370370370371 0.026041666666666668 0.046296296296296294
1 0.6104166666666667 0.8592592592592593 0.026041666666666668 0.046296296296296294
1 0.7208333333333333 0.8925925925925926 0.026041666666666668 0.046296296296296294
1 0.753125 0.9722222222222222 0.026041666666666668 0.046296296296296294
1 0.934375 0.7574074074074074 0.026041666666666668 0.046296296296296294
3 0.734375 0.5592592592592592 0.026041666666666668 0.046296296296296294
3 0.734375 0.5388888888888889 0.026041666666666668 0.046296296296296294
4 0.6229166666666667 0.5259259259259259 0.026041666666666668 0.046296296296296294
4 0.49270833333333336 0.6296296296296297 0.026041666666666668 0.046296296296296294
1 0.83125 0.7574074074074074 0.026041666666666668 0.046296296296296294
1 0.44479166666666664 0.7407407407407407 0.026041666666666668 0.046296296296296294
1 0.415625 0.8037037037037037 0.026041666666666668 0.046296296296296294
1 0.39791666666666664 0.725925925925926 0.026041666666666668 0.046296296296296294
1 0.37916666666666665 0.7092592592592593 0.026041666666666668 0.046296296296296294
1 0.5375 0.8185185185185185 0.026041666666666668 0.046296296296296294
3 0.7697916666666667 0.6592592592592592 0.026041666666666668 0.046296296296296294
4 0.55 0.3351851851851852 0.026041666666666668 0.046296296296296294
4 0.38125 0.4981481481481482 0.026041666666666668 0.046296296296296294
3 0.725 0.5666666666666667 0.026041666666666668 0.046296296296296294
2 0.1625 0.40925925925925927 0.026041666666666668 0.046296296296296294
