0 0.4822916666666667 0.12129629629629629 0.026041666666666668 0.046296296296296294
0 0.49114583333333334 0.11851851851851852 0.026041666666666668 0.046296296296296294
0 0.4713541666666667 0.12962962962962962 0.026041666666666668 0.046296296296296294
0 0.4552083333333333 0.13240740740740742 0.026041666666666668 0.046296296296296294
0 0.46145833333333336 0.13518518518518519 0.026041666666666668 0.046296296296296294
0 0.484375 0.1388888888888889 0.026041666666666668 0.046296296296296294
0 0.4401041666666667 0.1425925925925926 0.026041666666666668 0.046296296296296294
0 0.475 0.14444444444444443 0.026041666666666668 0.046296296296296294
0 0.46197916666666666 0.15462962962962962 0.026041666666666668 0.046296296296296294
0 0.48385416666666664 0.16111111111111112 0.026041666666666668 0.046296296296296294
0 0.490625 0.15833333333333333 0.026041666666666668 0.046296296296296294
0 0.4322916666666667 0.17685185185185184 0.026041666666666668 0.046296296296296294
0 0.5005208333333333 0.17592592592592593 0.026041666666666668 0.046296296296296294
0 0.5114583333333333 0.17592592592592593 0.026041666666666668 0.046296296296296294
0 0.44427083333333334 0.18425925925925926 0.026041666666666668 0.046296296296296294
0 0.45625 0.18333333333333332 0.026041666666666668 0.046296296296296294
0 0.46927083333333336 0.1814814814814815 0.026041666666666668 0.046296296296296294
0 0.4786458333333333 0.2 0.026041666666666668 0.046296296296296294
0 0.4270833333333333 0.2037037037037037 0.026041666666666668 0.046296296296296294
0 0.4395833333333333 0.2074074074074074 0.026041666666666668 0.046296296296296294
0 0.4901041666666667 0.20833333333333334 0.026041666666666668 0.046296296296296294
0 0.5083333333333333 0.21388888888888888 0.026041666666666668 0.046296296296296294
0 0.496875 0.22962962962962963 0.026041666666666668 0.046296296296296294
0 0.42864583333333334 0.23703703703703705 0.026041666666666668 0.046296296296296294
0 0.4875 0.2537037037037037 0.026041666666666668 0.046296296296296294
0 0.4119791666666667 0.2611111111111111 0.026041666666666668 0.046296296296296294
0 0.4546875 0.275 0.026041666666666668 0.046296296296296294
0 0.4984375 0.27870370370370373 0.026041666666666668 0.046296296296296294
0 0.51875 0.2740740740740741 0.026041666666666668 0.046296296296296294
0 0.5416666666666666 0.275 0.026041666666666668 0.046296296296296294
0 0.5458333333333333 0.2759259259259259 0.026041666666666668 0.046296296296296294
0 0.4203125 0.28425925925925927 0.026041666666666668 0.046296296296296294
0 0.4348958333333333 0.28425925925925927 0.026041666666666668 0.046296296296296294
0 0.4609375 0.28425925925925927 0.026041666666666668 0.046296296296296294
0 0.47708333333333336 0.2861111111111111 0.026041666666666668 0.046296296296296294
0 0.4984375 0.28425925925925927 0.026041666666666668 0.046296296296296294
0 0.6911458333333333 0.2935185185185185 0.026041666666666668 0.046296296296296294
0 0.5052083333333334 0.3 0.026041666666666668 0.046296296296296294
0 0.5119791666666667 0.3037037037037037 0.026041666666666668 0.046296296296296294
0 0.49947916666666664 0.31574074074074077 0.026041666666666668 0.046296296296296294
0 0.7067708333333333 0.3138888888888889 0.026041666666666668 0.046296296296296294
0 0.4317708333333333 0.32222222222222224 0.026041666666666668 0.046296296296296294
0 0.4505208333333333 0.33240740740740743 0.026041666666666668 0.046296296296296294
0 0.4578125 0.33240740740740743 0.026041666666666668 0.046296296296296294
4 0.5109375 0.3435185185185185 0.026041666666666668 0.046296296296296294
4 0.3953125 0.35462962962962963 0.026041666666666668 0.046296296296296294
4 0.4453125 0.3574074074074074 0.026041666666666668 0.046296296296296294
4 0.5114583333333333 0.35555555555555557 0.026041666666666668 0.046296296296296294
4 0.37604166666666666 0.3638888888888889 0.026041666666666668 0.046296296296296294
4 0.5192708333333333 0.3731481481481482 0.026041666666666668 0.046296296296296294
4 0.49635416666666665 0.3861111111111111 0.026041666666666668 0.046296296296296294
4 0.5322916666666667 0.3861111111111111 0.026041666666666668 0.046296296296296294
4 0.5151041666666667 0.39537037037037037 0.026041666666666668 0.046296296296296294
4 0.6614583333333334 0.39444444444444443 0.026041666666666668 0.046296296296296294
2 0.16614583333333333 0.4 0.026041666666666668 0.046296296296296294
2 0.17760416666666667 0.4027777777777778 0.026041666666666668 0.046296296296296294
2 0.20833333333333334 0.4009259259259259 0.026041666666666668 0.046296296296296294
2 0.21458333333333332 0.4009259259259259 0.026041666666666668 0.046296296296296294
4 0.4630208333333333 0.40185185185185185 0.026041666666666668 0.046296296296296294
4 0.49583333333333335 0.4027777777777778 0.026041666666666668 0.046296296296296294
2 0.19947916666666668 0.4111111111111111 0.026041666666666668 0.046296296296296294
4 0.5234375 0.4111111111111111 0.026041666666666668 0.046296296296296294
2 0.17083333333333334 0.4185185185185185 0.026041666666666668 0.046296296296296294
4 0.6541666666666667 0.4185185185185185 0.026041666666666668 0.046296296296296294
4 0.6625 0.4166666666666667 0.026041666666666668 0.046296296296296294
3 0.6994791666666667 0.4185185185185185 0.026041666666666668 0.046296296296296294
4 0.4869791666666667 0.42592592592592593 0.026041666666666668 0.046296296296296294
3 0.6734375 0.42592592592592593 0.026041666666666668 0.046296296296296294
4 0.465625 0.43148148148148147 0.026041666666666668 0.046296296296296294
4 0.5114583333333333 0.44814814814814813 0.026041666666666668 0.046296296296296294
4 0.49947916666666664 0.4583333333333333 0.026041666666666668 0.046296296296296294
3 0.6755208333333333 0.45925925925925926 0.026041666666666668 0.046296296296296294
4 0.5203125 0.4648148148148148 0.026041666666666668 0.046296296296296294
4 0.4635416666666667 0.4685185185185185 0.026041666666666668 0.046296296296296294
4 0.4276041666666667 0.4787037037037037 0.026041666666666668 0.046296296296296294
4 0.4708333333333333 0.48055555555555557 0.026041666666666668 0.046296296296296294
4 0.5046875 0.47962962962962963 0.026041666666666668 0.046296296296296294
4 0.6541666666666667 0.4824074074074074 0.026041666666666668 0.046296296296296294
3 0.6692708333333334 0.48055555555555557 0.026041666666666668 0.046296296296296294
4 0.4088541666666667 0.487962962962963 0.026041666666666668 0.046296296296296294
4 0.6286458333333333 0.4888888888888889 0.026041666666666668 0.046296296296296294
4 0.38697916666666665 0.49166666666666664 0.026041666666666668 0.046296296296296294
4 0.5161458333333333 0.4981481481481482 0.026041666666666668 0.046296296296296294
4 0.6484375 0.49722222222222223 0.026041666666666668 0.046296296296296294
4 0.6651041666666667 0.5074074074074074 0.026041666666666668 0.046296296296296294
3 0.6947916666666667 0.5009259259259259 0.026041666666666668 0.046296296296296294
3 0.7083333333333334 0.5101851851851852 0.026041666666666668 0.046296296296296294
4 0.5088541666666667 0.5222222222222223 0.026041666666666668 0.046296296296296294
3 0.6713541666666667 0.5194444444444445 0.026041666666666668 0.046296296296296294
4 0.459375 0.5268518518518519 0.026041666666666668 0.046296296296296294
4 0.6234375 0.525 0.026041666666666668 0.046296296296296294
4 0.6041666666666666 0.5324074074074074 0.026041666666666668 0.046296296296296294
3 0.7223958333333333 0.5277777777777778 0.026041666666666668 0.046296296296296294
4 0.5010416666666667 0.549074074074074 0.026041666666666668 0.046296296296296294
4 0.5734375 0.55 0.026041666666666668 0.046296296296296294
4 0.5244791666666667 0.5574074074074075 0.026041666666666668 0.046296296296296294
4 0.5572916666666666 0.5648148148148148 0.026041666666666668 0.046296296296296294
4 0.609375 0.5648148148148148 0.026041666666666668 0.046296296296296294
3 0.7333333333333333 0.5601851851851852 0.026041666666666668 0.046296296296296294
3 0.7619791666666667 0.5722222222222222 0.026041666666666668 0.046296296296296294
4 0.5671875 0.5796296296296296 0.026041666666666668 0.046296296296296294
3 0.74375 0.5796296296296296 0.026041666666666668 0.046296296296296294
4 0.40677083333333336 0.5916666666666667 0.026041666666666668 0.046296296296296294
4 0.425 0.5962962962962963 0.026041666666666668 0.046296296296296294
4 0.5661458333333333 0.5962962962962963 0.026041666666666668 0.046296296296296294
4 0.6552083333333333 0.5925925925925926 0.026041666666666668 0.046296296296296294
3 0.7463541666666667 0.6037037037037037 0.026041666666666668 0.046296296296296294
4 0.5010416666666667 0.6268518518518519 0.026041666666666668 0.046296296296296294
2 0.18645833333333334 0.6324074074074074 0.026041666666666668 0.046296296296296294
3 0.7505208333333333 0.6361111111111111 0.026041666666666668 0.046296296296296294
4 0.4953125 0.6435185185185185 0.026041666666666668 0.046296296296296294
4 0.6270833333333333 0.6555555555555556 0.026041666666666668 0.046296296296296294
1 0.5 0.6685185185185185 0.026041666666666668 0.046296296296296294
4 0.5203125 0.6574074074074074 0.026041666666666668 0.046296296296296294
1 0.48333333333333334 0.6768518518518518 0.026041666666666668 0.046296296296296294
1 0.5536458333333333 0.6814814814814815 0.026041666666666668 0.046296296296296294
1 0.6578125 0.6805555555555556 0.026041666666666668 0.046296296296296294
1 0.7057291666666666 0.6787037037037037 0.026041666666666668 0.046296296296296294
1 0.7854166666666667 0.6851851851851852 0.026041666666666668 0.046296296296296294
1 0.5572916666666666 0.7027777777777777 0.026041666666666668 0.046296296296296294
1 0.7375 0.7064814814814815 0.026041666666666668 0.046296296296296294
1 0.20677083333333332 0.7064814814814815 0.026041666666666668 0.046296296296296294
1 0.4395833333333333 0.7416666666666667 0.026041666666666668 0.046296296296296294
1 0.5677083333333334 0.7574074074074074 0.026041666666666668 0.046296296296296294
1 0.36666666666666664 0.774074074074074 0.026041666666666668 0.046296296296296294
1 0.1296875 0.7981481481481482 0.026041666666666668 0.046296296296296294
1 0.209375 0.8037037037037037 0.026041666666666668 0.046296296296296294
1 0.7588541666666667 0.8027777777777778 0.026041666666666668 0.046296296296296294
1 0.9458333333333333 0.8194444444444444 0.026041666666666668 0.046296296296296294
1 0.6036458333333333 0.825925925925926 0.026041666666666668 0.046296296296296294
1 0.796875 0.850925925925926 0.026041666666666668 0.046296296296296294
1 0.14427083333333332 0.8962962962962963 0.026041666666666668 0.046296296296296294
1 0.6322916666666667 0.8981481481481481 0.026041666666666668 0.046296296296296294
1 0.55 0.9212962962962963 0.026041666666666668 0.046296296296296294
1 0.5916666666666667 0.9101851851851852 0.026041666666666668 0.046296296296296294
1 0.928125 0.9203703703703704 0.026041666666666668 0.046296296296296294
1 0.3307291666666667 0.9324074074074075 0.026041666666666668 0.046296296296296294
1 0.4515625 0.9546296296296296 0.026041666666666668 0.046296296296296294
1 0.9645833333333333 0.9407407407407408 0.026041666666666668 0.046296296296296294
1 0.5166666666666667 0.9611111111111111 0.026041666666666668 0.046296296296296294
1 0.11614583333333334 0.9648148148148148 0.026041666666666668 0.046296296296296294
1 0.17395833333333333 0.7685185185185185 0.026041666666666668 0.046296296296296294
2 0.228125 0.5814814814814815 0.026041666666666668 0.046296296296296294
2 0.22604166666666667 0.4685185185185185 0.026041666666666668 0.046296296296296294
1 0.28125 0.8870370370370371 0.026041666666666668 0.046296296296296294
1 0.4875 0.9444444444444444 0.026041666666666668 0.046296296296296294
1 0.428125 0.8166666666666667 0.026041666666666668 0.046296296296296294
4 0.38958333333333334 0.6314814814814815 0.026041666666666668 0.046296296296296294
4 0.39895833333333336 0.6203703703703703 0.026041666666666668 0.046296296296296294
1 0.5229166666666667 0.7240740740740741 0.026041666666666668 0.046296296296296294
1 0.6739583333333333 0.8407407407407408 0.026041666666666668 0.046296296296296294
1 0.6697916666666667 0.9111111111111111 0.026041666666666668 0.046296296296296294
1 0.5802083333333333 0.9574074074074074 0.026041666666666668 0.046296296296296294
1 0.7489583333333333 0.95 0.026041666666666668 0.046296296296296294
1 0.828125 0.8648148148148148 0.026041666666666668 0.046296296296296294
1 0.8270833333333333 0.9481481481481482 0.026041666666666668 0.046296296296296294
1 0.9010416666666666 0.7574074074074074 0.026041666666666668 0.046296296296296294
1 0.8854166666666666 0.7425925925925926 0.026041666666666668 0.046296296296296294
1 0.8729166666666667 0.8277777777777777 0.026041666666666668 0.046296296296296294
3 0.7760416666666666 0.5611111111111111 0.026041666666666668 0.046296296296296294
1 0.68125 0.6944444444444444 0.026041666666666668 0.046296296296296294
3 0.68125 0.662962962962963 0.026041666666666668 0.046296296296296294
