0 0.4817708333333333 0.09722222222222222 0.026041666666666668 0.046296296296296294
0 0.4875 0.13796296296296295 0.026041666666666668 0.046296296296296294
0 0.4401041666666667 0.14166666666666666 0.026041666666666668 0.046296296296296294
0 0.44895833333333335 0.14351851851851852 0.026041666666666668 0.046296296296296294
0 0.4546875 0.14166666666666666 0.026041666666666668 0.046296296296296294
0 0.46197916666666666 0.1425925925925926 0.026041666666666668 0.046296296296296294
0 0.4739583333333333 0.14722222222222223 0.026041666666666668 0.046296296296296294
0 0.4505208333333333 0.15185185185185185 0.026041666666666668 0.046296296296296294
0 0.4583333333333333 0.16018518518518518 0.026041666666666668 0.046296296296296294
0 0.475 0.15925925925925927 0.026041666666666668 0.046296296296296294
0 0.4453125 0.16944444444444445 0.026041666666666668 0.046296296296296294
0 0.490625 0.1685185185185185 0.026041666666666668 0.046296296296296294
0 0.43333333333333335 0.175 0.026041666666666668 0.046296296296296294
0 0.5 0.17685185185185184 0.026041666666666668 0.046296296296296294
0 0.5114583333333333 0.17685185185185184 0.026041666666666668 0.046296296296296294
0 0.43802083333333336 0.18518518518518517 0.026041666666666668 0.046296296296296294
0 0.4828125 0.18333333333333332 0.026041666666666668 0.046296296296296294
0 0.4859375 0.19444444444444445 0.026041666666666668 0.046296296296296294
0 0.49947916666666664 0.18981481481481483 0.026041666666666668 0.046296296296296294
0 0.5119791666666667 0.1925925925925926 0.026041666666666668 0.046296296296296294
0 0.4822916666666667 0.2064814814814815 0.026041666666666668 0.046296296296296294
0 0.4947916666666667 0.20925925925925926 0.026041666666666668 0.046296296296296294
0 0.5125 0.2074074074074074 0.026041666666666668 0.046296296296296294
0 0.49166666666666664 0.22407407407407406 0.026041666666666668 0.046296296296296294
0 0.4947916666666667 0.2222222222222222 0.026041666666666668 0.046296296296296294
0 0.5119791666666667 0.22314814814814815 0.026041666666666668 0.046296296296296294
0 0.5052083333333334 0.23148148148148148 0.026041666666666668 0.046296296296296294
0 0.42864583333333334 0.24814814814814815 0.026041666666666668 0.046296296296296294
0 0.49895833333333334 0.24722222222222223 0.026041666666666668 0.046296296296296294
0 0.4895833333333333 0.25462962962962965 0.026041666666666668 0.046296296296296294
0 0.5078125 0.2518518518518518 0.026041666666666668 0.046296296296296294
0 0.44427083333333334 0.25925925925925924 0.026041666666666668 0.046296296296296294
0 0.4708333333333333 0.262037037037037 0.026041666666666668 0.046296296296296294
0 0.48541666666666666 0.262037037037037 0.026041666666666668 0.046296296296296294
0 0.5020833333333333 0.26851851851851855 0.026041666666666668 0.046296296296296294
0 0.5098958333333333 0.27037037037037037 0.026041666666666668 0.046296296296296294
0 0.5151041666666667 0.26851851851851855 0.026041666666666668 0.046296296296296294
0 0.4953125 0.2759259259259259 0.026041666666666668 0.046296296296296294
0 0.5239583333333333 0.27870370370370373 0.026041666666666668 0.046296296296296294
0 0.5369791666666667 0.2777777777777778 0.026041666666666668 0.046296296296296294
0 0.4703125 0.28425925925925927 0.026041666666666668 0.046296296296296294
0 0.478125 0.28425925925925927 0.026041666666666668 0.046296296296296294
0 0.5109375 0.2861111111111111 0.026041666666666668 0.046296296296296294
0 0.55 0.2861111111111111 0.026041666666666668 0.046296296296296294
0 0.42239583333333336 0.29074074074074074 0.026041666666666668 0.046296296296296294
0 0.4713541666666667 0.2935185185185185 0.026041666666666668 0.046296296296296294
0 0.490625 0.29259259259259257 0.026041666666666668 0.046296296296296294
0 0.6947916666666667 0.2935185185185185 0.026041666666666668 0.046296296296296294
0 0.5119791666666667 0.3 0.026041666666666668 0.046296296296296294
0 0.4171875 0.30833333333333335 0.026041666666666668 0.046296296296296294
0 0.4322916666666667 0.3175925925925926 0.026041666666666668 0.046296296296296294
0 0.5161458333333333 0.3175925925925926 0.026041666666666668 0.046296296296296294
0 0.7072916666666667 0.3138888888888889 0.026041666666666668 0.046296296296296294
0 0.44583333333333336 0.3314814814814815 0.026041666666666668 0.046296296296296294
4 0.5083333333333333 0.3333333333333333 0.026041666666666668 0.046296296296296294
0 0.5322916666666667 0.33240740740740743 0.026041666666666668 0.046296296296296294
4 0.45364583333333336 0.3398148148148148 0.026041666666666668 0.046296296296296294
4 0.478125 0.3398148148148148 0.026041666666666668 0.046296296296296294
4 0.503125 0.3425925925925926 0.026041666666666668 0.046296296296296294
4 0.446875 0.35555555555555557 0.026041666666666668 0.046296296296296294
4 0.45260416666666664 0.35555555555555557 0.026041666666666668 0.046296296296296294
4 0.4947916666666667 0.3574074074074074 0.026041666666666668 0.046296296296296294
4 0.5057291666666667 0.35648148148148145 0.026041666666666668 0.046296296296296294
4 0.37395833333333334 0.362962962962963 0.026041666666666668 0.046296296296296294
4 0.4244791666666667 0.36574074074074076 0.026041666666666668 0.046296296296296294
4 0.490625 0.3638888888888889 0.026041666666666668 0.046296296296296294
4 0.44114583333333335 0.37037037037037035 0.026041666666666668 0.046296296296296294
4 0.5078125 0.37037037037037035 0.026041666666666668 0.046296296296296294
2 0.21614583333333334 0.3787037037037037 0.026041666666666668 0.046296296296296294
4 0.5015625 0.3787037037037037 0.026041666666666668 0.046296296296296294
4 0.43697916666666664 0.3925925925925926 0.026041666666666668 0.046296296296296294
4 0.4869791666666667 0.39444444444444443 0.026041666666666668 0.046296296296296294
4 0.5119791666666667 0.39537037037037037 0.026041666666666668 0.046296296296296294
4 0.6651041666666667 0.39444444444444443 0.026041666666666668 0.046296296296296294
4 0.3958333333333333 0.41203703703703703 0.026041666666666668 0.046296296296296294
4 0.6494791666666667 0.4064814814814815 0.026041666666666668 0.046296296296296294
3 0.7067708333333333 0.4074074074074074 0.026041666666666668 0.046296296296296294
2 0.19010416666666666 0.41759259259259257 0.026041666666666668 0.046296296296296294
2 0.20677083333333332 0.4166666666666667 0.026041666666666668 0.046296296296296294
2 0.2203125 0.4185185185185185 0.026041666666666668 0.046296296296296294
4 0.42916666666666664 0.41944444444444445 0.026041666666666668 0.046296296296296294
4 0.46927083333333336 0.4166666666666667 0.026041666666666668 0.046296296296296294
4 0.4822916666666667 0.41944444444444445 0.026041666666666668 0.046296296296296294
4 0.37916666666666665 0.42685185185185187 0.026041666666666668 0.046296296296296294
4 0.6666666666666666 0.425 0.026041666666666668 0.046296296296296294
2 0.2078125 0.4324074074074074 0.026041666666666668 0.046296296296296294
4 0.4703125 0.4324074074074074 0.026041666666666668 0.046296296296296294
4 0.5067708333333333 0.43333333333333335 0.026041666666666668 0.046296296296296294
4 0.51875 0.4305555555555556 0.026041666666666668 0.046296296296296294
4 0.6541666666666667 0.43333333333333335 0.026041666666666668 0.046296296296296294
3 0.6859375 0.4324074074074074 0.026041666666666668 0.046296296296296294
4 0.39375 0.4388888888888889 0.026041666666666668 0.046296296296296294
4 0.40677083333333336 0.44074074074074077 0.026041666666666668 0.046296296296296294
3 0.6708333333333333 0.4425925925925926 0.026041666666666668 0.046296296296296294
4 0.5 0.45185185185185184 0.026041666666666668 0.046296296296296294
4 0.5151041666666667 0.45092592592592595 0.026041666666666668 0.046296296296296294
4 0.5286458333333334 0.44907407407407407 0.026041666666666668 0.046296296296296294
2 0.2046875 0.4601851851851852 0.026041666666666668 0.046296296296296294
4 0.6625 0.4648148148148148 0.026041666666666668 0.046296296296296294
3 0.6729166666666667 0.4740740740740741 0.026041666666666668 0.046296296296296294
4 0.390625 0.4787037037037037 0.026041666666666668 0.046296296296296294
4 0.6307291666666667 0.49074074074074076 0.026041666666666668 0.046296296296296294
4 0.6369791666666667 0.4861111111111111 0.026041666666666668 0.046296296296296294
3 0.6697916666666667 0.4888888888888889 0.026041666666666668 0.046296296296296294
4 0.5036458333333333 0.4898148148148148 0.026041666666666668 0.046296296296296294
4 0.6213541666666667 0.4962962962962963 0.026041666666666668 0.046296296296296294
4 0.6291666666666667 0.5046296296296297 0.026041666666666668 0.046296296296296294
4 0.46927083333333336 0.5092592592592593 0.026041666666666668 0.046296296296296294
3 0.6739583333333333 0.5111111111111111 0.026041666666666668 0.046296296296296294
4 0.4609375 0.5166666666666667 0.026041666666666668 0.046296296296296294
3 0.7114583333333333 0.5120370370370371 0.026041666666666668 0.046296296296296294
4 0.590625 0.524074074074074 0.026041666666666668 0.046296296296296294
4 0.6036458333333333 0.5277777777777778 0.026041666666666668 0.046296296296296294
3 0.6697916666666667 0.5287037037037037 0.026041666666666668 0.046296296296296294
3 0.6953125 0.5287037037037037 0.026041666666666668 0.046296296296296294
3 0.7161458333333334 0.5259259259259259 0.026041666666666668 0.046296296296296294
3 0.8 0.5212962962962963 0.026041666666666668 0.046296296296296294
4 0.6203125 0.5333333333333333 0.026041666666666668 0.046296296296296294
4 0.5083333333333333 0.5398148148148149 0.026041666666666668 0.046296296296296294
4 0.6046875 0.5555555555555556 0.026041666666666668 0.046296296296296294
3 0.7359375 0.5592592592592592 0.026041666666666668 0.046296296296296294
4 0.6234375 0.5648148148148148 0.026041666666666668 0.046296296296296294
3 0.7541666666666667 0.5648148148148148 0.026041666666666668 0.046296296296296294
4 0.5046875 0.5787037037037037 0.026041666666666668 0.046296296296296294
3 0.6885416666666667 0.5796296296296296 0.026041666666666668 0.046296296296296294
3 0.7692708333333333 0.5796296296296296 0.026041666666666668 0.046296296296296294
4 0.6119791666666666 0.5879629629629629 0.026041666666666668 0.046296296296296294
4 0.6453125 0.5916666666666667 0.026041666666666668 0.046296296296296294
4 0.5083333333333333 0.5944444444444444 0.026041666666666668 0.046296296296296294
4 0.6458333333333334 0.6074074074074074 0.026041666666666668 0.046296296296296294
4 0.3921875 0.6259259259259259 0.026041666666666668 0.046296296296296294
4 0.5328125 0.6268518518518519 0.026041666666666668 0.046296296296296294
4 0.5958333333333333 0.6351851851851852 0.026041666666666668 0.046296296296296294
1 0.7661458333333333 0.6685185185185185 0.026041666666666668 0.046296296296296294
1 0.5567708333333333 0.6796296296296296 0.026041666666666668 0.046296296296296294
1 0.4703125 0.6722222222222223 0.026041666666666668 0.046296296296296294
1 0.5046875 0.6888888888888889 0.026041666666666668 0.046296296296296294
1 0.6026041666666667 0.6962962962962963 0.026041666666666668 0.046296296296296294
1 0.5322916666666667 0.6953703703703704 0.026041666666666668 0.046296296296296294
1 0.7770833333333333 0.7111111111111111 0.026041666666666668 0.046296296296296294
1 0.2015625 0.7324074074074074 0.026041666666666668 0.046296296296296294
1 0.6380208333333334 0.7398148148148148 0.026041666666666668 0.046296296296296294
1 0.4421875 0.7314814814814815 0.026041666666666668 0.046296296296296294
1 0.7151041666666667 0.7555555555555555 0.026041666666666668 0.046296296296296294
1 0.8786458333333333 0.7407407407407407 0.026041666666666668 0.046296296296296294
1 0.9463541666666667 0.7638888888888888 0.026041666666666668 0.046296296296296294
1 0.18697916666666667 0.7814814814814814 0.026041666666666668 0.046296296296296294
1 0.346875 0.7777777777777778 0.026041666666666668 0.046296296296296294
1 0.3697916666666667 0.8018518518518518 0.026041666666666668 0.046296296296296294
1 0.7536458333333333 0.7972222222222223 0.026041666666666668 0.046296296296296294
1 0.828125 0.8314814814814815 0.026041666666666668 0.046296296296296294
1 0.8734375 0.8351851851851851 0.026041666666666668 0.046296296296296294
1 0.2994791666666667 0.8462962962962963 0.026041666666666668 0.046296296296296294
1 0.16197916666666667 0.8518518518518519 0.026041666666666668 0.046296296296296294
1 0.7921875 0.8472222222222222 0.026041666666666668 0.046296296296296294
1 0.46875 0.8703703703703703 0.026041666666666668 0.046296296296296294
1 0.4296875 0.8916666666666667 0.026041666666666668 0.046296296296296294
1 0.5380208333333333 0.937962962962963 0.026041666666666668 0.046296296296296294
1 0.15520833333333334 0.9657407407407408 0.026041666666666668 0.046296296296296294
1 0.9171875 0.9592592592592593 0.026041666666666668 0.046296296296296294
1 0.9817708333333334 0.9583333333333334 0.026041666666666668 0.046296296296296294
1 0.31145833333333334 0.9657407407407408 0.026041666666666668 0.046296296296296294
1 0.0859375 0.9777777777777777 0.026041666666666668 0.046296296296296294
1 0.2484375 0.9805555555555555 0.026041666666666668 0.046296296296296294
2 0.17291666666666666 0.4351851851851852 0.026041666666666668 0.046296296296296294
2 0.21354166666666666 0.6666666666666666 0.026041666666666668 0.046296296296296294
1 0.6229166666666667 0.9425925925925925 0.026041666666666668 0.046296296296296294
1 0.825 0.75 0.026041666666666668 0.046296296296296294
1 0.828125 0.8703703703703703 0.026041666666666668 0.046296296296296294
1 0.8947916666666667 0.8962962962962963 0.026041666666666668 0.046296296296296294
1 0.8614583333333333 0.9518518518518518 0.026041666666666668 0.046296296296296294
1 0.7020833333333333 0.7462962962962963 0.026041666666666668 0.046296296296296294
3 0.7333333333333333 0.5925925925925926 0.026041666666666668 0.046296296296296294
3 0.6802083333333333 0.6018518518518519 0.026041666666666668 0.046296296296296294
4 0.5197916666666667 0.55 0.026041666666666668 0.046296296296296294
4 0.42916666666666664 0.5055555555555555 0.026041666666666668 0.046296296296296294
4 0.41875 0.5833333333333334 0.026041666666666668 0.046296296296296294
1 0.39479166666666665 0.7407407407407407 0.026041666666666668 0.046296296296296294
4 0.575 0.6351851851851852 0.026041666666666668 0.046296296296296294
1 0.6645833333333333 0.7444444444444445 0.026041666666666668 0.046296296296296294
