0 0.475 0.08611111111111111 0.026041666666666668 0.046296296296296294
0 0.484375 0.09814814814814815 0.026041666666666668 0.046296296296296294
0 0.4875 0.10740740740740741 0.026041666666666668 0.046296296296296294
0 0.48125 0.12222222222222222 0.026041666666666668 0.046296296296296294
0 0.4942708333333333 0.12314814814814815 0.026041666666666668 0.046296296296296294
0 0.44895833333333335 0.13425925925925927 0.026041666666666668 0.046296296296296294
0 0.4546875 0.13518518518518519 0.026041666666666668 0.046296296296296294
0 0.46145833333333336 0.1361111111111111 0.026041666666666668 0.046296296296296294
0 0.4869791666666667 0.13796296296296295 0.026041666666666668 0.046296296296296294
0 0.49322916666666666 0.13796296296296295 0.026041666666666668 0.046296296296296294
0 0.44166666666666665 0.14351851851851852 0.026041666666666668 0.046296296296296294
0 0.4713541666666667 0.14351851851851852 0.026041666666666668 0.046296296296296294
0 0.47760416666666666 0.14444444444444443 0.026041666666666668 0.046296296296296294
0 0.4552083333333333 0.1537037037037037 0.026041666666666668 0.046296296296296294
0 0.46197916666666666 0.15185185185185185 0.026041666666666668 0.046296296296296294
0 0.44635416666666666 0.16018518518518518 0.026041666666666668 0.046296296296296294
0 0.49375 0.15925925925925927 0.026041666666666668 0.046296296296296294
0 0.4328125 0.16944444444444445 0.026041666666666668 0.046296296296296294
0 0.4864583333333333 0.1787037037037037 0.026041666666666668 0.046296296296296294
0 0.49895833333333334 0.17314814814814813 0.026041666666666668 0.046296296296296294
0 0.5036458333333333 0.175 0.026041666666666668 0.046296296296296294
0 0.4786458333333333 0.18333333333333332 0.026041666666666668 0.046296296296296294
0 0.49895833333333334 0.19074074074074074 0.026041666666666668 0.046296296296296294
0 0.5119791666666667 0.18981481481481483 0.026041666666666668 0.046296296296296294
0 0.4822916666666667 0.1962962962962963 0.026041666666666668 0.046296296296296294
0 0.4869791666666667 0.2064814814814815 0.026041666666666668 0.046296296296296294
0 0.4984375 0.20555555555555555 0.026041666666666668 0.046296296296296294
0 0.49895833333333334 0.22314814814814815 0.026041666666666668 0.046296296296296294
0 0.42864583333333334 0.22962962962962963 0.026041666666666668 0.046296296296296294
0 0.4401041666666667 0.24537037037037038 0.026041666666666668 0.046296296296296294
0 0.45677083333333335 0.24074074074074073 0.026041666666666668 0.046296296296296294
0 0.4822916666666667 0.25092592592592594 0.026041666666666668 0.046296296296296294
0 0.49114583333333334 0.25277777777777777 0.026041666666666668 0.046296296296296294
0 0.5026041666666666 0.2518518518518518 0.026041666666666668 0.046296296296296294
0 0.465625 0.25833333333333336 0.026041666666666668 0.046296296296296294
0 0.490625 0.2601851851851852 0.026041666666666668 0.046296296296296294
0 0.475 0.26481481481481484 0.026041666666666668 0.046296296296296294
0 0.4828125 0.2675925925925926 0.026041666666666668 0.046296296296296294
0 0.490625 0.2675925925925926 0.026041666666666668 0.046296296296296294
0 0.5375 0.26851851851851855 0.026041666666666668 0.046296296296296294
0 0.5458333333333333 0.2675925925925926 0.026041666666666668 0.046296296296296294
0 0.4947916666666667 0.28703703703703703 0.026041666666666668 0.046296296296296294
0 0.5161458333333333 0.2851851851851852 0.026041666666666668 0.046296296296296294
0 0.6947916666666667 0.29259259259259257 0.026041666666666668 0.046296296296296294
0 0.425 0.29907407407407405 0.026041666666666668 0.046296296296296294
0 0.4484375 0.30185185185185187 0.026041666666666668 0.046296296296296294
0 0.5114583333333333 0.30185185185185187 0.026041666666666668 0.046296296296296294
0 0.4192708333333333 0.30925925925925923 0.026041666666666668 0.046296296296296294
0 0.43125 0.30925925925925923 0.026041666666666668 0.046296296296296294
0 0.4901041666666667 0.3074074074074074 0.026041666666666668 0.046296296296296294
0 0.515625 0.30648148148148147 0.026041666666666668 0.046296296296296294
0 0.7020833333333333 0.31203703703703706 0.026041666666666668 0.046296296296296294
0 0.48385416666666664 0.3296296296296296 0.026041666666666668 0.046296296296296294
0 0.5151041666666667 0.32407407407407407 0.026041666666666668 0.046296296296296294
0 0.5401041666666667 0.32592592592592595 0.026041666666666668 0.046296296296296294
0 0.44479166666666664 0.3314814814814815 0.026041666666666668 0.046296296296296294
4 0.5078125 0.33425925925925926 0.026041666666666668 0.046296296296296294
0 0.5328125 0.33240740740740743 0.026041666666666668 0.046296296296296294
4 0.453125 0.33796296296296297 0.026041666666666668 0.046296296296296294
4 0.5036458333333333 0.3416666666666667 0.026041666666666668 0.046296296296296294
4 0.55 0.34074074074074073 0.026041666666666668 0.046296296296296294
4 0.4734375 0.34629629629629627 0.026041666666666668 0.046296296296296294
4 0.3802083333333333 0.3574074074074074 0.026041666666666668 0.046296296296296294
4 0.4375 0.35648148148148145 0.026041666666666668 0.046296296296296294
4 0.44947916666666665 0.35648148148148145 0.026041666666666668 0.046296296296296294
4 0.49947916666666664 0.35648148148148145 0.026041666666666668 0.046296296296296294
4 0.5067708333333333 0.35648148148148145 0.026041666666666668 0.046296296296296294
4 0.37552083333333336 0.3638888888888889 0.026041666666666668 0.046296296296296294
4 0.4625 0.3592592592592593 0.026041666666666668 0.046296296296296294
4 0.5161458333333333 0.362962962962963 0.026041666666666668 0.046296296296296294
2 0.22083333333333333 0.37777777777777777 0.026041666666666668 0.046296296296296294
4 0.38333333333333336 0.38055555555555554 0.026041666666666668 0.046296296296296294
4 0.4375 0.37777777777777777 0.026041666666666668 0.046296296296296294
4 0.5026041666666666 0.37962962962962965 0.026041666666666668 0.046296296296296294
4 0.5244791666666667 0.38055555555555554 0.026041666666666668 0.046296296296296294
4 0.41875 0.39166666666666666 0.026041666666666668 0.046296296296296294
4 0.5109375 0.3962962962962963 0.026041666666666668 0.046296296296296294
4 0.3984375 0.40185185185185185 0.026041666666666668 0.046296296296296294
4 0.48854166666666665 0.4027777777777778 0.026041666666666668 0.046296296296296294
4 0.6625 0.40185185185185185 0.026041666666666668 0.046296296296296294
2 0.20625 0.40555555555555556 0.026041666666666668 0.046296296296296294
4 0.3828125 0.4111111111111111 0.026041666666666668 0.046296296296296294
4 0.6494791666666667 0.4064814814814815 0.026041666666666668 0.046296296296296294
3 0.7078125 0.4064814814814815 0.026041666666666668 0.046296296296296294
2 0.19479166666666667 0.4166666666666667 0.026041666666666668 0.046296296296296294
4 0.4703125 0.4166666666666667 0.026041666666666668 0.046296296296296294
2 0.21354166666666666 0.42592592592592593 0.026041666666666668 0.046296296296296294
4 0.39375 0.42592592592592593 0.026041666666666668 0.046296296296296294
4 0.5078125 0.42407407407407405 0.026041666666666668 0.046296296296296294
4 0.6609375 0.425 0.026041666666666668 0.046296296296296294
3 0.6901041666666666 0.42592592592592593 0.026041666666666668 0.046296296296296294
2 0.18333333333333332 0.43425925925925923 0.026041666666666668 0.046296296296296294
4 0.43697916666666664 0.43333333333333335 0.026041666666666668 0.046296296296296294
4 0.5234375 0.43333333333333335 0.026041666666666668 0.046296296296296294
4 0.5161458333333333 0.44351851851851853 0.026041666666666668 0.046296296296296294
3 0.678125 0.4388888888888889 0.026041666666666668 0.046296296296296294
4 0.38333333333333336 0.44814814814814813 0.026041666666666668 0.046296296296296294
4 0.5270833333333333 0.44814814814814813 0.026041666666666668 0.046296296296296294
4 0.453125 0.4638888888888889 0.026041666666666668 0.046296296296296294
4 0.4010416666666667 0.4722222222222222 0.026041666666666668 0.046296296296296294
4 0.6588541666666666 0.4722222222222222 0.026041666666666668 0.046296296296296294
4 0.6661458333333333 0.47129629629629627 0.026041666666666668 0.046296296296296294
4 0.6130208333333333 0.4898148148148148 0.026041666666666668 0.046296296296296294
4 0.503125 0.49166666666666664 0.026041666666666668 0.046296296296296294
4 0.6411458333333333 0.4935185185185185 0.026041666666666668 0.046296296296296294
3 0.6708333333333333 0.49537037037037035 0.026041666666666668 0.046296296296296294
3 0.6791666666666667 0.5018518518518519 0.026041666666666668 0.046296296296296294
4 0.6239583333333333 0.5148148148148148 0.026041666666666668 0.046296296296296294
3 0.6947916666666667 0.5194444444444445 0.026041666666666668 0.046296296296296294
4 0.5953125 0.5222222222222223 0.026041666666666668 0.046296296296296294
3 0.6703125 0.5268518518518519 0.026041666666666668 0.046296296296296294
4 0.6161458333333333 0.537962962962963 0.026041666666666668 0.046296296296296294
3 0.7192708333333333 0.5351851851851852 0.026041666666666668 0.046296296296296294
4 0.5114583333333333 0.5388888888888889 0.026041666666666668 0.046296296296296294
4 0.5208333333333334 0.55 0.026041666666666668 0.046296296296296294
4 0.6286458333333333 0.5638888888888889 0.026041666666666668 0.046296296296296294
3 0.753125 0.5657407407407408 0.026041666666666668 0.046296296296296294
4 0.5041666666666667 0.5787037037037037 0.026041666666666668 0.046296296296296294
4 0.6109375 0.5814814814814815 0.026041666666666668 0.046296296296296294
4 0.46458333333333335 0.5805555555555556 0.026041666666666668 0.046296296296296294
4 0.628125 0.5888888888888889 0.026041666666666668 0.046296296296296294
3 0.6817708333333333 0.5851851851851851 0.026041666666666668 0.046296296296296294
3 0.7380208333333333 0.587037037037037 0.026041666666666668 0.046296296296296294
3 0.765625 0.5888888888888889 0.026041666666666668 0.046296296296296294
4 0.6 0.5935185185185186 0.026041666666666668 0.046296296296296294
4 0.6645833333333333 0.5925925925925926 0.026041666666666668 0.046296296296296294
4 0.64375 0.6046296296296296 0.026041666666666668 0.046296296296296294
4 0.6239583333333333 0.6148148148148148 0.026041666666666668 0.046296296296296294
4 0.396875 0.6092592592592593 0.026041666666666668 0.046296296296296294
4 0.4192708333333333 0.6157407407407407 0.026041666666666668 0.046296296296296294
4 0.5328125 0.6175925925925926 0.026041666666666668 0.046296296296296294
4 0.5708333333333333 0.6388888888888888 0.026041666666666668 0.046296296296296294
4 0.5958333333333333 0.6425925925925926 0.026041666666666668 0.046296296296296294
1 0.7114583333333333 0.6703703703703704 0.026041666666666668 0.046296296296296294
1 0.22552083333333334 0.6944444444444444 0.026041666666666668 0.046296296296296294
1 0.20677083333333332 0.7203703703703703 0.026041666666666668 0.046296296296296294
1 0.5578125 0.7203703703703703 0.026041666666666668 0.046296296296296294
1 0.78125 0.7148148148148148 0.026041666666666668 0.046296296296296294
1 0.5072916666666667 0.7268518518518519 0.026041666666666668 0.046296296296296294
1 0.5375 0.7444444444444445 0.026041666666666668 0.046296296296296294
1 0.6697916666666667 0.7435185185185185 0.026041666666666668 0.046296296296296294
1 0.8380208333333333 0.7564814814814815 0.026041666666666668 0.046296296296296294
1 0.8776041666666666 0.7546296296296297 0.026041666666666668 0.046296296296296294
1 0.8963541666666667 0.7898148148148149 0.026041666666666668 0.046296296296296294
1 0.7385416666666667 0.8055555555555556 0.026041666666666668 0.046296296296296294
1 0.3875 0.812962962962963 0.026041666666666668 0.046296296296296294
1 0.8286458333333333 0.8305555555555556 0.026041666666666668 0.046296296296296294
1 0.2989583333333333 0.8425925925925926 0.026041666666666668 0.046296296296296294
1 0.8744791666666667 0.8407407407407408 0.026041666666666668 0.046296296296296294
1 0.1578125 0.8601851851851852 0.026041666666666668 0.046296296296296294
1 0.5369791666666667 0.8453703703703703 0.026041666666666668 0.046296296296296294
1 0.7979166666666667 0.8537037037037037 0.026041666666666668 0.046296296296296294
1 0.4703125 0.8731481481481481 0.026041666666666668 0.046296296296296294
1 0.35885416666666664 0.8851851851851852 0.026041666666666668 0.046296296296296294
1 0.4395833333333333 0.8972222222222223 0.026041666666666668 0.046296296296296294
1 0.12552083333333333 0.937037037037037 0.026041666666666668 0.046296296296296294
1 0.37552083333333336 0.9481481481481482 0.026041666666666668 0.046296296296296294
1 0.85 0.9472222222222222 0.026041666666666668 0.046296296296296294
1 0.6807291666666667 0.9583333333333334 0.026041666666666668 0.046296296296296294
1 0.178125 0.7722222222222223 0.026041666666666668 0.046296296296296294
1 0.325 0.9351851851851852 0.026041666666666668 0.046296296296296294
1 0.5 0.8611111111111112 0.026041666666666668 0.046296296296296294
1 0.584375 0.8462962962962963 0.026041666666666668 0.046296296296296294
1 0.5979166666666667 0.7722222222222223 0.026041666666666668 0.046296296296296294
1 0.6354166666666666 0.7462962962962963 0.026041666666666668 0.046296296296296294
3 0.7385416666666667 0.5592592592592592 0.026041666666666668 0.046296296296296294
4 0.4239583333333333 0.4648148148148148 0.026041666666666668 0.046296296296296294
4 0.4427083333333333 0.5092592592592593 0.026041666666666668 0.046296296296296294
4 0.4270833333333333 0.5444444444444444 0.026041666666666668 0.046296296296296294
4 0.38229166666666664 0.5555555555555556 0.026041666666666668 0.046296296296296294
1 0.821875 0.8759259259259259 0.026041666666666668 0.046296296296296294
1 0.8854166666666666 0.9425925925925925 0.026041666666666668 0.046296296296296294
1 0.9708333333333333 0.9462962962962963 0.026041666666666668 0.046296296296296294
