0 0.4947916666666667 0.12129629629629629 0.026041666666666668 0.046296296296296294
0 0.4588541666666667 0.12685185185185185 0.026041666666666668 0.046296296296296294
0 0.46979166666666666 0.12962962962962962 0.026041666666666668 0.046296296296296294
0 0.45260416666666664 0.1388888888888889 0.026041666666666668 0.046296296296296294
0 0.46510416666666665 0.13796296296296295 0.026041666666666668 0.046296296296296294
0 0.4875 0.1388888888888889 0.026041666666666668 0.046296296296296294
0 0.4822916666666667 0.14537037037037037 0.026041666666666668 0.046296296296296294
0 0.4739583333333333 0.1675925925925926 0.026041666666666668 0.046296296296296294
0 0.48802083333333335 0.1675925925925926 0.026041666666666668 0.046296296296296294
0 0.4317708333333333 0.17592592592592593 0.026041666666666668 0.046296296296296294
0 0.44114583333333335 0.24444444444444444 0.026041666666666668 0.046296296296296294
0 0.5119791666666667 0.25277777777777777 0.026041666666666668 0.046296296296296294
0 0.4359375 0.26296296296296295 0.026041666666666668 0.046296296296296294
0 0.5484375 0.26851851851851855 0.026041666666666668 0.046296296296296294
0 0.49635416666666665 0.2777777777777778 0.026041666666666668 0.046296296296296294
0 0.5005208333333333 0.2777777777777778 0.026041666666666668 0.046296296296296294
0 0.5057291666666667 0.2861111111111111 0.026041666666666668 0.046296296296296294
0 0.4895833333333333 0.2953703703703704 0.026041666666666668 0.046296296296296294
0 0.5223958333333333 0.2916666666666667 0.026041666666666668 0.046296296296296294
0 0.6875 0.2916666666666667 0.026041666666666668 0.046296296296296294
0 0.4244791666666667 0.2962962962962963 0.026041666666666668 0.046296296296296294
0 0.4984375 0.29814814814814816 0.026041666666666668 0.046296296296296294
0 0.5057291666666667 0.29814814814814816 0.026041666666666668 0.046296296296296294
0 0.4359375 0.30925925925925923 0.026041666666666668 0.046296296296296294
0 0.4479166666666667 0.30833333333333335 0.026041666666666668 0.046296296296296294
0 0.46510416666666665 0.30648148148148147 0.026041666666666668 0.046296296296296294
0 0.47708333333333336 0.30648148148148147 0.026041666666666668 0.046296296296296294
0 0.5489583333333333 0.3111111111111111 0.026041666666666668 0.046296296296296294
0 0.4192708333333333 0.3148148148148148 0.026041666666666668 0.046296296296296294
0 0.7067708333333333 0.3148148148148148 0.026041666666666668 0.046296296296296294
0 0.4708333333333333 0.32407407407407407 0.026041666666666668 0.046296296296296294
0 0.4875 0.325 0.026041666666666668 0.046296296296296294
0 0.5026041666666666 0.32314814814814813 0.026041666666666668 0.046296296296296294
0 0.43125 0.3314814814814815 0.026041666666666668 0.046296296296296294
0 0.4484375 0.33240740740740743 0.026041666666666668 0.046296296296296294
0 0.515625 0.33240740740740743 0.026041666666666668 0.046296296296296294
4 0.5317708333333333 0.337037037037037 0.026041666666666668 0.046296296296296294
4 0.4322916666666667 0.34629629629629627 0.026041666666666668 0.046296296296296294
4 0.3828125 0.3527777777777778 0.026041666666666668 0.046296296296296294
4 0.390625 0.35555555555555557 0.026041666666666668 0.046296296296296294
4 0.44427083333333334 0.3574074074074074 0.026041666666666668 0.046296296296296294
4 0.5151041666666667 0.35462962962962963 0.026041666666666668 0.046296296296296294
4 0.37447916666666664 0.362962962962963 0.026041666666666668 0.046296296296296294
4 0.403125 0.36574074074074076 0.026041666666666668 0.046296296296296294
4 0.43385416666666665 0.362962962962963 0.026041666666666668 0.046296296296296294
4 0.45416666666666666 0.3638888888888889 0.026041666666666668 0.046296296296296294
4 0.4708333333333333 0.37037037037037035 0.026041666666666668 0.046296296296296294
4 0.3953125 0.3787037037037037 0.026041666666666668 0.046296296296296294
4 0.41458333333333336 0.37777777777777777 0.026041666666666668 0.046296296296296294
4 0.4036458333333333 0.38425925925925924 0.026041666666666668 0.046296296296296294
4 0.4640625 0.3962962962962963 0.026041666666666668 0.046296296296296294
4 0.48125 0.39351851851851855 0.026041666666666668 0.046296296296296294
4 0.6572916666666667 0.39351851851851855 0.026041666666666668 0.046296296296296294
4 0.440625 0.4009259259259259 0.026041666666666668 0.046296296296296294
2 0.19427083333333334 0.4101851851851852 0.026041666666666668 0.046296296296296294
4 0.390625 0.4083333333333333 0.026041666666666668 0.046296296296296294
4 0.65 0.40925925925925927 0.026041666666666668 0.046296296296296294
3 0.7041666666666667 0.4083333333333333 0.026041666666666668 0.046296296296296294
2 0.17864583333333334 0.4166666666666667 0.026041666666666668 0.046296296296296294
4 0.45364583333333336 0.41759259259259257 0.026041666666666668 0.046296296296296294
4 0.4984375 0.4185185185185185 0.026041666666666668 0.046296296296296294
4 0.6578125 0.412962962962963 0.026041666666666668 0.046296296296296294
4 0.40729166666666666 0.42685185185185187 0.026041666666666668 0.046296296296296294
4 0.5114583333333333 0.43333333333333335 0.026041666666666668 0.046296296296296294
4 0.39010416666666664 0.44074074074074077 0.026041666666666668 0.046296296296296294
4 0.43697916666666664 0.44166666666666665 0.026041666666666668 0.046296296296296294
4 0.5411458333333333 0.44074074074074077 0.026041666666666668 0.046296296296296294
3 0.6739583333333333 0.44166666666666665 0.026041666666666668 0.046296296296296294
3 0.6875 0.4398148148148148 0.026041666666666668 0.046296296296296294
4 0.6619791666666667 0.45740740740740743 0.026041666666666668 0.046296296296296294
3 0.6739583333333333 0.4722222222222222 0.026041666666666668 0.046296296296296294
4 0.38385416666666666 0.48148148148148145 0.026041666666666668 0.046296296296296294
4 0.5 0.4759259259259259 0.026041666666666668 0.046296296296296294
4 0.5109375 0.48055555555555557 0.026041666666666668 0.046296296296296294
4 0.653125 0.48055555555555557 0.026041666666666668 0.046296296296296294
3 0.6697916666666667 0.48333333333333334 0.026041666666666668 0.046296296296296294
4 0.646875 0.4888888888888889 0.026041666666666668 0.046296296296296294
3 0.6697916666666667 0.4888888888888889 0.026041666666666668 0.046296296296296294
4 0.5244791666666667 0.49722222222222223 0.026041666666666668 0.046296296296296294
4 0.6385416666666667 0.49444444444444446 0.026041666666666668 0.046296296296296294
4 0.49895833333333334 0.5101851851851852 0.026041666666666668 0.046296296296296294
4 0.5171875 0.5120370370370371 0.026041666666666668 0.046296296296296294
4 0.628125 0.512962962962963 0.026041666666666668 0.046296296296296294
4 0.6453125 0.5194444444444445 0.026041666666666668 0.046296296296296294
4 0.4046875 0.5277777777777778 0.026041666666666668 0.046296296296296294
4 0.6177083333333333 0.5268518518518519 0.026041666666666668 0.046296296296296294
4 0.665625 0.5259259259259259 0.026041666666666668 0.046296296296296294
3 0.7197916666666667 0.5268518518518519 0.026041666666666668 0.046296296296296294
4 0.465625 0.5351851851851852 0.026041666666666668 0.046296296296296294
4 0.5088541666666667 0.5351851851851852 0.026041666666666668 0.046296296296296294
3 0.7151041666666667 0.5351851851851852 0.026041666666666668 0.046296296296296294
4 0.4270833333333333 0.5370370370370371 0.026041666666666668 0.046296296296296294
4 0.4401041666666667 0.5425925925925926 0.026041666666666668 0.046296296296296294
4 0.596875 0.5435185185185185 0.026041666666666668 0.046296296296296294
3 0.68125 0.5416666666666666 0.026041666666666668 0.046296296296296294
4 0.47291666666666665 0.55 0.026041666666666668 0.046296296296296294
4 0.5536458333333333 0.549074074074074 0.026041666666666668 0.046296296296296294
4 0.5833333333333334 0.5481481481481482 0.026041666666666668 0.046296296296296294
4 0.40625 0.5564814814814815 0.026041666666666668 0.046296296296296294
3 0.7526041666666666 0.5564814814814815 0.026041666666666668 0.046296296296296294
3 0.765625 0.5601851851851852 0.026041666666666668 0.046296296296296294
4 0.45729166666666665 0.5657407407407408 0.026041666666666668 0.046296296296296294
4 0.5036458333333333 0.5657407407407408 0.026041666666666668 0.046296296296296294
3 0.7348958333333333 0.5611111111111111 0.026041666666666668 0.046296296296296294
3 0.74375 0.5805555555555556 0.026041666666666668 0.046296296296296294
3 0.7645833333333333 0.5814814814814815 0.026041666666666668 0.046296296296296294
4 0.5244791666666667 0.5972222222222222 0.026041666666666668 0.046296296296296294
4 0.5984375 0.5944444444444444 0.026041666666666668 0.046296296296296294
4 0.6401041666666667 0.5898148148148148 0.026041666666666668 0.046296296296296294
4 0.5796875 0.6212962962962963 0.026041666666666668 0.046296296296296294
3 0.7578125 0.6166666666666667 0.026041666666666668 0.046296296296296294
3 0.6708333333333333 0.6277777777777778 0.026041666666666668 0.046296296296296294
3 0.728125 0.6314814814814815 0.026041666666666668 0.046296296296296294
4 0.6239583333333333 0.6555555555555556 0.026041666666666668 0.046296296296296294
1 0.6541666666666667 0.6675925925925926 0.026041666666666668 0.046296296296296294
1 0.775 0.6731481481481482 0.026041666666666668 0.046296296296296294
1 0.48489583333333336 0.6851851851851852 0.026041666666666668 0.046296296296296294
1 0.44166666666666665 0.7342592592592593 0.026041666666666668 0.046296296296296294
1 0.5098958333333333 0.7509259259259259 0.026041666666666668 0.046296296296296294
1 0.6197916666666666 0.7574074074074074 0.026041666666666668 0.046296296296296294
1 0.8296875 0.7537037037037037 0.026041666666666668 0.046296296296296294
1 0.3515625 0.7916666666666666 0.026041666666666668 0.046296296296296294
1 0.7713541666666667 0.8055555555555556 0.026041666666666668 0.046296296296296294
1 0.2609375 0.8138888888888889 0.026041666666666668 0.046296296296296294
1 0.42552083333333335 0.812037037037037 0.026041666666666668 0.046296296296296294
1 0.7942708333333334 0.8435185185185186 0.026041666666666668 0.046296296296296294
1 0.46458333333333335 0.85 0.026041666666666668 0.046296296296296294
1 0.8286458333333333 0.8666666666666667 0.026041666666666668 0.046296296296296294
1 0.4036458333333333 0.8787037037037037 0.026041666666666668 0.046296296296296294
1 0.32083333333333336 0.8759259259259259 0.026041666666666668 0.046296296296296294
1 0.6083333333333333 0.9037037037037037 0.026041666666666668 0.046296296296296294
1 0.5723958333333333 0.9064814814814814 0.026041666666666668 0.046296296296296294
1 0.6588541666666666 0.9212962962962963 0.026041666666666668 0.046296296296296294
1 0.915625 0.9277777777777778 0.026041666666666668 0.046296296296296294
1 0.5322916666666667 0.9342592592592592 0.026041666666666668 0.046296296296296294
1 0.9614583333333333 0.9435185185185185 0.026041666666666668 0.046296296296296294
1 0.33697916666666666 0.9611111111111111 0.026041666666666668 0.046296296296296294
1 0.4119791666666667 0.975 0.026041666666666668 0.046296296296296294
1 0.4734375 0.9953703703703703 0.026041666666666668 0.046296296296296294
1 0.9010416666666666 0.7981481481481482 0.026041666666666668 0.046296296296296294
1 0.8947916666666667 0.7203703703703703 0.026041666666666668 0.046296296296296294
1 0.828125 0.95 0.026041666666666668 0.046296296296296294
1 0.7145833333333333 0.7574074074074074 0.026041666666666668 0.046296296296296294
1 0.70625 0.6796296296296296 0.026041666666666668 0.046296296296296294
3 0.6802083333333333 0.6611111111111111 0.026041666666666668 0.046296296296296294
4 0.4583333333333333 0.6018518518518519 0.026041666666666668 0.046296296296296294
4 0.4354166666666667 0.6092592592592593 0.026041666666666668 0.046296296296296294
4 0.5510416666666667 0.5907407407407408 0.026041666666666668 0.046296296296296294
4 0.5291666666666667 0.5518518518518518 0.026041666666666668 0.046296296296296294
4 0.5666666666666667 0.6055555555555555 0.026041666666666668 0.046296296296296294
