0 0.4703125 0.1361111111111111 0.026041666666666668 0.046296296296296294
0 0.4875 0.14074074074074075 0.026041666666666668 0.046296296296296294
0 0.47552083333333334 0.14629629629629629 0.026041666666666668 0.046296296296296294
0 0.4703125 0.16018518518518518 0.026041666666666668 0.046296296296296294
0 0.4942708333333333 0.15925925925925927 0.026041666666666668 0.046296296296296294
0 0.4635416666666667 0.16666666666666666 0.026041666666666668 0.046296296296296294
0 0.4322916666666667 0.17222222222222222 0.026041666666666668 0.046296296296296294
0 0.4744791666666667 0.17592592592592593 0.026041666666666668 0.046296296296296294
0 0.49583333333333335 0.20092592592592592 0.026041666666666668 0.046296296296296294
0 0.4890625 0.2074074074074074 0.026041666666666668 0.046296296296296294
0 0.4630208333333333 0.2222222222222222 0.026041666666666668 0.046296296296296294
0 0.4817708333333333 0.2222222222222222 0.026041666666666668 0.046296296296296294
0 0.4348958333333333 0.23703703703703705 0.026041666666666668 0.046296296296296294
0 0.4640625 0.24722222222222223 0.026041666666666668 0.046296296296296294
0 0.4901041666666667 0.24537037037037038 0.026041666666666668 0.046296296296296294
0 0.453125 0.2518518518518518 0.026041666666666668 0.046296296296296294
0 0.4895833333333333 0.262037037037037 0.026041666666666668 0.046296296296296294
0 0.4609375 0.27037037037037037 0.026041666666666668 0.046296296296296294
0 0.546875 0.2796296296296296 0.026041666666666668 0.046296296296296294
0 0.47708333333333336 0.2824074074074074 0.026041666666666668 0.046296296296296294
0 0.4953125 0.28425925925925927 0.026041666666666668 0.046296296296296294
0 0.6953125 0.28703703703703703 0.026041666666666668 0.046296296296296294
0 0.4453125 0.2916666666666667 0.026041666666666668 0.046296296296296294
0 0.4625 0.29074074074074074 0.026041666666666668 0.046296296296296294
0 0.4703125 0.2916666666666667 0.026041666666666668 0.046296296296296294
0 0.4947916666666667 0.29259259259259257 0.026041666666666668 0.046296296296296294
0 0.503125 0.29444444444444445 0.026041666666666668 0.046296296296296294
0 0.5067708333333333 0.2916666666666667 0.026041666666666668 0.046296296296296294
0 0.43333333333333335 0.29907407407407405 0.026041666666666668 0.046296296296296294
0 0.4119791666666667 0.30648148148148147 0.026041666666666668 0.046296296296296294
0 0.5166666666666667 0.30925925925925923 0.026041666666666668 0.046296296296296294
0 0.540625 0.30648148148148147 0.026041666666666668 0.046296296296296294
0 0.4322916666666667 0.3148148148148148 0.026041666666666668 0.046296296296296294
0 0.44947916666666665 0.31574074074074077 0.026041666666666668 0.046296296296296294
0 0.49947916666666664 0.31574074074074077 0.026041666666666668 0.046296296296296294
0 0.7072916666666667 0.3138888888888889 0.026041666666666668 0.046296296296296294
0 0.5114583333333333 0.32592592592592595 0.026041666666666668 0.046296296296296294
0 0.44479166666666664 0.3314814814814815 0.026041666666666668 0.046296296296296294
4 0.45729166666666665 0.3333333333333333 0.026041666666666668 0.046296296296296294
4 0.5161458333333333 0.3333333333333333 0.026041666666666668 0.046296296296296294
4 0.37552083333333336 0.35555555555555557 0.026041666666666668 0.046296296296296294
4 0.38229166666666664 0.35555555555555557 0.026041666666666668 0.046296296296296294
4 0.39010416666666664 0.35462962962962963 0.026041666666666668 0.046296296296296294
4 0.4046875 0.35555555555555557 0.026041666666666668 0.046296296296296294
4 0.40989583333333335 0.35185185185185186 0.026041666666666668 0.046296296296296294
4 0.4625 0.35555555555555557 0.026041666666666668 0.046296296296296294
4 0.50625 0.35462962962962963 0.026041666666666668 0.046296296296296294
4 0.5203125 0.3638888888888889 0.026041666666666668 0.046296296296296294
4 0.3958333333333333 0.3712962962962963 0.026041666666666668 0.046296296296296294
4 0.5036458333333333 0.37407407407407406 0.026041666666666668 0.046296296296296294
4 0.528125 0.3712962962962963 0.026041666666666668 0.046296296296296294
4 0.378125 0.3787037037037037 0.026041666666666668 0.046296296296296294
4 0.39895833333333336 0.38055555555555554 0.026041666666666668 0.046296296296296294
4 0.4953125 0.37777777777777777 0.026041666666666668 0.046296296296296294
4 0.6536458333333334 0.3787037037037037 0.026041666666666668 0.046296296296296294
4 0.4328125 0.3861111111111111 0.026041666666666668 0.046296296296296294
4 0.4666666666666667 0.38425925925925924 0.026041666666666668 0.046296296296296294
4 0.378125 0.39444444444444443 0.026041666666666668 0.046296296296296294
4 0.5203125 0.39537037037037037 0.026041666666666668 0.046296296296296294
3 0.6822916666666666 0.38981481481481484 0.026041666666666668 0.046296296296296294
4 0.5088541666666667 0.40185185185185185 0.026041666666666668 0.046296296296296294
4 0.6536458333333334 0.4046296296296296 0.026041666666666668 0.046296296296296294
2 0.1796875 0.4111111111111111 0.026041666666666668 0.046296296296296294
2 0.20208333333333334 0.40555555555555556 0.026041666666666668 0.046296296296296294
2 0.1984375 0.41759259259259257 0.026041666666666668 0.046296296296296294
4 0.3859375 0.41759259259259257 0.026041666666666668 0.046296296296296294
2 0.1703125 0.425 0.026041666666666668 0.046296296296296294
4 0.403125 0.425 0.026041666666666668 0.046296296296296294
4 0.42083333333333334 0.4222222222222222 0.026041666666666668 0.046296296296296294
4 0.5119791666666667 0.42685185185185187 0.026041666666666668 0.046296296296296294
4 0.6541666666666667 0.42314814814814816 0.026041666666666668 0.046296296296296294
4 0.6651041666666667 0.42314814814814816 0.026041666666666668 0.046296296296296294
4 0.3958333333333333 0.4425925925925926 0.026041666666666668 0.046296296296296294
3 0.6739583333333333 0.4444444444444444 0.026041666666666668 0.046296296296296294
4 0.5125 0.44907407407407407 0.026041666666666668 0.046296296296296294
3 0.7020833333333333 0.4462962962962963 0.026041666666666668 0.046296296296296294
2 0.20364583333333333 0.46574074074074073 0.026041666666666668 0.046296296296296294
3 0.6786458333333333 0.4666666666666667 0.026041666666666668 0.046296296296296294
4 0.503125 0.47314814814814815 0.026041666666666668 0.046296296296296294
4 0.5953125 0.4787037037037037 0.026041666666666668 0.046296296296296294
4 0.6197916666666666 0.48148148148148145 0.026041666666666668 0.046296296296296294
4 0.6369791666666667 0.47962962962962963 0.026041666666666668 0.046296296296296294
4 0.5046875 0.48703703703703705 0.026041666666666668 0.046296296296296294
4 0.5151041666666667 0.4888888888888889 0.026041666666666668 0.046296296296296294
4 0.6083333333333333 0.4888888888888889 0.026041666666666668 0.046296296296296294
4 0.6494791666666667 0.487962962962963 0.026041666666666668 0.046296296296296294
4 0.4119791666666667 0.4888888888888889 0.026041666666666668 0.046296296296296294
4 0.6578125 0.49537037037037035 0.026041666666666668 0.046296296296296294
3 0.678125 0.49444444444444446 0.026041666666666668 0.046296296296296294
4 0.6208333333333333 0.5027777777777778 0.026041666666666668 0.046296296296296294
3 0.6953125 0.5018518518518519 0.026041666666666668 0.046296296296296294
4 0.49583333333333335 0.512962962962963 0.026041666666666668 0.046296296296296294
4 0.5041666666666667 0.5101851851851852 0.026041666666666668 0.046296296296296294
3 0.7026041666666667 0.5101851851851852 0.026041666666666668 0.046296296296296294
4 0.6354166666666666 0.5185185185185185 0.026041666666666668 0.046296296296296294
4 0.5114583333333333 0.5268518518518519 0.026041666666666668 0.046296296296296294
4 0.6296875 0.5296296296296297 0.026041666666666668 0.046296296296296294
3 0.6994791666666667 0.5268518518518519 0.026041666666666668 0.046296296296296294
4 0.4864583333333333 0.5351851851851852 0.026041666666666668 0.046296296296296294
3 0.7197916666666667 0.5324074074074074 0.026041666666666668 0.046296296296296294
3 0.7322916666666667 0.5333333333333333 0.026041666666666668 0.046296296296296294
4 0.5223958333333333 0.5425925925925926 0.026041666666666668 0.046296296296296294
4 0.5546875 0.5435185185185185 0.026041666666666668 0.046296296296296294
4 0.47760416666666666 0.5574074074074075 0.026041666666666668 0.046296296296296294
4 0.534375 0.5564814814814815 0.026041666666666668 0.046296296296296294
4 0.6322916666666667 0.5546296296296296 0.026041666666666668 0.046296296296296294
3 0.7005208333333334 0.5648148148148148 0.026041666666666668 0.046296296296296294
3 0.7395833333333334 0.5601851851851852 0.026041666666666668 0.046296296296296294
3 0.7567708333333333 0.562962962962963 0.026041666666666668 0.046296296296296294
4 0.5994791666666667 0.5740740740740741 0.026041666666666668 0.046296296296296294
4 0.434375 0.5731481481481482 0.026041666666666668 0.046296296296296294
3 0.7479166666666667 0.5814814814814815 0.026041666666666668 0.046296296296296294
4 0.5234375 0.5990740740740741 0.026041666666666668 0.046296296296296294
4 0.37916666666666665 0.6074074074074074 0.026041666666666668 0.046296296296296294
4 0.5942708333333333 0.6092592592592593 0.026041666666666668 0.046296296296296294
4 0.4088541666666667 0.6166666666666667 0.026041666666666668 0.046296296296296294
4 0.4473958333333333 0.6268518518518519 0.026041666666666668 0.046296296296296294
3 0.7197916666666667 0.6342592592592593 0.026041666666666668 0.046296296296296294
4 0.5380208333333333 0.6666666666666666 0.026041666666666668 0.046296296296296294
3 0.771875 0.6648148148148149 0.026041666666666668 0.046296296296296294
1 0.203125 0.6851851851851852 0.026041666666666668 0.046296296296296294
1 0.3984375 0.6898148148148148 0.026041666666666668 0.046296296296296294
1 0.4796875 0.6898148148148148 0.026041666666666668 0.046296296296296294
1 0.6125 0.7101851851851851 0.026041666666666668 0.046296296296296294
1 0.4703125 0.7203703703703703 0.026041666666666668 0.046296296296296294
1 0.4359375 0.725 0.026041666666666668 0.046296296296296294
1 0.5609375 0.7194444444444444 0.026041666666666668 0.046296296296296294
1 0.2078125 0.7333333333333333 0.026041666666666668 0.046296296296296294
1 0.39375 0.7416666666666667 0.026041666666666668 0.046296296296296294
1 0.58125 0.7342592592592593 0.026041666666666668 0.046296296296296294
1 0.8854166666666666 0.7509259259259259 0.026041666666666668 0.046296296296296294
1 0.1640625 0.7601851851851852 0.026041666666666668 0.046296296296296294
1 0.9625 0.7648148148148148 0.026041666666666668 0.046296296296296294
1 0.9197916666666667 0.8287037037037037 0.026041666666666668 0.046296296296296294
1 0.7583333333333333 0.8333333333333334 0.026041666666666668 0.046296296296296294
1 0.09947916666666666 0.8592592592592593 0.026041666666666668 0.046296296296296294
1 0.8375 0.8592592592592593 0.026041666666666668 0.046296296296296294
1 0.43802083333333336 0.8657407407407407 0.026041666666666668 0.046296296296296294
1 0.7890625 0.8453703703703703 0.026041666666666668 0.046296296296296294
1 0.5505208333333333 0.875 0.026041666666666668 0.046296296296296294
1 0.18958333333333333 0.8814814814814815 0.026041666666666668 0.046296296296296294
1 0.4979166666666667 0.8935185185185185 0.026041666666666668 0.046296296296296294
1 0.12135416666666667 0.9175925925925926 0.026041666666666668 0.046296296296296294
1 0.5723958333333333 0.924074074074074 0.026041666666666668 0.046296296296296294
1 0.440625 0.937962962962963 0.026041666666666668 0.046296296296296294
1 0.96875 0.9490740740740741 0.026041666666666668 0.046296296296296294
1 0.3338541666666667 0.9574074074074074 0.026041666666666668 0.046296296296296294
1 0.38958333333333334 0.9648148148148148 0.026041666666666668 0.046296296296296294
1 0.7046875 0.9675925925925926 0.026041666666666668 0.046296296296296294
1 0.8697916666666666 0.8185185185185185 0.026041666666666668 0.046296296296296294
1 0.9677083333333333 0.975925925925926 0.026041666666666668 0.046296296296296294
1 0.940625 0.9796296296296296 0.026041666666666668 0.046296296296296294
1 0.89375 0.987037037037037 0.026041666666666668 0.046296296296296294
1 0.7020833333333333 0.6759259259259259 0.026041666666666668 0.046296296296296294
1 0.6760416666666667 0.6814814814814815 0.026041666666666668 0.046296296296296294
3 0.728125 0.6555555555555556 0.026041666666666668 0.046296296296296294
1 0.6916666666666667 0.6722222222222223 0.026041666666666668 0.046296296296296294
3 0.7666666666666667 0.6296296296296297 0.026041666666666668 0.046296296296296294
3 0.7572916666666667 0.6074074074074074 0.026041666666666668 0.046296296296296294
3 0.7708333333333334 0.5685185185185185 0.026041666666666668 0.046296296296296294
2 0.17708333333333334 0.46111111111111114 0.026041666666666668 0.046296296296296294
