0 0.4703125 0.09537037037037037 0.026041666666666668 0.046296296296296294
0 0.490625 0.09722222222222222 0.026041666666666668 0.046296296296296294
0 0.4828125 0.10555555555555556 0.026041666666666668 0.046296296296296294
0 0.4708333333333333 0.11296296296296296 0.026041666666666668 0.046296296296296294
0 0.465625 0.13055555555555556 0.026041666666666668 0.046296296296296294
0 0.490625 0.1287037037037037 0.026041666666666668 0.046296296296296294
0 0.44114583333333335 0.12962962962962962 0.026041666666666668 0.046296296296296294
0 0.4484375 0.13333333333333333 0.026041666666666668 0.046296296296296294
0 0.45364583333333336 0.13148148148148148 0.026041666666666668 0.046296296296296294
0 0.46041666666666664 0.13703703703703704 0.026041666666666668 0.046296296296296294
0 0.4395833333333333 0.1425925925925926 0.026041666666666668 0.046296296296296294
0 0.4765625 0.14629629629629629 0.026041666666666668 0.046296296296296294
0 0.4822916666666667 0.14814814814814814 0.026041666666666668 0.046296296296296294
0 0.4625 0.15185185185185185 0.026041666666666668 0.046296296296296294
0 0.49947916666666664 0.17407407407407408 0.026041666666666668 0.046296296296296294
0 0.4296875 0.1824074074074074 0.026041666666666668 0.046296296296296294
0 0.43385416666666665 0.19074074074074074 0.026041666666666668 0.046296296296296294
0 0.4796875 0.21481481481481482 0.026041666666666668 0.046296296296296294
0 0.48489583333333336 0.21388888888888888 0.026041666666666668 0.046296296296296294
0 0.5005208333333333 0.2212962962962963 0.026041666666666668 0.046296296296296294
0 0.4203125 0.2351851851851852 0.026041666666666668 0.046296296296296294
0 0.4578125 0.2361111111111111 0.026041666666666668 0.046296296296296294
0 0.46927083333333336 0.2388888888888889 0.026041666666666668 0.046296296296296294
0 0.4322916666666667 0.24537037037037038 0.026041666666666668 0.046296296296296294
0 0.5 0.24537037037037038 0.026041666666666668 0.046296296296296294
0 0.5072916666666667 0.24351851851851852 0.026041666666666668 0.046296296296296294
0 0.45208333333333334 0.2574074074074074 0.026041666666666668 0.046296296296296294
0 0.4713541666666667 0.2537037037037037 0.026041666666666668 0.046296296296296294
0 0.4786458333333333 0.2537037037037037 0.026041666666666668 0.046296296296296294
0 0.5114583333333333 0.2537037037037037 0.026041666666666668 0.046296296296296294
0 0.4203125 0.2601851851851852 0.026041666666666668 0.046296296296296294
0 0.4875 0.2601851851851852 0.026041666666666668 0.046296296296296294
0 0.4921875 0.2611111111111111 0.026041666666666668 0.046296296296296294
0 0.4984375 0.262037037037037 0.026041666666666668 0.046296296296296294
0 0.44114583333333335 0.26944444444444443 0.026041666666666668 0.046296296296296294
0 0.4484375 0.2712962962962963 0.026041666666666668 0.046296296296296294
0 0.4359375 0.27870370370370373 0.026041666666666668 0.046296296296296294
0 0.4609375 0.2796296296296296 0.026041666666666668 0.046296296296296294
0 0.5453125 0.27685185185185185 0.026041666666666668 0.046296296296296294
0 0.440625 0.2851851851851852 0.026041666666666668 0.046296296296296294
0 0.490625 0.28425925925925927 0.026041666666666668 0.046296296296296294
0 0.503125 0.2833333333333333 0.026041666666666668 0.046296296296296294
0 0.5401041666666667 0.2851851851851852 0.026041666666666668 0.046296296296296294
0 0.4161458333333333 0.29259259259259257 0.026041666666666668 0.046296296296296294
0 0.43645833333333334 0.29444444444444445 0.026041666666666668 0.046296296296296294
0 0.4609375 0.2953703703703704 0.026041666666666668 0.046296296296296294
0 0.5192708333333333 0.2935185185185185 0.026041666666666668 0.046296296296296294
0 0.690625 0.29259259259259257 0.026041666666666668 0.046296296296296294
0 0.5036458333333333 0.30092592592592593 0.026041666666666668 0.046296296296296294
0 0.4317708333333333 0.3111111111111111 0.026041666666666668 0.046296296296296294
0 0.4901041666666667 0.30833333333333335 0.026041666666666668 0.046296296296296294
0 0.51875 0.3101851851851852 0.026041666666666668 0.046296296296296294
0 0.5364583333333334 0.3101851851851852 0.026041666666666668 0.046296296296296294
0 0.440625 0.3148148148148148 0.026041666666666668 0.046296296296296294
0 0.45208333333333334 0.3175925925925926 0.026041666666666668 0.046296296296296294
0 0.5078125 0.31666666666666665 0.026041666666666668 0.046296296296296294
0 0.425 0.32314814814814813 0.026041666666666668 0.046296296296296294
0 0.4479166666666667 0.32685185185185184 0.026041666666666668 0.046296296296296294
0 0.46979166666666666 0.32407407407407407 0.026041666666666668 0.046296296296296294
0 0.4786458333333333 0.325 0.026041666666666668 0.046296296296296294
4 0.4296875 0.33425925925925926 0.026041666666666668 0.046296296296296294
0 0.43645833333333334 0.33055555555555555 0.026041666666666668 0.046296296296296294
0 0.45729166666666665 0.33055555555555555 0.026041666666666668 0.046296296296296294
4 0.4239583333333333 0.34074074074074073 0.026041666666666668 0.046296296296296294
4 0.44947916666666665 0.33611111111111114 0.026041666666666668 0.046296296296296294
4 0.4744791666666667 0.3398148148148148 0.026041666666666668 0.046296296296296294
4 0.49895833333333334 0.3388888888888889 0.026041666666666668 0.046296296296296294
4 0.5098958333333333 0.34074074074074073 0.026041666666666668 0.046296296296296294
4 0.4083333333333333 0.34629629629629627 0.026041666666666668 0.046296296296296294
4 0.4427083333333333 0.3490740740740741 0.026041666666666668 0.046296296296296294
4 0.5041666666666667 0.35 0.026041666666666668 0.046296296296296294
3 0.7166666666666667 0.3453703703703704 0.026041666666666668 0.046296296296296294
4 0.37916666666666665 0.35833333333333334 0.026041666666666668 0.046296296296296294
4 0.39166666666666666 0.3527777777777778 0.026041666666666668 0.046296296296296294
4 0.39895833333333336 0.35462962962962963 0.026041666666666668 0.046296296296296294
4 0.4635416666666667 0.35462962962962963 0.026041666666666668 0.046296296296296294
4 0.5119791666666667 0.3527777777777778 0.026041666666666668 0.046296296296296294
3 0.6848958333333334 0.3527777777777778 0.026041666666666668 0.046296296296296294
4 0.37447916666666664 0.3638888888888889 0.026041666666666668 0.046296296296296294
4 0.38697916666666665 0.36574074074074076 0.026041666666666668 0.046296296296296294
4 0.4125 0.3638888888888889 0.026041666666666668 0.046296296296296294
4 0.4328125 0.3638888888888889 0.026041666666666668 0.046296296296296294
4 0.5041666666666667 0.3648148148148148 0.026041666666666668 0.046296296296296294
4 0.3828125 0.375 0.026041666666666668 0.046296296296296294
4 0.44166666666666665 0.37222222222222223 0.026041666666666668 0.046296296296296294
4 0.4744791666666667 0.3712962962962963 0.026041666666666668 0.046296296296296294
4 0.5151041666666667 0.36944444444444446 0.026041666666666668 0.046296296296296294
4 0.5401041666666667 0.36944444444444446 0.026041666666666668 0.046296296296296294
4 0.6473958333333333 0.3675925925925926 0.026041666666666668 0.046296296296296294
4 0.6541666666666667 0.36944444444444446 0.026041666666666668 0.046296296296296294
4 0.39947916666666666 0.37777777777777777 0.026041666666666668 0.046296296296296294
4 0.428125 0.38981481481481484 0.026041666666666668 0.046296296296296294
4 0.659375 0.387037037037037 0.026041666666666668 0.046296296296296294
4 0.48333333333333334 0.3962962962962963 0.026041666666666668 0.046296296296296294
4 0.50625 0.39537037037037037 0.026041666666666668 0.046296296296296294
4 0.5182291666666666 0.39444444444444443 0.026041666666666668 0.046296296296296294
2 0.19427083333333334 0.40185185185185185 0.026041666666666668 0.046296296296296294
4 0.40729166666666666 0.4111111111111111 0.026041666666666668 0.046296296296296294
4 0.4197916666666667 0.4111111111111111 0.026041666666666668 0.046296296296296294
4 0.4734375 0.40925925925925927 0.026041666666666668 0.046296296296296294
4 0.6536458333333334 0.40925925925925927 0.026041666666666668 0.046296296296296294
2 0.19166666666666668 0.4203703703703704 0.026041666666666668 0.046296296296296294
4 0.4901041666666667 0.41759259259259257 0.026041666666666668 0.046296296296296294
4 0.42864583333333334 0.42592592592592593 0.026041666666666668 0.046296296296296294
4 0.5119791666666667 0.42592592592592593 0.026041666666666668 0.046296296296296294
4 0.6552083333333333 0.42314814814814816 0.026041666666666668 0.046296296296296294
4 0.4171875 0.43148148148148147 0.026041666666666668 0.046296296296296294
4 0.6583333333333333 0.43333333333333335 0.026041666666666668 0.046296296296296294
4 0.39947916666666666 0.4425925925925926 0.026041666666666668 0.046296296296296294
4 0.44375 0.4398148148148148 0.026041666666666668 0.046296296296296294
3 0.7067708333333333 0.4388888888888889 0.026041666666666668 0.046296296296296294
4 0.49947916666666664 0.44907407407407407 0.026041666666666668 0.046296296296296294
4 0.5072916666666667 0.44814814814814813 0.026041666666666668 0.046296296296296294
4 0.5244791666666667 0.44814814814814813 0.026041666666666668 0.046296296296296294
4 0.653125 0.44907407407407407 0.026041666666666668 0.046296296296296294
2 0.1859375 0.45555555555555555 0.026041666666666668 0.046296296296296294
4 0.665625 0.4527777777777778 0.026041666666666668 0.046296296296296294
3 0.6859375 0.4546296296296296 0.026041666666666668 0.046296296296296294
2 0.21510416666666668 0.47314814814814815 0.026041666666666668 0.046296296296296294
4 0.453125 0.47129629629629627 0.026041666666666668 0.046296296296296294
4 0.5130208333333334 0.4722222222222222 0.026041666666666668 0.046296296296296294
3 0.6765625 0.47314814814814815 0.026041666666666668 0.046296296296296294
3 0.6817708333333333 0.4703703703703704 0.026041666666666668 0.046296296296296294
3 0.6958333333333333 0.4722222222222222 0.026041666666666668 0.046296296296296294
4 0.515625 0.48703703703703705 0.026041666666666668 0.046296296296296294
4 0.6244791666666667 0.4888888888888889 0.026041666666666668 0.046296296296296294
3 0.6703125 0.5037037037037037 0.026041666666666668 0.046296296296296294
4 0.5239583333333333 0.512962962962963 0.026041666666666668 0.046296296296296294
3 0.703125 0.5185185185185185 0.026041666666666668 0.046296296296296294
4 0.5526041666666667 0.5212962962962963 0.026041666666666668 0.046296296296296294
4 0.628125 0.5231481481481481 0.026041666666666668 0.046296296296296294
4 0.6442708333333333 0.5268518518518519 0.026041666666666668 0.046296296296296294
4 0.6661458333333333 0.5268518518518519 0.026041666666666668 0.046296296296296294
3 0.7229166666666667 0.5333333333333333 0.026041666666666668 0.046296296296296294
4 0.5432291666666667 0.5388888888888889 0.026041666666666668 0.046296296296296294
4 0.571875 0.5537037037037037 0.026041666666666668 0.046296296296296294
4 0.5947916666666667 0.5574074074074075 0.026041666666666668 0.046296296296296294
3 0.7348958333333333 0.5564814814814815 0.026041666666666668 0.046296296296296294
3 0.7536458333333333 0.5648148148148148 0.026041666666666668 0.046296296296296294
4 0.5125 0.5722222222222222 0.026041666666666668 0.046296296296296294
4 0.6484375 0.587037037037037 0.026041666666666668 0.046296296296296294
4 0.4630208333333333 0.5898148148148148 0.026041666666666668 0.046296296296296294
4 0.5114583333333333 0.6240740740740741 0.026041666666666668 0.046296296296296294
3 0.7088541666666667 0.6277777777777778 0.026041666666666668 0.046296296296296294
4 0.5583333333333333 0.6425925925925926 0.026041666666666668 0.046296296296296294
4 0.6239583333333333 0.6583333333333333 0.026041666666666668 0.046296296296296294
3 0.7713541666666667 0.6648148148148149 0.026041666666666668 0.046296296296296294
1 0.6078125 0.6953703703703704 0.026041666666666668 0.046296296296296294
1 0.7036458333333333 0.6944444444444444 0.026041666666666668 0.046296296296296294
1 0.75 0.6981481481481482 0.026041666666666668 0.046296296296296294
1 0.5796875 0.7212962962962963 0.026041666666666668 0.046296296296296294
1 0.8833333333333333 0.7462962962962963 0.026041666666666668 0.046296296296296294
1 0.5333333333333333 0.7592592592592593 0.026041666666666668 0.046296296296296294
1 0.6458333333333334 0.7898148148148149 0.026041666666666668 0.046296296296296294
1 0.45208333333333334 0.8157407407407408 0.026041666666666668 0.046296296296296294
1 0.68125 0.8222222222222222 0.026041666666666668 0.046296296296296294
1 0.7697916666666667 0.8351851851851851 0.026041666666666668 0.046296296296296294
1 0.9786458333333333 0.8481481481481481 0.026041666666666668 0.046296296296296294
1 0.8166666666666667 0.9148148148148149 0.026041666666666668 0.046296296296296294
1 0.9666666666666667 0.9287037037037037 0.026041666666666668 0.046296296296296294
1 0.9359375 0.9861111111111112 0.026041666666666668 0.046296296296296294
1 0.8739583333333333 0.8074074074074075 0.026041666666666668 0.046296296296296294
1 0.825 0.8222222222222222 0.026041666666666668 0.046296296296296294
1 0.825 0.8648148148148148 0.026041666666666668 0.046296296296296294
1 0.99375 0.8592592592592593 0.026041666666666668 0.046296296296296294
3 0.753125 0.6240740740740741 0.026041666666666668 0.046296296296296294
3 0.7625 0.5814814814814815 0.026041666666666668 0.046296296296296294
3 0.71875 0.662962962962963 0.026041666666666668 0.046296296296296294
1 0.53125 0.6851851851851852 0.026041666666666668 0.046296296296296294
4 0.5583333333333333 0.6092592592592593 0.026041666666666668 0.046296296296296294
4 0.48541666666666666 0.48333333333333334 0.026041666666666668 0.046296296296296294
4 0.371875 0.4388888888888889 0.026041666666666668 0.046296296296296294
2 0.21875 0.5166666666666667 0.026041666666666668 0.046296296296296294
1 0.7364583333333333 0.9722222222222222 0.026041666666666668 0.046296296296296294
