0 0.4744791666666667 0.08796296296296297 0.026041666666666668 0.046296296296296294
0 0.4739583333333333 0.0962962962962963 0.026041666666666668 0.046296296296296294
0 0.48385416666666664 0.10462962962962963 0.026041666666666668 0.046296296296296294
0 0.4703125 0.11388888888888889 0.026041666666666668 0.046296296296296294
0 0.48385416666666664 0.12222222222222222 0.026041666666666668 0.046296296296296294
0 0.49114583333333334 0.11944444444444445 0.026041666666666668 0.046296296296296294
0 0.46979166666666666 0.13518518518518519 0.026041666666666668 0.046296296296296294
0 0.4401041666666667 0.14166666666666666 0.026041666666666668 0.046296296296296294
0 0.45729166666666665 0.1425925925925926 0.026041666666666668 0.046296296296296294
0 0.4744791666666667 0.14722222222222223 0.026041666666666668 0.046296296296296294
0 0.4630208333333333 0.15462962962962962 0.026041666666666668 0.046296296296296294
0 0.4557291666666667 0.16944444444444445 0.026041666666666668 0.046296296296296294
0 0.47552083333333334 0.175 0.026041666666666668 0.046296296296296294
0 0.5078125 0.17777777777777778 0.026041666666666668 0.046296296296296294
0 0.4864583333333333 0.1824074074074074 0.026041666666666668 0.046296296296296294
0 0.49947916666666664 0.18333333333333332 0.026041666666666668 0.046296296296296294
0 0.4786458333333333 0.2037037037037037 0.026041666666666668 0.046296296296296294
0 0.5130208333333334 0.20185185185185187 0.026041666666666668 0.046296296296296294
0 0.47291666666666665 0.20555555555555555 0.026041666666666668 0.046296296296296294
0 0.4744791666666667 0.2222222222222222 0.026041666666666668 0.046296296296296294
0 0.5078125 0.22314814814814815 0.026041666666666668 0.046296296296296294
0 0.4328125 0.22870370370370371 0.026041666666666668 0.046296296296296294
0 0.44895833333333335 0.22962962962962963 0.026041666666666668 0.046296296296296294
0 0.50625 0.23796296296296296 0.026041666666666668 0.046296296296296294
0 0.5114583333333333 0.23796296296296296 0.026041666666666668 0.046296296296296294
0 0.49114583333333334 0.24814814814814815 0.026041666666666668 0.046296296296296294
0 0.41302083333333334 0.2537037037037037 0.026041666666666668 0.046296296296296294
0 0.43645833333333334 0.2537037037037037 0.026041666666666668 0.046296296296296294
0 0.4203125 0.262037037037037 0.026041666666666668 0.046296296296296294
0 0.4953125 0.2601851851851852 0.026041666666666668 0.046296296296296294
0 0.7083333333333334 0.2611111111111111 0.026041666666666668 0.046296296296296294
0 0.5458333333333333 0.26666666666666666 0.026041666666666668 0.046296296296296294
0 0.4875 0.2796296296296296 0.026041666666666668 0.046296296296296294
0 0.5109375 0.2796296296296296 0.026041666666666668 0.046296296296296294
0 0.4479166666666667 0.2861111111111111 0.026041666666666668 0.046296296296296294
0 0.5041666666666667 0.28425925925925927 0.026041666666666668 0.046296296296296294
0 0.41770833333333335 0.2916666666666667 0.026041666666666668 0.046296296296296294
0 0.46145833333333336 0.2916666666666667 0.026041666666666668 0.046296296296296294
0 0.5104166666666666 0.3037037037037037 0.026041666666666668 0.046296296296296294
0 0.44479166666666664 0.30925925925925923 0.026041666666666668 0.046296296296296294
0 0.46979166666666666 0.31666666666666665 0.026041666666666668 0.046296296296296294
0 0.4875 0.3148148148148148 0.026041666666666668 0.046296296296296294
0 0.4953125 0.31851851851851853 0.026041666666666668 0.046296296296296294
0 0.5119791666666667 0.3175925925925926 0.026041666666666668 0.046296296296296294
0 0.41770833333333335 0.32222222222222224 0.026041666666666668 0.046296296296296294
0 0.6953125 0.3175925925925926 0.026041666666666668 0.046296296296296294
0 0.4166666666666667 0.3296296296296296 0.026041666666666668 0.046296296296296294
0 0.4234375 0.3314814814814815 0.026041666666666668 0.046296296296296294
0 0.4390625 0.3314814814814815 0.026041666666666668 0.046296296296296294
0 0.48125 0.3314814814814815 0.026041666666666668 0.046296296296296294
4 0.4515625 0.33796296296296297 0.026041666666666668 0.046296296296296294
4 0.46979166666666666 0.337037037037037 0.026041666666666668 0.046296296296296294
4 0.4140625 0.3472222222222222 0.026041666666666668 0.046296296296296294
4 0.4401041666666667 0.3472222222222222 0.026041666666666668 0.046296296296296294
4 0.5072916666666667 0.34814814814814815 0.026041666666666668 0.046296296296296294
4 0.375 0.3537037037037037 0.026041666666666668 0.046296296296296294
4 0.39114583333333336 0.35648148148148145 0.026041666666666668 0.046296296296296294
4 0.403125 0.35833333333333334 0.026041666666666668 0.046296296296296294
4 0.42864583333333334 0.35648148148148145 0.026041666666666668 0.046296296296296294
4 0.4625 0.35833333333333334 0.026041666666666668 0.046296296296296294
4 0.4869791666666667 0.3574074074074074 0.026041666666666668 0.046296296296296294
4 0.5171875 0.3537037037037037 0.026041666666666668 0.046296296296296294
4 0.4203125 0.362962962962963 0.026041666666666668 0.046296296296296294
4 0.3963541666666667 0.37037037037037035 0.026041666666666668 0.046296296296296294
4 0.4041666666666667 0.37222222222222223 0.026041666666666668 0.046296296296296294
4 0.415625 0.3768518518518518 0.026041666666666668 0.046296296296296294
4 0.4234375 0.37777777777777777 0.026041666666666668 0.046296296296296294
4 0.48125 0.37777777777777777 0.026041666666666668 0.046296296296296294
4 0.5161458333333333 0.37777777777777777 0.026041666666666668 0.046296296296296294
4 0.39895833333333336 0.38796296296296295 0.026041666666666668 0.046296296296296294
4 0.5197916666666667 0.38981481481481484 0.026041666666666668 0.046296296296296294
4 0.4328125 0.39537037037037037 0.026041666666666668 0.046296296296296294
4 0.5442708333333334 0.39444444444444443 0.026041666666666668 0.046296296296296294
4 0.4078125 0.4027777777777778 0.026041666666666668 0.046296296296296294
4 0.4192708333333333 0.4027777777777778 0.026041666666666668 0.046296296296296294
4 0.515625 0.40370370370370373 0.026041666666666668 0.046296296296296294
3 0.6822916666666666 0.4009259259259259 0.026041666666666668 0.046296296296296294
2 0.18697916666666667 0.4083333333333333 0.026041666666666668 0.046296296296296294
4 0.6552083333333333 0.412962962962963 0.026041666666666668 0.046296296296296294
4 0.39114583333333336 0.4148148148148148 0.026041666666666668 0.046296296296296294
4 0.5036458333333333 0.41759259259259257 0.026041666666666668 0.046296296296296294
2 0.17447916666666666 0.42407407407407405 0.026041666666666668 0.046296296296296294
3 0.6697916666666667 0.42407407407407405 0.026041666666666668 0.046296296296296294
4 0.4109375 0.43703703703703706 0.026041666666666668 0.046296296296296294
4 0.5255208333333333 0.43425925925925923 0.026041666666666668 0.046296296296296294
4 0.5119791666666667 0.44074074074074077 0.026041666666666668 0.046296296296296294
3 0.6692708333333334 0.4398148148148148 0.026041666666666668 0.046296296296296294
3 0.7057291666666666 0.4388888888888889 0.026041666666666668 0.046296296296296294
4 0.4036458333333333 0.45092592592592595 0.026041666666666668 0.046296296296296294
4 0.3796875 0.45740740740740743 0.026041666666666668 0.046296296296296294
4 0.38697916666666665 0.4583333333333333 0.026041666666666668 0.046296296296296294
4 0.5036458333333333 0.45740740740740743 0.026041666666666668 0.046296296296296294
4 0.4114583333333333 0.46574074074074073 0.026041666666666668 0.046296296296296294
4 0.37447916666666664 0.4740740740740741 0.026041666666666668 0.046296296296296294
4 0.5114583333333333 0.4722222222222222 0.026041666666666668 0.046296296296296294
4 0.6578125 0.47314814814814815 0.026041666666666668 0.046296296296296294
3 0.6895833333333333 0.475 0.026041666666666668 0.046296296296296294
4 0.3854166666666667 0.47962962962962963 0.026041666666666668 0.046296296296296294
4 0.44479166666666664 0.48333333333333334 0.026041666666666668 0.046296296296296294
4 0.49895833333333334 0.48518518518518516 0.026041666666666668 0.046296296296296294
4 0.6114583333333333 0.487962962962963 0.026041666666666668 0.046296296296296294
3 0.6744791666666666 0.4861111111111111 0.026041666666666668 0.046296296296296294
4 0.37447916666666664 0.49537037037037035 0.026041666666666668 0.046296296296296294
4 0.5442708333333334 0.4935185185185185 0.026041666666666668 0.046296296296296294
4 0.5953125 0.4935185185185185 0.026041666666666668 0.046296296296296294
3 0.6828125 0.49444444444444446 0.026041666666666668 0.046296296296296294
3 0.69375 0.4935185185185185 0.026041666666666668 0.046296296296296294
4 0.44947916666666665 0.5037037037037037 0.026041666666666668 0.046296296296296294
4 0.5234375 0.5027777777777778 0.026041666666666668 0.046296296296296294
4 0.628125 0.5018518518518519 0.026041666666666668 0.046296296296296294
4 0.3828125 0.5148148148148148 0.026041666666666668 0.046296296296296294
3 0.703125 0.5120370370370371 0.026041666666666668 0.046296296296296294
4 0.48020833333333335 0.5157407407407407 0.026041666666666668 0.046296296296296294
4 0.4322916666666667 0.524074074074074 0.026041666666666668 0.046296296296296294
4 0.4984375 0.5222222222222223 0.026041666666666668 0.046296296296296294
4 0.6614583333333334 0.5259259259259259 0.026041666666666668 0.046296296296296294
4 0.415625 0.5351851851851852 0.026041666666666668 0.046296296296296294
4 0.5286458333333334 0.5314814814814814 0.026041666666666668 0.046296296296296294
4 0.5401041666666667 0.5333333333333333 0.026041666666666668 0.046296296296296294
4 0.5854166666666667 0.5342592592592592 0.026041666666666668 0.046296296296296294
3 0.7151041666666667 0.5342592592592592 0.026041666666666668 0.046296296296296294
4 0.3875 0.5425925925925926 0.026041666666666668 0.046296296296296294
4 0.39375 0.5425925925925926 0.026041666666666668 0.046296296296296294
4 0.5614583333333333 0.5407407407407407 0.026041666666666668 0.046296296296296294
4 0.6114583333333333 0.5509259259259259 0.026041666666666668 0.046296296296296294
4 0.3875 0.5592592592592592 0.026041666666666668 0.046296296296296294
4 0.4109375 0.562037037037037 0.026041666666666668 0.046296296296296294
3 0.7317708333333334 0.5657407407407408 0.026041666666666668 0.046296296296296294
4 0.6583333333333333 0.5731481481481482 0.026041666666666668 0.046296296296296294
4 0.6369791666666667 0.5842592592592593 0.026041666666666668 0.046296296296296294
3 0.6921875 0.6018518518518519 0.026041666666666668 0.046296296296296294
3 0.7098958333333333 0.6638888888888889 0.026041666666666668 0.046296296296296294
1 0.74375 0.6712962962962963 0.026041666666666668 0.046296296296296294
1 0.584375 0.7092592592592593 0.026041666666666668 0.046296296296296294
1 0.8848958333333333 0.7407407407407407 0.026041666666666668 0.046296296296296294
1 0.8885416666666667 0.7953703703703704 0.026041666666666668 0.046296296296296294
1 0.8255208333333334 0.8453703703703703 0.026041666666666668 0.046296296296296294
1 0.978125 0.8472222222222222 0.026041666666666668 0.046296296296296294
1 0.940625 0.8388888888888889 0.026041666666666668 0.046296296296296294
1 0.7557291666666667 0.8861111111111111 0.026041666666666668 0.046296296296296294
1 0.8239583333333333 0.925 0.026041666666666668 0.046296296296296294
1 0.8932291666666666 0.9175925925925926 0.026041666666666668 0.046296296296296294
1 0.9979166666666667 0.8592592592592593 0.026041666666666668 0.046296296296296294
1 0.9364583333333333 0.8925925925925926 0.026041666666666668 0.046296296296296294
1 0.5145833333333333 0.9444444444444444 0.026041666666666668 0.046296296296296294
3 0.7677083333333333 0.6351851851851852 0.026041666666666668 0.046296296296296294
3 0.7614583333333333 0.5722222222222222 0.026041666666666668 0.046296296296296294
3 0.7604166666666666 0.5148148148148148 0.026041666666666668 0.046296296296296294
