0 0.4630208333333333 0.12777777777777777 0.026041666666666668 0.046296296296296294
0 0.46979166666666666 0.1287037037037037 0.026041666666666668 0.046296296296296294
0 0.440625 0.13055555555555556 0.026041666666666668 0.046296296296296294
0 0.45364583333333336 0.1361111111111111 0.026041666666666668 0.046296296296296294
0 0.43645833333333334 0.15 0.026041666666666668 0.046296296296296294
0 0.43020833333333336 0.15 0.026041666666666668 0.046296296296296294
0 0.4322916666666667 0.16296296296296298 0.026041666666666668 0.046296296296296294
0 0.4328125 0.1814814814814815 0.026041666666666668 0.046296296296296294
0 0.49895833333333334 0.18425925925925926 0.026041666666666668 0.046296296296296294
0 0.5151041666666667 0.18518518518518517 0.026041666666666668 0.046296296296296294
0 0.48854166666666665 0.19074074074074074 0.026041666666666668 0.046296296296296294
0 0.5166666666666667 0.20092592592592592 0.026041666666666668 0.046296296296296294
0 0.45208333333333334 0.20462962962962963 0.026041666666666668 0.046296296296296294
0 0.4708333333333333 0.2037037037037037 0.026041666666666668 0.046296296296296294
0 0.42916666666666664 0.21481481481481482 0.026041666666666668 0.046296296296296294
0 0.45416666666666666 0.2212962962962963 0.026041666666666668 0.046296296296296294
0 0.465625 0.22037037037037038 0.026041666666666668 0.046296296296296294
0 0.4739583333333333 0.21944444444444444 0.026041666666666668 0.046296296296296294
0 0.47760416666666666 0.2222222222222222 0.026041666666666668 0.046296296296296294
0 0.428125 0.22777777777777777 0.026041666666666668 0.046296296296296294
0 0.5109375 0.22777777777777777 0.026041666666666668 0.046296296296296294
0 0.48333333333333334 0.2361111111111111 0.026041666666666668 0.046296296296296294
0 0.4942708333333333 0.23796296296296296 0.026041666666666668 0.046296296296296294
0 0.5119791666666667 0.24537037037037038 0.026041666666666668 0.046296296296296294
0 0.4125 0.2518518518518518 0.026041666666666668 0.046296296296296294
0 0.4197916666666667 0.2574074074074074 0.026041666666666668 0.046296296296296294
0 0.49114583333333334 0.2564814814814815 0.026041666666666668 0.046296296296296294
0 0.4984375 0.25462962962962965 0.026041666666666668 0.046296296296296294
0 0.42083333333333334 0.2722222222222222 0.026041666666666668 0.046296296296296294
0 0.4869791666666667 0.2712962962962963 0.026041666666666668 0.046296296296296294
0 0.5072916666666667 0.26944444444444443 0.026041666666666668 0.046296296296296294
0 0.5375 0.26481481481481484 0.026041666666666668 0.046296296296296294
0 0.6947916666666667 0.27037037037037037 0.026041666666666668 0.046296296296296294
0 0.453125 0.2796296296296296 0.026041666666666668 0.046296296296296294
0 0.49947916666666664 0.2777777777777778 0.026041666666666668 0.046296296296296294
0 0.5447916666666667 0.27685185185185185 0.026041666666666668 0.046296296296296294
0 0.5479166666666667 0.2777777777777778 0.026041666666666668 0.046296296296296294
0 0.503125 0.287962962962963 0.026041666666666668 0.046296296296296294
0 0.5411458333333333 0.29444444444444445 0.026041666666666668 0.046296296296296294
0 0.41875 0.3 0.026041666666666668 0.046296296296296294
0 0.4822916666666667 0.29907407407407405 0.026041666666666668 0.046296296296296294
0 0.5036458333333333 0.30185185185185187 0.026041666666666668 0.046296296296296294
0 0.4453125 0.3101851851851852 0.026041666666666668 0.046296296296296294
0 0.4197916666666667 0.31574074074074077 0.026041666666666668 0.046296296296296294
0 0.5067708333333333 0.31666666666666665 0.026041666666666668 0.046296296296296294
0 0.5453125 0.3175925925925926 0.026041666666666668 0.046296296296296294
0 0.6947916666666667 0.3138888888888889 0.026041666666666668 0.046296296296296294
0 0.4401041666666667 0.3277777777777778 0.026041666666666668 0.046296296296296294
0 0.5411458333333333 0.32685185185185184 0.026041666666666668 0.046296296296296294
0 0.45260416666666664 0.33055555555555555 0.026041666666666668 0.046296296296296294
4 0.5375 0.3425925925925926 0.026041666666666668 0.046296296296296294
4 0.3958333333333333 0.34629629629629627 0.026041666666666668 0.046296296296296294
4 0.4041666666666667 0.3472222222222222 0.026041666666666668 0.046296296296296294
4 0.4088541666666667 0.34814814814814815 0.026041666666666668 0.046296296296296294
4 0.41510416666666666 0.35 0.026041666666666668 0.046296296296296294
4 0.44479166666666664 0.3509259259259259 0.026041666666666668 0.046296296296296294
4 0.39947916666666666 0.3592592592592593 0.026041666666666668 0.046296296296296294
4 0.5078125 0.35833333333333334 0.026041666666666668 0.046296296296296294
4 0.38697916666666665 0.3638888888888889 0.026041666666666668 0.046296296296296294
4 0.4036458333333333 0.3638888888888889 0.026041666666666668 0.046296296296296294
4 0.41510416666666666 0.3638888888888889 0.026041666666666668 0.046296296296296294
4 0.46041666666666664 0.3638888888888889 0.026041666666666668 0.046296296296296294
4 0.5161458333333333 0.36574074074074076 0.026041666666666668 0.046296296296296294
4 0.440625 0.3712962962962963 0.026041666666666668 0.046296296296296294
4 0.4786458333333333 0.36944444444444446 0.026041666666666668 0.046296296296296294
4 0.4875 0.3712962962962963 0.026041666666666668 0.046296296296296294
4 0.39947916666666666 0.3814814814814815 0.026041666666666668 0.046296296296296294
4 0.40729166666666666 0.37777777777777777 0.026041666666666668 0.046296296296296294
4 0.49895833333333334 0.3787037037037037 0.026041666666666668 0.046296296296296294
4 0.5109375 0.38055555555555554 0.026041666666666668 0.046296296296296294
4 0.39114583333333336 0.387037037037037 0.026041666666666668 0.046296296296296294
4 0.415625 0.387037037037037 0.026041666666666668 0.046296296296296294
4 0.425 0.387037037037037 0.026041666666666668 0.046296296296296294
4 0.45416666666666666 0.39537037037037037 0.026041666666666668 0.046296296296296294
4 0.5119791666666667 0.3962962962962963 0.026041666666666668 0.046296296296296294
4 0.37864583333333335 0.40370370370370373 0.026041666666666668 0.046296296296296294
4 0.4276041666666667 0.40370370370370373 0.026041666666666668 0.046296296296296294
4 0.6510416666666666 0.40185185185185185 0.026041666666666668 0.046296296296296294
4 0.39479166666666665 0.40925925925925927 0.026041666666666668 0.046296296296296294
4 0.40729166666666666 0.4101851851851852 0.026041666666666668 0.046296296296296294
4 0.5078125 0.41759259259259257 0.026041666666666668 0.046296296296296294
2 0.17083333333333334 0.42685185185185187 0.026041666666666668 0.046296296296296294
4 0.45364583333333336 0.42592592592592593 0.026041666666666668 0.046296296296296294
4 0.6536458333333334 0.42685185185185187 0.026041666666666668 0.046296296296296294
3 0.6697916666666667 0.42314814814814816 0.026041666666666668 0.046296296296296294
4 0.3875 0.43425925925925923 0.026041666666666668 0.046296296296296294
4 0.3953125 0.43333333333333335 0.026041666666666668 0.046296296296296294
4 0.40260416666666665 0.43333333333333335 0.026041666666666668 0.046296296296296294
4 0.4109375 0.43425925925925923 0.026041666666666668 0.046296296296296294
4 0.5203125 0.4351851851851852 0.026041666666666668 0.046296296296296294
4 0.515625 0.4444444444444444 0.026041666666666668 0.046296296296296294
3 0.6703125 0.4388888888888889 0.026041666666666668 0.046296296296296294
3 0.7067708333333333 0.4388888888888889 0.026041666666666668 0.046296296296296294
4 0.4114583333333333 0.45 0.026041666666666668 0.046296296296296294
3 0.678125 0.44722222222222224 0.026041666666666668 0.046296296296296294
4 0.39114583333333336 0.4564814814814815 0.026041666666666668 0.046296296296296294
4 0.46041666666666664 0.45555555555555555 0.026041666666666668 0.046296296296296294
3 0.6895833333333333 0.46574074074074073 0.026041666666666668 0.046296296296296294
4 0.41302083333333334 0.47129629629629627 0.026041666666666668 0.046296296296296294
4 0.5145833333333333 0.4703703703703704 0.026041666666666668 0.046296296296296294
4 0.47760416666666666 0.47962962962962963 0.026041666666666668 0.046296296296296294
4 0.5026041666666666 0.4777777777777778 0.026041666666666668 0.046296296296296294
4 0.6630208333333333 0.48148148148148145 0.026041666666666668 0.046296296296296294
3 0.6786458333333333 0.4787037037037037 0.026041666666666668 0.046296296296296294
3 0.6885416666666667 0.4777777777777778 0.026041666666666668 0.046296296296296294
4 0.5364583333333334 0.4898148148148148 0.026041666666666668 0.046296296296296294
4 0.46041666666666664 0.49074074074074076 0.026041666666666668 0.046296296296296294
4 0.5239583333333333 0.4981481481481482 0.026041666666666668 0.046296296296296294
3 0.6911458333333333 0.49444444444444446 0.026041666666666668 0.046296296296296294
3 0.6994791666666667 0.49722222222222223 0.026041666666666668 0.046296296296296294
4 0.39895833333333336 0.5037037037037037 0.026041666666666668 0.046296296296296294
4 0.6276041666666666 0.5018518518518519 0.026041666666666668 0.046296296296296294
4 0.3885416666666667 0.5120370370370371 0.026041666666666668 0.046296296296296294
4 0.4901041666666667 0.5101851851851852 0.026041666666666668 0.046296296296296294
4 0.515625 0.5203703703703704 0.026041666666666668 0.046296296296296294
4 0.6270833333333333 0.5175925925925926 0.026041666666666668 0.046296296296296294
3 0.6703125 0.5212962962962963 0.026041666666666668 0.046296296296296294
3 0.7010416666666667 0.5194444444444445 0.026041666666666668 0.046296296296296294
4 0.5369791666666667 0.5342592592592592 0.026041666666666668 0.046296296296296294
4 0.5828125 0.5333333333333333 0.026041666666666668 0.046296296296296294
4 0.390625 0.5407407407407407 0.026041666666666668 0.046296296296296294
4 0.4192708333333333 0.5407407407407407 0.026041666666666668 0.046296296296296294
4 0.4401041666666667 0.5398148148148149 0.026041666666666668 0.046296296296296294
4 0.47552083333333334 0.5435185185185185 0.026041666666666668 0.046296296296296294
4 0.5546875 0.5388888888888889 0.026041666666666668 0.046296296296296294
3 0.7270833333333333 0.5407407407407407 0.026041666666666668 0.046296296296296294
4 0.38645833333333335 0.5611111111111111 0.026041666666666668 0.046296296296296294
4 0.41510416666666666 0.5601851851851852 0.026041666666666668 0.046296296296296294
3 0.7364583333333333 0.5583333333333333 0.026041666666666668 0.046296296296296294
4 0.5958333333333333 0.5675925925925925 0.026041666666666668 0.046296296296296294
3 0.7708333333333334 0.5879629629629629 0.026041666666666668 0.046296296296296294
4 0.646875 0.5953703703703703 0.026041666666666668 0.046296296296296294
3 0.7494791666666667 0.6203703703703703 0.026041666666666668 0.046296296296296294
3 0.6760416666666667 0.6666666666666666 0.026041666666666668 0.046296296296296294
1 0.8854166666666666 0.7453703703703703 0.026041666666666668 0.046296296296296294
1 0.23229166666666667 0.7537037037037037 0.026041666666666668 0.046296296296296294
1 0.88125 0.7972222222222223 0.026041666666666668 0.046296296296296294
1 0.9651041666666667 0.8092592592592592 0.026041666666666668 0.046296296296296294
1 0.8223958333333333 0.8351851851851851 0.026041666666666668 0.046296296296296294
1 0.9953125 0.8648148148148148 0.026041666666666668 0.046296296296296294
1 0.4354166666666667 0.8907407407407407 0.026041666666666668 0.046296296296296294
1 0.7546875 0.8944444444444445 0.026041666666666668 0.046296296296296294
1 0.6442708333333333 0.9111111111111111 0.026041666666666668 0.046296296296296294
1 0.9078125 0.9314814814814815 0.026041666666666668 0.046296296296296294
0 0.45729166666666665 0.3111111111111111 0.026041666666666668 0.046296296296296294
0 0.45 0.29814814814814816 0.026041666666666668 0.046296296296296294
0 0.4354166666666667 0.26666666666666666 0.026041666666666668 0.046296296296296294
4 0.6041666666666666 0.48148148148148145 0.026041666666666668 0.046296296296296294
4 0.60625 0.55 0.026041666666666668 0.046296296296296294
3 0.69375 0.6037037037037037 0.026041666666666668 0.046296296296296294
4 0.646875 0.3425925925925926 0.026041666666666668 0.046296296296296294
3 0.746875 0.5222222222222223 0.026041666666666668 0.046296296296296294
1 0.740625 0.6703703703703704 0.026041666666666668 0.046296296296296294
