0 0.4625 0.15648148148148147 0.026041666666666668 0.046296296296296294
0 0.44947916666666665 0.16018518518518518 0.026041666666666668 0.046296296296296294
0 0.484375 0.1638888888888889 0.026041666666666668 0.046296296296296294
0 0.43072916666666666 0.17407407407407408 0.026041666666666668 0.046296296296296294
0 0.5005208333333333 0.17314814814814813 0.026041666666666668 0.046296296296296294
0 0.4578125 0.18333333333333332 0.026041666666666668 0.046296296296296294
0 0.4869791666666667 0.18333333333333332 0.026041666666666668 0.046296296296296294
0 0.5005208333333333 0.18981481481481483 0.026041666666666668 0.046296296296296294
0 0.4322916666666667 0.21388888888888888 0.026041666666666668 0.046296296296296294
0 0.4401041666666667 0.21944444444444444 0.026041666666666668 0.046296296296296294
0 0.5072916666666667 0.21944444444444444 0.026041666666666668 0.046296296296296294
0 0.4192708333333333 0.22962962962962963 0.026041666666666668 0.046296296296296294
0 0.44583333333333336 0.2361111111111111 0.026041666666666668 0.046296296296296294
0 0.5161458333333333 0.23981481481481481 0.026041666666666668 0.046296296296296294
0 0.428125 0.24444444444444444 0.026041666666666668 0.046296296296296294
0 0.4953125 0.24814814814814815 0.026041666666666668 0.046296296296296294
0 0.4609375 0.2518518518518518 0.026041666666666668 0.046296296296296294
0 0.4734375 0.27037037037037037 0.026041666666666668 0.046296296296296294
0 0.45729166666666665 0.2759259259259259 0.026041666666666668 0.046296296296296294
0 0.5036458333333333 0.27870370370370373 0.026041666666666668 0.046296296296296294
0 0.5166666666666667 0.2796296296296296 0.026041666666666668 0.046296296296296294
0 0.5244791666666667 0.2796296296296296 0.026041666666666668 0.046296296296296294
0 0.5421875 0.27685185185185185 0.026041666666666668 0.046296296296296294
0 0.44114583333333335 0.2851851851851852 0.026041666666666668 0.046296296296296294
0 0.49583333333333335 0.28425925925925927 0.026041666666666668 0.046296296296296294
0 0.5354166666666667 0.2851851851851852 0.026041666666666668 0.046296296296296294
0 0.415625 0.28888888888888886 0.026041666666666668 0.046296296296296294
0 0.46145833333333336 0.29074074074074074 0.026041666666666668 0.046296296296296294
0 0.5197916666666667 0.2962962962962963 0.026041666666666668 0.046296296296296294
0 0.690625 0.2935185185185185 0.026041666666666668 0.046296296296296294
0 0.4354166666666667 0.30277777777777776 0.026041666666666668 0.046296296296296294
0 0.47291666666666665 0.3 0.026041666666666668 0.046296296296296294
0 0.4901041666666667 0.29907407407407405 0.026041666666666668 0.046296296296296294
0 0.5078125 0.30092592592592593 0.026041666666666668 0.046296296296296294
0 0.5208333333333334 0.30277777777777776 0.026041666666666668 0.046296296296296294
0 0.478125 0.30833333333333335 0.026041666666666668 0.046296296296296294
0 0.5119791666666667 0.3111111111111111 0.026041666666666668 0.046296296296296294
0 0.49583333333333335 0.31666666666666665 0.026041666666666668 0.046296296296296294
0 0.70625 0.31296296296296294 0.026041666666666668 0.046296296296296294
0 0.5036458333333333 0.33240740740740743 0.026041666666666668 0.046296296296296294
4 0.5114583333333333 0.34074074074074073 0.026041666666666668 0.046296296296296294
4 0.49635416666666665 0.3472222222222222 0.026041666666666668 0.046296296296296294
4 0.39114583333333336 0.3537037037037037 0.026041666666666668 0.046296296296296294
4 0.44479166666666664 0.35555555555555557 0.026041666666666668 0.046296296296296294
4 0.3958333333333333 0.3648148148148148 0.026041666666666668 0.046296296296296294
4 0.49895833333333334 0.3648148148148148 0.026041666666666668 0.046296296296296294
4 0.37916666666666665 0.37222222222222223 0.026041666666666668 0.046296296296296294
4 0.515625 0.37037037037037035 0.026041666666666668 0.046296296296296294
4 0.5286458333333334 0.3861111111111111 0.026041666666666668 0.046296296296296294
4 0.4947916666666667 0.39351851851851855 0.026041666666666668 0.046296296296296294
4 0.5322916666666667 0.39444444444444443 0.026041666666666668 0.046296296296296294
4 0.6578125 0.3962962962962963 0.026041666666666668 0.046296296296296294
2 0.17864583333333334 0.4046296296296296 0.026041666666666668 0.046296296296296294
2 0.21458333333333332 0.40185185185185185 0.026041666666666668 0.046296296296296294
4 0.5145833333333333 0.4 0.026041666666666668 0.046296296296296294
2 0.20885416666666667 0.40925925925925927 0.026041666666666668 0.046296296296296294
4 0.5265625 0.4083333333333333 0.026041666666666668 0.046296296296296294
4 0.6510416666666666 0.4083333333333333 0.026041666666666668 0.046296296296296294
3 0.6984375 0.4064814814814815 0.026041666666666668 0.046296296296296294
2 0.175 0.4166666666666667 0.026041666666666668 0.046296296296296294
2 0.18229166666666666 0.41759259259259257 0.026041666666666668 0.046296296296296294
2 0.2 0.4185185185185185 0.026041666666666668 0.046296296296296294
4 0.44635416666666666 0.4166666666666667 0.026041666666666668 0.046296296296296294
4 0.6619791666666667 0.4166666666666667 0.026041666666666668 0.046296296296296294
4 0.3802083333333333 0.42685185185185187 0.026041666666666668 0.046296296296296294
4 0.4546875 0.425 0.026041666666666668 0.046296296296296294
3 0.6713541666666667 0.42407407407407405 0.026041666666666668 0.046296296296296294
3 0.6729166666666667 0.425 0.026041666666666668 0.046296296296296294
3 0.6796875 0.44074074074074077 0.026041666666666668 0.046296296296296294
2 0.19010416666666666 0.44907407407407407 0.026041666666666668 0.046296296296296294
4 0.4703125 0.44814814814814813 0.026041666666666668 0.046296296296296294
4 0.6567708333333333 0.44722222222222224 0.026041666666666668 0.046296296296296294
4 0.3885416666666667 0.4546296296296296 0.026041666666666668 0.046296296296296294
4 0.49947916666666664 0.4583333333333333 0.026041666666666668 0.046296296296296294
4 0.5119791666666667 0.45555555555555555 0.026041666666666668 0.046296296296296294
3 0.6708333333333333 0.4583333333333333 0.026041666666666668 0.046296296296296294
4 0.5203125 0.4638888888888889 0.026041666666666668 0.046296296296296294
4 0.6661458333333333 0.46574074074074073 0.026041666666666668 0.046296296296296294
4 0.4239583333333333 0.4638888888888889 0.026041666666666668 0.046296296296296294
4 0.5041666666666667 0.48055555555555557 0.026041666666666668 0.046296296296296294
4 0.6286458333333333 0.47962962962962963 0.026041666666666668 0.046296296296296294
4 0.3880208333333333 0.487962962962963 0.026041666666666668 0.046296296296296294
4 0.4703125 0.4824074074074074 0.026041666666666668 0.046296296296296294
4 0.6489583333333333 0.48703703703703705 0.026041666666666668 0.046296296296296294
3 0.6697916666666667 0.487962962962963 0.026041666666666668 0.046296296296296294
4 0.41458333333333336 0.49907407407407406 0.026041666666666668 0.046296296296296294
3 0.6708333333333333 0.5046296296296297 0.026041666666666668 0.046296296296296294
3 0.6911458333333333 0.5027777777777778 0.026041666666666668 0.046296296296296294
4 0.41510416666666666 0.5101851851851852 0.026041666666666668 0.046296296296296294
4 0.47291666666666665 0.5027777777777778 0.026041666666666668 0.046296296296296294
3 0.7083333333333334 0.5120370370370371 0.026041666666666668 0.046296296296296294
4 0.5171875 0.5203703703703704 0.026041666666666668 0.046296296296296294
4 0.4979166666666667 0.525 0.026041666666666668 0.046296296296296294
4 0.6239583333333333 0.524074074074074 0.026041666666666668 0.046296296296296294
3 0.7010416666666667 0.5277777777777778 0.026041666666666668 0.046296296296296294
3 0.7213541666666666 0.5305555555555556 0.026041666666666668 0.046296296296296294
4 0.43020833333333336 0.5398148148148149 0.026041666666666668 0.046296296296296294
4 0.5848958333333333 0.5444444444444444 0.026041666666666668 0.046296296296296294
4 0.4421875 0.5564814814814815 0.026041666666666668 0.046296296296296294
4 0.525 0.5564814814814815 0.026041666666666668 0.046296296296296294
4 0.6328125 0.5555555555555556 0.026041666666666668 0.046296296296296294
3 0.7348958333333333 0.5583333333333333 0.026041666666666668 0.046296296296296294
4 0.5692708333333333 0.5648148148148148 0.026041666666666668 0.046296296296296294
3 0.753125 0.5638888888888889 0.026041666666666668 0.046296296296296294
4 0.5942708333333333 0.5712962962962963 0.026041666666666668 0.046296296296296294
3 0.7015625 0.5740740740740741 0.026041666666666668 0.046296296296296294
4 0.45989583333333334 0.5796296296296296 0.026041666666666668 0.046296296296296294
3 0.740625 0.587037037037037 0.026041666666666668 0.046296296296296294
4 0.42083333333333334 0.6055555555555555 0.026041666666666668 0.046296296296296294
4 0.653125 0.6 0.026041666666666668 0.046296296296296294
4 0.4005208333333333 0.6138888888888889 0.026041666666666668 0.046296296296296294
4 0.49583333333333335 0.6296296296296297 0.026041666666666668 0.046296296296296294
4 0.3875 0.6324074074074074 0.026041666666666668 0.046296296296296294
4 0.4921875 0.6435185185185185 0.026041666666666668 0.046296296296296294
4 0.5390625 0.6537037037037037 0.026041666666666668 0.046296296296296294
2 0.184375 0.65 0.026041666666666668 0.046296296296296294
4 0.5697916666666667 0.6601851851851852 0.026041666666666668 0.046296296296296294
3 0.7458333333333333 0.6574074074074074 0.026041666666666668 0.046296296296296294
4 0.5869791666666667 0.6666666666666666 0.026041666666666668 0.046296296296296294
4 0.6260416666666667 0.6583333333333333 0.026041666666666668 0.046296296296296294
1 0.6786458333333333 0.6675925925925926 0.026041666666666668 0.046296296296296294
1 0.5494791666666666 0.6907407407407408 0.026041666666666668 0.046296296296296294
1 0.7375 0.7074074074074074 0.026041666666666668 0.046296296296296294
1 0.21666666666666667 0.7092592592592593 0.026041666666666668 0.046296296296296294
1 0.5958333333333333 0.7194444444444444 0.026041666666666668 0.046296296296296294
1 0.14270833333333333 0.7333333333333333 0.026041666666666668 0.046296296296296294
1 0.20260416666666667 0.7537037037037037 0.026041666666666668 0.046296296296296294
1 0.8901041666666667 0.7462962962962963 0.026041666666666668 0.046296296296296294
1 0.44166666666666665 0.7777777777777778 0.026041666666666668 0.046296296296296294
1 0.6640625 0.7833333333333333 0.026041666666666668 0.046296296296296294
1 0.5786458333333333 0.799074074074074 0.026041666666666668 0.046296296296296294
1 0.6416666666666667 0.8055555555555556 0.026041666666666668 0.046296296296296294
1 0.7661458333333333 0.812962962962963 0.026041666666666668 0.046296296296296294
1 0.8 0.8518518518518519 0.026041666666666668 0.046296296296296294
1 0.15833333333333333 0.862037037037037 0.026041666666666668 0.046296296296296294
1 0.825 0.8675925925925926 0.026041666666666668 0.046296296296296294
1 0.6015625 0.9009259259259259 0.026041666666666668 0.046296296296296294
1 0.9151041666666667 0.9166666666666666 0.026041666666666668 0.046296296296296294
1 0.17760416666666667 0.9268518518518518 0.026041666666666668 0.046296296296296294
1 0.2984375 0.9453703703703704 0.026041666666666668 0.046296296296296294
1 0.5291666666666667 0.9407407407407408 0.026041666666666668 0.046296296296296294
1 0.9671875 0.9472222222222222 0.026041666666666668 0.046296296296296294
1 0.9416666666666667 0.9703703703703703 0.026041666666666668 0.046296296296296294
1 0.11145833333333334 0.924074074074074 0.026041666666666668 0.046296296296296294
1 0.06666666666666667 0.9592592592592593 0.026041666666666668 0.046296296296296294
2 0.22291666666666668 0.45740740740740743 0.026041666666666668 0.046296296296296294
1 0.38645833333333335 0.8888888888888888 0.026041666666666668 0.046296296296296294
1 0.4354166666666667 0.7055555555555556 0.026041666666666668 0.046296296296296294
4 0.446875 0.6537037037037037 0.026041666666666668 0.046296296296296294
1 0.5479166666666667 0.8037037037037037 0.026041666666666668 0.046296296296296294
1 0.534375 0.6796296296296296 0.026041666666666668 0.046296296296296294
1 0.8291666666666667 0.9388888888888889 0.026041666666666668 0.046296296296296294
1 0.8947916666666667 0.8074074074074075 0.026041666666666668 0.046296296296296294
1 0.95625 0.7462962962962963 0.026041666666666668 0.046296296296296294
1 0.96875 0.85 0.026041666666666668 0.046296296296296294
4 0.5083333333333333 0.5740740740740741 0.026041666666666668 0.046296296296296294
4 0.38229166666666664 0.5111111111111111 0.026041666666666668 0.046296296296296294
1 0.7020833333333333 0.7425925925925926 0.026041666666666668 0.046296296296296294
1 0.6395833333333333 0.8814814814814815 0.026041666666666668 0.046296296296296294
3 0.734375 0.6277777777777778 0.026041666666666668 0.046296296296296294
1 0.78125 0.6796296296296296 0.026041666666666668 0.046296296296296294
3 0.7625 0.587037037037037 0.026041666666666668 0.046296296296296294
1 0.6989583333333333 0.6722222222222223 0.026041666666666668 0.046296296296296294
