0 0.4708333333333333 0.09444444444444444 0.026041666666666668 0.046296296296296294
0 0.4791666666666667 0.09722222222222222 0.026041666666666668 0.046296296296296294
0 0.4828125 0.10555555555555556 0.026041666666666668 0.046296296296296294
0 0.4708333333333333 0.11481481481481481 0.026041666666666668 0.046296296296296294
0 0.478125 0.12222222222222222 0.026041666666666668 0.046296296296296294
0 0.4875 0.11851851851851852 0.026041666666666668 0.046296296296296294
0 0.4703125 0.13055555555555556 0.026041666666666668 0.046296296296296294
0 0.45416666666666666 0.13055555555555556 0.026041666666666668 0.046296296296296294
0 0.4630208333333333 0.14444444444444443 0.026041666666666668 0.046296296296296294
0 0.4703125 0.1425925925925926 0.026041666666666668 0.046296296296296294
0 0.4635416666666667 0.15185185185185185 0.026041666666666668 0.046296296296296294
0 0.484375 0.15925925925925927 0.026041666666666668 0.046296296296296294
0 0.42916666666666664 0.1824074074074074 0.026041666666666668 0.046296296296296294
0 0.5140625 0.1824074074074074 0.026041666666666668 0.046296296296296294
0 0.4588541666666667 0.20092592592592592 0.026041666666666668 0.046296296296296294
0 0.4822916666666667 0.2175925925925926 0.026041666666666668 0.046296296296296294
0 0.5026041666666666 0.21388888888888888 0.026041666666666668 0.046296296296296294
0 0.45729166666666665 0.22037037037037038 0.026041666666666668 0.046296296296296294
0 0.44895833333333335 0.23148148148148148 0.026041666666666668 0.046296296296296294
0 0.4739583333333333 0.23425925925925925 0.026041666666666668 0.046296296296296294
0 0.5161458333333333 0.2324074074074074 0.026041666666666668 0.046296296296296294
0 0.4203125 0.2351851851851852 0.026041666666666668 0.046296296296296294
0 0.4317708333333333 0.2351851851851852 0.026041666666666668 0.046296296296296294
0 0.46197916666666666 0.2361111111111111 0.026041666666666668 0.046296296296296294
0 0.5036458333333333 0.2361111111111111 0.026041666666666668 0.046296296296296294
0 0.44166666666666665 0.24537037037037038 0.026041666666666668 0.046296296296296294
0 0.49375 0.24537037037037038 0.026041666666666668 0.046296296296296294
0 0.5114583333333333 0.25 0.026041666666666668 0.046296296296296294
0 0.478125 0.25462962962962965 0.026041666666666668 0.046296296296296294
0 0.4901041666666667 0.25555555555555554 0.026041666666666668 0.046296296296296294
0 0.42864583333333334 0.25925925925925924 0.026041666666666668 0.046296296296296294
0 0.5046875 0.262037037037037 0.026041666666666668 0.046296296296296294
0 0.5114583333333333 0.2611111111111111 0.026041666666666668 0.046296296296296294
0 0.7041666666666667 0.25925925925925924 0.026041666666666668 0.046296296296296294
0 0.4671875 0.27037037037037037 0.026041666666666668 0.046296296296296294
0 0.49166666666666664 0.2712962962962963 0.026041666666666668 0.046296296296296294
0 0.5463541666666667 0.2777777777777778 0.026041666666666668 0.046296296296296294
0 0.503125 0.2851851851851852 0.026041666666666668 0.046296296296296294
0 0.5197916666666667 0.30277777777777776 0.026041666666666668 0.046296296296296294
0 0.5505208333333333 0.30092592592592593 0.026041666666666668 0.046296296296296294
0 0.4734375 0.30833333333333335 0.026041666666666668 0.046296296296296294
0 0.48541666666666666 0.3101851851851852 0.026041666666666668 0.046296296296296294
0 0.5114583333333333 0.30833333333333335 0.026041666666666668 0.046296296296296294
0 0.44114583333333335 0.31666666666666665 0.026041666666666668 0.046296296296296294
0 0.5067708333333333 0.31574074074074077 0.026041666666666668 0.046296296296296294
0 0.45 0.325 0.026041666666666668 0.046296296296296294
0 0.4864583333333333 0.32222222222222224 0.026041666666666668 0.046296296296296294
0 0.49895833333333334 0.32407407407407407 0.026041666666666668 0.046296296296296294
0 0.46145833333333336 0.3314814814814815 0.026041666666666668 0.046296296296296294
0 0.5125 0.3296296296296296 0.026041666666666668 0.046296296296296294
4 0.44479166666666664 0.3398148148148148 0.026041666666666668 0.046296296296296294
4 0.4203125 0.34814814814814815 0.026041666666666668 0.046296296296296294
4 0.45677083333333335 0.3490740740740741 0.026041666666666668 0.046296296296296294
4 0.39427083333333335 0.3537037037037037 0.026041666666666668 0.046296296296296294
4 0.42864583333333334 0.35555555555555557 0.026041666666666668 0.046296296296296294
4 0.5114583333333333 0.35555555555555557 0.026041666666666668 0.046296296296296294
3 0.6739583333333333 0.3537037037037037 0.026041666666666668 0.046296296296296294
4 0.39895833333333336 0.3648148148148148 0.026041666666666668 0.046296296296296294
4 0.3828125 0.37222222222222223 0.026041666666666668 0.046296296296296294
3 0.740625 0.36944444444444446 0.026041666666666668 0.046296296296296294
2 0.16770833333333332 0.37962962962962965 0.026041666666666668 0.046296296296296294
4 0.46145833333333336 0.37592592592592594 0.026041666666666668 0.046296296296296294
4 0.37864583333333335 0.39537037037037037 0.026041666666666668 0.046296296296296294
4 0.390625 0.39537037037037037 0.026041666666666668 0.046296296296296294
4 0.51875 0.3972222222222222 0.026041666666666668 0.046296296296296294
2 0.1984375 0.3990740740740741 0.026041666666666668 0.046296296296296294
2 0.2125 0.4101851851851852 0.026041666666666668 0.046296296296296294
4 0.6572916666666667 0.4111111111111111 0.026041666666666668 0.046296296296296294
4 0.38645833333333335 0.41944444444444445 0.026041666666666668 0.046296296296296294
2 0.17916666666666667 0.43425925925925923 0.026041666666666668 0.046296296296296294
4 0.375 0.4324074074074074 0.026041666666666668 0.046296296296296294
4 0.3859375 0.4324074074074074 0.026041666666666668 0.046296296296296294
4 0.440625 0.43425925925925923 0.026041666666666668 0.046296296296296294
4 0.5041666666666667 0.43148148148148147 0.026041666666666668 0.046296296296296294
4 0.6494791666666667 0.43148148148148147 0.026041666666666668 0.046296296296296294
4 0.4197916666666667 0.44166666666666665 0.026041666666666668 0.046296296296296294
3 0.7067708333333333 0.4388888888888889 0.026041666666666668 0.046296296296296294
4 0.5088541666666667 0.44814814814814813 0.026041666666666668 0.046296296296296294
4 0.5291666666666667 0.44722222222222224 0.026041666666666668 0.046296296296296294
4 0.6598958333333333 0.44537037037037036 0.026041666666666668 0.046296296296296294
3 0.6854166666666667 0.44722222222222224 0.026041666666666668 0.046296296296296294
4 0.43697916666666664 0.4583333333333333 0.026041666666666668 0.046296296296296294
4 0.4583333333333333 0.45555555555555555 0.026041666666666668 0.046296296296296294
4 0.46927083333333336 0.45555555555555555 0.026041666666666668 0.046296296296296294
4 0.515625 0.4546296296296296 0.026041666666666668 0.046296296296296294
3 0.6692708333333334 0.4601851851851852 0.026041666666666668 0.046296296296296294
4 0.375 0.4722222222222222 0.026041666666666668 0.046296296296296294
4 0.40260416666666665 0.4703703703703704 0.026041666666666668 0.046296296296296294
4 0.4588541666666667 0.4703703703703704 0.026041666666666668 0.046296296296296294
4 0.515625 0.4703703703703704 0.026041666666666668 0.046296296296296294
3 0.6859375 0.4722222222222222 0.026041666666666668 0.046296296296296294
4 0.6197916666666666 0.4777777777777778 0.026041666666666668 0.046296296296296294
4 0.4739583333333333 0.4898148148148148 0.026041666666666668 0.046296296296296294
3 0.6869791666666667 0.48518518518518516 0.026041666666666668 0.046296296296296294
4 0.390625 0.49537037037037035 0.026041666666666668 0.046296296296296294
4 0.515625 0.4925925925925926 0.026041666666666668 0.046296296296296294
4 0.6052083333333333 0.49537037037037035 0.026041666666666668 0.046296296296296294
4 0.453125 0.5101851851851852 0.026041666666666668 0.046296296296296294
4 0.48541666666666666 0.5083333333333333 0.026041666666666668 0.046296296296296294
4 0.5239583333333333 0.5092592592592593 0.026041666666666668 0.046296296296296294
3 0.6984375 0.5111111111111111 0.026041666666666668 0.046296296296296294
4 0.49947916666666664 0.5203703703703704 0.026041666666666668 0.046296296296296294
4 0.6359375 0.5194444444444445 0.026041666666666668 0.046296296296296294
4 0.4864583333333333 0.5314814814814814 0.026041666666666668 0.046296296296296294
4 0.5359375 0.5333333333333333 0.026041666666666668 0.046296296296296294
3 0.6744791666666666 0.5416666666666666 0.026041666666666668 0.046296296296296294
3 0.728125 0.5398148148148149 0.026041666666666668 0.046296296296296294
4 0.6239583333333333 0.549074074074074 0.026041666666666668 0.046296296296296294
4 0.5984375 0.5564814814814815 0.026041666666666668 0.046296296296296294
3 0.7369791666666666 0.5574074074074075 0.026041666666666668 0.046296296296296294
4 0.5515625 0.5638888888888889 0.026041666666666668 0.046296296296296294
4 0.5692708333333333 0.5583333333333333 0.026041666666666668 0.046296296296296294
4 0.6546875 0.5981481481481481 0.026041666666666668 0.046296296296296294
3 0.7364583333333333 0.5935185185185186 0.026041666666666668 0.046296296296296294
3 0.7526041666666666 0.6203703703703703 0.026041666666666668 0.046296296296296294
1 0.6109375 0.6694444444444444 0.026041666666666668 0.046296296296296294
1 0.7010416666666667 0.6731481481481482 0.026041666666666668 0.046296296296296294
1 0.7703125 0.6722222222222223 0.026041666666666668 0.046296296296296294
1 0.4890625 0.6768518518518518 0.026041666666666668 0.046296296296296294
1 0.45989583333333334 0.6833333333333333 0.026041666666666668 0.046296296296296294
1 0.7541666666666667 0.6990740740740741 0.026041666666666668 0.046296296296296294
1 0.5473958333333333 0.7046296296296296 0.026041666666666668 0.046296296296296294
1 0.8833333333333333 0.7398148148148148 0.026041666666666668 0.046296296296296294
1 0.8630208333333333 0.8 0.026041666666666668 0.046296296296296294
1 0.765625 0.8407407407407408 0.026041666666666668 0.046296296296296294
1 0.978125 0.8490740740740741 0.026041666666666668 0.046296296296296294
1 0.8208333333333333 0.8657407407407407 0.026041666666666668 0.046296296296296294
1 0.5890625 0.8787037037037037 0.026041666666666668 0.046296296296296294
1 0.684375 0.8796296296296297 0.026041666666666668 0.046296296296296294
1 0.6229166666666667 0.9055555555555556 0.026041666666666668 0.046296296296296294
1 0.9630208333333333 0.9472222222222222 0.026041666666666668 0.046296296296296294
1 0.99375 0.8518518518518519 0.026041666666666668 0.046296296296296294
1 0.8208333333333333 0.8333333333333334 0.026041666666666668 0.046296296296296294
2 0.21354166666666666 0.5259259259259259 0.026041666666666668 0.046296296296296294
3 0.7625 0.5740740740740741 0.026041666666666668 0.046296296296296294
3 0.7125 0.6425925925925926 0.026041666666666668 0.046296296296296294
4 0.6395833333333333 0.5981481481481481 0.026041666666666668 0.046296296296296294
3 0.7489583333333333 0.5648148148148148 0.026041666666666668 0.046296296296296294
