0 0.4822916666666667 0.12037037037037036 0.026041666666666668 0.046296296296296294
0 0.49375 0.12314814814814815 0.026041666666666668 0.046296296296296294
0 0.4713541666666667 0.12962962962962962 0.026041666666666668 0.046296296296296294
0 0.478125 0.13055555555555556 0.026041666666666668 0.046296296296296294
0 0.4942708333333333 0.1287037037037037 0.026041666666666668 0.046296296296296294
0 0.46145833333333336 0.13518518518518519 0.026041666666666668 0.046296296296296294
0 0.4869791666666667 0.1388888888888889 0.026041666666666668 0.046296296296296294
0 0.4947916666666667 0.13703703703703704 0.026041666666666668 0.046296296296296294
0 0.47552083333333334 0.1425925925925926 0.026041666666666668 0.046296296296296294
0 0.46197916666666666 0.15462962962962962 0.026041666666666668 0.046296296296296294
0 0.44947916666666665 0.15833333333333333 0.026041666666666668 0.046296296296296294
0 0.48541666666666666 0.1675925925925926 0.026041666666666668 0.046296296296296294
0 0.49114583333333334 0.16666666666666666 0.026041666666666668 0.046296296296296294
0 0.43125 0.17592592592592593 0.026041666666666668 0.046296296296296294
0 0.5036458333333333 0.17685185185185184 0.026041666666666668 0.046296296296296294
0 0.4583333333333333 0.1824074074074074 0.026041666666666668 0.046296296296296294
0 0.4973958333333333 0.18333333333333332 0.026041666666666668 0.046296296296296294
0 0.4328125 0.1925925925925926 0.026041666666666668 0.046296296296296294
0 0.4270833333333333 0.21574074074074073 0.026041666666666668 0.046296296296296294
0 0.4703125 0.21296296296296297 0.026041666666666668 0.046296296296296294
0 0.4864583333333333 0.2222222222222222 0.026041666666666668 0.046296296296296294
0 0.44895833333333335 0.22962962962962963 0.026041666666666668 0.046296296296296294
0 0.5015625 0.22962962962962963 0.026041666666666668 0.046296296296296294
0 0.46927083333333336 0.2388888888888889 0.026041666666666668 0.046296296296296294
0 0.428125 0.24537037037037038 0.026041666666666668 0.046296296296296294
0 0.5145833333333333 0.2462962962962963 0.026041666666666668 0.046296296296296294
0 0.46875 0.2518518518518518 0.026041666666666668 0.046296296296296294
0 0.4859375 0.2638888888888889 0.026041666666666668 0.046296296296296294
0 0.4661458333333333 0.26944444444444443 0.026041666666666668 0.046296296296296294
0 0.5020833333333333 0.275 0.026041666666666668 0.046296296296296294
0 0.5239583333333333 0.2777777777777778 0.026041666666666668 0.046296296296296294
0 0.5421875 0.275 0.026041666666666668 0.046296296296296294
0 0.44114583333333335 0.2833333333333333 0.026041666666666668 0.046296296296296294
0 0.4734375 0.2851851851851852 0.026041666666666668 0.046296296296296294
0 0.4161458333333333 0.2898148148148148 0.026041666666666668 0.046296296296296294
0 0.6911458333333333 0.2935185185185185 0.026041666666666668 0.046296296296296294
0 0.4359375 0.30092592592592593 0.026041666666666668 0.046296296296296294
0 0.4395833333333333 0.29814814814814816 0.026041666666666668 0.046296296296296294
0 0.46197916666666666 0.30277777777777776 0.026041666666666668 0.046296296296296294
0 0.5026041666666666 0.3 0.026041666666666668 0.046296296296296294
0 0.5140625 0.30185185185185187 0.026041666666666668 0.046296296296296294
0 0.4744791666666667 0.3074074074074074 0.026041666666666668 0.046296296296296294
0 0.4953125 0.30925925925925923 0.026041666666666668 0.046296296296296294
0 0.4484375 0.31296296296296294 0.026041666666666668 0.046296296296296294
0 0.70625 0.3138888888888889 0.026041666666666668 0.046296296296296294
0 0.48385416666666664 0.325 0.026041666666666668 0.046296296296296294
0 0.44947916666666665 0.3296296296296296 0.026041666666666668 0.046296296296296294
0 0.45625 0.33055555555555555 0.026041666666666668 0.046296296296296294
4 0.5041666666666667 0.3333333333333333 0.026041666666666668 0.046296296296296294
4 0.38333333333333336 0.3527777777777778 0.026041666666666668 0.046296296296296294
4 0.44375 0.3574074074074074 0.026041666666666668 0.046296296296296294
4 0.3958333333333333 0.37222222222222223 0.026041666666666668 0.046296296296296294
4 0.5072916666666667 0.37222222222222223 0.026041666666666668 0.046296296296296294
4 0.375 0.3814814814814815 0.026041666666666668 0.046296296296296294
2 0.215625 0.39351851851851855 0.026041666666666668 0.046296296296296294
4 0.4895833333333333 0.39351851851851855 0.026041666666666668 0.046296296296296294
4 0.5119791666666667 0.39351851851851855 0.026041666666666668 0.046296296296296294
4 0.5317708333333333 0.3925925925925926 0.026041666666666668 0.046296296296296294
2 0.20833333333333334 0.40370370370370373 0.026041666666666668 0.046296296296296294
4 0.6625 0.4 0.026041666666666668 0.046296296296296294
2 0.1953125 0.4101851851851852 0.026041666666666668 0.046296296296296294
4 0.5244791666666667 0.412962962962963 0.026041666666666668 0.046296296296296294
3 0.7015625 0.4064814814814815 0.026041666666666668 0.046296296296296294
2 0.16979166666666667 0.4166666666666667 0.026041666666666668 0.046296296296296294
2 0.18177083333333333 0.41574074074074074 0.026041666666666668 0.046296296296296294
4 0.38229166666666664 0.4185185185185185 0.026041666666666668 0.046296296296296294
4 0.6567708333333333 0.41574074074074074 0.026041666666666668 0.046296296296296294
4 0.4953125 0.42592592592592593 0.026041666666666668 0.046296296296296294
4 0.6536458333333334 0.4287037037037037 0.026041666666666668 0.046296296296296294
3 0.6703125 0.42592592592592593 0.026041666666666668 0.046296296296296294
4 0.6661458333333333 0.43333333333333335 0.026041666666666668 0.046296296296296294
4 0.48333333333333334 0.4425925925925926 0.026041666666666668 0.046296296296296294
4 0.38333333333333336 0.45 0.026041666666666668 0.046296296296296294
4 0.41822916666666665 0.4351851851851852 0.026041666666666668 0.046296296296296294
4 0.4578125 0.45 0.026041666666666668 0.046296296296296294
4 0.6536458333333334 0.45 0.026041666666666668 0.046296296296296294
4 0.5125 0.4564814814814815 0.026041666666666668 0.046296296296296294
4 0.478125 0.4638888888888889 0.026041666666666668 0.046296296296296294
4 0.5192708333333333 0.4648148148148148 0.026041666666666668 0.046296296296296294
3 0.6708333333333333 0.46574074074074073 0.026041666666666668 0.046296296296296294
4 0.5052083333333334 0.4787037037037037 0.026041666666666668 0.046296296296296294
4 0.6526041666666667 0.48518518518518516 0.026041666666666668 0.046296296296296294
3 0.6744791666666666 0.4962962962962963 0.026041666666666668 0.046296296296296294
4 0.41822916666666665 0.5037037037037037 0.026041666666666668 0.046296296296296294
4 0.4578125 0.5018518518518519 0.026041666666666668 0.046296296296296294
4 0.6286458333333333 0.5037037037037037 0.026041666666666668 0.046296296296296294
3 0.6671875 0.5064814814814815 0.026041666666666668 0.046296296296296294
4 0.640625 0.5148148148148148 0.026041666666666668 0.046296296296296294
3 0.7078125 0.5111111111111111 0.026041666666666668 0.046296296296296294
4 0.5130208333333334 0.5175925925925926 0.026041666666666668 0.046296296296296294
4 0.38697916666666665 0.525 0.026041666666666668 0.046296296296296294
4 0.44166666666666665 0.5268518518518519 0.026041666666666668 0.046296296296296294
4 0.5078125 0.5277777777777778 0.026041666666666668 0.046296296296296294
4 0.6239583333333333 0.5268518518518519 0.026041666666666668 0.046296296296296294
3 0.6713541666666667 0.5268518518518519 0.026041666666666668 0.046296296296296294
4 0.4328125 0.5351851851851852 0.026041666666666668 0.046296296296296294
4 0.4708333333333333 0.5324074074074074 0.026041666666666668 0.046296296296296294
3 0.728125 0.5296296296296297 0.026041666666666668 0.046296296296296294
4 0.5984375 0.5481481481481482 0.026041666666666668 0.046296296296296294
4 0.61875 0.55 0.026041666666666668 0.046296296296296294
2 0.21302083333333333 0.5546296296296296 0.026041666666666668 0.046296296296296294
4 0.44947916666666665 0.5574074074074075 0.026041666666666668 0.046296296296296294
4 0.525 0.5574074074074075 0.026041666666666668 0.046296296296296294
4 0.58125 0.5546296296296296 0.026041666666666668 0.046296296296296294
3 0.7348958333333333 0.5583333333333333 0.026041666666666668 0.046296296296296294
4 0.37916666666666665 0.5861111111111111 0.026041666666666668 0.046296296296296294
4 0.5526041666666667 0.5796296296296296 0.026041666666666668 0.046296296296296294
4 0.40260416666666665 0.5842592592592593 0.026041666666666668 0.046296296296296294
4 0.653125 0.5898148148148148 0.026041666666666668 0.046296296296296294
3 0.7364583333333333 0.587037037037037 0.026041666666666668 0.046296296296296294
4 0.4197916666666667 0.5935185185185186 0.026041666666666668 0.046296296296296294
4 0.6494791666666667 0.6092592592592593 0.026041666666666668 0.046296296296296294
3 0.7296875 0.6212962962962963 0.026041666666666668 0.046296296296296294
4 0.5322916666666667 0.637962962962963 0.026041666666666668 0.046296296296296294
4 0.459375 0.6462962962962963 0.026041666666666668 0.046296296296296294
4 0.47760416666666666 0.6435185185185185 0.026041666666666668 0.046296296296296294
4 0.5822916666666667 0.6425925925925926 0.026041666666666668 0.046296296296296294
2 0.21510416666666668 0.6518518518518519 0.026041666666666668 0.046296296296296294
4 0.490625 0.65 0.026041666666666668 0.046296296296296294
3 0.7192708333333333 0.649074074074074 0.026041666666666668 0.046296296296296294
4 0.5223958333333333 0.6574074074074074 0.026041666666666668 0.046296296296296294
3 0.6833333333333333 0.6592592592592592 0.026041666666666668 0.046296296296296294
1 0.5041666666666667 0.6685185185185185 0.026041666666666668 0.046296296296296294
4 0.6270833333333333 0.6638888888888889 0.026041666666666668 0.046296296296296294
1 0.43697916666666664 0.675 0.026041666666666668 0.046296296296296294
1 0.45364583333333336 0.6768518518518518 0.026041666666666668 0.046296296296296294
1 0.6760416666666667 0.6759259259259259 0.026041666666666668 0.046296296296296294
1 0.6984375 0.6703703703703704 0.026041666666666668 0.046296296296296294
1 0.5484375 0.674074074074074 0.026041666666666668 0.046296296296296294
1 0.5848958333333333 0.6824074074074075 0.026041666666666668 0.046296296296296294
1 0.171875 0.6925925925925925 0.026041666666666668 0.046296296296296294
1 0.49947916666666664 0.712037037037037 0.026041666666666668 0.046296296296296294
1 0.7411458333333333 0.7222222222222222 0.026041666666666668 0.046296296296296294
1 0.596875 0.7166666666666667 0.026041666666666668 0.046296296296296294
1 0.5630208333333333 0.7583333333333333 0.026041666666666668 0.046296296296296294
1 0.621875 0.7601851851851852 0.026041666666666668 0.046296296296296294
1 0.8916666666666667 0.7490740740740741 0.026041666666666668 0.046296296296296294
1 0.9260416666666667 0.7592592592592593 0.026041666666666668 0.046296296296296294
1 0.6385416666666667 0.7824074074074074 0.026041666666666668 0.046296296296296294
1 0.1359375 0.7916666666666666 0.026041666666666668 0.046296296296296294
1 0.18385416666666668 0.8 0.026041666666666668 0.046296296296296294
1 0.7703125 0.8203703703703704 0.026041666666666668 0.046296296296296294
1 0.6307291666666667 0.8296296296296296 0.026041666666666668 0.046296296296296294
1 0.7973958333333333 0.8462962962962963 0.026041666666666668 0.046296296296296294
1 0.9276041666666667 0.9175925925925926 0.026041666666666668 0.046296296296296294
1 0.4083333333333333 0.9157407407407407 0.026041666666666668 0.046296296296296294
1 0.1375 0.9361111111111111 0.026041666666666668 0.046296296296296294
1 0.5328125 0.9296296296296296 0.026041666666666668 0.046296296296296294
1 0.33541666666666664 0.9481481481481482 0.026041666666666668 0.046296296296296294
1 0.9651041666666667 0.9388888888888889 0.026041666666666668 0.046296296296296294
1 0.15885416666666666 0.9712962962962963 0.026041666666666668 0.046296296296296294
1 0.5140625 0.9925925925925926 0.026041666666666668 0.046296296296296294
2 0.228125 0.6222222222222222 0.026041666666666668 0.046296296296296294
2 0.171875 0.4703703703703704 0.026041666666666668 0.046296296296296294
2 0.22291666666666668 0.45925925925925926 0.026041666666666668 0.046296296296296294
1 0.4395833333333333 0.7296296296296296 0.026041666666666668 0.046296296296296294
4 0.3958333333333333 0.6444444444444445 0.026041666666666668 0.046296296296296294
4 0.40520833333333334 0.5407407407407407 0.026041666666666668 0.046296296296296294
1 0.525 0.7648148148148148 0.026041666666666668 0.046296296296296294
1 0.584375 0.85 0.026041666666666668 0.046296296296296294
1 0.7354166666666667 0.7537037037037037 0.026041666666666668 0.046296296296296294
1 0.6729166666666667 0.7574074074074074 0.026041666666666668 0.046296296296296294
3 0.7520833333333333 0.55 0.026041666666666668 0.046296296296296294
3 0.7635416666666667 0.5814814814814815 0.026041666666666668 0.046296296296296294
1 0.8833333333333333 0.8240740740740741 0.026041666666666668 0.046296296296296294
1 0.8260416666666667 0.8611111111111112 0.026041666666666668 0.046296296296296294
1 0.8239583333333333 0.9388888888888889 0.026041666666666668 0.046296296296296294
1 0.9583333333333334 0.8462962962962963 0.026041666666666668 0.046296296296296294
4 0.5072916666666667 0.5777777777777777 0.026041666666666668 0.046296296296296294
1 0.7770833333333333 0.6685185185185185 0.026041666666666668 0.046296296296296294
