0 0.4359375 0.1175925925925926 0.026041666666666668 0.046296296296296294
0 0.48385416666666664 0.11944444444444445 0.026041666666666668 0.046296296296296294
0 0.490625 0.12222222222222222 0.026041666666666668 0.046296296296296294
0 0.4625 0.12777777777777777 0.026041666666666668 0.046296296296296294
0 0.4708333333333333 0.12777777777777777 0.026041666666666668 0.046296296296296294
0 0.453125 0.13518518518518519 0.026041666666666668 0.046296296296296294
0 0.4739583333333333 0.13796296296296295 0.026041666666666668 0.046296296296296294
0 0.48385416666666664 0.1388888888888889 0.026041666666666668 0.046296296296296294
0 0.49114583333333334 0.13703703703703704 0.026041666666666668 0.046296296296296294
0 0.43697916666666664 0.14444444444444443 0.026041666666666668 0.046296296296296294
0 0.465625 0.14444444444444443 0.026041666666666668 0.046296296296296294
0 0.4786458333333333 0.14722222222222223 0.026041666666666668 0.046296296296296294
0 0.44635416666666666 0.15462962962962962 0.026041666666666668 0.046296296296296294
0 0.45 0.15833333333333333 0.026041666666666668 0.046296296296296294
0 0.46145833333333336 0.15925925925925927 0.026041666666666668 0.046296296296296294
0 0.4734375 0.16111111111111112 0.026041666666666668 0.046296296296296294
0 0.4661458333333333 0.18425925925925926 0.026041666666666668 0.046296296296296294
0 0.4625 0.1925925925925926 0.026041666666666668 0.046296296296296294
0 0.4822916666666667 0.19907407407407407 0.026041666666666668 0.046296296296296294
0 0.45677083333333335 0.2064814814814815 0.026041666666666668 0.046296296296296294
0 0.49114583333333334 0.2064814814814815 0.026041666666666668 0.046296296296296294
0 0.478125 0.225 0.026041666666666668 0.046296296296296294
0 0.4713541666666667 0.23055555555555557 0.026041666666666668 0.046296296296296294
0 0.515625 0.22777777777777777 0.026041666666666668 0.046296296296296294
0 0.41458333333333336 0.24444444444444444 0.026041666666666668 0.046296296296296294
0 0.421875 0.26851851851851855 0.026041666666666668 0.046296296296296294
0 0.5072916666666667 0.28055555555555556 0.026041666666666668 0.046296296296296294
0 0.6953125 0.2861111111111111 0.026041666666666668 0.046296296296296294
0 0.4401041666666667 0.29074074074074074 0.026041666666666668 0.046296296296296294
0 0.44375 0.29074074074074074 0.026041666666666668 0.046296296296296294
0 0.46145833333333336 0.29074074074074074 0.026041666666666668 0.046296296296296294
0 0.4734375 0.29259259259259257 0.026041666666666668 0.046296296296296294
0 0.49114583333333334 0.29074074074074074 0.026041666666666668 0.046296296296296294
0 0.5005208333333333 0.2953703703703704 0.026041666666666668 0.046296296296296294
0 0.425 0.29907407407407405 0.026041666666666668 0.046296296296296294
0 0.428125 0.30092592592592593 0.026041666666666668 0.046296296296296294
0 0.48333333333333334 0.29907407407407405 0.026041666666666668 0.046296296296296294
0 0.4901041666666667 0.30462962962962964 0.026041666666666668 0.046296296296296294
0 0.5125 0.3055555555555556 0.026041666666666668 0.046296296296296294
0 0.42916666666666664 0.31666666666666665 0.026041666666666668 0.046296296296296294
0 0.47604166666666664 0.31574074074074077 0.026041666666666668 0.046296296296296294
0 0.49895833333333334 0.31574074074074077 0.026041666666666668 0.046296296296296294
0 0.70625 0.31203703703703706 0.026041666666666668 0.046296296296296294
0 0.45625 0.32407407407407407 0.026041666666666668 0.046296296296296294
0 0.5072916666666667 0.32407407407407407 0.026041666666666668 0.046296296296296294
0 0.5140625 0.3212962962962963 0.026041666666666668 0.046296296296296294
0 0.4786458333333333 0.33240740740740743 0.026041666666666668 0.046296296296296294
0 0.490625 0.33240740740740743 0.026041666666666668 0.046296296296296294
0 0.54375 0.33240740740740743 0.026041666666666668 0.046296296296296294
4 0.425 0.34074074074074073 0.026041666666666668 0.046296296296296294
4 0.42864583333333334 0.3388888888888889 0.026041666666666668 0.046296296296296294
4 0.4510416666666667 0.3388888888888889 0.026041666666666668 0.046296296296296294
4 0.4484375 0.35 0.026041666666666668 0.046296296296296294
4 0.5041666666666667 0.3490740740740741 0.026041666666666668 0.046296296296296294
4 0.39114583333333336 0.35462962962962963 0.026041666666666668 0.046296296296296294
4 0.3984375 0.35185185185185186 0.026041666666666668 0.046296296296296294
4 0.4036458333333333 0.3527777777777778 0.026041666666666668 0.046296296296296294
4 0.41041666666666665 0.3537037037037037 0.026041666666666668 0.046296296296296294
4 0.38333333333333336 0.36574074074074076 0.026041666666666668 0.046296296296296294
4 0.43697916666666664 0.362962962962963 0.026041666666666668 0.046296296296296294
4 0.4578125 0.3611111111111111 0.026041666666666668 0.046296296296296294
4 0.46979166666666666 0.36574074074074076 0.026041666666666668 0.046296296296296294
4 0.5041666666666667 0.3638888888888889 0.026041666666666668 0.046296296296296294
4 0.65 0.362962962962963 0.026041666666666668 0.046296296296296294
3 0.6776041666666667 0.36018518518518516 0.026041666666666668 0.046296296296296294
4 0.375 0.3731481481481482 0.026041666666666668 0.046296296296296294
4 0.38385416666666666 0.3731481481481482 0.026041666666666668 0.046296296296296294
4 0.41510416666666666 0.3712962962962963 0.026041666666666668 0.046296296296296294
4 0.4359375 0.3787037037037037 0.026041666666666668 0.046296296296296294
4 0.4708333333333333 0.3787037037037037 0.026041666666666668 0.046296296296296294
4 0.5130208333333334 0.37777777777777777 0.026041666666666668 0.046296296296296294
4 0.37916666666666665 0.38981481481481484 0.026041666666666668 0.046296296296296294
4 0.39895833333333336 0.38796296296296295 0.026041666666666668 0.046296296296296294
4 0.39166666666666666 0.39444444444444443 0.026041666666666668 0.046296296296296294
4 0.39739583333333334 0.3962962962962963 0.026041666666666668 0.046296296296296294
4 0.415625 0.3925925925925926 0.026041666666666668 0.046296296296296294
4 0.5125 0.3925925925925926 0.026041666666666668 0.046296296296296294
2 0.19427083333333334 0.4027777777777778 0.026041666666666668 0.046296296296296294
2 0.2109375 0.40185185185185185 0.026041666666666668 0.046296296296296294
4 0.6572916666666667 0.3990740740740741 0.026041666666666668 0.046296296296296294
4 0.6661458333333333 0.4027777777777778 0.026041666666666668 0.046296296296296294
4 0.4161458333333333 0.40925925925925927 0.026041666666666668 0.046296296296296294
2 0.17916666666666667 0.41759259259259257 0.026041666666666668 0.046296296296296294
4 0.3875 0.412962962962963 0.026041666666666668 0.046296296296296294
4 0.4354166666666667 0.4148148148148148 0.026041666666666668 0.046296296296296294
4 0.4864583333333333 0.4166666666666667 0.026041666666666668 0.046296296296296294
4 0.6651041666666667 0.41759259259259257 0.026041666666666668 0.046296296296296294
4 0.453125 0.42407407407407405 0.026041666666666668 0.046296296296296294
4 0.6541666666666667 0.42685185185185187 0.026041666666666668 0.046296296296296294
3 0.6744791666666666 0.42592592592592593 0.026041666666666668 0.046296296296296294
4 0.43697916666666664 0.43796296296296294 0.026041666666666668 0.046296296296296294
4 0.4453125 0.44074074074074077 0.026041666666666668 0.046296296296296294
4 0.65 0.44166666666666665 0.026041666666666668 0.046296296296296294
4 0.4578125 0.44907407407407407 0.026041666666666668 0.046296296296296294
4 0.5088541666666667 0.44722222222222224 0.026041666666666668 0.046296296296296294
4 0.665625 0.45185185185185184 0.026041666666666668 0.046296296296296294
4 0.5239583333333333 0.45555555555555555 0.026041666666666668 0.046296296296296294
3 0.703125 0.45740740740740743 0.026041666666666668 0.046296296296296294
3 0.68125 0.4638888888888889 0.026041666666666668 0.046296296296296294
4 0.5317708333333333 0.4703703703703704 0.026041666666666668 0.046296296296296294
4 0.5182291666666666 0.47962962962962963 0.026041666666666668 0.046296296296296294
4 0.5984375 0.47962962962962963 0.026041666666666668 0.046296296296296294
4 0.6536458333333334 0.4787037037037037 0.026041666666666668 0.046296296296296294
3 0.6734375 0.49166666666666664 0.026041666666666668 0.046296296296296294
4 0.5989583333333334 0.49537037037037035 0.026041666666666668 0.046296296296296294
4 0.6114583333333333 0.4962962962962963 0.026041666666666668 0.046296296296296294
4 0.5041666666666667 0.5009259259259259 0.026041666666666668 0.046296296296296294
4 0.6 0.5185185185185185 0.026041666666666668 0.046296296296296294
4 0.6270833333333333 0.5194444444444445 0.026041666666666668 0.046296296296296294
4 0.5109375 0.524074074074074 0.026041666666666668 0.046296296296296294
4 0.6234375 0.5296296296296297 0.026041666666666668 0.046296296296296294
4 0.665625 0.525 0.026041666666666668 0.046296296296296294
3 0.7229166666666667 0.524074074074074 0.026041666666666668 0.046296296296296294
4 0.5291666666666667 0.5425925925925926 0.026041666666666668 0.046296296296296294
4 0.6036458333333333 0.5416666666666666 0.026041666666666668 0.046296296296296294
3 0.6697916666666667 0.5611111111111111 0.026041666666666668 0.046296296296296294
3 0.7661458333333333 0.5555555555555556 0.026041666666666668 0.046296296296296294
4 0.6197916666666666 0.5666666666666667 0.026041666666666668 0.046296296296296294
4 0.43697916666666664 0.5833333333333334 0.026041666666666668 0.046296296296296294
4 0.5083333333333333 0.5814814814814815 0.026041666666666668 0.046296296296296294
4 0.5203125 0.5824074074074074 0.026041666666666668 0.046296296296296294
4 0.6088541666666667 0.5805555555555556 0.026041666666666668 0.046296296296296294
4 0.6604166666666667 0.5787037037037037 0.026041666666666668 0.046296296296296294
4 0.6088541666666667 0.5944444444444444 0.026041666666666668 0.046296296296296294
4 0.50625 0.6092592592592593 0.026041666666666668 0.046296296296296294
4 0.48072916666666665 0.6259259259259259 0.026041666666666668 0.046296296296296294
4 0.5786458333333333 0.6361111111111111 0.026041666666666668 0.046296296296296294
4 0.5854166666666667 0.6620370370370371 0.026041666666666668 0.046296296296296294
3 0.7744791666666667 0.6648148148148149 0.026041666666666668 0.046296296296296294
1 0.3796875 0.6824074074074075 0.026041666666666668 0.046296296296296294
1 0.4473958333333333 0.6805555555555556 0.026041666666666668 0.046296296296296294
1 0.43697916666666664 0.7222222222222222 0.026041666666666668 0.046296296296296294
1 0.5348958333333333 0.7212962962962963 0.026041666666666668 0.046296296296296294
1 0.8901041666666667 0.7444444444444445 0.026041666666666668 0.046296296296296294
1 0.825 0.7685185185185185 0.026041666666666668 0.046296296296296294
1 0.3328125 0.7777777777777778 0.026041666666666668 0.046296296296296294
1 0.4083333333333333 0.7824074074074074 0.026041666666666668 0.046296296296296294
1 0.11979166666666667 0.7962962962962963 0.026041666666666668 0.046296296296296294
1 0.05677083333333333 0.812037037037037 0.026041666666666668 0.046296296296296294
1 0.3807291666666667 0.8092592592592592 0.026041666666666668 0.046296296296296294
1 0.6833333333333333 0.8092592592592592 0.026041666666666668 0.046296296296296294
1 0.09114583333333333 0.8324074074074074 0.026041666666666668 0.046296296296296294
1 0.5333333333333333 0.8268518518518518 0.026041666666666668 0.046296296296296294
1 0.7166666666666667 0.8351851851851851 0.026041666666666668 0.046296296296296294
1 0.8239583333333333 0.8407407407407408 0.026041666666666668 0.046296296296296294
1 0.5864583333333333 0.8333333333333334 0.026041666666666668 0.046296296296296294
1 0.09583333333333334 0.8629629629629629 0.026041666666666668 0.046296296296296294
1 0.011458333333333333 0.8657407407407407 0.026041666666666668 0.046296296296296294
1 0.12395833333333334 0.8694444444444445 0.026041666666666668 0.046296296296296294
1 0.08020833333333334 0.8935185185185185 0.026041666666666668 0.046296296296296294
1 0.20104166666666667 0.8888888888888888 0.026041666666666668 0.046296296296296294
1 0.37083333333333335 0.8925925925925926 0.026041666666666668 0.046296296296296294
1 0.440625 0.8962962962962963 0.026041666666666668 0.046296296296296294
1 0.4713541666666667 0.9074074074074074 0.026041666666666668 0.046296296296296294
1 0.9958333333333333 0.9046296296296297 0.026041666666666668 0.046296296296296294
1 0.24947916666666667 0.9203703703703704 0.026041666666666668 0.046296296296296294
1 0.28958333333333336 0.9259259259259259 0.026041666666666668 0.046296296296296294
1 0.008333333333333333 0.9481481481481482 0.026041666666666668 0.046296296296296294
1 0.11145833333333334 0.9462962962962963 0.026041666666666668 0.046296296296296294
1 0.0375 0.9648148148148148 0.026041666666666668 0.046296296296296294
1 0.17447916666666666 0.962037037037037 0.026041666666666668 0.046296296296296294
1 0.3567708333333333 0.9601851851851851 0.026041666666666668 0.046296296296296294
1 0.44895833333333335 0.9564814814814815 0.026041666666666668 0.046296296296296294
1 0.17864583333333334 0.9888888888888889 0.026041666666666668 0.046296296296296294
1 0.06041666666666667 0.9259259259259259 0.026041666666666668 0.046296296296296294
1 0.546875 0.9518518518518518 0.026041666666666668 0.046296296296296294
1 0.5989583333333334 0.9722222222222222 0.026041666666666668 0.046296296296296294
1 0.7239583333333334 0.7148148148148148 0.026041666666666668 0.046296296296296294
3 0.7510416666666667 0.6296296296296297 0.026041666666666668 0.046296296296296294
3 0.7302083333333333 0.5666666666666667 0.026041666666666668 0.046296296296296294
3 0.7489583333333333 0.5666666666666667 0.026041666666666668 0.046296296296296294
1 0.8791666666666667 0.8185185185185185 0.026041666666666668 0.046296296296296294
1 0.83125 0.8666666666666667 0.026041666666666668 0.046296296296296294
1 0.8270833333333333 0.9388888888888889 0.026041666666666668 0.046296296296296294
1 0.7895833333333333 0.9296296296296296 0.026041666666666668 0.046296296296296294
1 0.8208333333333333 0.8944444444444445 0.026041666666666668 0.046296296296296294
3 0.709375 0.37777777777777777 0.026041666666666668 0.046296296296296294
0 0.6489583333333333 0.30185185185185187 0.026041666666666668 0.046296296296296294
4 0.6666666666666666 0.6166666666666667 0.026041666666666668 0.046296296296296294
4 0.6291666666666667 0.6166666666666667 0.026041666666666668 0.046296296296296294
4 0.6197916666666666 0.6537037037037037 0.026041666666666668 0.046296296296296294
4 0.6385416666666667 0.5851851851851851 0.026041666666666668 0.046296296296296294
1 0.484375 0.7018518518518518 0.026041666666666668 0.046296296296296294
4 0.409375 0.4425925925925926 0.026041666666666668 0.046296296296296294
1 0.9729166666666667 0.9481481481481482 0.026041666666666668 0.046296296296296294
