0 0.4708333333333333 0.09537037037037037 0.026041666666666668 0.046296296296296294
0 0.48333333333333334 0.09814814814814815 0.026041666666666668 0.046296296296296294
0 0.4546875 0.11666666666666667 0.026041666666666668 0.046296296296296294
0 0.4786458333333333 0.12222222222222222 0.026041666666666668 0.046296296296296294
0 0.49166666666666664 0.12129629629629629 0.026041666666666668 0.046296296296296294
0 0.4708333333333333 0.12777777777777777 0.026041666666666668 0.046296296296296294
0 0.4822916666666667 0.13055555555555556 0.026041666666666668 0.046296296296296294
0 0.4432291666666667 0.13518518518518519 0.026041666666666668 0.046296296296296294
0 0.453125 0.13333333333333333 0.026041666666666668 0.046296296296296294
0 0.46197916666666666 0.1361111111111111 0.026041666666666668 0.046296296296296294
0 0.465625 0.13796296296296295 0.026041666666666668 0.046296296296296294
0 0.49166666666666664 0.1388888888888889 0.026041666666666668 0.046296296296296294
0 0.4953125 0.14629629629629629 0.026041666666666668 0.046296296296296294
0 0.43645833333333334 0.15555555555555556 0.026041666666666668 0.046296296296296294
0 0.4546875 0.15185185185185185 0.026041666666666668 0.046296296296296294
0 0.46145833333333336 0.15555555555555556 0.026041666666666668 0.046296296296296294
0 0.4786458333333333 0.1527777777777778 0.026041666666666668 0.046296296296296294
0 0.4322916666666667 0.175 0.026041666666666668 0.046296296296296294
0 0.4609375 0.1814814814814815 0.026041666666666668 0.046296296296296294
0 0.4734375 0.1824074074074074 0.026041666666666668 0.046296296296296294
0 0.4822916666666667 0.18425925925925926 0.026041666666666668 0.046296296296296294
0 0.5104166666666666 0.19444444444444445 0.026041666666666668 0.046296296296296294
0 0.4630208333333333 0.19722222222222222 0.026041666666666668 0.046296296296296294
0 0.4869791666666667 0.20462962962962963 0.026041666666666668 0.046296296296296294
0 0.49947916666666664 0.2064814814814815 0.026041666666666668 0.046296296296296294
0 0.43802083333333336 0.225 0.026041666666666668 0.046296296296296294
0 0.5161458333333333 0.23425925925925925 0.026041666666666668 0.046296296296296294
0 0.4817708333333333 0.23981481481481481 0.026041666666666668 0.046296296296296294
0 0.45625 0.24351851851851852 0.026041666666666668 0.046296296296296294
0 0.46927083333333336 0.24444444444444444 0.026041666666666668 0.046296296296296294
0 0.5078125 0.2638888888888889 0.026041666666666668 0.046296296296296294
0 0.534375 0.27685185185185185 0.026041666666666668 0.046296296296296294
0 0.540625 0.27870370370370373 0.026041666666666668 0.046296296296296294
0 0.5104166666666666 0.2861111111111111 0.026041666666666668 0.046296296296296294
0 0.43645833333333334 0.2898148148148148 0.026041666666666668 0.046296296296296294
0 0.4473958333333333 0.29259259259259257 0.026041666666666668 0.046296296296296294
0 0.6916666666666667 0.2916666666666667 0.026041666666666668 0.046296296296296294
0 0.46979166666666666 0.29907407407407405 0.026041666666666668 0.046296296296296294
0 0.4859375 0.29814814814814816 0.026041666666666668 0.046296296296296294
0 0.4973958333333333 0.30092592592592593 0.026041666666666668 0.046296296296296294
0 0.4192708333333333 0.30648148148148147 0.026041666666666668 0.046296296296296294
0 0.7 0.30925925925925923 0.026041666666666668 0.046296296296296294
0 0.4317708333333333 0.31666666666666665 0.026041666666666668 0.046296296296296294
0 0.4786458333333333 0.31666666666666665 0.026041666666666668 0.046296296296296294
0 0.4984375 0.31666666666666665 0.026041666666666668 0.046296296296296294
0 0.5161458333333333 0.3148148148148148 0.026041666666666668 0.046296296296296294
0 0.5291666666666667 0.32407407407407407 0.026041666666666668 0.046296296296296294
0 0.7078125 0.32407407407407407 0.026041666666666668 0.046296296296296294
4 0.44427083333333334 0.3333333333333333 0.026041666666666668 0.046296296296296294
0 0.49947916666666664 0.3314814814814815 0.026041666666666668 0.046296296296296294
4 0.5109375 0.33425925925925926 0.026041666666666668 0.046296296296296294
0 0.55 0.3314814814814815 0.026041666666666668 0.046296296296296294
4 0.4317708333333333 0.33796296296296297 0.026041666666666668 0.046296296296296294
4 0.50625 0.3425925925925926 0.026041666666666668 0.046296296296296294
4 0.4453125 0.3472222222222222 0.026041666666666668 0.046296296296296294
4 0.6515625 0.34814814814814815 0.026041666666666668 0.046296296296296294
4 0.37552083333333336 0.3537037037037037 0.026041666666666668 0.046296296296296294
4 0.3880208333333333 0.35555555555555557 0.026041666666666668 0.046296296296296294
4 0.4953125 0.35555555555555557 0.026041666666666668 0.046296296296296294
4 0.5072916666666667 0.35555555555555557 0.026041666666666668 0.046296296296296294
4 0.4713541666666667 0.362962962962963 0.026041666666666668 0.046296296296296294
4 0.4322916666666667 0.36944444444444446 0.026041666666666668 0.046296296296296294
4 0.6505208333333333 0.37037037037037035 0.026041666666666668 0.046296296296296294
4 0.39114583333333336 0.3787037037037037 0.026041666666666668 0.046296296296296294
4 0.5119791666666667 0.3768518518518518 0.026041666666666668 0.046296296296296294
4 0.5078125 0.38796296296296295 0.026041666666666668 0.046296296296296294
4 0.6494791666666667 0.38796296296296295 0.026041666666666668 0.046296296296296294
4 0.4947916666666667 0.3925925925925926 0.026041666666666668 0.046296296296296294
4 0.50625 0.39444444444444443 0.026041666666666668 0.046296296296296294
2 0.20833333333333334 0.4009259259259259 0.026041666666666668 0.046296296296296294
4 0.39895833333333336 0.40185185185185185 0.026041666666666668 0.046296296296296294
4 0.65 0.4027777777777778 0.026041666666666668 0.046296296296296294
4 0.3875 0.40925925925925927 0.026041666666666668 0.046296296296296294
4 0.490625 0.41203703703703703 0.026041666666666668 0.046296296296296294
4 0.5083333333333333 0.4083333333333333 0.026041666666666668 0.046296296296296294
2 0.17447916666666666 0.41944444444444445 0.026041666666666668 0.046296296296296294
2 0.1984375 0.4185185185185185 0.026041666666666668 0.046296296296296294
4 0.4822916666666667 0.43425925925925923 0.026041666666666668 0.046296296296296294
4 0.5244791666666667 0.43425925925925923 0.026041666666666668 0.046296296296296294
4 0.6541666666666667 0.4351851851851852 0.026041666666666668 0.046296296296296294
4 0.6619791666666667 0.4324074074074074 0.026041666666666668 0.046296296296296294
3 0.6942708333333333 0.4305555555555556 0.026041666666666668 0.046296296296296294
4 0.38229166666666664 0.44074074074074077 0.026041666666666668 0.046296296296296294
4 0.5130208333333334 0.4398148148148148 0.026041666666666668 0.046296296296296294
3 0.675 0.4388888888888889 0.026041666666666668 0.046296296296296294
4 0.4708333333333333 0.44814814814814813 0.026041666666666668 0.046296296296296294
3 0.70625 0.44722222222222224 0.026041666666666668 0.046296296296296294
3 0.7109375 0.44814814814814813 0.026041666666666668 0.046296296296296294
4 0.4484375 0.4564814814814815 0.026041666666666668 0.046296296296296294
4 0.41041666666666665 0.462037037037037 0.026041666666666668 0.046296296296296294
4 0.5203125 0.46574074074074073 0.026041666666666668 0.046296296296296294
4 0.6505208333333333 0.4648148148148148 0.026041666666666668 0.046296296296296294
3 0.6770833333333334 0.4648148148148148 0.026041666666666668 0.046296296296296294
4 0.4322916666666667 0.47962962962962963 0.026041666666666668 0.046296296296296294
4 0.47552083333333334 0.4777777777777778 0.026041666666666668 0.046296296296296294
3 0.6895833333333333 0.4787037037037037 0.026041666666666668 0.046296296296296294
4 0.5041666666666667 0.4962962962962963 0.026041666666666668 0.046296296296296294
4 0.4114583333333333 0.5009259259259259 0.026041666666666668 0.046296296296296294
4 0.42864583333333334 0.5027777777777778 0.026041666666666668 0.046296296296296294
4 0.6125 0.5027777777777778 0.026041666666666668 0.046296296296296294
3 0.7 0.5046296296296297 0.026041666666666668 0.046296296296296294
4 0.51875 0.512962962962963 0.026041666666666668 0.046296296296296294
3 0.6953125 0.5203703703703704 0.026041666666666668 0.046296296296296294
4 0.6239583333333333 0.5231481481481481 0.026041666666666668 0.046296296296296294
3 0.6828125 0.5370370370370371 0.026041666666666668 0.046296296296296294
3 0.7005208333333334 0.5324074074074074 0.026041666666666668 0.046296296296296294
3 0.7192708333333333 0.5361111111111111 0.026041666666666668 0.046296296296296294
4 0.5109375 0.5407407407407407 0.026041666666666668 0.046296296296296294
4 0.6328125 0.5509259259259259 0.026041666666666668 0.046296296296296294
4 0.5192708333333333 0.5537037037037037 0.026041666666666668 0.046296296296296294
3 0.6744791666666666 0.5592592592592592 0.026041666666666668 0.046296296296296294
3 0.753125 0.5574074074074075 0.026041666666666668 0.046296296296296294
4 0.6119791666666666 0.5675925925925925 0.026041666666666668 0.046296296296296294
3 0.7666666666666667 0.562962962962963 0.026041666666666668 0.046296296296296294
4 0.46510416666666665 0.5787037037037037 0.026041666666666668 0.046296296296296294
3 0.66875 0.5777777777777777 0.026041666666666668 0.046296296296296294
4 0.5072916666666667 0.5953703703703703 0.026041666666666668 0.046296296296296294
4 0.6359375 0.5962962962962963 0.026041666666666668 0.046296296296296294
4 0.6125 0.6046296296296296 0.026041666666666668 0.046296296296296294
4 0.4317708333333333 0.6148148148148148 0.026041666666666668 0.046296296296296294
4 0.5296875 0.6138888888888889 0.026041666666666668 0.046296296296296294
4 0.6489583333333333 0.6203703703703703 0.026041666666666668 0.046296296296296294
4 0.5739583333333333 0.6351851851851852 0.026041666666666668 0.046296296296296294
4 0.5515625 0.6435185185185185 0.026041666666666668 0.046296296296296294
4 0.47604166666666664 0.6592592592592592 0.026041666666666668 0.046296296296296294
1 0.775 0.6722222222222223 0.026041666666666668 0.046296296296296294
1 0.6291666666666667 0.6898148148148148 0.026041666666666668 0.046296296296296294
1 0.1890625 0.7361111111111112 0.026041666666666668 0.046296296296296294
1 0.6848958333333334 0.7342592592592593 0.026041666666666668 0.046296296296296294
1 0.5348958333333333 0.7453703703703703 0.026041666666666668 0.046296296296296294
1 0.6458333333333334 0.7537037037037037 0.026041666666666668 0.046296296296296294
1 0.8875 0.7518518518518519 0.026041666666666668 0.046296296296296294
1 0.9171875 0.7564814814814815 0.026041666666666668 0.046296296296296294
1 0.8395833333333333 0.7694444444444445 0.026041666666666668 0.046296296296296294
1 0.1484375 0.8046296296296296 0.026041666666666668 0.046296296296296294
1 0.5390625 0.8166666666666667 0.026041666666666668 0.046296296296296294
1 0.7510416666666667 0.825925925925926 0.026041666666666668 0.046296296296296294
1 0.8260416666666667 0.8407407407407408 0.026041666666666668 0.046296296296296294
1 0.8739583333333333 0.837037037037037 0.026041666666666668 0.046296296296296294
1 0.378125 0.8444444444444444 0.026041666666666668 0.046296296296296294
1 0.5958333333333333 0.8416666666666667 0.026041666666666668 0.046296296296296294
1 0.1296875 0.8574074074074074 0.026041666666666668 0.046296296296296294
1 0.43802083333333336 0.8907407407407407 0.026041666666666668 0.046296296296296294
1 0.109375 0.9101851851851852 0.026041666666666668 0.046296296296296294
1 0.4661458333333333 0.9 0.026041666666666668 0.046296296296296294
1 0.2421875 0.9212962962962963 0.026041666666666668 0.046296296296296294
1 0.2682291666666667 0.9268518518518518 0.026041666666666668 0.046296296296296294
1 0.2713541666666667 0.9537037037037037 0.026041666666666668 0.046296296296296294
1 0.978125 0.9703703703703703 0.026041666666666668 0.046296296296296294
2 0.14583333333333334 0.5592592592592592 0.026041666666666668 0.046296296296296294
1 0.378125 0.8870370370370371 0.026041666666666668 0.046296296296296294
1 0.40208333333333335 0.7018518518518518 0.026041666666666668 0.046296296296296294
4 0.38645833333333335 0.6166666666666667 0.026041666666666668 0.046296296296296294
1 0.6833333333333333 0.8851851851851852 0.026041666666666668 0.046296296296296294
1 0.8552083333333333 0.9018518518518519 0.026041666666666668 0.046296296296296294
1 0.8302083333333333 0.9481481481481482 0.026041666666666668 0.046296296296296294
1 0.8666666666666667 0.9518518518518518 0.026041666666666668 0.046296296296296294
3 0.734375 0.5611111111111111 0.026041666666666668 0.046296296296296294
3 0.7375 0.6259259259259259 0.026041666666666668 0.046296296296296294
1 0.7135416666666666 0.7111111111111111 0.026041666666666668 0.046296296296296294
3 0.66875 0.6555555555555556 0.026041666666666668 0.046296296296296294
4 0.6208333333333333 0.6296296296296297 0.026041666666666668 0.046296296296296294
3 0.7625 0.6537037037037037 0.026041666666666668 0.046296296296296294
