0 0.4786458333333333 0.08888888888888889 0.026041666666666668 0.046296296296296294
0 0.4708333333333333 0.0962962962962963 0.026041666666666668 0.046296296296296294
0 0.48385416666666664 0.1037037037037037 0.026041666666666668 0.046296296296296294
0 0.48333333333333334 0.12222222222222222 0.026041666666666668 0.046296296296296294
0 0.490625 0.12407407407407407 0.026041666666666668 0.046296296296296294
0 0.43697916666666664 0.125 0.026041666666666668 0.046296296296296294
0 0.48333333333333334 0.13055555555555556 0.026041666666666668 0.046296296296296294
0 0.46197916666666666 0.13703703703703704 0.026041666666666668 0.046296296296296294
0 0.4703125 0.1361111111111111 0.026041666666666668 0.046296296296296294
0 0.45364583333333336 0.14537037037037037 0.026041666666666668 0.046296296296296294
0 0.4796875 0.15555555555555556 0.026041666666666668 0.046296296296296294
0 0.4453125 0.1685185185185185 0.026041666666666668 0.046296296296296294
0 0.4703125 0.1685185185185185 0.026041666666666668 0.046296296296296294
0 0.4578125 0.175 0.026041666666666668 0.046296296296296294
0 0.46197916666666666 0.1925925925925926 0.026041666666666668 0.046296296296296294
0 0.45729166666666665 0.22870370370370371 0.026041666666666668 0.046296296296296294
0 0.46875 0.23055555555555557 0.026041666666666668 0.046296296296296294
0 0.49114583333333334 0.23148148148148148 0.026041666666666668 0.046296296296296294
0 0.5119791666666667 0.23148148148148148 0.026041666666666668 0.046296296296296294
0 0.4317708333333333 0.24166666666666667 0.026041666666666668 0.046296296296296294
0 0.45364583333333336 0.23981481481481481 0.026041666666666668 0.046296296296296294
0 0.4901041666666667 0.24537037037037038 0.026041666666666668 0.046296296296296294
0 0.478125 0.2601851851851852 0.026041666666666668 0.046296296296296294
0 0.5130208333333334 0.2611111111111111 0.026041666666666668 0.046296296296296294
0 0.4588541666666667 0.26666666666666666 0.026041666666666668 0.046296296296296294
0 0.4890625 0.2657407407407407 0.026041666666666668 0.046296296296296294
0 0.4984375 0.27870370370370373 0.026041666666666668 0.046296296296296294
0 0.45 0.2861111111111111 0.026041666666666668 0.046296296296296294
0 0.41770833333333335 0.29074074074074074 0.026041666666666668 0.046296296296296294
0 0.4713541666666667 0.28888888888888886 0.026041666666666668 0.046296296296296294
0 0.6875 0.2916666666666667 0.026041666666666668 0.046296296296296294
0 0.43697916666666664 0.30092592592592593 0.026041666666666668 0.046296296296296294
0 0.5114583333333333 0.30092592592592593 0.026041666666666668 0.046296296296296294
0 0.4822916666666667 0.3074074074074074 0.026041666666666668 0.046296296296296294
0 0.7078125 0.3138888888888889 0.026041666666666668 0.046296296296296294
0 0.5072916666666667 0.325 0.026041666666666668 0.046296296296296294
0 0.4453125 0.3314814814814815 0.026041666666666668 0.046296296296296294
0 0.5197916666666667 0.3314814814814815 0.026041666666666668 0.046296296296296294
0 0.5364583333333334 0.3314814814814815 0.026041666666666668 0.046296296296296294
4 0.453125 0.33796296296296297 0.026041666666666668 0.046296296296296294
4 0.478125 0.34074074074074073 0.026041666666666668 0.046296296296296294
4 0.4671875 0.34814814814814815 0.026041666666666668 0.046296296296296294
4 0.38229166666666664 0.35555555555555557 0.026041666666666668 0.046296296296296294
4 0.44635416666666666 0.35555555555555557 0.026041666666666668 0.046296296296296294
4 0.49895833333333334 0.3527777777777778 0.026041666666666668 0.046296296296296294
4 0.5114583333333333 0.36203703703703705 0.026041666666666668 0.046296296296296294
4 0.5203125 0.3648148148148148 0.026041666666666668 0.046296296296296294
4 0.465625 0.37222222222222223 0.026041666666666668 0.046296296296296294
2 0.22083333333333333 0.37592592592592594 0.026041666666666668 0.046296296296296294
2 0.19375 0.3851851851851852 0.026041666666666668 0.046296296296296294
4 0.378125 0.39537037037037037 0.026041666666666668 0.046296296296296294
4 0.6614583333333334 0.39351851851851855 0.026041666666666668 0.046296296296296294
4 0.5166666666666667 0.4027777777777778 0.026041666666666668 0.046296296296296294
4 0.503125 0.4101851851851852 0.026041666666666668 0.046296296296296294
3 0.7041666666666667 0.40555555555555556 0.026041666666666668 0.046296296296296294
2 0.19479166666666667 0.4166666666666667 0.026041666666666668 0.046296296296296294
4 0.44114583333333335 0.4166666666666667 0.026041666666666668 0.046296296296296294
4 0.5208333333333334 0.41759259259259257 0.026041666666666668 0.046296296296296294
4 0.6505208333333333 0.4148148148148148 0.026041666666666668 0.046296296296296294
4 0.6572916666666667 0.41944444444444445 0.026041666666666668 0.046296296296296294
4 0.46145833333333336 0.42407407407407405 0.026041666666666668 0.046296296296296294
4 0.6661458333333333 0.42592592592592593 0.026041666666666668 0.046296296296296294
4 0.5166666666666667 0.43425925925925923 0.026041666666666668 0.046296296296296294
3 0.690625 0.43425925925925923 0.026041666666666668 0.046296296296296294
3 0.6729166666666667 0.4398148148148148 0.026041666666666668 0.046296296296296294
4 0.4234375 0.44722222222222224 0.026041666666666668 0.046296296296296294
4 0.5494791666666666 0.45 0.026041666666666668 0.046296296296296294
4 0.37864583333333335 0.4583333333333333 0.026041666666666668 0.046296296296296294
4 0.503125 0.4583333333333333 0.026041666666666668 0.046296296296296294
4 0.6619791666666667 0.45740740740740743 0.026041666666666668 0.046296296296296294
4 0.4114583333333333 0.4648148148148148 0.026041666666666668 0.046296296296296294
3 0.6697916666666667 0.4648148148148148 0.026041666666666668 0.046296296296296294
4 0.44895833333333335 0.4685185185185185 0.026041666666666668 0.046296296296296294
4 0.5416666666666666 0.47962962962962963 0.026041666666666668 0.046296296296296294
4 0.6546875 0.48333333333333334 0.026041666666666668 0.046296296296296294
4 0.4041666666666667 0.4898148148148148 0.026041666666666668 0.046296296296296294
4 0.46197916666666666 0.48518518518518516 0.026041666666666668 0.046296296296296294
3 0.6739583333333333 0.48703703703703705 0.026041666666666668 0.046296296296296294
4 0.503125 0.4935185185185185 0.026041666666666668 0.046296296296296294
4 0.5145833333333333 0.49537037037037035 0.026041666666666668 0.046296296296296294
4 0.628125 0.4925925925925926 0.026041666666666668 0.046296296296296294
4 0.6536458333333334 0.49444444444444446 0.026041666666666668 0.046296296296296294
4 0.3828125 0.5120370370370371 0.026041666666666668 0.046296296296296294
4 0.6369791666666667 0.512962962962963 0.026041666666666668 0.046296296296296294
4 0.5130208333333334 0.5185185185185185 0.026041666666666668 0.046296296296296294
4 0.6161458333333333 0.5194444444444445 0.026041666666666668 0.046296296296296294
3 0.6984375 0.5175925925925926 0.026041666666666668 0.046296296296296294
3 0.6744791666666666 0.524074074074074 0.026041666666666668 0.046296296296296294
3 0.7119791666666667 0.5259259259259259 0.026041666666666668 0.046296296296296294
3 0.7489583333333333 0.524074074074074 0.026041666666666668 0.046296296296296294
4 0.5197916666666667 0.5351851851851852 0.026041666666666668 0.046296296296296294
4 0.590625 0.5342592592592592 0.026041666666666668 0.046296296296296294
4 0.6046875 0.5333333333333333 0.026041666666666668 0.046296296296296294
4 0.615625 0.5416666666666666 0.026041666666666668 0.046296296296296294
4 0.5671875 0.55 0.026041666666666668 0.046296296296296294
4 0.4578125 0.5638888888888889 0.026041666666666668 0.046296296296296294
4 0.49947916666666664 0.5592592592592592 0.026041666666666668 0.046296296296296294
4 0.5161458333333333 0.5638888888888889 0.026041666666666668 0.046296296296296294
4 0.6322916666666667 0.562962962962963 0.026041666666666668 0.046296296296296294
3 0.7453125 0.5657407407407408 0.026041666666666668 0.046296296296296294
4 0.6197916666666666 0.575 0.026041666666666668 0.046296296296296294
3 0.7322916666666667 0.5907407407407408 0.026041666666666668 0.046296296296296294
4 0.596875 0.5944444444444444 0.026041666666666668 0.046296296296296294
3 0.7213541666666666 0.5953703703703703 0.026041666666666668 0.046296296296296294
3 0.6697916666666667 0.6018518518518519 0.026041666666666668 0.046296296296296294
4 0.5453125 0.6287037037037037 0.026041666666666668 0.046296296296296294
2 0.20416666666666666 0.6666666666666666 0.026041666666666668 0.046296296296296294
4 0.5567708333333333 0.6657407407407407 0.026041666666666668 0.046296296296296294
3 0.7744791666666667 0.6666666666666666 0.026041666666666668 0.046296296296296294
1 0.5130208333333334 0.6712962962962963 0.026041666666666668 0.046296296296296294
1 0.5463541666666667 0.6694444444444444 0.026041666666666668 0.046296296296296294
1 0.7489583333333333 0.6972222222222222 0.026041666666666668 0.046296296296296294
1 0.42135416666666664 0.7083333333333334 0.026041666666666668 0.046296296296296294
1 0.7770833333333333 0.7203703703703703 0.026041666666666668 0.046296296296296294
1 0.3828125 0.7148148148148148 0.026041666666666668 0.046296296296296294
1 0.4859375 0.7435185185185185 0.026041666666666668 0.046296296296296294
1 0.46145833333333336 0.7527777777777778 0.026041666666666668 0.046296296296296294
1 0.8838541666666667 0.7490740740740741 0.026041666666666668 0.046296296296296294
1 0.1578125 0.762962962962963 0.026041666666666668 0.046296296296296294
1 0.209375 0.7638888888888888 0.026041666666666668 0.046296296296296294
1 0.8390625 0.7592592592592593 0.026041666666666668 0.046296296296296294
1 0.3328125 0.7731481481481481 0.026041666666666668 0.046296296296296294
1 0.5302083333333333 0.7675925925925926 0.026041666666666668 0.046296296296296294
1 0.15416666666666667 0.7925925925925926 0.026041666666666668 0.046296296296296294
1 0.5609375 0.8037037037037037 0.026041666666666668 0.046296296296296294
1 0.7458333333333333 0.8046296296296296 0.026041666666666668 0.046296296296296294
1 0.3848958333333333 0.812037037037037 0.026041666666666668 0.046296296296296294
1 0.5151041666666667 0.8287037037037037 0.026041666666666668 0.046296296296296294
1 0.8630208333333333 0.8287037037037037 0.026041666666666668 0.046296296296296294
1 0.4984375 0.8666666666666667 0.026041666666666668 0.046296296296296294
1 0.5958333333333333 0.8694444444444445 0.026041666666666668 0.046296296296296294
1 0.4666666666666667 0.8787037037037037 0.026041666666666668 0.046296296296296294
1 0.3494791666666667 0.8796296296296297 0.026041666666666668 0.046296296296296294
1 0.4192708333333333 0.8870370370370371 0.026041666666666668 0.046296296296296294
1 0.29322916666666665 0.8953703703703704 0.026041666666666668 0.046296296296296294
1 0.8973958333333333 0.9074074074074074 0.026041666666666668 0.046296296296296294
1 0.32135416666666666 0.9324074074074075 0.026041666666666668 0.046296296296296294
1 0.9171875 0.9472222222222222 0.026041666666666668 0.046296296296296294
1 0.9645833333333333 0.9453703703703704 0.026041666666666668 0.046296296296296294
1 0.7989583333333333 0.9777777777777777 0.026041666666666668 0.046296296296296294
1 0.9192708333333334 0.9981481481481481 0.026041666666666668 0.046296296296296294
1 0.19166666666666668 0.8055555555555556 0.026041666666666668 0.046296296296296294
1 0.17708333333333334 0.7185185185185186 0.026041666666666668 0.046296296296296294
2 0.17395833333333333 0.4166666666666667 0.026041666666666668 0.046296296296296294
1 0.9510416666666667 0.7388888888888889 0.026041666666666668 0.046296296296296294
1 0.828125 0.8592592592592593 0.026041666666666668 0.046296296296296294
1 0.8302083333333333 0.837037037037037 0.026041666666666668 0.046296296296296294
1 0.7979166666666667 0.8425925925925926 0.026041666666666668 0.046296296296296294
3 0.70625 0.5962962962962963 0.026041666666666668 0.046296296296296294
3 0.678125 0.6148148148148148 0.026041666666666668 0.046296296296296294
4 0.6197916666666666 0.5944444444444444 0.026041666666666668 0.046296296296296294
4 0.50625 0.5925925925925926 0.026041666666666668 0.046296296296296294
4 0.571875 0.6074074074074074 0.026041666666666668 0.046296296296296294
4 0.38645833333333335 0.5444444444444444 0.026041666666666668 0.046296296296296294
