0 0.4796875 0.09814814814814815 0.026041666666666668 0.046296296296296294
0 0.48385416666666664 0.12129629629629629 0.026041666666666668 0.046296296296296294
0 0.49114583333333334 0.12222222222222222 0.026041666666666668 0.046296296296296294
0 0.47760416666666666 0.12962962962962962 0.026041666666666668 0.046296296296296294
0 0.44166666666666665 0.13425925925925927 0.026041666666666668 0.046296296296296294
0 0.45 0.1361111111111111 0.026041666666666668 0.046296296296296294
0 0.45364583333333336 0.13518518518518519 0.026041666666666668 0.046296296296296294
0 0.46197916666666666 0.1361111111111111 0.026041666666666668 0.046296296296296294
0 0.4703125 0.13703703703703704 0.026041666666666668 0.046296296296296294
0 0.48333333333333334 0.1398148148148148 0.026041666666666668 0.046296296296296294
0 0.44166666666666665 0.14444444444444443 0.026041666666666668 0.046296296296296294
0 0.475 0.14814814814814814 0.026041666666666668 0.046296296296296294
0 0.4453125 0.1675925925925926 0.026041666666666668 0.046296296296296294
0 0.46197916666666666 0.1675925925925926 0.026041666666666668 0.046296296296296294
0 0.43333333333333335 0.175 0.026041666666666668 0.046296296296296294
0 0.45729166666666665 0.17592592592592593 0.026041666666666668 0.046296296296296294
0 0.43802083333333336 0.18425925925925926 0.026041666666666668 0.046296296296296294
0 0.4875 0.1824074074074074 0.026041666666666668 0.046296296296296294
0 0.4713541666666667 0.19166666666666668 0.026041666666666668 0.046296296296296294
0 0.49583333333333335 0.19074074074074074 0.026041666666666668 0.046296296296296294
0 0.5109375 0.19074074074074074 0.026041666666666668 0.046296296296296294
0 0.42239583333333336 0.20555555555555555 0.026041666666666668 0.046296296296296294
0 0.4739583333333333 0.21481481481481482 0.026041666666666668 0.046296296296296294
0 0.465625 0.21944444444444444 0.026041666666666668 0.046296296296296294
0 0.4921875 0.22407407407407406 0.026041666666666668 0.046296296296296294
0 0.41875 0.22870370370370371 0.026041666666666668 0.046296296296296294
0 0.5036458333333333 0.22870370370370371 0.026041666666666668 0.046296296296296294
0 0.5125 0.23148148148148148 0.026041666666666668 0.046296296296296294
0 0.4671875 0.23796296296296296 0.026041666666666668 0.046296296296296294
0 0.4744791666666667 0.23425925925925925 0.026041666666666668 0.046296296296296294
0 0.49114583333333334 0.24444444444444444 0.026041666666666668 0.046296296296296294
0 0.5020833333333333 0.24537037037037038 0.026041666666666668 0.046296296296296294
0 0.4953125 0.2638888888888889 0.026041666666666668 0.046296296296296294
0 0.5067708333333333 0.2601851851851852 0.026041666666666668 0.046296296296296294
0 0.4661458333333333 0.27037037037037037 0.026041666666666668 0.046296296296296294
0 0.48385416666666664 0.27037037037037037 0.026041666666666668 0.046296296296296294
0 0.5125 0.2777777777777778 0.026041666666666668 0.046296296296296294
0 0.5390625 0.2759259259259259 0.026041666666666668 0.046296296296296294
0 0.5453125 0.27685185185185185 0.026041666666666668 0.046296296296296294
0 0.5083333333333333 0.2861111111111111 0.026041666666666668 0.046296296296296294
0 0.42291666666666666 0.29259259259259257 0.026041666666666668 0.046296296296296294
0 0.46510416666666665 0.29074074074074074 0.026041666666666668 0.046296296296296294
0 0.5276041666666667 0.2953703703703704 0.026041666666666668 0.046296296296296294
0 0.690625 0.29259259259259257 0.026041666666666668 0.046296296296296294
0 0.4739583333333333 0.30833333333333335 0.026041666666666668 0.046296296296296294
0 0.5078125 0.30925925925925923 0.026041666666666668 0.046296296296296294
0 0.4317708333333333 0.3138888888888889 0.026041666666666668 0.046296296296296294
0 0.5109375 0.3194444444444444 0.026041666666666668 0.046296296296296294
0 0.7020833333333333 0.31296296296296294 0.026041666666666668 0.046296296296296294
0 0.4864583333333333 0.32407407407407407 0.026041666666666668 0.046296296296296294
0 0.50625 0.32222222222222224 0.026041666666666668 0.046296296296296294
4 0.4276041666666667 0.33425925925925926 0.026041666666666668 0.046296296296296294
0 0.44427083333333334 0.3314814814814815 0.026041666666666668 0.046296296296296294
4 0.42083333333333334 0.3388888888888889 0.026041666666666668 0.046296296296296294
4 0.44635416666666666 0.3472222222222222 0.026041666666666668 0.046296296296296294
4 0.375 0.35462962962962963 0.026041666666666668 0.046296296296296294
4 0.38697916666666665 0.35648148148148145 0.026041666666666668 0.046296296296296294
4 0.5078125 0.35462962962962963 0.026041666666666668 0.046296296296296294
4 0.49583333333333335 0.3611111111111111 0.026041666666666668 0.046296296296296294
4 0.40260416666666665 0.3712962962962963 0.026041666666666668 0.046296296296296294
2 0.215625 0.3787037037037037 0.026041666666666668 0.046296296296296294
4 0.3734375 0.37592592592592594 0.026041666666666668 0.046296296296296294
4 0.5078125 0.37592592592592594 0.026041666666666668 0.046296296296296294
4 0.4484375 0.38425925925925924 0.026041666666666668 0.046296296296296294
4 0.38229166666666664 0.3925925925925926 0.026041666666666668 0.046296296296296294
4 0.5083333333333333 0.3925925925925926 0.026041666666666668 0.046296296296296294
4 0.6666666666666666 0.39351851851851855 0.026041666666666668 0.046296296296296294
4 0.6619791666666667 0.40185185185185185 0.026041666666666668 0.046296296296296294
2 0.18645833333333334 0.40925925925925927 0.026041666666666668 0.046296296296296294
2 0.20729166666666668 0.40925925925925927 0.026041666666666668 0.046296296296296294
4 0.3958333333333333 0.4074074074074074 0.026041666666666668 0.046296296296296294
4 0.6489583333333333 0.4046296296296296 0.026041666666666668 0.046296296296296294
3 0.7046875 0.4083333333333333 0.026041666666666668 0.046296296296296294
4 0.44583333333333336 0.41388888888888886 0.026041666666666668 0.046296296296296294
4 0.46510416666666665 0.4148148148148148 0.026041666666666668 0.046296296296296294
4 0.4859375 0.4203703703703704 0.026041666666666668 0.046296296296296294
4 0.40677083333333336 0.4222222222222222 0.026041666666666668 0.046296296296296294
4 0.5020833333333333 0.42592592592592593 0.026041666666666668 0.046296296296296294
4 0.5239583333333333 0.42685185185185187 0.026041666666666668 0.046296296296296294
4 0.6651041666666667 0.42314814814814816 0.026041666666666668 0.046296296296296294
3 0.6765625 0.4222222222222222 0.026041666666666668 0.046296296296296294
3 0.6911458333333333 0.425 0.026041666666666668 0.046296296296296294
2 0.175 0.43148148148148147 0.026041666666666668 0.046296296296296294
2 0.18697916666666667 0.43148148148148147 0.026041666666666668 0.046296296296296294
4 0.4703125 0.43148148148148147 0.026041666666666668 0.046296296296296294
4 0.6536458333333334 0.44166666666666665 0.026041666666666668 0.046296296296296294
3 0.6703125 0.44166666666666665 0.026041666666666668 0.046296296296296294
3 0.678125 0.4388888888888889 0.026041666666666668 0.046296296296296294
4 0.47760416666666666 0.44537037037037036 0.026041666666666668 0.046296296296296294
4 0.6619791666666667 0.45092592592592595 0.026041666666666668 0.046296296296296294
4 0.503125 0.45740740740740743 0.026041666666666668 0.046296296296296294
4 0.44166666666666665 0.4648148148148148 0.026041666666666668 0.046296296296296294
4 0.5213541666666667 0.47314814814814815 0.026041666666666668 0.046296296296296294
4 0.390625 0.4777777777777778 0.026041666666666668 0.046296296296296294
4 0.6203125 0.4888888888888889 0.026041666666666668 0.046296296296296294
4 0.665625 0.487962962962963 0.026041666666666668 0.046296296296296294
4 0.45 0.49537037037037035 0.026041666666666668 0.046296296296296294
4 0.5036458333333333 0.49166666666666664 0.026041666666666668 0.046296296296296294
3 0.7171875 0.49537037037037035 0.026041666666666668 0.046296296296296294
4 0.628125 0.5018518518518519 0.026041666666666668 0.046296296296296294
3 0.6828125 0.5037037037037037 0.026041666666666668 0.046296296296296294
4 0.6161458333333333 0.5111111111111111 0.026041666666666668 0.046296296296296294
3 0.6953125 0.5203703703703704 0.026041666666666668 0.046296296296296294
3 0.7114583333333333 0.5194444444444445 0.026041666666666668 0.046296296296296294
4 0.5947916666666667 0.5259259259259259 0.026041666666666668 0.046296296296296294
3 0.6697916666666667 0.5277777777777778 0.026041666666666668 0.046296296296296294
3 0.7208333333333333 0.5268518518518519 0.026041666666666668 0.046296296296296294
4 0.6151041666666667 0.5333333333333333 0.026041666666666668 0.046296296296296294
3 0.6697916666666667 0.5342592592592592 0.026041666666666668 0.046296296296296294
4 0.5083333333333333 0.5435185185185185 0.026041666666666668 0.046296296296296294
4 0.521875 0.5425925925925926 0.026041666666666668 0.046296296296296294
3 0.6802083333333333 0.5435185185185185 0.026041666666666668 0.046296296296296294
4 0.428125 0.5481481481481482 0.026041666666666668 0.046296296296296294
4 0.603125 0.5481481481481482 0.026041666666666668 0.046296296296296294
4 0.38333333333333336 0.5555555555555556 0.026041666666666668 0.046296296296296294
3 0.7333333333333333 0.5601851851851852 0.026041666666666668 0.046296296296296294
4 0.5213541666666667 0.5657407407407408 0.026041666666666668 0.046296296296296294
4 0.6239583333333333 0.5657407407407408 0.026041666666666668 0.046296296296296294
4 0.4354166666666667 0.5740740740740741 0.026041666666666668 0.046296296296296294
4 0.459375 0.5657407407407408 0.026041666666666668 0.046296296296296294
4 0.5041666666666667 0.5777777777777777 0.026041666666666668 0.046296296296296294
4 0.6135416666666667 0.5833333333333334 0.026041666666666668 0.046296296296296294
3 0.7328125 0.5814814814814815 0.026041666666666668 0.046296296296296294
4 0.509375 0.5944444444444444 0.026041666666666668 0.046296296296296294
4 0.6458333333333334 0.5953703703703703 0.026041666666666668 0.046296296296296294
3 0.7125 0.5944444444444444 0.026041666666666668 0.046296296296296294
3 0.7244791666666667 0.5953703703703703 0.026041666666666668 0.046296296296296294
4 0.5369791666666667 0.6203703703703703 0.026041666666666668 0.046296296296296294
4 0.6494791666666667 0.6138888888888889 0.026041666666666668 0.046296296296296294
4 0.4630208333333333 0.625 0.026041666666666668 0.046296296296296294
4 0.5739583333333333 0.6361111111111111 0.026041666666666668 0.046296296296296294
4 0.5953125 0.6342592592592593 0.026041666666666668 0.046296296296296294
4 0.5567708333333333 0.6592592592592592 0.026041666666666668 0.046296296296296294
1 0.6921875 0.674074074074074 0.026041666666666668 0.046296296296296294
1 0.21927083333333333 0.6824074074074075 0.026041666666666668 0.046296296296296294
1 0.5151041666666667 0.674074074074074 0.026041666666666668 0.046296296296296294
1 0.5453125 0.687962962962963 0.026041666666666668 0.046296296296296294
1 0.7786458333333334 0.712037037037037 0.026041666666666668 0.046296296296296294
1 0.20885416666666667 0.7212962962962963 0.026041666666666668 0.046296296296296294
1 0.6375 0.7388888888888889 0.026041666666666668 0.046296296296296294
1 0.6578125 0.7398148148148148 0.026041666666666668 0.046296296296296294
1 0.8838541666666667 0.7527777777777778 0.026041666666666668 0.046296296296296294
1 0.37395833333333334 0.7731481481481481 0.026041666666666668 0.046296296296296294
1 0.8291666666666667 0.7620370370370371 0.026041666666666668 0.046296296296296294
1 0.9661458333333334 0.7685185185185185 0.026041666666666668 0.046296296296296294
1 0.19583333333333333 0.799074074074074 0.026041666666666668 0.046296296296296294
1 0.7411458333333333 0.8 0.026041666666666668 0.046296296296296294
1 0.153125 0.825925925925926 0.026041666666666668 0.046296296296296294
1 0.5125 0.8287037037037037 0.026041666666666668 0.046296296296296294
1 0.29739583333333336 0.8361111111111111 0.026041666666666668 0.046296296296296294
1 0.3484375 0.8314814814814815 0.026041666666666668 0.046296296296296294
1 0.8244791666666667 0.8398148148148148 0.026041666666666668 0.046296296296296294
1 0.6572916666666667 0.85 0.026041666666666668 0.046296296296296294
1 0.6791666666666667 0.8518518518518519 0.026041666666666668 0.046296296296296294
1 0.7927083333333333 0.8481481481481481 0.026041666666666668 0.046296296296296294
1 0.821875 0.8685185185185185 0.026041666666666668 0.046296296296296294
1 0.46927083333333336 0.8722222222222222 0.026041666666666668 0.046296296296296294
1 0.425 0.8888888888888888 0.026041666666666668 0.046296296296296294
1 0.8921875 0.9120370370370371 0.026041666666666668 0.046296296296296294
1 0.9651041666666667 0.9444444444444444 0.026041666666666668 0.046296296296296294
1 0.9208333333333333 0.9527777777777777 0.026041666666666668 0.046296296296296294
1 0.59375 0.9768518518518519 0.026041666666666668 0.046296296296296294
1 0.95625 0.9861111111111112 0.026041666666666668 0.046296296296296294
1 0.3380208333333333 0.9907407407407407 0.026041666666666668 0.046296296296296294
1 0.365625 0.8944444444444445 0.026041666666666668 0.046296296296296294
1 0.8729166666666667 0.837037037037037 0.026041666666666668 0.046296296296296294
3 0.7677083333333333 0.5703703703703704 0.026041666666666668 0.046296296296296294
3 0.759375 0.5203703703703704 0.026041666666666668 0.046296296296296294
3 0.7010416666666667 0.5907407407407408 0.026041666666666668 0.046296296296296294
4 0.6135416666666667 0.6111111111111112 0.026041666666666668 0.046296296296296294
